0.	0.	0.	0.	0.
1.	4.741756150422387e-10	7.993181731002156e-10	8.285727862384031e-11	8.3000031427776e-12
2.	5.775709205653023e-11	2.937690606612176e-9	3.1587818991620164e-10	3.1696956900995546e-11
3.	3.0571462920947064e-12	6.06930601504343e-9	6.773861135022716e-10	6.8090631483698e-11
4.	1.0940253734152792e-13	9.900158131486054e-9	1.1476055755884296e-9	1.1555790324074343e-10
5.	3.0899140653795e-15	1.418275909428353e-8	1.7085330085081035e-9	1.7234118519673615e-10
6.	7.422931693338256e-17	1.8711117752447553e-8	2.34381492100438e-9	2.3683749655146904e-10
7.	1.5828657307220302e-18	2.3316018234559303e-8	3.0386331064483353e-9	3.075881399987316e-10
8.	3.0790332352807616e-20	2.7860620607910572e-8	3.779596532960403e-9	3.83268957088617e-10
9.	5.52681353432947e-22	3.2236394618029435e-8	4.554639575492065e-9	4.6268113317619035e-10
10.	2.2392012099557124e-26	3.635938892293217e-8	5.352926265361669e-9	5.44742524763636e-10
11.	3.7833946722376126e-28	4.0166831557829615e-8	6.164760247544527e-9	6.284794832557756e-10
12.	6.113654401453066e-30	4.361405227108513e-8	6.981500150216574e-9	7.130191503121084e-10
13.	9.503515450238964e-32	4.667171359148078e-8	7.79548008466555e-9	7.975822010940993e-10
14.	1.4277834167464623e-33	4.932333478936247e-8	8.599935006734559e-9	8.81476012776175e-10
14.999999999999998	2.0810924207953347e-35	5.156309108277738e-8	9.388930683471624e-9	9.640882367144834e-10
16.	2.9521813116120554e-37	5.339386934646102e-8	1.0157298020645073e-8	1.0448807536506488e-9
17.	4.086655828828241e-39	5.4825561064219285e-8	1.0900571518268052e-8	1.1233839922700732e-9
18.	5.532774124632891e-41	5.58735732038228e-8	1.1614931632275113e-8	1.1991915923374564e-9
18.999999999999996	7.340143463566041e-43	5.655753798712561e-8	1.229715083102755e-8	1.2719553944975067e-9
20.	9.558209485832841e-45	5.6900203092457076e-8	1.2944543145410006e-8	1.3413807396578673e-9
21.	1.2234596439368324e-46	5.692648459139631e-8	1.3554917020935756e-8	1.407222061665433e-9
22.	1.5413366385775092e-48	5.666266583003984e-8	1.4126531289518405e-8	1.4692787577478122e-9
23.	1.9133270986168385e-50	5.6135726468489555e-8	1.4658054087409625e-8	1.5273913219200598e-9
24.	2.3426070891996294e-52	5.537278695311702e-8	1.514852455426108e-8	1.581437727254183e-9
24.999999999999996	2.831499510630908e-54	5.440065478335325e-8	1.5597317156359482e-8	1.6313300435765325e-9
26.	3.3813406297125876e-56	5.3245460023855544e-8	1.6004108484819815e-8	1.6770112777971435e-9
27.	3.992372849363998e-58	5.1932368584848526e-8	1.636884638691856e-8	1.7184524246866933e-9
28.	4.66366815808478e-60	5.048536283363818e-8	1.6691721295818563e-8	1.7556497165017852e-9
29.	5.393085331788372e-62	4.892708009793795e-8	1.6973139630693378e-8	1.7886220604190708e-9
29.999999999999996	6.177262505730849e-64	4.727870056898131e-8	1.721369914571359e-8	1.817408653274169e-9
31.	7.011645273024139e-66	4.5559877004236094e-8	1.74141661125237e-8	1.8420667636133514e-9
32.	7.890549071060315e-68	4.378869946275167e-8	1.7575454226725937e-8	1.862669671555596e-9
32.99999999999999	8.807253350429605e-70	4.1981689079296586e-8	1.7698605134509052e-8	1.8793047574307063e-9
34.	9.75412393228731e-72	4.0153815596336805e-8	1.7784770480926355e-8	1.8920717306065034e-9
35.	1.0722759085525653e-73	3.831853402645567e-8	1.7835195386447827e-8	1.901080990345748e-9
36.	1.1704154216238036e-75	3.6487836413706875e-8	1.7851203263296966e-8	1.906452110941908e-9
37.	1.2688879666972932e-77	3.4672315202904875e-8	1.783418188774262e-8	1.9083124437731018e-9
37.99999999999999	1.3667265967773352e-79	3.2881235213690425e-8	1.778557064896065e-8	1.9067958292863784e-9
39.	1.4629590950176768e-81	3.112261165435715e-8	1.770684889931591e-8	1.9020414122802884e-9
40.	1.5566263405467244e-83	2.9403292002061724e-8	1.759952533495357e-8	1.894192554193609e-9
41.	1.646799840977471e-85	2.77290399244183e-8	1.7465128339436098e-8	1.88339583643236e-9
42.	1.7325980016958534e-87	2.6104619725876202e-8	1.7305197226827448e-8	1.869800149076853e-9
42.99999999999999	1.8132007699503354e-89	2.4533880073926062e-8	1.7121274324116713e-8	1.853555859605786e-9
44.	1.8878623661901988e-91	2.3019835998228445e-8	1.69148978361969e-8	1.8348140565561734e-9
44.99999999999999	1.9559218925442394e-93	2.1564748363233626e-8	1.6687595439777842e-8	1.8137258633065855e-9
46.	2.0168116856405453e-95	2.0170200194657875e-8	1.6440878555622017e-8	1.7904418174272782e-9
47.	2.0700633553665763e-97	1.8837169395031053e-8	1.617623725135635e-8	1.7651113112851696e-9
48.	2.1153115203109458e-99	1.7566097515990622e-8	1.589513572983539e-8	1.7378820898242057e-9
49.	2.1522953127160885e-101	1.6356954367469935e-8	1.5599008360620686e-8	1.7088998016635325e-9
49.99999999999999	2.1808577794350398e-103	1.5209298338617564e-8	1.5289256214602244e-8	1.6783075998671273e-9
51.	2.2009433498107855e-105	1.4122332384241406e-8	1.496724406412544e-8	1.6462457889397427e-9
52.	2.212593576153202e-107	1.3094955695660751e-8	1.4634297813207553e-8	1.6128515147955233e-9
53.	2.215941377603953e-109	1.2125811127786939e-8	1.4291702324537602e-8	1.578258494628116e-9
54.	2.211204033979328e-111	1.1213328496586204e-8	1.3940699611953556e-8	1.5425967837844573e-9
54.99999999999999	2.1986751833096742e-113	1.0355763894213304e-8	1.3582487368991469e-8	1.5059925769096464e-9
56.	2.1787160760758797e-115	9.551235194304727e-9	1.3218217805902157e-8	1.468568040787225e-9
56.99999999999999	2.1517463315902626e-117	8.79775393831998e-9	1.2848996769239471e-8	1.430441176448493e-9
58.	2.1182344286583343e-119	8.093253806430282e-9	1.2475883119744129e-8	1.391725708266431e-9
59.	2.0786881447170857e-121	7.435615884176794e-9	1.2099888345780852e-8	1.3525309978845871e-9
59.99999999999999	2.033645136209687e-123	6.8226909397508865e-9	1.1721976391040577e-8	1.3129619809594413e-9
61.	1.9836638290851449e-125	6.252318926992005e-9	1.1343063676595303e-8	1.2731191248163853e-9
62.	1.929314763008665e-127	5.722345926666301e-9	1.0964019298695736e-8	1.2330984052349692e-9
63.	1.8711725070579387e-129	5.230638733825332e-9	1.0585665384933903e-8	1.1929913006886804e-9
64.	1.809808239110977e-131	4.77509729251015e-9	1.0208777592558345e-8	1.1528848024685168e-9
65.	1.7457830565044893e-133	4.353665171171973e-9	9.834085733830633e-9	1.1128614392182564e-9
65.99999999999999	1.6796420623832723e-135	3.964338263268479e-9	9.46227451435278e-9	1.0729993145028325e-9
67.	1.61190925087831e-137	3.605171887864412e-9	9.093984371277735e-9	1.033372156119854e-9
68.	1.5430831951686369e-139	3.274286454965281e-9	8.729812399242816e-9	9.940493759482762e-10
69.	1.4736335257640047e-141	2.9698718499556796e-9	8.370313352741385e-9	9.550961392077464e-10
70.	1.4039981721087712e-143	2.690190681073932e-9	8.016000714472847e-9	9.165734420773923e-10
70.99999999999999	1.3345813288451849e-145	2.4335805234775343e-9	7.667347819989711e-9	8.785381966940901e-10
72.	1.2657520987502124e-147	2.1984552832557105e-9	7.324789029692333e-9	8.410433226175682e-10
73.	1.1978437573195009e-149	1.9833057948207858e-9	6.988720939912807e-9	8.041378439134496e-10
74.	1.1311535790995056e-151	1.7866997555323088e-9	6.659503625477528e-9	7.678669910654512e-10
75.	1.0659431629249766e-153	1.6072810922312733e-9	6.337461906749285e-9	7.322723069848787e-10
75.99999999999999	1.0024391920235755e-155	1.443768845629545e-9	6.022886634722839e-9	6.973917564391839e-10
77.	9.408345652473618e-158	1.2949556502362144e-9	5.716035988286931e-9	6.632598382720274e-10
78.	8.812898372754914e-160	1.1597058797281287e-9	5.417136778271036e-9	6.299076998350018e-10
79.	8.239349082552712e-162	1.0369535203920977e-9	5.1263857533696935e-9	5.97363253096275e-10
80.	7.688709068069542e-164	9.2569982848268e-10	4.843950903481666e-9	5.6565129193377e-10
80.99999999999999	7.161722144048201e-166	8.250108210461369e-10	4.5699727564167876e-9	5.347936101604324e-10
82.	6.658885836728879e-168	7.340146439473804e-10	4.3045656643137046e-9	5.048091198667742e-10
83.	6.180473079316041e-170	6.518988554881949e-10	4.047819076475161e-9	4.757139697011652e-10
84.	5.726554042655524e-172	5.779076591039504e-10	3.799798795667445e-9	4.4752166274154856e-10
84.99999999999999	5.2970177730845235e-174	5.113391141530205e-10	3.560548215248732e-9	4.2024317364351336e-10
85.99999999999999	4.891593357741418e-176	4.5154234974603513e-10	3.3300895347861582e-9	3.938870647788323e-10
87.	4.5098703839571514e-178	3.9791480287956456e-10	3.1084249520975313e-9	3.684596011060895e-10
88.	4.151318503247096e-180	3.4989949881667625e-10	2.895537829909763e-9	3.439648635406904e-10
89.	3.815305951170729e-182	3.0698238867253125e-10	2.6913938355644085e-9	3.2040486061563397e-10
89.99999999999999	3.5011169116921183e-184	2.6868975649347974e-10	2.4959420524219296e-9	2.9777963824696557e-10
90.99999999999999	3.207967648478111e-186	2.3458570573981406e-10	2.3091160618209995e-9	2.76087387438819e-10
92.	2.935021355557921e-188	2.0426973297380493e-10	2.130834994639329e-9	2.5532454978267107e-10
93.	2.681401706136519e-190	1.7737439469398786e-10	1.961004551677212e-9	2.354859206236713e-10
94.	2.4462051010265085e-192	1.5356307162346705e-10	1.7995179922475152e-9	2.165647497840628e-10
94.99999999999999	2.2285116373822025e-194	1.325278333344172e-10	1.6462570905043998e-9	1.9855283974953236e-10
96.	2.0273948343191293e-196	1.139874048546588e-10	1.5010930591801716e-9	1.8144064123910834e-10
97.	1.841930164865751e-198	9.768523583707817e-11	1.3638874405257247e-9	1.6521734609293892e-10
98.	1.6712024537377653e-200	8.338767196279503e-11	1.234492964364907e-9	1.498709774249778e-10
99.	1.5143122079483824e-202	7.088222747834749e-11	1.1127543732783959e-9	1.3538847699933461e-10
99.99999999999999	1.3703809525075622e-204	5.997595712176938e-11	9.985092150286436e-10	1.217557897999533e-10
101.	1.238555646759932e-206	5.049392515880977e-11	8.915886024244839e-10	1.0895794577326685e-10
102.	1.1180122584495932e-208	4.2277768816197624e-11	7.918179409025074e-10	9.697913873268565e-11
103.	1.0079585727069372e-210	3.518435305284062e-11	6.99017624174203e-10	8.580280242232443e-11
104.	9.076363120257426e-213	2.9084513341219204e-11	6.130036983509234e-10	7.541168374503677e-11
104.99999999999999	8.163226411671522e-215	2.386188293100731e-11	5.335884950166434e-10	6.578791316702783e-11
106.	7.333311280169095e-217	1.941180092606505e-11	4.605812337690009e-10	5.691307231773401e-11
107.	6.580122278730639e-219	1.564029741673016e-11	3.9378859479425515e-10	4.876825880957439e-11
108.	5.897533546625912e-221	1.2463151864614453e-11	3.330152620814781e-10	4.1334148307526544e-11
109.	5.279785982838139e-223	9.805020930452256e-12	2.7806443791556844e-10	3.459105388328329e-11
109.99999999999999	4.7214814278688514e-225	7.598631961195253e-12	2.2873832931859473e-10	2.8518982693108118e-11
111.	4.2175743554479517e-227	5.7840384053310756e-12	1.8483860713414516e-10	2.3097690022360347e-11
112.	3.763361530042781e-229	4.307933500713342e-12	1.461668384708755e-10	1.8306730743164054e-11
113.	3.3544700413549375e-231	3.1230186729233087e-12	1.1252489323843328e-10	1.412550823468346e-11
113.99999999999999	2.986844083550003e-233	2.1874231907403167e-12	8.371532552356894e-11	1.0533320818236895e-11
114.99999999999999	2.656730805467134e-235	1.464171745436514e-12	5.954173056425318e-11	7.50940576173511e-12
116.	2.3606655186436543e-237	9.206967495969139e-13	3.980907808795489e-11	5.0329809100022804e-12
117.	2.0954565130962404e-239	5.283922864911835e-13	2.432402278496986e-11	3.0832839992303743e-12
118.	1.858169696409931e-241	2.6220678060993135e-13	1.2895192690100854e-11	1.6396097152212036e-12
118.99999999999999	1.646113240036674e-243	1.0027160198698744e-13	5.333456246432026e-12	6.813445562789869e-13
119.99999999999999	1.45682238771014e-245	2.3562959786127916e-14	1.452168822786382e-12	1.879995625118526e-13
121.	1.2880445545901027e-247	1.5594583020309083e-14	1.0673994527435422e-12	1.3924097401633332e-13
122.	1.1377248220503455e-249	6.213882706282164e-14	3.998138557215774e-12	5.149188808751533e-13
122.99999999999999	1.0039919118662118e-251	1.509739828928309e-13	1.0066487405919932e-11	1.2950939282690906e-12
124.	8.851447047606513e-254	2.716557009939869e-13	1.9097830063800856e-11	2.460062140038154e-12
125.	7.796393517700901e-256	4.1531057291979147e-13	3.0920988559097e-11	3.990377924057829e-12
126.	6.8607701246368245e-258	5.744500402298609e-13	4.53683619983135e-11	5.866875322558754e-12
127.	6.0319224161545564e-260	7.428029224374852e-13	6.227605034144318e-11	8.07068757021383e-12
128.	5.298420352494563e-262	9.151649725073901e-13	8.148396353782063e-11	1.0583265022366401e-11
129.	4.649955379708903e-264	1.087263980108124e-12	1.0283591670879126e-10	1.3386391515157574e-11
130.	4.077244059381723e-266	1.255639049169773e-12	1.2617971204970868e-10	1.6462199218745735e-11
131.	3.5719381362425426e-268	1.417532777222199e-12	1.5136720810745858e-10	1.9793182043889236e-11
131.99999999999997	3.1265408747966527e-270	1.5707951595639381e-12	1.782543770754385e-10	2.336220766148948e-11
133.	2.7343294562839194e-272	1.7137981315142068e-12	2.0670135073069941e-10	2.715252819361354e-11
134.	2.3892831966488426e-274	1.8453597469764872e-12	2.365724556223284e-10	3.1147789633622605e-11
135.	2.086017323599426e-276	1.964677071358658e-12	2.6773623810302515e-10	3.533204005192259e-11
136.	1.8197220351799156e-278	2.071266941747951e-12	3.0006547977933143e-10	3.968973664279984e-11
137.	1.5861065525075326e-280	2.164913817227492e-12	3.3343720393831725e-10	4.42057516665765e-11
138.	1.3813478746343055e-282	2.245624007583122e-12	3.677326734920899e-10	4.8865377340219976e-11
139.	1.202043942985738e-284	2.313585629543393e-12	4.028373809636564e-10	5.365432972823473e-11
140.	1.0451709258080009e-286	2.369133696295862e-12	4.3864103102086664e-10	5.85587516844626e-11
140.99999999999997	9.080443388731466e-289	2.412719798608483e-12	4.750375160478097e-10	6.356521489411493e-11
141.99999999999997	7.882837267762982e-291	2.444885884558421e-12	5.119248852259359e-10	6.866072106406065e-11
143.	6.837806390062107e-293	2.466241689914825e-12	5.492053075804375e-10	7.38327023081146e-11
144.	5.926696461476089e-295	2.477445412838053e-12	5.867850294302147e-10	7.906902077269584e-11
145.	5.133021537113782e-297	2.4791872648358216e-12	6.245743266635374e-10	8.43579675469542e-11
146.	4.4422278386044293e-299	2.4721755652661844e-12	6.624874522447305e-10	8.968826090008444e-11
147.	0.	2.457125079042872e-12	7.004425793413237e-10	9.504904388725849e-11
148.	0.	2.434747326954116e-12	7.383617404447692e-10	1.0042988136422514e-10
149.	0.	2.4057426252337437e-12	7.761707628426956e-10	1.0582075644937641e-10
150.	0.	2.3707936359319696e-12	8.137992007847233e-10	1.1121206647069158e-10
150.99999999999997	0.	2.3305602323326175e-12	8.511802646691481e-10	1.1659461843371362e-10
151.99999999999997	0.	2.285675504459621e-12	8.882507475629248e-10	1.219596240454079e-10
153.	0.	2.2367427484521976e-12	9.249509493529953e-10	1.2729869432748447e-10
154.	0.	2.1843333008512873e-12	9.612245988127135e-10	1.3260383385147452e-10
155.	0.	2.1289850942614573e-12	9.97018773853744e-10	1.378674346266671e-10
156.	0.	2.0712018249934013e-12	1.032283820219922e-9	1.43082269670716e-10
157.	0.	2.0114526359945052e-12	1.0669732688670932e-9	1.4824148629160706e-10
158.	0.	1.95017222981792e-12	1.1010437522596173e-9	1.53338599108404e-10
159.	0.	1.8877613367899636e-12	1.1344549198024915e-9	1.58367482837113e-10
160.	0.	1.824587472749536e-12	1.1671693526157554e-9	1.6332236486682565e-10
160.99999999999997	0.	1.760985929134848e-12	1.1991524778463484e-9	1.6819781765020025e-10
161.99999999999997	0.	1.69726094566369e-12	1.230372482701203e-9	1.7298875093123466e-10
163.	0.	1.6336870224870164e-12	1.2608002283750016e-9	1.7769040383229004e-10
164.	0.	1.5705103347036747e-12	1.290409164034745e-9	1.8229833682118107e-10
165.	0.	1.5079502174220302e-12	1.3191752410138923e-9	1.8680842357824423e-10
166.	0.	1.4462006942248465e-12	1.3470768273584889e-9	1.9121684278223259e-10
167.	0.	1.3854320261112984e-12	1.374094622858645e-9	1.9552006983298082e-10
168.	0.	1.3257922616547396e-12	1.4002115746895254e-9	1.9971486852783772e-10
169.	0.	1.267408772347421e-12	1.425412793777007e-9	2.0379828270792098e-10
169.99999999999997	0.	1.2103897599730904e-12	1.4496854719952722e-9	2.077676278894454e-10
170.99999999999997	0.	1.1548257253567636e-12	1.473018800295065e-9	2.116204828944572e-10
171.99999999999997	0.	1.1007908899509175e-12	1.495403887853891e-9	2.1535468149452307e-10
173.	0.	1.048344563723531e-12	1.5168336823318762e-9	2.1896830408010714e-10
174.	0.	9.9753245429005e-13	1.5373028913097988e-9	2.2245966936758106e-10
175.	0.	9.483879138331407e-13	1.5568079049794386e-9	2.2582732615513121e-10
176.	0.	9.009331213549957e-13	1.5753467201491655e-9	2.2907004513799418e-10
177.	0.	8.55180198998413e-13	1.5929188656222581e-9	2.3218681079288352e-10
178.	0.	8.111322619466708e-13	1.6095253289988912e-9	2.351768133406922e-10
179.	0.	7.687844021542853e-13	1.6251684849474197e-9	2.38039440795969e-10
179.99999999999997	0.	7.28124606802558e-13	1.6398520249852513e-9	2.4077427111104685e-10
180.99999999999997	0.	6.891346127968972e-13	1.653580888804144e-9	2.4338106442205194e-10
181.99999999999997	0.	6.517906990672353e-13	1.6663611971702614e-9	2.4585975540349773e-10
183.	0.	6.160644187953891e-13	1.6782001864246804e-9	2.48210445737617e-10
184.	0.	5.819232737439591e-13	1.6891061446053303e-9	2.504333967039931e-10
185.	0.	5.493313333618897e-13	1.699088349207685e-9	2.52529021894627e-10
186.	0.	5.182498011061199e-13	1.7081570065973484e-9	2.54497880059034e-10
187.	0.	4.886375307935814e-13	1.7163231930840514e-9	2.56340668083523e-10
188.	0.	4.604514956916044e-13	1.7235987976630088e-9	2.5805821410834153e-10
189.	0.	4.336472130815392e-13	1.7299964664265405e-9	2.5965147078598077e-10
189.99999999999997	0.	4.08179127025334e-13	1.7355295486456927e-9	2.6112150868351986e-10
190.99999999999997	0.	3.840009520453347e-13	1.7402120445183905e-9	2.624695098314449e-10
192.	0.	3.6106598037215114e-13	1.7440585545787772e-9	2.636967614211413e-10
193.	0.	3.393273552317556e-13	1.747084230758697e-9	2.64804649652728e-10
194.	0.	3.1873831273082933e-13	1.7493047290912628e-9	2.6579465373476596e-10
195.	0.	2.992523946879186e-13	1.7507361640429798e-9	2.66668340036877e-10
196.	0.	2.808236346364151e-13	1.751395064459936e-9	2.6742735639615274e-10
197.	0.	2.634067192567415e-13	1.7512983311109393e-9	2.6807342657785523e-10
198.	0.	2.469571271904514e-13	1.7504631958092668e-9	2.686083448907099e-10
198.99999999999997	0.	2.314312472994263e-13	1.7489071820926265e-9	2.6903397095677056e-10
199.99999999999997	0.	2.1678647806232927e-13	1.7466480674399848e-9	2.693522246356789e-10
200.99999999999997	0.	2.0298131000802408e-13	1.7437038470020614e-9	2.6956508110283616e-10
202.	0.	1.8997539259573237e-13	1.7400926988215881e-9	2.696745660808708e-10
203.	0.	1.7772958726251243e-13	1.7358329505178367e-9	2.6968275122351556e-10
204.	0.	1.6620600790540295e-13	1.7309430474092792e-9	2.6959174965087595e-10
205.	0.	1.5536805011814992e-13	1.7254415220473317e-9	2.6940371163489105e-10
206.	0.	1.4518041049218792e-13	1.7193469651331733e-9	2.691208204336041e-10
207.	0.	1.3560909696679317e-13	1.7126779977889486e-9	2.687452882727106e-10
208.	0.	1.266214313786953e-13	1.7054532451544543e-9	2.6827935247276543e-10
208.99999999999997	0.	1.1818604510301776e-13	1.6976913112793167e-9	2.677252717202296e-10
209.99999999999997	0.	1.1027286864433887e-13	1.6894107552806744e-9	2.6708532248046463e-10
210.99999999999997	0.	1.0285311605817515e-13	1.68063006873598e-9	2.663617955506847e-10
212.	0.	9.589926478878075e-14	1.6713676542797565e-9	2.6555699275068764e-10
213.	0.	8.9385031771943e-14	1.6616418053739166e-9	2.646732237492599e-10
214.	0.	8.32853462205301e-14	1.6514706872200766e-9	2.6371280302389105e-10
215.	0.	7.757631977345783e-14	1.640872318782796e-9	2.6267804695147224e-10
216.	0.	7.223521444507143e-14	1.6298645558925783e-9	2.615712710275562e-10
217.	0.	6.724040876755048e-14	1.6184650753973283e-9	2.603947872116829e-10
218.	0.	6.257136265917332e-14	1.6066913603313316e-9	2.591509013962657e-10
218.99999999999997	0.	5.820858122961874e-14	1.5945606860702943e-9	2.5784191099638774e-10
219.99999999999997	0.	5.413357788982322e-14	1.5820901074421914e-9	2.564701026579751e-10
220.99999999999997	0.	5.032883710605628e-14	1.5692964467630026e-9	2.550377500816563e-10
222.	0.	4.677777694195416e-14	1.5561962827667548e-9	2.5354711195959053e-10
223.	0.	4.3464711659933325e-14	1.5428059404002552e-9	2.52000430022644e-10
224.	0.	4.037481457174087e-14	1.5291414814522352e-9	2.503999271951173e-10
225.	0.	3.7494081303071206e-14	1.5152186959879179e-9	2.487478058543668e-10
226.	0.	3.4809293548571835e-14	1.5010530945594985e-9	2.4704624619251316e-10
227.	0.	3.230798354875585e-14	1.4866599011644034e-9	2.452974046775851e-10
227.99999999999997	0.	2.9978399302523954e-14	1.4720540469223986e-9	2.4350341261125066e-10
228.99999999999997	0.	2.78094705995609e-14	1.4572501644444849e-9	2.416663747805271e-10
229.99999999999997	0.	2.579077602067143e-14	1.4422625828657675e-9	2.3978836820066724e-10
230.99999999999997	0.	2.3912510851468152e-14	1.4271053235154738e-9	2.378714409465255e-10
232.	0.	2.216545602400337e-14	1.4117920961980097e-9	2.3591761106974497e-10
233.	0.	2.0540948121687118e-14	1.396336296058962e-9	2.339288655990617e-10
234.	0.	1.903085041169366e-14	1.3807510010108496e-9	2.3190715962108965e-10
235.	0.	1.7627524987652027e-14	1.3650489696936951e-9	2.2985441543894456e-10
236.	0.	1.6323805952189797e-14	1.3492426399462872e-9	2.277725218061277e-10
237.	0.	1.5112973717582213e-14	1.3333441277644136e-9	2.2566333323309495e-10
237.99999999999997	0.	1.3988730361352281e-14	1.3173652267227336e-9	2.2352866936395086e-10
238.99999999999997	0.	1.2945176070339414e-14	1.3013174078378608e-9	2.2137031442078134e-10
239.99999999999997	0.	1.1976786578213261e-14	1.2852118198505802e-9	2.1919001671316116e-10
240.99999999999997	0.	1.1078391686971203e-14	1.2690592899056624e-9	2.1698948821037871e-10
242.	0.	1.0245154772020516e-14	1.2528703246084174e-9	2.1477040417400246e-10
243.	0.	9.472553267234898e-15	1.2366551114375635e-9	2.1253440284841285e-10
244.	0.	8.756360097920048e-15	1.2204235204947795e-9	2.1028308520701163e-10
245.	0.	8.092626061839227e-15	1.2041851065715286e-9	2.0801801475180073e-10
245.99999999999997	0.	7.477663076997118e-15	1.1879491115146467e-9	2.0574071736412547e-10
247.	0.	6.908028344289086e-15	1.1717244668725577e-9	2.0345268120438531e-10
248.	0.	6.380509273237716e-15	1.1555197968044471e-9	2.0115535665854998e-10
248.99999999999997	0.	5.892109269157442e-15	1.139343421235703e-9	1.9885015632942952e-10
250.	0.	5.440034295326493e-15	1.1232033592427909e-9	1.965384550705822e-10
250.99999999999997	0.	5.021680118898331e-15	1.1071073326520172e-9	1.9422159006091307e-10
252.	0.	4.634620326552115e-15	1.0910627698365126e-9	1.9190086091794994e-10
252.99999999999997	0.	4.2765949889508215e-15	1.0750768096967128e-9	1.895775298479039e-10
254.	0.	3.945499965038152e-15	1.0591563058101974e-9	1.8725282183067997e-10
254.99999999999997	0.	3.6393768538479295e-15	1.0433078307366643e-9	1.8492792483794075e-10
256.	0.	3.3564035125934232e-15	1.0275376804650692e-9	1.8260399008251024e-10
257.	0.	3.0948851313104003e-15	1.01185187899002e-9	1.802821322973718e-10
258.	0.	2.8532458548203893e-15	9.962561830050853e-10	1.7796343004257455e-10
259.	0.	2.6300209006243206e-15	9.807560867011373e-10	1.7564892603840576e-10
260.	0.	2.4238491510159238e-15	9.653568266584186e-10	1.7333962752325537e-10
261.	0.	2.2334662254570272e-15	9.500633868214242e-10	1.7103650663462312e-10
262.	0.	2.0576979304951994e-15	9.348805035461896e-10	1.6874050081178718e-10
263.	0.	1.895454185984008e-15	9.198126707097239e-10	1.6645251321863237e-10
263.99999999999994	0.	1.745723262444576e-15	9.048641448723533e-10	1.6417341318529809e-10
265.	0.	1.6075664450638436e-15	8.900389504835546e-10	1.6190403666723307e-10
266.	0.	1.4801129950487206e-15	8.753408851227501e-10	1.596451867203778e-10
267.	0.	1.3625554638886433e-15	8.607735247664004e-10	1.5739763399114341e-10
268.	0.	1.2541452892438908e-15	8.463402290737928e-10	1.5516211722001602e-10
269.	0.	1.1541886828444283e-15	8.320441466838669e-10	1.5293934375757769e-10
270.	0.	1.0620428096598107e-15	8.178882205156749e-10	1.507299900917606e-10
271.	0.	9.77112176911891e-16	8.038751930659601e-10	1.4853470238528231e-10
272.	0.	8.98845316522319e-16	7.900076116971389e-10	1.463540970221497e-10
272.99999999999994	0.	8.26731629605649e-16	7.762878339097879e-10	1.4418876116225026e-10
274.	0.	7.602985016419507e-16	7.627180325935854e-10	1.4203925330299118e-10
274.99999999999994	0.	6.991085617709324e-16	7.493002012514328e-10	1.3990610384707975e-10
276.	0.	6.427571724702912e-16	7.36036159191513e-10	1.3778981567550733e-10
277.	0.	5.90870048647002e-16	7.229275566825228e-10	1.3569086472489053e-10
278.	0.	5.431010709425054e-16	7.099758800673817e-10	1.336097005682917e-10
279.	0.	4.99130243934929e-16	6.971824568313345e-10	1.3154674699876155e-10
280.	0.	4.586617853255703e-16	6.845484606202797e-10	1.2950240261479488e-10
281.	0.	4.2142235387002674e-16	6.720749162056584e-10	1.2747704140698049e-10
281.99999999999994	0.	3.871594042620923e-16	6.597627043925813e-10	1.254710133451682e-10
283.	0.	3.5563965501206253e-16	6.476125668677412e-10	1.234846449654419e-10
283.99999999999994	0.	3.2664766624027824e-16	6.356251109843434e-10	1.2151823995629995e-10
285.	0.	2.9998451398912393e-16	6.23800814481103e-10	1.195720797433969e-10
286.	0.	2.7546656831903315e-16	6.121400301330296e-10	1.1764642407231712e-10
287.	0.	2.529243419417734e-16	6.00642990331521e-10	1.1574151158879919e-10
288.	0.	2.322014396122744e-16	5.893098115917239e-10	1.1385756041590546e-10
289.	0.	2.1315357041958468e-16	5.781404989852408e-10	1.1199476872764021e-10
290.	0.	1.956476476344569e-16	5.671349504965766e-10	1.1015331531857431e-10
291.	0.	1.7956092536638771e-16	5.562929613015487e-10	1.0833336016898863e-10
292.	0.	1.647802324393125e-16	5.456142279666699e-10	1.0653504500519774e-10
292.99999999999994	0.	1.5120123189886048e-16	5.350983525680172e-10	1.0475849385460352e-10
294.	0.	1.3872776100366647e-16	5.247448467287386e-10	1.0300381359515232e-10
294.99999999999994	0.	1.2727119827233208e-16	5.145531355741438e-10	1.0127109449881897e-10
296.	0.	1.1674988850641264e-16	5.045225616040383e-10	9.956041076887407e-11
297.	0.	1.0708860994434286e-16	4.946523884811667e-10	9.787182107053224e-11
298.	0.	9.821807976831573e-17	4.849418047358642e-10	9.620536905481235e-11
299.	0.	9.007449437507528e-17	4.753899273861968e-10	9.45610838752803e-11
300.	0.	8.259910521084963e-17	4.659958054736311e-10	9.293898069748394e-11
301.	0.	7.573782866306637e-17	4.5675842351405626e-10	9.133906120084977e-11
301.99999999999994	0.	6.944088644609693e-17	4.4767670486411305e-10	8.976131407282972e-11
303.	0.	6.366246302429084e-17	4.387495150031797e-10	8.82057154951637e-11
303.99999999999994	0.	5.836040375447039e-17	4.299756647309451e-10	8.667222962203533e-11
305.	0.	5.349592571383172e-17	4.2135391328116596e-10	8.516080905003474e-11
306.	0.	4.903335084955706e-17	4.128829713517905e-10	8.367139527975094e-11
307.	0.	4.493987004435223e-17	4.045615040521339e-10	8.220391916892056e-11
308.	0.	4.118530594470684e-17	3.963881337675003e-10	8.075830137699963e-11
309.	0.	3.774191659616908e-17	3.8836144294195325e-10	7.933445280108362e-11
310.	0.	3.4584196432560836e-17	3.804799767800103e-10	7.79322750031218e-11
310.99999999999994	0.	3.168869738220411e-17	3.7274224586792243e-10	7.655166062833872e-11
312.	0.	2.9033872535399134e-17	3.6514672871541486e-10	7.519249381483229e-11
312.99999999999994	0.	2.6599923202330936e-17	3.5769187421882134e-10	7.385465059431855e-11
314.	0.	2.4368651341291047e-17	3.5037610404639533e-10	7.253799928396997e-11
314.99999999999994	0.	2.2323344996636895e-17	3.431978149470103e-10	7.12424008693822e-11
316.	0.	2.0448648242710624e-17	3.3615538098301296e-10	6.996770937861134e-11
317.	0.	1.8730459453088033e-17	3.292471556885553e-10	6.871377224734355e-11
318.	0.	1.7155827543363857e-17	3.224714741543181e-10	6.748043067517318e-11
319.	0.	1.5712863072961037e-17	3.158266550397714e-10	6.626751997301743e-11
320.	0.	1.4390643823591903e-17	3.0931100251434616e-10	6.507486990174368e-11
321.	0.	1.3179150679366615e-17	3.029228081284513e-10	6.390230500199721e-11
321.99999999999994	0.	1.206918106533704e-17	2.9666035261560165e-10	6.274964491528967e-11
323.	0.	1.1052290270234222e-17	2.905219076271373e-10	6.161670469645226e-11
323.99999999999994	0.	1.0120730834426167e-17	2.8450573740046445e-10	6.05032951174505e-11
325.	0.	9.267391889665402e-18	2.786101003623278e-10	5.940922296267822e-11
326.	0.	8.485750552876544e-18	2.728332506682401e-10	5.833429131577099e-11
327.	0.	7.769818313562203e-18	2.671734396795187e-10	5.727829983805334e-11
328.	0.	7.114107640622206e-18	2.6162891737915325e-10	5.6241045038685266e-11
329.	0.	6.513582834171989e-18	2.561979337278382e-10	5.522232053660482e-11
330.	0.	5.963626279400588e-18	2.5087873996144954e-10	5.4221917314352003e-11
330.99999999999994	0.	5.459999373900559e-18	2.456695898314092e-10	5.323962396389848e-11
332.	0.	4.998823397023625e-18	2.4056874078916763e-10	5.2275226924567484e-11
332.99999999999994	0.	4.576533978584451e-18	2.35574455116126e-10	5.1328510713148955e-11
334.	0.	4.18986903479418e-18	2.3068500100041533e-10	5.039925814634004e-11
335.	0.	3.835835883878032e-18	2.2589865356174834e-10	4.94872505556033e-11
336.	0.	3.511691969547643e-18	2.212136958257766e-10	4.85922679945819e-11
337.	0.	3.2149239414315598e-18	2.1662841964909385e-10	4.7714089439155736e-11
338.	0.	2.943226570775958e-18	2.1214112659647655e-10	4.685249298032126e-11
339.	0.	2.6944903007292308e-18	2.0775012877125992e-10	4.600725600993152e-11
339.99999999999994	0.	2.466778257884886e-18	2.034537496005611e-10	4.517815539951629e-11
341.	0.	2.258320418488881e-18	1.9925032457631745e-10	4.436496767223922e-11
341.99999999999994	0.	2.067492302110544e-18	1.9513820195354747e-10	4.356746916815468e-11
343.	0.	1.89280561402623e-18	1.9111574340697523e-10	4.278543620286739e-11
343.99999999999994	0.	1.7328981455965562e-18	1.8718132464750283e-10	4.201864521978121e-11
345.	0.	1.5865207326126327e-18	1.833333359993899e-10	4.1266872935986445e-11
346.	0.	1.4525317756915752e-18	1.7957018293968544e-10	4.0529896481994045e-11
347.	0.	1.3298830034094121e-18	1.7589028660084564e-10	3.9807493535389934e-11
348.	0.	1.2176149614954307e-18	1.7229208423799363e-10	3.9099442448605786e-11
349.	0.	1.1148493930785326e-18	1.6877402966164328e-10	3.8405522370862175e-11
350.	0.	1.0207841827930545e-18	1.6533459363731334e-10	3.7725513364483323e-11
350.99999999999994	0.	9.346811048532339e-19	1.619722642530211e-10	3.705919651568262e-11
352.	0.	8.558658908452861e-19	1.586855472558209e-10	3.6406354039967534e-11
352.99999999999994	0.	7.837219635540111e-19	1.5547296635834614e-10	3.576676938226562e-11
354.	0.	7.176845310992492e-19	1.523330635166275e-10	3.514022731194951e-11
355.	0.	6.572360324440525e-19	1.4926439918010883e-10	3.452651401286425e-11
356.	0.	6.019018343766999e-19	1.4626555251480596e-10	3.392541716846582e-11
357.	0.	5.512500945263781e-19	1.4333512160087422e-10	3.3336726042261396e-11
358.	0.	5.0488283604625755e-19	1.4047172360530684e-10	3.2760231553616593e-11
359.	0.	4.624362320113929e-19	1.3767399493086046e-10	3.219572634908709e-11
359.99999999999994	0.	4.2357986301707117e-19	1.3494059134218328e-10	3.1643004869407435e-11
361.	0.	3.880075764864704e-19	1.3227018806998618e-10	3.110186341224117e-11
361.99999999999994	0.	3.5544186876802073e-19	1.2966147989420734e-10	3.0572100190825883e-11
363.	0.	3.256269829492285e-19	1.2711318120705526e-10	3.005351538863569e-11
363.99999999999994	0.	2.983314564893767e-19	1.246240260568594e-10	2.9545911210196587e-11
365.	0.	2.733389076159487e-19	1.2219276817337826e-10	2.9049091928127548e-11
366.	0.	2.504569938665294e-19	1.1981818097562382e-10	2.8562863926580998e-11
367.	0.	2.295049064269174e-19	1.174990575629053e-10	2.8087035741174367e-11
368.	0.	2.1031884935632193e-19	1.1523421068975862e-10	2.7621418095500288e-11
368.99999999999994	0.	1.9275118879584039e-19	1.1302247272578535e-10	2.716582393438817e-11
370.	0.	1.766629535496441e-19	1.1086269560090183e-10	2.672006845397284e-11
370.99999999999994	0.	1.6192923250364586e-19	1.087537507368201e-10	2.628396912870114e-11
372.	0.	1.484360181879812e-19	1.0669452896551518e-10	2.5857345735396843e-11
372.99999999999994	0.	1.3607725248810293e-19	1.0468394043524537e-10	2.5440020374461797e-11
374.	0.	1.2475764659313233e-19	1.0272091450489566e-10	2.503181748834136e-11
375.	0.	1.143889889241701e-19	1.0080439962719898e-10	2.4632563877335946e-11
376.	0.	1.0489137049062393e-19	9.893336322156191e-11	2.4242088712881172e-11
377.	0.	9.618969293261212e-20	9.71067915369842e-11	2.386022354836734e-11
378.	0.	8.821878957818132e-20	9.532368950578117e-11	2.348680232762376e-11
379.	0.	8.091462596632273e-20	9.358308058855282e-11	2.3121661391129634e-11
379.99999999999994	0.	7.422248179532395e-20	9.18840066110892e-11	2.276463948007994e-11
381.	0.	6.809057652234624e-20	9.022552759359977e-11	2.2415577738358493e-11
381.99999999999994	0.	6.247066923518375e-20	8.860672157295442e-11	2.2074319712549448e-11
383.	0.	5.732078551630715e-20	8.702668441821459e-11	2.1740711350018685e-11
384.	0.	5.2600618712292646e-20	8.548452964016558e-11	2.141460099520698e-11
385.	0.	4.827358306810685e-20	8.397938819515423e-11	2.1095839384175485e-11
386.	0.	4.4307337933576534e-20	8.251040828376815e-11	2.0784279637507423e-11
387.	0.	4.06715035556125e-20	8.10767551447313e-11	2.0479777251628853e-11
388.	0.	3.7337571867177e-20	7.967761084446844e-11	2.0182190088633843e-11
388.99999999999994	0.	3.4280861534672585e-20	7.83121740627481e-11	1.9891378364690845e-11
390.	0.	3.147764301759127e-20	7.697965987476953e-11	1.960720463709781e-11
390.99999999999994	0.	2.8907098242689485e-20	7.567929953003518e-11	1.9329533790048544e-11
392.	0.	2.6549202748535158e-20	7.441034022847021e-11	1.9058233019205926e-11
392.99999999999994	0.	2.4386654680174204e-20	7.317204489397742e-11	1.879317181510956e-11
394.	0.	2.240345269384388e-20	7.196369194593999e-11	1.853422194552968e-11
395.	0.	2.058290798018271e-20	7.078457506880739e-11	1.828125743678467e-11
396.	0.	1.891341016142268e-20	6.963400298018394e-11	1.8034154554113104e-11
397.	0.	1.7381253301661955e-20	6.851129919768421e-11	1.7792791781154292e-11
397.99999999999994	0.	1.597448349051291e-20	6.741580180481385e-11	1.755704979858955e-11
399.	0.	1.4684064147048128e-20	6.634686321614845e-11	1.732681146200374e-11
399.99999999999994	0.	1.3499440334102565e-20	6.530384994203727e-11	1.7101961779012993e-11
401.	0.	1.241165376739529e-20	6.428614235318635e-11	1.6882387885742543e-11
401.99999999999994	0.	1.1413275326521492e-20	6.329313444514893e-11	1.666797902265228e-11
403.	0.	1.0496538016583553e-20	6.232423360314481e-11	1.6458626509812265e-11
404.	0.	9.654540858561267e-21	6.13788603672802e-11	1.625422372164125e-11
405.	0.	8.881212779506001e-21	6.045644819844375e-11	1.60546660611733e-11
406.	0.	8.171278679699793e-21	5.955644324500464e-11	1.585985093388289e-11
407.	0.	7.51847736006907e-21	5.867830411053728e-11	1.5669677721122148e-11
408.	0.	6.919069744341292e-21	5.782150162274802e-11	1.5484047753214718e-11
408.99999999999994	0.	6.368295648760237e-21	5.698551860366581e-11	1.5302864282220823e-11
410.	0.	5.862120788370927e-21	5.616984964139149e-11	1.5126032454449478e-11
410.99999999999994	0.	5.3972094240612594e-21	5.537400086344822e-11	1.4953459282729875e-11
412.	0.	4.969207725869029e-21	5.4597489711854764e-11	1.4785053618474506e-11
412.99999999999994	0.	4.576134927180276e-21	5.383984472013831e-11	1.462072612359244e-11
414.	0.	4.214966040637737e-21	5.3100605292279096e-11	1.4460389242253287e-11
415.	0.	3.882769075589853e-21	5.237932148383504e-11	1.4303957172570138e-11
416.	0.	3.576699877392896e-21	5.167555378519534e-11	1.4151345838191682e-11
417.	0.	3.295637431539855e-21	5.098887290718414e-11	1.4002472859865382e-11
417.99999999999994	0.	3.0368706382532332e-21	5.031885956904325e-11	1.3857257526985618e-11
419.	0.	2.7988448435309322e-21	4.9665104288853556e-11	1.3715620769145931e-11
419.99999999999994	0.	2.5800527241502773e-21	4.9027207176522644e-11	1.3577485127735946e-11
421.	0.	2.3784966602081347e-21	4.840477772939131e-11	1.3442774727603518e-11
421.99999999999994	0.	2.1932967916582663e-21	4.779743463045932e-11	1.3311415248787437e-11
423.	0.	2.0225425989041374e-21	4.720480554939032e-11	1.3183333898371314e-11
424.	0.	1.8654256241446403e-21	4.6626526946261284e-11	1.3058459382456485e-11
425.	0.	1.7206375529036813e-21	4.6062243878138256e-11	1.2936721878283259e-11
426.	0.	1.587425633974021e-21	4.5511609808513645e-11	1.2818053006517876e-11
426.99999999999994	0.	1.4645386796778965e-21	4.497428641964842e-11	1.270238580372591e-11
428.	0.	1.3512729756394106e-21	4.4449943427816086e-11	1.2589654695038204e-11
428.99999999999994	0.	1.247460009516085e-21	4.393825840152132e-11	1.2479795467039538e-11
430.	0.	1.1513985884973775e-21	4.343891658269221e-11	1.2372745240887667e-11
430.99999999999994	0.	1.0629568672100135e-21	4.2951610710827995e-11	1.2268442445666814e-11
432.	0.	9.815004451501452e-22	4.2476040850211104e-11	1.216682679201616e-11
432.99999999999994	0.	9.064095596193904e-22	4.2011914220075427e-11	1.2067839246011324e-11
434.	0.	8.370780683681102e-22	4.1558945027842145e-11	1.1971422003340605e-11
435.	0.	7.729124601362867e-22	4.1116854305347386e-11	1.1877518463764386e-11
436.	0.	7.143394325553832e-22	4.068536974808519e-11	1.1786073205873786e-11
437.	0.	6.59773818502523e-22	4.0264225557539683e-11	1.1697031962180703e-11
437.99999999999994	0.	6.096579772372673e-22	3.9853162286448503e-11	1.1610341594503434e-11
439.	0.	5.634326707972906e-22	3.945192668709386e-11	1.1525950069686055e-11
439.99999999999994	0.	5.210468563090487e-22	3.906027156262651e-11	1.1443806435664285e-11
441.	0.	4.814570270234203e-22	3.867795562133617e-11	1.1363860797862143e-11
441.99999999999994	0.	4.451228372304489e-22	3.830474333387972e-11	1.1286064295934585e-11
443.	0.	4.115105588707934e-22	3.794040479347258e-11	1.1210369080867242e-11
444.	0.	3.8058836987624127e-22	3.758471557898307e-11	1.1136728292427213e-11
445.	0.	3.5183248294999363e-22	3.7237456620968697e-11	1.1065096036986547e-11
446.	0.	3.257122602221632e-22	3.689841407052353e-11	1.0995427365691107e-11
446.99999999999994	0.	3.0121687461581875e-22	3.656737917104047e-11	1.0927678253015983e-11
448.	0.	2.788204966831878e-22	3.6244148132761286e-11	1.0861805575680642e-11
448.99999999999994	0.	2.580125306569226e-22	3.5928522010129284e-11	1.0797767091939204e-11
450.	0.	2.3877777361677363e-22	3.562030658189186e-11	1.073552142124075e-11
450.99999999999994	0.	2.211025030037787e-22	3.531931223395622e-11	1.0675028024271277e-11
452.	0.	2.04483403685008e-22	3.5025353844931605e-11	1.0616247183368464e-11
453.	0.	1.8940112451892477e-22	3.473825067432369e-11	1.0559139983309075e-11
454.	0.	1.7535536061182062e-22	3.44578262533741e-11	1.0503668292477891e-11
455.	0.	1.623381117030995e-22	3.4183908278479025e-11	1.0449794744408627e-11
455.99999999999994	0.	1.50342314937587e-22	3.391632850718023e-11	1.0397482719705063e-11
457.	0.	1.3936182130090682e-22	3.3654922656637476e-11	1.0346696328325916e-11
457.99999999999994	0.	1.2890084939920993e-22	3.339953030462961e-11	1.0297400392256893e-11
459.	0.	1.194452761513171e-22	3.31499947929449e-11	1.0249560428539182e-11
459.99999999999994	0.	1.1050054239831729e-22	3.2906163133209574e-11	1.0203142632677916e-11
461.	0.	1.0255410734490174e-22	3.2667885915042395e-11	1.015811386240757e-11
461.99999999999994	0.	9.511232796574356e-23	3.2435017216568963e-11	1.0114441621833561e-11
463.	0.	8.817266226670746e-23	3.22074145171779e-11	1.0072094045924246e-11
464.	0.	8.173300512235517e-23	3.1984938612527137e-11	1.0031039885365202e-11
465.	0.	7.579167704625488e-23	3.176745353176056e-11	9.991248491773168e-12
466.	0.	7.034741338023864e-23	3.155482645684494e-11	9.952689803250885e-12
466.99999999999994	0.	6.490559381477356e-23	3.134692764407825e-11	9.915334330308721e-12
468.	0.	6.045263487615161e-23	3.1143630347592444e-11	9.87915314210608e-12
468.99999999999994	0.	5.600019109836801e-23	3.094481074495696e-11	9.844117853055819e-12
470.	0.	5.2042158921597336e-23	3.075034786474255e-11	9.810200609756061e-12
470.99999999999994	0.	4.8082415848227274e-23	3.056012351599983e-11	9.777374078243829e-12
472.	0.	4.461676106599231e-23	3.03740222197214e-11	9.745611431601261e-12
473.	0.	4.1147887114159404e-23	3.0191931142089814e-11	9.714886337859848e-12
474.	0.	3.817368062520493e-23	3.001374002959595e-11	9.685172948238297e-12
475.	0.	3.5695740502707724e-23	2.983934114593187e-11	9.6564458856915e-12
475.99999999999994	0.	3.3214635376736674e-23	2.966862921060732e-11	9.628680233762718e-12
477.	0.	3.072933786813328e-23	2.950150133930088e-11	9.60185152575009e-12
477.99999999999994	0.	2.823885120644337e-23	2.933785698583994e-11	9.575935734161653e-12
479.	0.	2.6246995235132292e-23	2.91775978858372e-11	9.55090926047517e-12
479.99999999999994	0.	2.4756536916514866e-23	2.9020628001879724e-11	9.526748925177052e-12
481.	0.	2.275593629684687e-23	2.8866853470282906e-11	9.503431958091235e-12
481.99999999999994	0.	2.1257859585702526e-23	2.8716182549349294e-11	9.480935988986311e-12
483.	0.	1.9755687904231162e-23	2.8568525569086057e-11	9.45923903845231e-12
484.	0.	1.8248844187640703e-23	2.8423794882371877e-11	9.438319509051766e-12
484.99999999999994	0.	1.6736769203045222e-23	2.8281904817496582e-11	9.418156176726022e-12
486.	0.	1.5733303159702196e-23	2.814277163207639e-11	9.398728182464788e-12
486.99999999999994	0.	1.4726628836567373e-23	2.800631346828379e-11	9.38001502422524e-12
488.	0.	1.3716361878807316e-23	2.7872450309365748e-11	9.361996549098242e-12
488.99999999999994	0.	1.2702130541421916e-23	2.7741103937419845e-11	9.344652945717786e-12
490.	0.	1.1683575071954911e-23	2.761219789236688e-11	9.32796473689971e-12
491.	0.	1.0660347137303113e-23	2.7485657432140213e-11	9.311912772521388e-12
491.99999999999994	0.	1.0156385918011793e-23	2.7361409493996316e-11	9.296478222617453e-12
492.99999999999994	0.	9.124601101600629e-24	2.7239382656959234e-11	9.281642570700383e-12
494.	0.	8.615096514599157e-24	2.7119507105346523e-11	9.267387607294515e-12
495.	0.	8.103402878411374e-24	2.7001714593348132e-11	9.25369542367884e-12
496.	0.	7.589334541395765e-24	2.6885938410626642e-11	9.240548405833053e-12
496.99999999999994	0.	7.072712494443725e-24	2.6772113348927985e-11	9.227929228588797e-12
497.99999999999994	0.	6.55336403882179e-24	2.6660175669620305e-11	9.215820849962277e-12
499.	0.	6.031122477997252e-24	2.655006307220332e-11	9.204206505687984e-12
500.	0.	5.505826831738949e-24	2.6441714663704157e-11	9.193069703929441e-12
500.99999999999994	0.	4.977321570926606e-24	2.633507092895988e-11	9.18239422017127e-12
501.99999999999994	0.	4.9893178518316044e-24	2.6230073701731008e-11	9.172164092278354e-12
503.	0.	4.456102175450916e-24	2.612666613667213e-11	9.162363615734953e-12
504.	0.	3.9192742432010056e-24	2.6024792682062778e-11	9.152977339034283e-12
505.	0.	3.9291237445323476e-24	2.592439905334277e-11	9.143990059238843e-12
505.99999999999994	0.	3.386920186319901e-24	2.5825432207375526e-11	9.135386817687822e-12
506.99999999999994	0.	3.395706288312862e-24	2.5727840317439405e-11	9.127152895855634e-12
508.	0.	2.8477424619580366e-24	2.5631572748912475e-11	9.1192738113537e-12
509.	0.	2.855220889739957e-24	2.5536580035645717e-11	9.111735314076682e-12
509.99999999999994	0.	2.8631499803148496e-24	2.5442813856979914e-11	9.104523382481014e-12
510.99999999999994	0.	2.3070849117906918e-24	2.5350227015389476e-11	9.097624219993588e-12
512.	0.	2.3134074946994915e-24	2.5258773414746066e-11	9.09102425155053e-12
513.	0.	2.3200854986086468e-24	2.516840803916863e-11	9.084710120258249e-12
514.	0.	1.7552763185337762e-24	2.5079086932437847e-11	9.078668684171081e-12
514.9999999999999	0.	1.760085672138237e-24	2.499076717796061e-11	9.07288701318424e-12
516.	0.	1.765169861698437e-24	2.4903406879259798e-11	9.067352386035113e-12
517.	0.	1.7705138372724722e-24	2.481696514098913e-11	9.062052287416054e-12
518.	0.	1.776103501319604e-24	2.473140205042142e-11	9.056974405183083e-12
518.9999999999999	0.	1.1972127789807106e-24	2.4646678659427307e-11	9.052106627668245e-12
520.	0.	1.2005990572121678e-24	2.4562756966894606e-11	9.047437041080627e-12
521.	0.	1.2041689573740804e-24	2.44795999016105e-11	9.042953927006745e-12
522.	0.	1.207912077209801e-24	2.4397171305555115e-11	9.038645759992979e-12
523.	0.	1.2118186732929051e-24	2.4315435917596954e-11	9.034501205209555e-12
524.	0.	1.2158796142554306e-24	2.423435935760834e-11	9.03050911620445e-12
525.	0.	6.190756327002916e-25	2.4153908110922874e-11	9.026658532720595e-12
526.	0.	6.206229132508114e-25	2.4074049513197918e-11	9.022938678601611e-12
527.	0.	6.222786702246911e-25	2.39947517355993e-11	9.019338959757378e-12
527.9999999999999	0.	6.24036335058548e-25	2.391598377034028e-11	9.015848962203075e-12
529.	0.	6.258897633253215e-25	2.3837715416533368e-11	9.012458450158005e-12
530.	0.	6.278332047439887e-25	2.3759917266371936e-11	9.009157364212022e-12
531.	0.	6.298612753262297e-25	2.368256069159736e-11	9.005935819545104e-12
532.	0.	6.319689315075517e-25	2.3605617830255543e-11	9.002784104202216e-12
533.	0.	6.3415144612151845e-25	2.3529061573750467e-11	8.999692677428626e-12
534.	0.	6.36404386084264e-25	2.3452865554141214e-11	8.996652168046255e-12
535.	0.	6.38723591668197e-25	2.3377004131714557e-11	8.993653372884974e-12
536.	0.	6.411051572506055e-25	2.330145238279272e-11	8.99068725525426e-12
536.9999999999999	0.	6.435454134323305e-25	2.322618608778195e-11	8.987744943459289e-12
538.	0.	6.46040910428882e-25	2.3151181719459533e-11	8.984817729360852e-12
539.	0.	6.62905541482364e-27	2.307641643145987e-11	8.981897066966208e-12
540.	0.	6.1714540068614475e-27	2.3001868046988884e-11	8.978974571061802e-12
540.9999999999999	0.	5.745478587631367e-27	2.2927515047738453e-11	8.97604201587933e-12
542.	0.	5.348936671519181e-27	2.2853336562983513e-11	8.97309133378848e-12
543.	0.	4.979788514577295e-27	2.277931235888186e-11	8.970114614025234e-12
544.	0.	4.636136405008661e-27	2.2705422827946445e-11	8.967104101445202e-12
545.	0.	4.3162147101132474e-27	2.2631648978685096e-11	8.964052195300291e-12
545.9999999999999	0.	4.018380625864534e-27	2.255797242542499e-11	8.96095144804683e-12
547.	0.	3.74110557913513e-27	2.2484375378269725e-11	8.957794564164751e-12
548.	0.	3.482967236172644e-27	2.241084063323678e-11	8.954574399008065e-12
549.	0.	3.242642074248188e-27	2.2337351562530305e-11	8.951283957669334e-12
549.9999999999999	0.	3.0188984764823362e-27	2.226389210494693e-11	8.947916393856996e-12
551.	0.	2.810590312713987e-27	2.2190446756448058e-11	8.94446500880089e-12
552.	0.	2.6166509719348137e-27	2.211700056082957e-11	8.940923250158061e-12
553.	0.	2.4360878142715828e-27	2.2043539100542924e-11	8.937284710940911e-12
554.	0.	2.2679770127900168e-27	2.197004848763181e-11	8.933543128454491e-12
554.9999999999999	0.	2.1114587575143303e-27	2.1896515354781495e-11	8.929692383241617e-12
556.	0.	1.9657327960269253e-27	2.182292684649396e-11	8.925726498041967e-12
557.	0.	1.830054286840881e-27	2.1749270610360965e-11	8.921639636754019e-12
558.	0.	1.7037299434362617e-27	2.1675534788456947e-11	8.917426103409317e-12
558.9999999999999	0.	1.5861144484249707e-27	2.1601708008821463e-11	8.913080341147242e-12
560.	0.	1.4766071187732084e-27	2.1527779377050064e-11	8.908596931197757e-12
561.	0.	1.3746488043661729e-27	2.1453738467980964e-11	8.903970591868088e-12
562.	0.	1.2797190034607797e-27	2.1379575317472635e-11	8.899196177531139e-12
563.	0.	1.191333179742087e-27	2.1305280414273265e-11	8.894268677616418e-12
563.9999999999999	0.	1.1090402667848042e-27	2.1230844691979344e-11	8.889183215602713e-12
565.	0.	1.0324203467291722e-27	2.115625952107884e-11	8.8839350480109e-12
566.	0.	9.610824909174343e-28	2.1081516701078152e-11	8.878519563396727e-12
567.	0.	8.946627511056164e-28	2.1006608452710815e-11	8.872932281342914e-12
567.9999999999999	0.	8.328222906728429e-28	2.093152741022115e-11	8.86716885144821e-12
569.	0.	7.752456459986984e-28	2.0856266613735017e-11	8.861225052318272e-12
570.	0.	7.216391088764051e-28	2.0780819501692366e-11	8.855096790548444e-12
571.	0.	6.71729221474918e-28	2.07051799033648e-11	8.848780099708029e-12
572.	0.	6.252613759624498e-28	2.062934203143968e-11	8.842271139318388e-12
572.9999999999999	0.	5.819985114628064e-28	2.0553300474675557e-11	8.835566193827577e-12
574.	0.	5.417199015318841e-28	2.0477050190630115e-11	8.828661671581405e-12
575.	0.	5.042200258234756e-28	2.0400586498449632e-11	8.821554103787163e-12
576.	0.	4.693075200589903e-28	2.0323905071733348e-11	8.814240143475191e-12
576.9999999999999	0.	4.368041988315119e-28	2.0247001931458373e-11	8.80671656445282e-12
578.	0.	4.065441461589965e-28	2.0169873438969404e-11	8.798980260252528e-12
579.	0.	3.783728690595995e-28	2.0092516289039612e-11	8.791028243076521e-12
580.	0.	3.521465097544938e-28	2.001492750298218e-11	8.782857642730357e-12
581.	0.	3.27731112412665e-28	1.9937104421838563e-11	8.774465705555571e-12
582.	0.	3.0500194063860744e-28	1.985904469961854e-11	8.765849793351517e-12
583.	0.	2.838428421710998e-28	1.9780746296603573e-11	8.757007382291441e-12
584.	0.	2.6414565750845835e-28	1.9702207472719504e-11	8.747936061834914e-12
585.	0.	2.4580966940627877e-28	1.9623426780953016e-11	8.738633533626585e-12
585.9999999999999	0.	2.287410904072758e-28	1.9544403060846075e-11	8.729097610395264e-12
587.	0.	2.128525857620878e-28	1.9465135432039046e-11	8.719326214841328e-12
588.	0.	1.9806282928411903e-28	1.938562328787541e-11	8.709317378518258e-12
589.	0.	1.8429608985385033e-28	1.9305866289064996e-11	8.699069240706389e-12
589.9999999999999	0.	1.7148184644720886e-28	1.9225864357412317e-11	8.688580047282402e-12
591.	0.	1.5955442971125645e-28	1.9145617669595093e-11	8.67784814957846e-12
592.	0.	1.4845268824816314e-28	1.9065126651006273e-11	8.666872003235864e-12
593.	0.	1.3811967789693503e-28	1.8984391969653665e-11	8.655650167051912e-12
594.	0.	1.2850237242133307e-28	1.890341453011842e-11	8.64418130181978e-12
594.9999999999999	0.	1.1955139412337302e-28	1.8822195467570585e-11	8.632464169161548e-12
596.	0.	1.112207630048349e-28	1.8740736141846498e-11	8.620497630355635e-12
597.	0.	1.0346766319502442e-28	1.865903813158077e-11	8.608280645156548e-12
598.	0.	9.625222545212307e-29	1.8577103228400184e-11	8.595812270609527e-12
598.9999999999999	0.	8.953732462835236e-29	1.849493343117242e-11	8.5830916598577e-12
600.	0.	8.328839106619066e-29	1.8412530940319835e-11	8.570118060946064e-12
601.	0.	7.747323496459895e-29	1.8329898152183137e-11	8.556890815615743e-12
602.	0.	7.206188282082164e-29	1.8247037653452037e-11	8.543409358096267e-12
603.	0.	6.7026425115331e-29	1.8163952215653468e-11	8.529673213892358e-12
603.9999999999999	0.	6.234087446522155e-29	1.808064478969307e-11	8.515681998562181e-12
605.	0.	5.798103352487312e-29	1.7997118500465974e-11	8.501435416496012e-12
606.	0.	5.392437196273812e-29	1.7913376641516302e-11	8.486933259685186e-12
607.	0.	5.0149911889444904e-29	1.7829422669766915e-11	8.472175406491285e-12
607.9999999999999	0.	4.6638121155655674e-29	1.774526020029963e-11	8.45716182040726e-12
609.	0.	4.3370813978252e-29	1.7660893001202836e-11	8.441892548818205e-12
610.	0.	4.03310583908747e-29	1.7576324988474874e-11	8.426367721756146e-12
611.	0.	3.750309004958702e-29	1.7491560220988837e-11	8.41058755065266e-12
612.	0.	3.487223195683352e-29	1.7406602895520683e-11	8.39455232708913e-12
612.9999999999999	0.	3.2424819696976753e-29	1.732145734183026e-11	8.378262421541465e-12
614.	0.	3.0148131804759044e-29	1.723612801781649e-11	8.361718282127885e-12
615.	0.	2.803032491410302e-29	1.7150619504718328e-11	8.344920433348167e-12
616.	0.	2.60603733589746e-29	1.706493650238701e-11	8.327869474825197e-12
616.9999999999999	0.	2.422801292061035e-29	1.6979083824617425e-11	8.31056608004467e-12
618.	0.	2.2523688436482928e-29	1.6893066394540998e-11	8.293010995092891e-12
619.	0.	2.0938505005943473e-29	1.6806889240076418e-11	8.275205037392716e-12
620.	0.	1.9464182545704363e-29	1.6720557489447457e-11	8.257149094440766e-12
621.	0.	1.809301346531922e-29	1.6634076366759074e-11	8.238844122543202e-12
621.9999999999999	0.	1.6817823248597466e-29	1.6547451187638124e-11	8.220291145552575e-12
623.	0.	1.5631933741602652e-29	1.6460687354932483e-11	8.201491253603347e-12
624.	0.	1.452912896159204e-29	1.6373790354475402e-11	8.182445601849659e-12
625.	0.	1.3503623253977194e-29	1.628676575091169e-11	8.163155409203767e-12
625.9999999999999	0.	1.2550031636283074e-29	1.6199619183582145e-11	8.143621957074187e-12
627.	0.	1.166334217912079e-29	1.611235636247677e-11	8.123846588108111e-12
628.	0.	1.0838890284483446e-29	1.602498306424477e-11	8.103830704933463e-12
629.	0.	1.0072334731263892e-29	1.5937505128269346e-11	8.083575768904288e-12
629.9999999999999	0.	9.35963536680633e-30	1.5849928452803785e-11	8.063083298847846e-12
630.9999999999999	0.	8.697032331624825e-30	1.576225899117056e-11	8.042354869815497e-12
632.	0.	8.081026712158437e-30	1.567450274802228e-11	8.021392111835971e-12
633.	0.	7.50836252362987e-30	1.5586665775664795e-11	8.00019670867213e-12
634.	0.	6.976009931803134e-30	1.5498754170441453e-11	7.978770396581232e-12
634.9999999999999	0.	6.481149628673963e-30	1.541077406918174e-11	7.957114963079943e-12
636.	0.	6.021158282951657e-30	1.5322731645710248e-11	7.935232245712992e-12
637.	0.	5.593594991619244e-30	1.52346331074153e-11	7.913124130825502e-12
638.	0.	5.196188663900705e-30	1.5146484691886296e-11	7.890792552343194e-12
638.9999999999999	0.	4.826826273674845e-30	1.505829266360351e-11	7.868239490553353e-12
640.	0.	4.483541920751355e-30	1.4970063310695887e-11	7.845466970894616e-12
641.	0.	4.1645066455129586e-30	1.488180294175906e-11	7.822477062751644e-12
642.	0.	3.868018945219412e-30	1.4793517882730688e-11	7.799271878254006e-12
643.	0.	3.592495943818675e-30	1.470521447383253e-11	7.775853571083729e-12
643.9999999999999	0.	3.336465170405326e-30	1.461689906656792e-11	7.75222433528735e-12
645.	0.	3.0985569045369605e-30	1.4528578020782592e-11	7.728386404095586e-12
646.	0.	2.877497049485381e-30	1.4440257701785908e-11	7.704342048749854e-12
647.	0.	2.6721004971627102e-30	1.4351944477530481e-11	7.680093577335891e-12
647.9999999999999	0.	2.481264950947446e-30	1.4263644715852028e-11	7.655643333624053e-12
649.	0.	2.3039651749477946e-30	1.4175364781769564e-11	7.630993695918982e-12
650.	0.	2.1392476403972682e-30	1.4087111034844215e-11	7.606147075915354e-12
651.	0.	1.986225541882088e-30	1.3998889826595155e-11	7.581105917562078e-12
652.	0.	1.8440741579740103e-30	1.3910707497977994e-11	7.555872695936515e-12
652.9999999999999	0.	1.7120265325808482e-30	1.3822570376916743e-11	7.530449916124316e-12
654.	0.	1.589369454953719e-30	1.3734484775896889e-11	7.50484011211037e-12
655.	0.	1.4754397177997143e-30	1.3646456989614763e-11	7.479045845677792e-12
656.	0.	1.3696206343583968e-30	1.3558493292684425e-11	7.453069705315977e-12
656.9999999999999	0.	1.2713387966130828e-30	1.3470599937399006e-11	7.426914305137352e-12
658.	0.	1.1800610580300658e-30	1.3382783151552704e-11	7.40058228380564e-12
659.	0.	1.0952917253583593e-30	1.3295049136314633e-11	7.374076303471188e-12
660.	0.	1.0165699450825846e-30	1.3207404064159348e-11	7.34739904871778e-12
661.	0.	9.434672711115843e-31	1.3119854076854322e-11	7.3205532255195e-12
661.9999999999999	0.	8.75585401204656e-31	1.3032405283498902e-11	7.293541560206815e-12
663.	0.	8.125540704965886e-31	1.2945063758619185e-11	7.266366798443378e-12
664.	0.	7.540290912802939e-31	1.2857835540316519e-11	7.2390317042136636e-12
665.	0.	6.9969052895166e-31	1.2770726628469262e-11	7.211539058821109e-12
665.9999999999999	0.	6.492410047137813e-31	1.2683742982986099e-11	7.18389165989641e-12
667.	0.	6.024041162843308e-31	1.259689052211209e-11	7.156092320416967e-12
668.	0.	5.589229684513495e-31	1.2510175120788887e-11	7.1281438677385515e-12
669.	0.	5.185588058833557e-31	1.2423602609060976e-11	7.100049142635487e-12
670.	0.	4.810897411221136e-31	1.2337178770537225e-11	7.071810998354594e-12
670.9999999999999	0.	4.4630957117256515e-31	1.2250909340901722e-11	7.043432299679944e-12
672.	0.	4.140266765577267e-31	1.2164800006471427e-11	7.014915922007282e-12
673.	0.	3.8406299712846233e-31	1.207885640280658e-11	6.9862647504324455e-12
674.	0.	3.5625307931113613e-31	1.1993084113366362e-11	6.957481678849642e-12
674.9999999999999	0.	3.3044318984229897e-31	1.1907488668216758e-11	6.92856960906322e-12
676.	0.	3.064904913808894e-31	1.1822075542779995e-11	6.899531449908784e-12
677.	0.	2.8426227570591505e-31	1.173685015663605e-11	6.870370116388464e-12
678.	0.	2.6363525050370906e-31	1.1651817872367708e-11	6.841088528817171e-12
678.9999999999999	0.	2.444948760242928e-31	1.1566983994452561e-11	6.811689611981115e-12
679.9999999999999	0.	2.2673474814320543e-31	1.1482353768198509e-11	6.782176294307999e-12
681.	0.	2.1025602460432525e-31	1.1397932378725434e-11	6.7525515070498095e-12
682.	0.	1.9496689144158727e-31	1.1313724949990327e-11	6.7228181834778585e-12
683.	0.	1.8078206678531854e-31	1.1229736543854749e-11	6.692979258089477e-12
683.9999999999999	0.	1.6762233945157755e-31	1.1145972159196925e-11	6.663037665827885e-12
685.	0.	1.5541413989311049e-31	1.1062436731062976e-11	6.6329963413130324e-12
686.	0.	1.4408914125786845e-31	1.0979135129864041e-11	6.602858218086886e-12
687.	0.	1.3358388845695895e-31	1.0896072160609514e-11	6.57262622786874e-12
687.9999999999999	0.	1.2383945328929728e-31	1.0813252562184082e-11	6.542303299824511e-12
688.9999999999999	0.	1.1480111380533088e-31	1.0730681006662392e-11	6.511892359847831e-12
690.	0.	1.0641805621825197e-31	1.06483620986644e-11	6.481396329853891e-12
691.	0.	9.86430977883139e-32	1.056630037474742e-11	6.450818127085112e-12
692.	0.	9.143242921504635e-32	1.0484500302837275e-11	6.420160663430114e-12
692.9999999999999	0.	8.474537517391326e-32	1.0402966281696673e-11	6.389426844754356e-12
694.	0.	7.85441717285011e-32	1.0321702640428016e-11	6.3586195702433455e-12
695.	0.	7.279375943749544e-32	1.0240713638016334e-11	6.327741731758992e-12
696.	0.	6.746159105776573e-32	1.0160003462903303e-11	6.296796213207404e-12
696.9999999999999	0.	6.251745282120774e-32	1.0079576232598125e-11	6.265785889919219e-12
698.	0.	5.793329833414748e-32	9.999435993322328e-12	6.234713628043158e-12
699.	0.	5.368309421424333e-32	9.919586719687498e-12	6.203582283950753e-12
700.	0.	4.974267664151311e-32	9.840032314406726e-12	6.172394703654153e-12
701.	0.	4.608961805736906e-32	9.760776608036943e-12	6.141153722235892e-12
701.9999999999999	0.	4.2703103299040743e-32	9.681823358754361e-12	6.109862163291169e-12
703.	0.	3.95638145063568e-32	9.603176252159616e-12	6.0785228383818156e-12
704.	0.	3.6653824184184146e-32	9.524838901114779e-12	6.047138546503053e-12
705.	0.	3.395649584680793e-32	9.446814845607577e-12	6.015712073561636e-12
705.9999999999999	0.	3.145639171065287e-32	9.369107552648452e-12	5.984246191866976e-12
707.	0.	2.913918693897873e-32	9.291720416192421e-12	5.952743659633005e-12
708.	0.	2.699158997692979e-32	9.214656757091493e-12	5.921207220493318e-12
709.	0.	2.500126854756373e-32	9.13791982307369e-12	5.889639603027597e-12
710.	0.	2.3156780909561311e-32	9.061512788747704e-12	5.858043520299102e-12
710.9999999999999	0.	2.1447512005270532e-32	8.985438755635357e-12	5.826421669405383e-12
712.	0.	1.9863614153736664e-32	8.909700752228719e-12	5.7947767310397495e-12
713.	0.	1.8395951967610681e-32	8.834301734072906e-12	5.7631113690644646e-12
714.	0.	1.703605119531179e-32	8.75924458387123e-12	5.731428230095224e-12
714.9999999999999	0.	1.577605121080237e-32	8.684532111617443e-12	5.699729943098177e-12
716.	0.	1.4608660892809323e-32	8.610167054747935e-12	5.668019118996833e-12
717.	0.	1.352711765347763e-32	8.53615207831906e-12	5.636298350291412e-12
718.	0.	1.25251493932932e-32	8.462489775204321e-12	5.604570210688659e-12
719.	0.	1.1596939174822317e-32	8.389182666315848e-12	5.572837254743521e-12
719.9999999999999	0.	1.0737092422404551e-32	8.316233200843343e-12	5.5411020175109756e-12
721.	0.	9.940606468518056e-33	8.243643756517243e-12	5.509367014209918e-12
722.	0.	9.20284228016359e-33	8.171416639887936e-12	5.477634739896515e-12
723.	0.	8.519498210360975e-33	8.09955408662717e-12	5.44590766914955e-12
723.9999999999999	0.	7.886585630778261e-33	8.028058261846568e-12	5.414188255765669e-12
725.	0.	7.300406311669778e-33	7.956931260436018e-12	5.3824789324660035e-12
726.	0.	6.757531424752496e-33	7.886175107417078e-12	5.350782110611901e-12
727.	0.	6.254782053435175e-33	7.815791758316507e-12	5.319100179932685e-12
727.9999999999999	0.	5.7892111029812984e-33	7.745783099553857e-12	5.2874355082617416e-12
728.9999999999999	0.	5.358086510790268e-33	7.676150948847505e-12	5.25579044128519e-12
730.	0.	4.958875664041586e-33	7.606897055634651e-12	5.224167302298117e-12
731.	0.	4.5892309385133416e-33	7.538023101506745e-12	5.1925683919723695e-12
732.	0.	4.246976278496449e-33	7.469530700660444e-12	5.16099598813358e-12
732.9999999999999	0.	3.930094743401644e-33	7.401421400361252e-12	5.1294523455481526e-12
734.	0.	3.63671695192983e-33	7.333696681422e-12	5.097939695719395e-12
735.	0.	3.365110359590392e-33	7.2663579586941915e-12	5.06646024669369e-12
736.	0.	3.113669309904023e-33	7.199406581571487e-12	5.035016182875893e-12
736.9999999999999	0.	2.8809058038721118e-33	7.132843834506088e-12	5.003609664853684e-12
737.9999999999999	0.	2.6654409362321644e-33	7.066670937536617e-12	4.972242829231499e-12
739.	0.	2.4659969506804862e-33	7.0008890468273055e-12	4.940917788473226e-12
740.	0.	2.2813898696488894e-33	6.935499255218048e-12	4.909636630753843e-12
741.	0.	2.1105226573839136e-33	6.870502592784642e-12	4.878401419819874e-12
741.9999999999999	0.	1.952378878016752e-33	6.805900027409826e-12	4.8472141948589294e-12
743.	0.	1.806016813045309e-33	6.741692465362569e-12	4.8160769703768864e-12
744.	0.	1.6705640051863082e-33	6.6778807518879665e-12	4.784991736084408e-12
745.	0.	1.5452121979152948e-33	6.6144656718047294e-12	4.753960456791388e-12
745.9999999999999	0.	1.4292126422039727e-33	6.551447950110879e-12	4.722985072309545e-12
746.9999999999999	0.	1.3218717439998124e-33	6.488828252599016e-12	4.6920674973633586e-12
748.	0.	1.222547027886009e-33	6.426607186476626e-12	4.661209621508612e-12
749.	0.	1.130643394115756e-33	6.364785300995463e-12	4.6304133090590015e-12
750.	0.	1.0456096478490805e-33	6.3033630880872474e-12	4.599680399020709e-12
750.9999999999999	0.	9.669352809366595e-34	6.242340983004584e-12	4.569012705033897e-12
752.	0.	8.941474880032459e-34	6.181719364969269e-12	4.538412015322185e-12
753.	0.	8.26808399893771e-34	6.121498557825702e-12	4.5078800926495834e-12
754.	0.	7.645125187586927e-34	6.061678830699397e-12	4.4774186742840386e-12
754.9999999999999	0.	7.068843401855251e-34	6.002260398660576e-12	4.447029471968846e-12
756.	0.	6.535761488315589e-34	5.9432434233918276e-12	4.416714171900307e-12
757.	0.	6.042659749863947e-34	5.884628013861164e-12	4.386474434713054e-12
758.	0.	5.586557003974032e-34	5.8264142269978904e-12	4.356311895471222e-12
759.	0.	5.1646930253070916e-34	5.768602068372305e-12	4.326228163667098e-12
759.9999999999999	0.	4.77451227220254e-34	5.7111914928788684e-12	4.296224823225602e-12
761.	0.	4.413648803812683e-34	5.6541824054219615e-12	4.26630343251546e-12
762.	0.	4.0799123013695965e-34	5.5975746616045784e-12	4.23646552436666e-12
763.	0.	3.7712751133100067e-34	5.541368068419584e-12	4.206712606094032e-12
763.9999999999999	0.	3.4858602497807923e-34	5.485562384942011e-12	4.177046159526463e-12
765.	0.	3.221930257426162e-34	5.430157323023974e-12	4.147467641042786e-12
766.	0.	2.977876910351244e-34	5.375152547991235e-12	4.117978481612597e-12
767.	0.	2.7522116577897922e-34	5.320547679339937e-12	4.0885800868433846e-12
768.	0.	2.543556773310916e-34	5.266342291435101e-12	4.059273837032772e-12
768.9999999999999	0.	2.350637154388681e-34	5.212535914209267e-12	4.030061087226549e-12
770.	0.	2.1722727248677877e-34	5.159128033862297e-12	4.000943167281506e-12
771.	0.	2.0073713962980836e-34	5.1061180935604205e-12	3.97192138193425e-12
772.	0.	1.8549225473029132e-34	5.053505494135335e-12	3.942997010874062e-12
772.9999999999999	0.	1.7139909831086382e-34	5.001289594783841e-12	3.914171308821746e-12
774.	0.	1.5837113401143192e-34	4.949469713765485e-12	3.885445505612581e-12
775.	0.	1.4632829029288057e-34	4.898045129100668e-12	3.856820806284386e-12
776.	0.	1.3519648036716647e-34	4.847015079266936e-12	3.828298391170104e-12
776.9999999999999	0.	1.2490715755309438e-34	4.796378763894455e-12	3.799879415994785e-12
777.9999999999999	0.	1.153969034606964e-34	4.7461353444597655e-12	3.771565011977301e-12
779.	0.	1.0660704659642344e-34	4.696283944978039e-12	3.743356285935961e-12
780.	0.	9.848330915659902e-35	4.6468236526931214e-12	3.715254320398395e-12
781.	0.	9.097547993935587e-35	4.5977535187665134e-12	3.687260173715778e-12
781.9999999999999	0.	8.403711145622333e-35	4.54907255896253e-12	3.65937488018075e-12
783.	0.	7.762523946456168e-35	4.50077975433264e-12	3.631599450149267e-12
784.	0.	7.170012327184096e-35	4.452874051895858e-12	3.6039348701661414e-12
785.	0.	6.622500528330376e-35	4.405354365317407e-12	3.5763821030944e-12
785.9999999999999	0.	6.116588837619762e-35	4.358219575583904e-12	3.5489420882480084e-12
786.9999999999999	0.	5.649132978741845e-35	4.311468531675144e-12	3.5216157415281794e-12
788.	0.	5.217225029746448e-35	4.2651000512336976e-12	3.494403955562868e-12
789.	0.	4.818175758273268e-35	4.21911292122953e-12	3.467307599849542e-12
790.	0.	4.4494982690766055e-35	4.173505898622736e-12	3.440327520901261e-12
790.9999999999999	0.	4.108892866975103e-35	4.128277711021063e-12	3.413464542395689e-12
792.	0.	3.7942330454522407e-35	4.083427057334486e-12	3.3867194653267197e-12
793.	0.	3.503552517727922e-35	4.038952608425766e-12	3.3600930681596903e-12
794.	0.	3.235033213220882e-35	3.994853007756468e-12	3.3335861069885646e-12
794.9999999999999	0.	2.9869941679887405e-35	3.951126872028952e-12	3.3071993156962726e-12
795.9999999999999	0.	2.7578812429775045e-35	3.907772791824048e-12	3.2809334061173732e-12
797.	0.	2.5462576087805924e-35	3.864789332234321e-12	3.2547890682033647e-12
798.	0.	2.3507949401142152e-35	3.8221750334925144e-12	3.2287669701901698e-12
799.	0.	2.1702652673994713e-35	3.779928411595667e-12	3.2028677587680814e-12
799.9999999999999	0.	2.003533436715181e-35	3.738047958924018e-12	3.1770920592537973e-12
801.	0.	1.84955013297566e-35	3.696532144855314e-12	3.1514404757646445e-12
802.	0.	1.7073454245194507e-35	3.655379416374045e-12	3.1259135913947585e-12
803.	0.	1.5760227903755017e-35	3.6145881986757404e-12	3.1005119683932794e-12
803.9999999999999	0.	1.4547535943364768e-35	3.5741568957656843e-12	3.075236148344274e-12
804.9999999999999	0.	1.3427719726137662e-35	3.534083891052695e-12	3.0500866523486445e-12
806.	0.	1.2393701043072156e-35	3.4943675479382778e-12	3.025063981207584e-12
807.	0.	1.1438938361946894e-35	3.4550062103986083e-12	3.000168615607412e-12
808.	0.	1.0557386354557322e-35	3.4159982035629017e-12	2.9754010163065876e-12
808.9999999999999	0.	9.743458458949004e-36	3.377341834285013e-12	2.950761624323445e-12
810.	0.	8.991992250410862e-36	3.3390353917103696e-12	2.9262508611258002e-12
811.	0.	8.298217411739274e-36	3.301077147836386e-12	2.9018691288215453e-12
812.	0.	7.657726108817595e-36	3.263465358067898e-12	2.8776168103508113e-12
812.9999999999999	0.	7.066445591937188e-36	3.226198261765706e-12	2.8534942696788164e-12
814.	0.	6.5206128566112e-36	3.189274082791635e-12	2.8295018519902404e-12
815.	0.	6.016751209974552e-36	3.152691030044505e-12	2.805639883884349e-12
816.	0.	5.551648600291275e-36	3.1164472979930924e-12	2.7819086735710365e-12
816.9999999999999	0.	5.122337577684901e-36	3.080541067201338e-12	2.7583085110679607e-12
817.9999999999999	0.	4.726076764005488e-36	3.044970504848694e-12	2.7348396683981692e-12
819.	0.	4.360333718836663e-36	3.0097337652432303e-12	2.7115023997886667e-12
820.	0.	4.022769097048676e-36	2.9748289903301544e-12	2.6882969418695735e-12
821.	0.	3.711222001098192e-36	2.940254310193119e-12	2.6652235138740224e-12
821.9999999999999	0.	3.423696438484036e-36	2.906007843550054e-12	2.6422823178382e-12
823.	0.	3.1583488014454895e-36	2.8720876982423624e-12	2.619473538802362e-12
824.	0.	2.913476292176811e-36	2.8384919717188095e-12	2.596797345011897e-12
825.	0.	2.6875062225529597e-36	2.805218751512192e-12	2.5742538881189937e-12
825.9999999999999	0.	2.4789861226641717e-36	2.772266115710558e-12	2.5518433033843134e-12
826.9999999999999	0.	2.2865745973636246e-36	2.7396321334222703e-12	2.529565709879162e-12
828.	0.	2.109032874576491e-36	2.707314865234316e-12	2.507421210687775e-12
829.	0.	1.9452169933226304e-36	2.67531236366505e-12	2.4854098931095907e-12
830.	0.	1.7940705832997435e-36	2.643622673610349e-12	2.4635318288617746e-12
830.9999999999999	0.	1.6546181914771195e-36	2.6122438327833786e-12	2.4417870742816184e-12
832.	0.	1.5259591144859525e-36	2.581173872148994e-12	2.4201756705290414e-12
833.	0.	1.407261698678708e-36	2.550410816351041e-12	2.3986976437888273e-12
834.	0.	1.2977580725892435e-36	2.519952684133623e-12	2.377353005472885e-12
834.9999999999999	0.	1.196739279168279e-36	2.4897974887567276e-12	2.3561417524222784e-12
835.9999999999999	0.	1.1035507776176296e-36	2.459943238404895e-12	2.335063867108898e-12
837.	0.	1.0175882869108561e-36	2.4303879365902695e-12	2.314119317837055e-12
838.	0.	9.38293945184719e-37	2.40112958254927e-12	2.2933080589445905e-12
839.	0.	8.651527611242237e-37	2.372166171633155e-12	2.2726300310036617e-12
839.9999999999999	0.	7.976893352606242e-37	2.343495695692383e-12	2.2520851610211913e-12
841.	0.	7.354648307598893e-37	2.3151161434550826e-12	2.2316733626386524e-12
842.	0.	6.7807417481806445e-37	2.2870255008986603e-12	2.2113945363316172e-12
843.	0.	6.251434731995581e-37	2.2592217516166275e-12	2.191248569608524e-12
843.9999999999999	0.	5.7632762177058135e-37	2.2317028771780973e-12	2.1712353372090248e-12
844.9999999999999	0.	5.313081000964684e-37	2.2044668574821027e-12	2.151354701301614e-12
846.	0.	4.897909332967447e-37	2.1775116711055285e-12	2.131606511680731e-12
847.	0.	4.5150480939340375e-37	2.1508352956446924e-12	2.1119906059629145e-12
848.	0.	4.161993403509041e-37	2.1244357080522843e-12	2.0925068097825797e-12
848.9999999999999	0.	3.8364345589700396e-37	2.0983108849663477e-12	2.073154936986682e-12
850.	0.	3.536239200378296e-37	2.072458803035717e-12	2.0539347898288328e-12
851.	0.	3.2594396094257947e-37	2.046877439237142e-12	2.034846159162429e-12
852.	0.	3.0042200557800915e-37	2.0215647711887658e-12	2.0158888246330028e-12
852.9999999999999	0.	2.768905111249813e-37	1.9965187774565335e-12	1.9970625548696852e-12
853.9999999999999	0.	2.551948858119036e-37	1.971737437854862e-12	1.9783671076756182e-12
855.	0.	2.3519249235773052e-37	1.9472187337422695e-12	1.959802230217571e-12
856.	0.	2.1675172773235375e-37	1.92296064831066e-12	1.9413676592145033e-12
857.	0.	1.9975117341925433e-37	1.8989611668693115e-12	1.923063121125069e-12
857.9999999999999	0.	1.8407881080587799e-37	1.8752182771232813e-12	1.9048883323341103e-12
859.	0.	1.6963129673479203e-37	1.8517299694458293e-12	1.8868429993382593e-12
860.	0.	1.5631329462558582e-37	1.8284942371458185e-12	1.868926818930017e-12
861.	0.	1.4403685692578846e-37	1.8055090767291301e-12	1.8511394783813e-12
861.9999999999999	0.	1.327208549711961e-37	1.7827724881553848e-12	1.8334806556253015e-12
863.	0.	1.2229045263377985e-37	1.7602824750881663e-12	1.8159500194375779e-12
864.	0.	1.1267662041060185e-37	1.7380370451409561e-12	1.7985472296157454e-12
865.	0.	1.0381568686167334e-37	1.7160342101172959e-12	1.7812719371580495e-12
865.9999999999999	0.	9.56489245398094e-38	1.6942719862452183e-12	1.7641237844407399e-12
866.9999999999999	0.	8.812216777303446e-38	1.6727483944073737e-12	1.747102405394085e-12
868.	0.	8.118545986109175e-38	1.651461460365559e-12	1.73020742567727e-12
869.	0.	7.479272743317989e-38	1.6304092149796095e-12	1.7134384628518962e-12
870.	0.	6.890147988592417e-38	1.609589694422439e-12	1.6967951265542845e-12
870.9999999999999	0.	6.347253197907868e-38	1.589000940388423e-12	1.68027701866635e-12
872.	0.	5.846974781319035e-38	1.568641000298469e-12	1.6638837334852685e-12
873.	0.	5.385980454886554e-38	1.5485079274988777e-12	1.6476148578916818e-12
874.	0.	4.961197435256998e-38	1.528599781456248e-12	1.6314699715166684e-12
874.9999999999999	0.	4.5697923169552844e-38	1.5089146279465314e-12	1.6154486469071884e-12
875.9999999999999	0.	4.2091525031417486e-38	1.4894505392402682e-12	1.5995504496903085e-12
877.	0.	3.8768690704645266e-38	1.4702055942828315e-12	1.5837749387358517e-12
878.	0.	3.5707209577662367e-38	1.4511778788696758e-12	1.5681216663178411e-12
879.	0.	3.2886603768365186e-38	1.4323654858171688e-12	1.5525901782742628e-12
879.9999999999999	0.	3.028799351193304e-38	1.4137665151288322e-12	1.537180014165718e-12
881.	0.	2.7893972960750985e-38	1.3953790741571713e-12	1.5218907074322698e-12
882.	0.	2.5688495594753307e-38	1.377201277760835e-12	1.5067217855491772e-12
883.	0.	2.365676850192539e-38	1.3592312484576262e-12	1.4916727701808722e-12
883.9999999999999	0.	2.1785154845470533e-38	1.3414671165726152e-12	1.4767431773337415e-12
884.9999999999999	0.	2.0061083886531422e-38	1.3239070203828273e-12	1.4619325175071753e-12
886.	0.	1.8472967979820075e-38	1.3065491062565914e-12	1.4472402958433281e-12
887.	0.	1.7010126004184874e-38	1.2893915287896122e-12	1.4326660122752853e-12
888.	0.	1.566271273148775e-38	1.272432450936338e-12	1.4182091616737322e-12
888.9999999999999	0.	1.442165367529934e-38	1.2556700441374441e-12	1.4038692339922147e-12
890.	0.	1.327858499614582e-38	1.239102488443447e-12	1.3896457144107327e-12
891.	0.	1.2225798072604992e-38	1.2227279726335177e-12	1.375538083477971e-12
892.	0.	1.1256188377577587e-38	1.20654469433151e-12	1.3615458172519244e-12
892.9999999999999	0.	1.036320832681755e-38	1.1905508601173492e-12	1.34766838743906e-12
893.9999999999999	0.	9.540823792434393e-39	1.1747446856345595e-12	1.3339052615318895e-12
895.	0.	8.783473997743831e-39	1.159124395694527e-12	1.3202559029450864e-12
896.	0.	8.086034531679263e-39	1.1436882243764388e-12	1.3067197711500241e-12
897.	0.	7.443783241170539e-39	1.1284344151240915e-12	1.2932963218077972e-12
897.9999999999999	0.	6.852368778507945e-39	1.1133612208384676e-12	1.279985006900736e-12
899.	0.	6.307781597910866e-39	1.0984669039674111e-12	1.2667852748623435e-12
900.	0.	5.806327211405943e-39	1.0837497365912102e-12	1.2536965707057488e-12
901.	0.	5.344601528763211e-39	1.0692080005051492e-12	1.2407183361505855e-12
901.9999999999999	0.	4.9194681197842066e-39	1.054839987298248e-12	1.2278500097484304e-12
902.9999999999999	0.	4.528037249720747e-39	1.0406439984289368e-12	1.2150910270065098e-12
904.	0.	4.1676465501365963e-39	1.0266183452973241e-12	1.2024408205101114e-12
905.	0.	3.8358431981684835e-39	1.012761349314231e-12	1.1898988200433392e-12
906.	0.	3.530367486968666e-39	9.99071341966831e-13	1.1774644527083513e-12
906.9999999999999	0.	3.2491376791801684e-39	9.855466648815379e-13	1.165137143043081e-12
908.	0.	2.990236043666535e-39	9.721856698831852e-13	1.15291631313748e-12
909.	0.	2.7518959834428372e-39	9.589867190518854e-13	1.1408013827481696e-12
910.	0.	2.532490169886921e-39	9.459481847761068e-13	1.128791769411653e-12
910.9999999999999	0.	2.330519604886559e-39	9.330684498036935e-13	1.1168868885559487e-12
911.9999999999999	0.	2.1446035386563684e-39	9.203459072887483e-13	1.1050861536107422e-12
913.	0.	1.9734701765574134e-39	9.07778960836965e-13	1.0933889761160717e-12
914.	0.	1.8159481134272957e-39	8.953660245474848e-13	1.0817947658294691e-12
914.9999999999999	0.	1.6709584386993943e-39	8.831055230516714e-13	1.0703029308315842e-12
915.9999999999999	0.	1.5375074599936215e-39	8.709958915500181e-13	1.0589128776304198e-12
917.	0.	1.4146799969248365e-39	8.590355758458015e-13	1.047624011263969e-12
918.	0.	1.301633200623017e-39	8.472230323761725e-13	1.0364357354014445e-12
919.	0.	1.1975908579189592e-39	8.355567282407221e-13	1.0253474524430555e-12
919.9999999999999	0.	1.1018381423407536e-39	8.240351412278519e-13	1.0143585636181936e-12
921.	0.	1.0137167770102601e-39	8.126567598381631e-13	1.0034684690823532e-12
922.	0.	9.326205772452701e-40	8.014200833055583e-13	9.926765680124128e-13
923.	0.	8.579913431788647e-40	7.903236216164109e-13	9.819822587006105e-13
923.9999999999999	0.	7.893150750193406e-40	7.793658955256642e-13	9.71384938646964e-13
924.9999999999999	0.	7.261184857061722e-40	7.685454365710468e-13	9.608840046504023e-13
926.	0.	6.679657876852307e-40	7.578607870853858e-13	9.504788528983166e-13
927.	0.	6.144557323400156e-40	7.473105002058576e-13	9.401688790548082e-13
928.	0.	5.652188822901335e-40	7.368931398816977e-13	9.299534783474683e-13
928.9999999999999	0.	5.1991509831138085e-40	7.266072808798802e-13	9.198320456528172e-13
930.	0.	4.7823122405575005e-40	7.1645150878801e-13	9.098039755802925e-13
931.	0.	4.398789530629785e-40	7.064244200164075e-13	8.998686625548698e-13
932.	0.	4.04592863765888e-40	6.965246217967213e-13	8.90025500898335e-13
932.9999999999999	0.	3.721286093092402e-40	6.867507321797806e-13	8.802738849091829e-13
933.9999999999999	0.	3.4226125003112276e-40	6.771013800309675e-13	8.706132089411202e-13
935.	0.	3.147837174065412e-40	6.675752050240035e-13	8.61042867480272e-13
936.	0.	2.895053991280759e-40	6.581708576325597e-13	8.515622552210642e-13
937.	0.	2.662508358066555e-40	6.488869991205635e-13	8.421707671406472e-13
937.9999999999999	0.	2.448585205198838e-40	6.397223015301853e-13	8.328677985722163e-13
939.	0.	2.251797931225204e-40	6.306754476688125e-13	8.236527452768234e-13
940.	0.	2.0707782186645307e-40	6.217451310936721e-13	8.145250035140128e-13
941.	0.	1.904266654615964e-40	6.129300560954873e-13	8.054839701110721e-13
941.9999999999999	0.	1.7511040924737657e-40	6.042289376797818e-13	7.965290425311425e-13
942.9999999999999	0.	1.6102236964057598e-40	5.956405015473167e-13	7.876596189398805e-13
944.	0.	1.4806436148292767e-40	5.871634840729459e-13	7.788750982710217e-13
945.	0.	1.3614602333363931e-40	5.787966322823261e-13	7.701748802905926e-13
946.	0.	1.251841961407649e-40	5.705387038280754e-13	7.615583656599318e-13
946.9999999999999	0.	1.1510235108381345e-40	5.623884669639236e-13	7.530249559974892e-13
948.	0.	1.0583006271036307e-40	5.543447005177882e-13	7.445740539393356e-13
949.	0.	9.730252379413025e-41	5.464061938633852e-13	7.362050631985716e-13
950.	0.	8.946009862244023e-41	5.385717468906024e-13	7.279173886234746e-13
950.9999999999999	0.	8.224791168008106e-41	5.308401699744403e-13	7.197104362544662e-13
951.9999999999999	0.	7.56154689347911e-41	5.232102839430508e-13	7.115836133799219e-13
953.	0.	6.951630914962393e-41	5.156809200444352e-13	7.035363285907918e-13
954.	0.	6.390768284991588e-41	5.082509199117386e-13	6.955679918341355e-13
954.9999999999999	0.	5.87502567593633e-41	5.009191355275239e-13	6.876780144653866e-13
955.9999999999999	0.	5.400784169176596e-41	4.936844291874948e-13	6.798658092996572e-13
957.	0.	4.964714204360235e-41	4.865456734621897e-13	6.721307906617655e-13
958.	0.	4.5637525178706953e-41	4.795017511583724e-13	6.644723744352409e-13
959.	0.	4.1950809131023314e-41	4.725515552791671e-13	6.56889978110236e-13
959.9999999999999	0.	3.856106717548125e-41	4.65693988983012e-13	6.493830208303118e-13
960.9999999999999	0.	3.5444447931408015e-41	4.5892796554221e-13	6.419509234381727e-13
962.	0.	3.2579009768258783e-41	4.522524082999026e-13	6.345931085203225e-13
963.	0.	2.9944568380499406e-41	4.4566625062669136e-13	6.273090004506929e-13
963.9999999999999	0.	2.7522556487984294e-41	4.3916843587598873e-13	6.200980254332357e-13
964.9999999999999	0.	2.5295894700528916e-41	4.327579173389921e-13	6.129596115434151e-13
966.	0.	2.3248872661368677e-41	4.2643365819813214e-13	6.058931887687867e-13
967.	0.	2.1367039654101833e-41	4.2019463148075714e-13	5.988981890485012e-13
968.	0.	1.9637103922201013e-41	4.14039820011018e-13	5.919740463118112e-13
968.9999999999999	0.	1.804684000953761e-41	4.079682163617356e-13	5.851201965156475e-13
969.9999999999999	0.	1.6585003485054094e-41	4.019788228053205e-13	5.783360776811547e-13
971.	0.	1.5241252465133303e-41	3.960706512639045e-13	5.716211299293115e-13
972.	0.	1.4006075393591614e-41	3.9024272325920377e-13	5.649747955155986e-13
972.9999999999999	0.	1.287072458201385e-41	3.8449406986119794e-13	5.583965188637049e-13
973.9999999999999	0.	1.1827155052504e-41	3.7882373163667273e-13	5.518857465983041e-13
975.	0.	1.0867968261215944e-41	3.73230758597064e-13	5.454419275769558e-13
976.	0.	9.986360314438487e-42	3.677142101455486e-13	5.390645129210717e-13
977.	0.	9.176074319774988e-42	3.6227315502390915e-13	5.327529560459588e-13
977.9999999999999	0.	8.431356543310305e-42	3.5690667125864905e-13	5.265067126900518e-13
979.	0.	7.746916069758901e-42	3.516138461067885e-13	5.203252409432058e-13
980.	0.	7.117887686623528e-42	3.4639377600094863e-13	5.142080012741697e-13
980.9999999999999	0.	6.539797735544088e-42	3.412455664943826e-13	5.081544565571904e-13
982.	0.	6.008532694396644e-42	3.3616833220520314e-13	5.021640720977972e-13
982.9999999999999	0.	5.520310272484239e-42	3.311611967603628e-13	4.962363156577308e-13
983.9999999999999	0.	5.0716528184465733e-42	3.262232927393951e-13	4.903706574790889e-13
985.	0.	4.659362856446484e-42	3.213537616175092e-13	4.845665703076146e-13
985.9999999999999	0.	4.2805005808402385e-42	3.1655175370856896e-13	4.788235294152725e-13
987.	0.	3.932363153048679e-42	3.118164281075984e-13	4.731410126219793e-13
988.	0.	3.612465656770007e-42	3.07146952632979e-13	4.675185003165382e-13
988.9999999999999	0.	3.31852357912463e-42	3.0254250376874076e-13	4.619554754769046e-13
990.	0.	3.0484366958535376e-42	2.9800226660597753e-13	4.564514236896064e-13
990.9999999999999	0.	2.8002742484036515e-42	2.9352543478429507e-13	4.5100583316847835e-13
992.	0.	2.5722613096529168e-42	2.8911121043326143e-13	4.4561819477264236e-13
993.	0.	2.362766243264011e-42	2.8475880411325753e-13	4.402880020237855e-13
993.9999999999999	0.	2.1702891692163764e-42	2.804674347563819e-13	4.3501475112270285e-13
995.	0.	1.9934513550417587e-42	2.7623632960700044e-13	4.297979409651717e-13
995.9999999999999	0.	1.830985458700783e-42	2.7206472416222563e-13	4.2463707315711927e-13
997.	0.	1.6817265549466483e-42	2.6795186211228176e-13	4.195316520291087e-13
998.	0.	1.5446038824563297e-42	2.638969952806455e-13	4.144811846501853e-13
998.9999999999999	0.	1.4186332540167815e-42	2.598993835640978e-13	4.094851808410151e-13
1000.	0.	1.302910076657591e-42	2.5595829487275584e-13	4.0454315318642373e-13