0.	3376.248370101133	337.6248370101132	33.76248370101132	3.3762483701011323
1.	181.27828743996065	305.54669641190213	31.67282684538979	3.172738891471919
2.	5.439449832644199	276.6449784215874	29.746411880600515	2.9849181423061943
3.	0.12624667471080728	250.62093223381785	27.971306872014	2.8116660454885083
4.	0.0025108071366685553	227.19934256482767	26.336357191100475	2.6519333733359667
5.	0.00004490965829433877	206.12750584317916	24.831140263402013	2.5047377525738947
6.	7.425702414314735e-7	187.17408871582947	23.445922691042718	2.3691598725015095
7.	1.1549942587373337e-8	170.1279119148751	22.171619636706826	2.2443398869247773
8.	1.7107991514535694e-10	154.79669427640738	20.999756360913704	2.1294740008354656
9.	2.417531875020467e-12	141.00578472125812	19.92243180912581	2.0238112332015317
10.	0.	128.59690412612994	18.932284149746483	1.9266503476046835
11.	0.	117.4269140817248	18.022458168406907	1.8373369428170387
12.	0.	107.36662541963483	17.1865744281101	1.7552606957506653
13.	0.	98.29965597611609	16.41870010880267	1.6798527495419668
14.	0.	90.12134424728318	15.713321443786567	1.610583239847987
14.999999999999998	0.	82.73772328858561	15.065317674070098	1.546958952734062
16.	0.	76.0645573449836	14.469936445294673	1.4885211078224891
17.	0.	70.02644220051361	13.92277057526775	1.4348432606503483
18.	0.	64.55596904930762	13.419736123387226	1.3855293184517918
18.999999999999996	0.	59.592950764862444	12.95705169636393	1.3402116638364483
20.	0.	55.08370873757399	12.531218927642076	1.2985493810814244
21.	0.	50.98041792542636	12.139004070786166	1.2602265799901895
22.	0.	47.24050738769678	11.777420649852882	1.224950812497729
23.	0.	43.82611331964061	11.443713112401516	1.1924515774181452
24.	0.	40.70358145440495	11.135341433320894	1.162478908938721
24.999999999999996	0.	37.84301562740325	10.849966620069392	1.1348020446636684
26.	0.	35.21786929160584	10.585437072240262	1.109208169201704
27.	0.	32.80457681580804	10.339775750582639	1.085501229474579
28.	0.	30.582221480320978	10.111168112731413	1.063500818098943
29.	0.	28.532237196019533	9.897950774931449	1.04304112136189
29.999999999999996	0.	26.63814110526677	9.69860086098649	1.02396992847137
31.	0.	24.88529437032185	9.511726001523595	1.006147698916685
32.	0.	23.260688611050366	9.336054948444193	0.9894466849218224
32.99999999999999	0.	21.75275561474018	9.170428771134958	0.9737501061155723
34.	0.	20.35119810310445	9.013792602639793	0.9589513736775954
35.	0.	19.04683950237881	8.865187905550277	0.9449533613489652
36.	0.	17.831490819666456	8.723745228859501	0.9316677208195557
37.	0.	16.697832880739835	8.588677428445749	0.9190142391230989
37.99999999999999	0.	15.639312330183577	8.459273325210699	0.906920235784093
39.	0.	14.65004993322964	8.334891776193661	0.8953199975690956
40.	0.	13.724759849351786	8.21495613522317	0.8841542487986801
41.	0.	12.858678670337286	8.098949080849392	0.8733696552753836
42.	0.	12.04750313002835	7.986407790430685	0.8629183599777897
42.99999999999999	0.	11.287335499245305	7.87691944032496	0.8527575487614203
44.	0.	10.574635777722799	7.770117013165399	0.8428490443937238
44.99999999999999	0.	9.9061798854375	7.665675394180609	0.8331589273331006
46.	0.	9.279023138790318	7.563307739455366	0.8236571817409569
47.	0.	8.69046837307388	7.46276209991999	0.814317365291213
48.	0.	8.13803814189025	7.363818285707296	0.8051163014138042
49.	0.	7.619450487087328	7.266284956326126	0.7960337926774479
49.99999999999999	0.	7.132597829764248	7.169996922873525	0.7870523540827261
51.	0.	6.675528584369359	7.074812649242772	0.7781569650991228
52.	0.	6.246431144284828	6.980611939985753	0.7693348393395568
53.	0.	5.843619928955585	6.8872938031550115	0.7605752108229586
54.	0.	5.465523219960088	6.794774477086144	0.7518691358298981
54.99999999999999	0.	5.1106725467997745	6.702985610685499	0.7432093094081703
56.	0.	4.777693412951387	6.611872587363238	0.734589895634728
56.99999999999999	0.	4.465297179206984	6.521392983298689	0.7260063707875214
58.	0.	4.172273944827009	6.431515151245181	0.7174553786257801
59.	0.	3.897486287837667	6.342216921575623	0.7089345970200563
59.99999999999999	0.	3.6398637441795727	6.253484412740313	0.7004426152142011
61.	0.	3.3983979216059286	6.1653109437546325	0.6919788210402567
62.	0.	3.172138158458504	6.0776960417583625	0.6835432974442648
63.	0.	2.9601876499279864	5.990644538090922	0.6751367277161833
64.	0.	2.7616999753171916	5.9041657467091175	0.6667603088506349
65.	0.	2.5758759693461846	5.818272719136548	0.6584156724970756
65.99999999999999	0.	2.4019608888211668	5.732981570477739	0.6501048129882833
67.	0.	2.239241833177268	5.648310871356674	0.6418300219649273
68.	0.	2.0870453836254543	5.564281100948398	0.6335938291413707
69.	0.	1.9447354310010703	5.480914156565766	0.6253989487839116
70.	0.	1.8117111670293047	5.398232915540752	0.6172482314973957
70.99999999999999	0.	1.687405217683344	5.3162608454034626	0.60914462093971
72.	0.	1.5712819006964267	5.235021658610149	0.6010911151058835
73.	0.	1.4628355921734528	5.154539008307925	0.5930907318448068
74.	0.	1.3615891896967394	5.074836221846655	0.5851464782916578
75.	0.	1.267092661390347	4.9959360689587395	0.577261323918135
75.99999999999999	0.	1.1789216721523788	4.917860561728035	0.569438176920817
77.	0.	1.0966762797261662	4.840630783656306	0.5616798636849977
78.	0.	1.0199796945026096	4.764266745314143	0.5539891110776596
79.	0.	0.9484770979594603	4.688787264231237	0.546368531338651
80.	0.	0.8818345154808661	4.614209866839088	0.5388206093536837
80.99999999999999	0.	0.8197377399883522	4.540550710429091	0.5313476921066026
82.	0.	0.7618913033753785	4.4678245232297495	0.5239519801214337
83.	0.	0.7080174931923874	4.396044560839638	0.5166355207170698
84.	0.	0.6578554123947581	4.325222577377977	0.5094002029091483
84.99999999999999	0.	0.6111600802574793	4.255368809832621	0.5022477538047448
85.99999999999999	0.	0.5677015727901575	4.186491974195846	0.49517973634588336
87.	0.	0.5272642011659014	4.1185992720827835	0.488197548267772
88.	0.	0.48964572681614305	4.051696406625821	0.4813024221469956
89.	0.	0.45465661194894613	3.9857876065294273	0.4744954264235847
89.99999999999999	0.	0.4221193043278282	3.920875657257193	0.467777467289248
90.99999999999999	0.	0.39186755520640054	3.8569619384040075	0.46114929134186106
92.	0.	0.3637457693564793	3.7940464663814284	0.4546114889135387
93.	0.	0.33760838615776356	3.7321279416171023	0.44816449798672625
94.	0.	0.3133192907382015	3.6712037995344904	0.4418086086190819
94.99999999999999	0.	0.2907512541690339	3.61127026464263	0.43554396780417776
96.	0.	0.2697854017292238	3.552322407123266	0.42937058470070255
97.	0.	0.25031070826169316	3.4943542013583975	0.4232883361683899
98.	0.	0.23222351965070595	3.4373585858911277	0.4172969725538425
99.	0.	0.2154270994559717	3.3813275243607395	0.4113961236742418
99.99999999999999	0.	0.19983119974594624	3.326252066997561	0.40558530495143974
101.	0.	0.18535165518088237	3.2721224123042068	0.3998639236530848
102.	0.	0.17190999940519994	3.218927968587512	0.3942312852012691
103.	0.	0.15943310282017598	3.1666574150427063	0.38868659951303913
104.	0.	0.1478528308203495	3.1152987621227295	0.3832289873403213
104.99999999999999	0.	0.1371057215919312	3.0648394109578088	0.37785748658019386
106.	0.	0.127132682587832	3.0152662116176603	0.3725710585292785
107.	0.	0.11787870481208673	2.96656552003593	0.3673685940589154
108.	0.	0.10929259406619704	2.9187232534401732	0.3622489196903032
109.	0.	0.10132671833115847	2.8717249441531987	0.35721080355120655
109.99999999999999	0.	0.0939367704813912	2.825555791652654	0.35225296119812416
111.	0.	0.08708154555042147	2.780200712793867	0.3473740612897773
112.	0.	0.08072273179262862	2.735644390119407	0.3425727310998388
113.	0.	0.07482471481072578	2.6918713181936136	0.33784756185844705
113.99999999999999	0.	0.06935439404441673	2.6488658479161287	0.3331971139138623
114.99999999999999	0.	0.0642810109418857	2.606612228780658	0.32861992170698245
116.	0.	0.05957598816233291	2.5650946490579236	0.32411449855293123
117.	0.	0.05521277918420423	2.524297273892529	0.3196793412251826
118.	0.	0.051166727720344654	2.4842042813135388	0.31531293433888474
118.99999999999999	0.	0.04741493636759979	2.4447998961668267	0.31101375453104063
119.99999999999999	0.	0.043936143944417715	2.4060684219865554	0.3067802744363561
121.	0.	0.0407106109956408	2.3679942708287722	0.30261096645825475
122.	0.	0.037720012968783585	2.3305619910978193	0.2985043063355594
122.99999999999999	0.	0.03494734059082647	2.2937562934009437	0.2944587765059414
124.	0.	0.03237680699835174	2.2575620744720175	0.29047286926799004
125.	0.	0.02999376119731053	2.2219644392094695	0.28654508974432424
126.	0.	0.027784607451161104	2.186948720876969	0.28267395864867345
127.	0.	0.025736730218021107	2.152500499519024	0.27885801486038275
128.	0.	0.023838424278531955	2.11860561864639	0.2750958178102203
129.	0.	0.022078829716265597	2.0852502002475126	0.2713859496816253
130.	0.	0.02044787143210195	2.052420658185686	0.267727017432063
131.	0.	0.01893620289243658	2.020103710041213	0.26411765463920206
131.99999999999997	0.	0.01753515382901835	1.9882863874604177	0.26055652317706085
133.	0.	0.016236681625118106	1.9569560450731514	0.2570423147273417
134.	0.	0.015033326138950939	1.9261003680413267	0.25357375213140415
135.	0.	0.013918167730574228	1.89570737830081	0.2501495905884034
136.	0.	0.012884788273243021	1.8657654395598116	0.24676861870534444
137.	0.	0.011927234943910249	1.8362632611151832	0.2434296594046869
138.	0.	0.011039986600750281	1.8071899005488739	0.24013157069536295
139.	0.	0.010217922568028575	1.7785347653653651	0.23687324631299747
140.	0.	0.009456293660222345	1.7502876136303949	0.23365361623516984
140.99999999999997	0.	0.008750695288519213	1.722438553670124	0.23047164707751897
141.99999999999997	0.	0.00809704250310219	1.6949780428885846	0.2273263423764348
143.	0.	0.007491546834470891	1.6678968857609526	0.22421674276415648
144.	0.	0.0069306948063476885	1.6411862310573877	0.2211419260418364
145.	0.	0.006411228001176163	1.6148375683521663	0.21810100715624087
146.	0.	0.005930124567578512	1.5888427238707432	0.2150931380855898
147.	0.	0.005484582066578175	1.5631938557253735	0.21211750763987627
148.	0.	0.005072001560609728	1.5378834485894723	0.2091733411810542
149.	0.	0.004689972855991717	1.512904307858536	0.20625990026827004
150.	0.	0.004336260815803686	1.4882495533433335	0.20337648223313057
150.99999999999997	0.	0.00400879266588357	1.4639126125407673	0.2005224196900571
151.99999999999997	0.	0.003705646222257102	1.439887213524749	0.19769707998645922
153.	0.	0.003425038973177721	1.4161673774985177	0.19489986459743192
154.	0.	0.0031653179539479588	1.3927474110477742	0.19213020846948986
155.	0.	0.002924950356908725	1.3696218981325772	0.1893875793177483
156.	0.	0.002702514823233857	1.3467856918539018	0.1866714768807646
157.	0.	0.0024966933669694218	1.3242339060295407	0.18398143213717078
158.	0.	0.0023062638852874074	1.301961906611701	0.18131700648798635
159.	0.	0.0021300932123398957	1.2799653029779274	0.1786777909084796
160.	0.	0.00196713067708022	1.2582399391243748	0.17606340507315546
160.99999999999997	0.	0.0018164021283690825	1.2367818847896388	0.1734734964574119
161.99999999999997	0.	0.0016770043933410903	1.215587426535359	0.170907739419192
163.	0.	0.0015481001374359833	1.1946530588086366	0.16836583426386253
164.	0.	0.0014289130968559033	1.1739754750090798	0.16584750629530282
165.	0.	0.0013187236563353651	1.1535515585831728	0.16335250485622688
166.	0.	0.0012168647470555836	1.1333783741656749	0.16088060236039928
167.	0.	0.001122718041419845	1.1134531587876517	0.15843159331944798
168.	0.	0.0010357104230898622	1.0937733131686223	0.15600529336671987
169.	0.	0.0009553107122554252	1.0743363931095942	0.15360153828058296
169.99999999999997	0.	0.0008810266275911951	1.0551401010017059	0.15122018300932347
170.99999999999997	0.	0.0008124019677225857	1.0361822774652583	0.14886110069984507
171.99999999999997	0.	0.0007490139962311217	1.0174608931310711	0.14652418173200446
173.	0.	0.0006904710154832428	0.9989740405767253	0.14420933276054965
174.	0.	0.0006364101155324007	0.9807199264278625	0.1419164757663179
175.	0.	0.0005864950854817965	0.9626968636342588	0.1396455471183165
176.	0.	0.0005404144754832053	0.9449032639293558	0.1373964966481896
177.	0.	0.0004978797985188438	0.9273376304808942	0.1351692867384577
178.	0.	0.00045862386184700204	0.9099985507393189	0.13296389142579226
179.	0.	0.00042239921874240115	0.8928846894900225	0.13078029552053153
179.99999999999997	0.	0.00038897673186742395	0.8759947821143278	0.12861849374349016
180.99999999999997	0.	0.000358144240202881	0.859327628063721	0.12647848988108035
181.99999999999997	0.	0.0003297053220805905	0.8428820845503247	0.12436029595955574
183.	0.	0.00030347814742559033	0.8266570604571423	0.12226393143928407
184.	0.	0.00027929441271975196	0.8106515104698324	0.12018942242970952
185.	0.	0.000256998352828188	0.7948644294313364	0.11813680092561103
186.	0.	0.0002364458240771863	0.7792948469207736	0.11610610406528707
187.	0.	0.00021750345351995883	0.7639418220565042	0.11409737341108443
188.	0.	0.00020004784962140946	0.7488044385233453	0.11211065425270386
189.	0.	0.00018396486994672252	0.7338817998233619	0.11014599493364187
189.99999999999997	0.	0.00016914894176310325	0.7191730247487521	0.10820344620099329
190.99999999999997	0.	0.0001555024317676871	0.7046772430757924	0.10628306057891326
192.	0.	0.00014293506142745962	0.6903935914771971	0.10438489176579362
193.	0.	0.00013136336462675688	0.6763212096510327	0.10250899405533045
194.	0.	0.0001207101846245166	0.6624592366633149	0.10065542178150355
195.	0.	0.00011090420749190695	0.6488068075010781	0.0988242287874393
196.	0.	0.00010187952939777958	0.6353630498329067	0.09701546791815127
197.	0.	0.00009357525534861283	0.6221270809731936	0.09522919053704587
198.	0.	0.00008593512708962497	0.6090980050460933	0.09346544606602339
198.99999999999997	0.	0.00007890717811685561	0.59627491034544	0.09172428154905121
199.99999999999997	0.	0.00007244341380563412	0.5836568668862121	0.09000574123897215
200.99999999999997	0.	0.00006649951491185162	0.5712429241430468	0.08830986620729232
202.	0.	0.00006103456269900871	0.5590321089712037	0.08663669397666951
203.	0.	0.00005601078420588374	0.5470234237055078	0.08498625817583598
204.	0.	0.00005139331616134063	0.5352158444318984	0.0833585882165393
205.	0.	0.00004714998620915378	0.5236083194272632	0.08175370899224203
206.	0.	0.00004325111022593993	0.5121997677618512	0.08017164059809274
207.	0.	0.000039669304531533944	0.5009890780596397	0.07861239807184062
208.	0.	0.000036379311952275614	0.4899751074113137	0.07707599115524488
208.99999999999997	0.	0.000033357840719628666	0.4791566804344537	0.07556242407550752
209.99999999999997	0.	0.000030583415272903645	0.4685325884761259	0.07407169534634132
210.99999999999997	0.	0.000028036238127448357	0.4581015889520059	0.07260379758810674
212.	0.	0.000025698061967733364	0.44786240481737866	0.07115871736663053
213.	0.	0.00002355207127369235	0.4378137241643379	0.06973643505014622
214.	0.	0.0000215827727389996	0.4279541999401846	0.06833692468388984
215.	0.	0.0000197758938775054	0.41828244978153906	0.06696015388179873
216.	0.	0.000018118289207237472	0.40879705595925436	0.06560608373483584
217.	0.	0.000016597853447060307	0.39949656542902046	0.06427466873542156
218.	0.	0.000015203441247385125	0.39037948998221106	0.06296585671738608
218.99999999999997	0.	0.000013924792941894934	0.3814443064923712	0.06167958881098047
219.99999999999997	0.	0.000012752465891879542	0.3726894572521096	0.06041579941236815
220.99999999999997	0.	0.000011677771026732452	0.3641133503957718	0.05917441616710658
222.	0.	0.00001069271417462378	0.35571436040272597	0.05795535996702757
223.	0.	9.789941843298638e-6	0.3474908286769815	0.056758544960055765
224.	0.	8.96269112278636e-6	0.3394410641980462	0.05558387857236132
225.	0.	8.204743405546467e-6	0.33156334423905925	0.054431261542413775
226.	0.	7.510381627305868e-6	0.3238559151470272	0.05330058796629567
227.	0.	6.874350791355149e-6	0.3163169931815861	0.05219174535388178
227.99999999999997	0.	6.291821513452493e-6	0.3089447654074263	0.05110461469526895
228.99999999999997	0.	5.758356362391114e-6	0.3017373906367463	0.05003907053703099
229.99999999999997	0.	5.269878803750292e-6	0.29469300041716034	0.04899498106770591
230.99999999999997	0.	4.822644529669795e-6	0.28780970006190726	0.04797220821214791
232.	0.	4.413215010142501e-6	0.2810855697177453	0.04697060773412207
233.	0.	4.038433099452605e-6	0.2745186654672558	0.04599002934673056
234.	0.	3.695400531585294e-6	0.2681070204623254	0.04503031683025786
235.	0.	3.3814571752980407e-6	0.2618486460844137	0.04409130815681631
236.	0.	3.0941619010827527e-6	0.2557415331291644	0.043172835621490296
237.	0.	2.8312749525403995e-6	0.24978365301177433	0.04227472597947483
237.99999999999997	0.	2.5907416971526404e-6	0.2439729589898558	0.041396800588750136
238.99999999999997	0.	2.3706776595035204e-6	0.2383073874010526	0.04053887555790976
239.99999999999997	0.	2.169354724499022e-6	0.23278485891233675	0.03970076189869768
240.99999999999997	0.	1.9851884406126463e-6	0.22740327977842464	0.038882265682884005
242.	0.	1.8167263247860253e-6	0.22216054310643524	0.03808318820304977
243.	0.	1.6626370955448387e-6	0.2170545301242934	0.03730332613690436
244.	0.	1.521700761744359e-6	0.21208311145056083	0.036542471714783815
245.	0.	1.3927995056279943e-6	0.2072441483632889	0.03580041288995389
245.99999999999997	0.	1.2749092897854185e-6	0.2025354940656778	0.035076933511367384
247.	0.	1.1670921449460125e-6	0.19795499494621613	0.03437181349849782
248.	0.	1.068489065419106e-6	0.19350049183199816	0.033684829018041776
248.99999999999997	0.	9.783134860659557e-7	0.18916982123225323	0.033015752661987266
250.	0.	8.958452863859929e-7	0.1849608165712285	0.03236435362690384
250.99999999999997	0.	8.204252705656709e-7	0.1808713094081999	0.031730397894066543
252.	0.	7.514501048482737e-7	0.1768991306432455	0.031113648410169236
252.99999999999997	0.	6.883676618782615e-7	0.17304211170706527	0.030513865268315846
254.	0.	6.306727431375573e-7	0.16929808573368654	0.029930805889069836
254.99999999999997	0.	5.779031554149333e-7	0.1656648887144128	0.02936422520125115
256.	0.	5.296361050990468e-7	0.16214036063216447	0.0288138758223057
257.	0.	4.854848877855071e-7	0.15872234657467904	0.02827950823794597
258.	0.	4.4509585245828275e-7	0.15540869782576808	0.02776087098088657
259.	0.	4.081456145298523e-7	0.15219727293350482	0.027257710808435823
260.	0.	3.7433849835118357e-7	0.14908593875466494	0.02676977287878171
261.	0.	3.4340419546551537e-7	0.14607257147404493	0.026296800925680316
262.	0.	3.150956093460567e-7	0.14315505759876068	0.02583853743151629
263.	0.	2.891868897426253e-7	0.14033129492603363	0.025394723798416036
263.99999999999994	0.	2.6547162008017025e-7	0.13759919348425456	0.02496510051732013
265.	0.	2.437611656056803e-7	0.1349566764468888	0.024549407334878873
266.	0.	2.2388315326970704e-7	0.13240168101833483	0.024147383417949857
267.	0.	2.0568008350058203e-7	0.12993215929177912	0.023758767515642543
268.	0.	1.8900805541763884e-7	0.12754607907835422	0.023383298118718816
269.	0.	1.7373560017492405e-7	0.1252414247075247	0.023020713616268503
270.	0.	1.5974261602210757e-7	0.12301619779844485	0.022670752449544317
271.	0.	1.4691938710023449e-7	0.12086841800175324	0.02233315326278719
272.	0.	1.351656934145696e-7	0.1187961237124156	0.022007655051081872
272.99999999999994	0.	1.2438998748829112e-7	0.11679737275264013	0.021693997304989478
274.	0.	1.1450864982289312e-7	0.11487024302562435	0.021391920152021775
274.99999999999994	0.	1.0544530024922738e-7	0.1130128331396063	0.021101164494783813
276.	0.	9.713017469425084e-8	0.11122326300252268	0.020821472145763086
277.	0.	8.949954898600698e-8	0.10949967438734606	0.020552585958701495
278.	0.	8.249521663279906e-8	0.10784023146813997	0.020294249956477328
279.	0.	7.606401057885761e-8	0.10624312132720193	0.02004620945548832
280.	0.	7.015736449854702e-8	0.10470655443323262	0.01980821118644325
281.	0.	6.473091271787687e-8	0.10322876509102917	0.019580003411576067
281.99999999999994	0.	5.974412510739774e-8	0.10180801186270394	0.01936133603820173
283.	0.	5.515997313124761e-8	0.1004425779611214	0.01915196072866442
283.99999999999994	0.	5.0944625069461215e-8	0.0991307716154561	0.01895163100657913
285.	0.	4.706716698808356e-8	0.09787092640958217	0.018760102359420484
286.	0.	4.349934939002887e-8	0.09666140159330192	0.01857713233738052
287.	0.	4.021535326017658e-8	0.09550058236719576	0.018402480648563667
288.	0.	3.719157928421327e-8	0.09438688014144216	0.018235909250506922
289.	0.	3.44064534302152e-8	0.09331873276858665	0.01807718243794118
290.	0.	3.184025206584464e-8	0.09229460475162916	0.017926066926978616
291.	0.	2.9474937764687393e-8	0.09131298742691006	0.017782331935547707
292.	0.	2.729401497025384e-8	0.09037239912291771	0.01764574926021537
292.99999999999994	0.	2.5282393379647824e-8	0.08947138529555877	0.017516093349424562
294.	0.	2.3426267554597744e-8	0.08860851863992197	0.017393141373077545
294.99999999999994	0.	2.1713003548861886e-8	0.08778239917942729	0.017276673288563072
296.	0.	2.0131037300821904e-8	0.08699165433305717	0.017166471903290098
297.	0.	1.86697818808001e-8	0.08623493896069274	0.017062322933659314
298.	0.	1.7319542677335046e-8	0.08551093538757297	0.016964015060599955
299.	0.	1.6071439656968822e-8	0.08481835340834863	0.016871339981694638
300.	0.	1.4917336636986867e-8	0.08415593027101613	0.01678409245987808
301.	0.	1.3849777168313169e-8	0.08352243064183165	0.01670207036885927
301.99999999999994	0.	1.2861926285441617e-8	0.08291664655118346	0.016625074735195398
303.	0.	1.1947515516920522e-8	0.08233739732144707	0.01655290977715534
303.99999999999994	0.	1.1100795420063002e-8	0.08178352947728611	0.016485382940399924
305.	0.	1.0316490431975876e-8	0.08125391663882815	0.016422304930502032
306.	0.	9.589757693969328e-9	0.08074745939851344	0.01636348974240418
307.	0.	8.916151537563366e-9	0.08026308518211615	0.016308754686853253
308.	0.	8.291587340975392e-9	0.07979974809438138	0.016257920413842906
309.	0.	7.71231296287017e-9	0.0793564287501067	0.016210810933172736
310.	0.	7.174879207978351e-9	0.0789321340910989	0.01616725363215598
310.99999999999994	0.	6.676113750002298e-9	0.07852589718950571	0.01612707929052158
312.	0.	6.2130991656779124e-9	0.07813677703829151	0.016090122092614432
312.99999999999994	0.	5.783151133581202e-9	0.07776385832922816	0.016056219636917578
314.	0.	5.3837970518452615e-9	0.07740625121902127	0.016025212942972773
314.99999999999994	0.	5.012761169673705e-9	0.07706309108424757	0.015996946455789616
316.	0.	4.6679457235048194e-9	0.07673353826540856	0.01597126804775856
317.	0.	4.347417665363851e-9	0.0764167778008528	0.015948029018177195
318.	0.	4.049394338531773e-9	0.07611201915094724	0.015927084090424284
319.	0.	3.772231927260042e-9	0.07581849591311525	0.015908291406866813
320.	0.	3.5144119250783736e-9	0.0755354655282729	0.015891512521569465
321.	0.	3.2745342253054778e-9	0.07526220897903386	0.01587661239084406
321.99999999999994	0.	3.051304197536717e-9	0.07499803048040196	0.015863459361750935
323.	0.	2.8435259239639083e-9	0.07474225716309091	0.01585192515854481
323.99999999999994	0.	2.6500944836641342e-9	0.07449423875045116	0.015841884867235777
325.	0.	2.4699876140625635e-9	0.07425334722906031	0.01583321691824414
326.	0.	2.3022599256809395e-9	0.07401897651348631	0.015825803067223514
327.	0.	2.1460352330446643e-9	0.07379054210590365	0.015819528374165982
328.	0.	2.000503851942214e-9	0.07356748075094617	0.015814281180841702
329.	0.	1.8649151383585073e-9	0.07334925008586436	0.01580995308655885
330.	0.	1.7385737462215784e-9	0.07313532828702894	0.015806438922440342
330.99999999999994	0.	1.6208338993504005e-9	0.0729252137126271	0.015803636724159097
332.	0.	1.5110990769318344e-9	0.07271842454227577	0.01580144770326358
332.99999999999994	0.	1.408813479481677e-9	0.07251449841395549	0.015799776217158355
334.	0.	1.3134630388721376e-9	0.07231299205834024	0.01579852973773462
335.	0.	1.2245698214375856e-9	0.07211348093128345	0.01579761881879569
336.	0.	1.1416901848851033e-9	0.07191555884462475	0.015796957062294753
337.	0.	1.0644121175665295e-9	0.07171883759554692	0.015796461083417458
338.	0.	9.923521493137146e-10	0.07152294659516456	0.015796050474642605
339.	0.	9.251548178639884e-10	0.07132753249626488	0.015795647768748335
339.99999999999994	0.	8.624882904084508e-10	0.07113225882093491	0.015795178400911956
341.	0.	8.040455484650869e-10	0.07093680558802463	0.015794570669879902
341.99999999999994	0.	7.49539982001453e-10	0.07074086894089779	0.015793755698296153
343.	0.	6.987048348439547e-10	0.07054416077587093	0.015792667392268242
343.99999999999994	0.	6.512922249055648e-10	0.07034640837144075	0.01579124240018388
345.	0.	6.070708361219895e-10	0.07014735401853685	0.0157894200708234
346.	0.	5.658262311222785e-10	0.06994675465233881	0.015787142410881392
347.	0.	5.273576215003958e-10	0.0697443814855312	0.015784354041863687
348.	0.	4.914781478492454e-10	0.06954001964358654	0.015781002156487717
349.	0.	4.5801382915567473e-10	0.06933346780197004	0.015777036474558144
350.	0.	4.26803396940888e-10	0.06912453782585211	0.01577240919844796
350.99999999999994	0.	3.976949524902216e-10	0.0689130544121084	0.01576707496813299
352.	0.	3.7054755789456536e-10	0.06869885473424481	0.015760990815923748
352.99999999999994	0.	3.4523012483703037e-10	0.06848178809012101	0.015754116120866316
354.	0.	3.216202762187691e-10	0.06826171555274645	0.01574641256287488
355.	0.	2.9960364163352456e-10	0.06803850962444707	0.015737844076666934
356.	0.	2.790731354852676e-10	0.06781205389434364	0.015728376805489264
357.	0.	2.59930080564582e-10	0.06758224269947687	0.015717979054715926
358.	0.	2.4208114799449586e-10	0.06734898078963472	0.015706621245334538
359.	0.	2.2543944756705477e-10	0.06711218299604246	0.01569427586736325
359.99999999999994	0.	2.099251717276002e-10	0.06687177390408032	0.015680917433242313
361.	0.	1.9546199148745356e-10	0.06662768753013355	0.015666522431230515
361.99999999999994	0.	1.8198001796643544e-10	0.06637986700251781	0.0156510692788004
363.	0.	1.69413106478779e-10	0.06612826424705089	0.015634538276173216
363.99999999999994	0.	1.577008833820165e-10	0.06587283967673593	0.015616911559876693
365.	0.	1.4678456921845186e-10	0.06561356188620705	0.015598173056486897
366.	0.	1.3661235085565114e-10	0.06535040735070433	0.015578308436509149
367.	0.	1.2713325405882082e-10	0.06508336012972085	0.015557305068441205
368.	0.	1.1830059295321184e-10	0.06481241157549188	0.015535151973069693
368.99999999999994	0.	1.1007207906997602e-10	0.06453756004624767	0.015511839777991764
370.	0.	1.0240601925061173e-10	0.0642588106244292	0.015487360672421182
370.99999999999994	0.	9.526478909819755e-11	0.06397617483974007	0.015461708362259954
372.	0.	8.86134540280824e-11	0.06368967039731739	0.015434878025515837
372.99999999999994	0.	8.241836082902492e-11	0.06339932091085879	0.015406866268039105
374.	0.	7.664916360685342e-11	0.06310515564081544	0.015377671079618169
375.	0.	7.127691515828353e-11	0.0628072092376931	0.015347291790457232
376.	0.	6.627510683906765e-11	0.06250552149047647	0.015315729028053867
377.	0.	6.161773144775224e-11	0.06220013708023377	0.015282984674504287
378.	0.	5.728281276607496e-11	0.06189110533875125	0.015249061824213709
379.	0.	5.324696543440484e-11	0.06157848001248495	0.015213964742096865
379.99999999999994	0.	4.9490924471663806e-11	0.061262319031560916	0.015177698822217964
381.	0.	4.5995585380537106e-11	0.060942684283997524	0.015140270546927138
381.99999999999994	0.	4.274252805558235e-11	0.06061964139509971	0.015101687446497366
383.	0.	3.971606519339099e-11	0.06029325951191984	0.015061958059250216
384.	0.	3.690024581740231e-11	0.05996361109301166	0.015021091892243486
385.	0.	3.428039091188553e-11	0.059630771703142516	0.014979099382452286
386.	0.	3.184362931955244e-11	0.05929481981326925	0.014935991858536819
387.	0.	2.957739802599217e-11	0.05895583660543854	0.014891781503127486
388.	0.	2.7469456619201434e-11	0.058613905782898594	0.014846481315715638
388.99999999999994	0.	2.550943678360762e-11	0.058269113385076815	0.01480010507608001
390.	0.	2.3686818160541904e-11	0.057921547607730064	0.014752667308342335
390.99999999999994	0.	2.1992476823914727e-11	0.057571298627844256	0.014704183245561641
392.	0.	2.041716249873469e-11	0.057218458433658075	0.014654668794978995
392.99999999999994	0.	1.8953050598014996e-11	0.05686312065938784	0.01460414050382205
394.	0.	1.7592728711202548e-11	0.05650538042491165	0.014552615525751544
395.	0.	1.6327657496460502e-11	0.05614533418014525	0.014500111587898507
396.	0.	1.5152822142939215e-11	0.05578307955422463	0.014446646958537885
397.	0.	1.4061067678927065e-11	0.05541871520930881	0.01439224041536805
397.99999999999994	0.	1.3046200173731881e-11	0.05505234069908742	0.014336911214433971
399.	0.	1.2104034176961457e-11	0.05468405633181208	0.014280679059664741
399.99999999999994	0.	1.1228774784688422e-11	0.05431396303785173	0.014223564073041503
401.	0.	1.0415611296481222e-11	0.053942162241742676	0.01416558676540503
401.99999999999994	0.	9.660725590117393e-12	0.053568755738597824	0.014106768007884296
403.	0.	8.95973950513245e-12	0.053193845574918304	0.01404712900397353
404.	0.	8.308757022180649e-12	0.05281753393360964	0.013986691262222609
405.	0.	7.704369074092519e-12	0.05243992302327851	0.013925476569576625
406.	0.	7.1436577831711985e-12	0.05206111497165406	0.013863506965340165
407.	0.	6.622637448541528e-12	0.05168121172304701	0.01380080471575904
408.	0.	6.1393817131590956e-12	0.05130031493993757	0.01373739228925987
408.99999999999994	0.	5.690901942711524e-12	0.050918525908413455	0.013673292332289148
410.	0.	5.2747117835834465e-12	0.05053594544751555	0.013608527645782648
410.99999999999994	0.	4.8888296720472e-12	0.05015267382242813	0.013543121162264362
412.	0.	4.530217027896325e-12	0.0497688106613616	0.013477095923548916
412.99999999999994	0.	4.19790749177688e-12	0.049384454876161415	0.01341047505907249
414.	0.	3.889880900820354e-12	0.04899970458647328	0.013343281764821305
415.	0.	3.604107263217881e-12	0.04861465704745552	0.013275539282869673
416.	0.	3.338548276380179e-12	0.04822940858094877	0.01320727088151882
417.	0.	3.0927210625990165e-12	0.04784405451005698	0.01313849983603789
417.99999999999994	0.	2.8645733446163803e-12	0.04745868909699233	0.013069249409981963
419.	0.	2.6530889821816764e-12	0.04707340548425019	0.012999542837118681
419.99999999999994	0.	2.4572466503922516e-12	0.04668829563881681	0.012929403303896707
421.	0.	2.2755008478490923e-12	0.04630345029965803	0.012858853932537485
421.99999999999994	0.	2.1073425712305073e-12	0.04591895892807506	0.01278791776465035
423.	0.	1.9512204888973937e-12	0.045534909661127373	0.01271661774543944
424.	0.	1.8066199808242456e-12	0.045151389267876714	0.012644976708447279
425.	0.	1.6725051538430912e-12	0.044768483108501435	0.012573017360862249
426.	0.	1.5483571273697495e-12	0.04438627509610893	0.012500762269354197
426.99999999999994	0.	1.433137604846647e-12	0.04400484766123754	0.012428233846448677
428.	0.	1.3263254861835468e-12	0.04362428171899287	0.012355454337436518
428.99999999999994	0.	1.227914895462933e-12	0.04324465663868801	0.0122824458077946
430.	0.	1.1363495273681018e-12	0.04286605021595512	0.012209230131120116
430.99999999999994	0.	1.0516227858322598e-12	0.04248853864726738	0.012135828977572923
432.	0.	9.732110695432604e-13	0.042112196506789025	0.01206226380281448
432.99999999999994	0.	9.005909750999043e-13	0.04173709672550661	0.011988555837440925
434.	0.	8.332396045585411e-13	0.04136331057249615	0.01191472607687979
435.	0.	7.706348615060338e-13	0.04099090763842012	0.01184079527178859
436.	0.	7.132798270090833e-13	0.04061995582101834	0.011766783918897636
437.	0.	6.596279316330761e-13	0.04025052131261231	0.011692712252313385
437.99999999999994	0.	6.101822442910109e-13	0.03988266858956989	0.011618600235276994
439.	0.	5.644220007127431e-13	0.03951646040365742	0.011544467552366855
439.99999999999994	0.	5.223374146825622e-13	0.039151957775146524	0.011470333602116628
441.	0.	4.829010433358567e-13	0.038789219987762705	0.011396217490082895
441.99999999999994	0.	4.466134251117286e-13	0.038428304585248894	0.011322138022306319
443.	0.	4.129577034627863e-13	0.03806926736959588	0.011248113699189701
444.	0.	3.8192543088374943e-13	0.037712162400865355	0.011174162709780413
445.	0.	3.5300249032356394e-13	0.037357041998493136	0.011100302926432572
446.	0.	3.2668589210486075e-13	0.03700395674408398	0.01102655189986049
446.99999999999994	0.	3.0195882547031664e-13	0.036652955485592956	0.01095292685456057
448.	0.	2.793181815161875e-13	0.03630408534288478	0.010879444684607017
448.99999999999994	0.	2.5825392397196654e-13	0.03595739171454928	0.01080612194979255
450.	0.	2.387598123796914e-13	0.03561291828597832	0.010732974872123359
450.99999999999994	0.	2.2082927738067242e-13	0.0352707070386587	0.010660019332661728
452.	0.	2.0395676911370395e-13	0.03493079826056309	0.010587270868688183
453.	0.	1.8863569742066648e-13	0.03459323055767215	0.010514744671199637
454.	0.	1.74361898955341e-13	0.03425804086650066	0.010442455582711936
455.	0.	1.6113063009042526e-13	0.03392526446763415	0.010370418095375134
455.99999999999994	0.	1.4893696666424426e-13	0.03359493500022912	0.010298646349393112
457.	0.	1.377758174408162e-13	0.03326708447737632	0.01022715413172354
457.99999999999994	0.	1.271491115065675e-13	0.03294174330235115	0.010155954875070441
459.	0.	1.1754629071690595e-13	0.03261894028564601	0.01008506165714353
459.99999999999994	0.	1.0847104091435004e-13	0.03229870266280494	0.010014487200195188
461.	0.	1.0041059273957673e-13	0.03198105611294268	0.009944243870804666
461.99999999999994	0.	9.287045310018147e-14	0.031666024777981264	0.009874343679923916
463.	0.	8.584788723402602e-14	0.03135363128252192	0.009804798283165139
464.	0.	7.934009984692653e-14	0.031043896754290794	0.009735618981314942
465.	0.	7.334424168102124e-14	0.030736840845196494	0.00966681672109166
466.	0.	6.785741602374957e-14	0.03043248175289745	0.009598402096117961
466.99999999999994	0.	6.239301834312121e-14	0.030130836242846844	0.009530385348103115
468.	0.	5.791643970851086e-14	0.02983191967081186	0.009462776368237058
468.99999999999994	0.	5.345837600661627e-14	0.029535746005801177	0.009395584698779769
470.	0.	4.949947004635847e-14	0.029242327853411233	0.009328819534852484
470.99999999999994	0.	4.555713076499799e-14	0.02895167647947046	0.0092624897263958
472.	0.	4.210990651022146e-14	0.028663801834082823	0.009196603780330137
473.	0.	3.8677233391765534e-14	0.02837871257588381	0.009131169862862087
474.	0.	3.573558286356223e-14	0.02809641609664215	0.009066195801981832
475.	0.	3.328187861858681e-14	0.02781691854601444	0.009001689090092727
475.99999999999994	0.	3.08386109243868e-14	0.02754022485657097	0.00893765688681374
477.	0.	2.840575534841936e-14	0.02726633876896585	0.00887410602191591
477.99999999999994	0.	2.598327623186987e-14	0.02699526285726637	0.008811042998399963
479.	0.	2.404254941436801e-14	0.026726998554411175	0.008748473995707592
479.99999999999994	0.	2.25805330539472e-14	0.026461546177772015	0.008686404873059876
481.	0.	2.0655334281102106e-14	0.026198904954787307	0.008624841172914332
481.99999999999994	0.	1.920677667960112e-14	0.025939073048657682	0.008563788124539104
483.	0.	1.7764388966313222e-14	0.02568204758406599	0.00850325064769356
484.	0.	1.6328121435958254e-14	0.025427824672915825	0.008443233356414656
484.99999999999994	0.	1.4897918313865222e-14	0.025176399440057066	0.008383740562900078
486.	0.	1.3938328844249212e-14	0.024927766048975796	0.008324776281481774
486.99999999999994	0.	1.2982795120195953e-14	0.024681917727449366	0.008266344232691082
488.	0.	1.2031273106015178e-14	0.024438846793122204	0.008208447847401795
488.99999999999994	0.	1.1083714969253779e-14	0.02419854467899795	0.00815109027105029
490.	0.	1.0140069169147592e-14	0.02396100195883132	0.008094274367928193
491.	0.	9.200280546116827e-15	0.023726208372402982	0.008038002725541912
491.99999999999994	0.	8.723417657347253e-15	0.023494152850652258	0.007982277659031893
492.99999999999994	0.	7.790288932679752e-15	0.02326482354067311	0.007927101215653069
494.	0.	7.318232876815952e-15	0.023038207830536638	0.007872475179304722
495.	0.	6.848091330677729e-15	0.02281429237393698	0.007818401075108942
496.	0.	6.379831716084204e-15	0.02259306311464617	0.007764880174032334
496.99999999999994	0.	5.913419837336989e-15	0.022374505310777008	0.007711913497551376
497.99999999999994	0.	5.448819928227144e-15	0.022158603558812502	0.007659501822346543
499.	0.	4.98599469931548e-15	0.021945341817427088	0.007607645685033932
500.	0.	4.524905385441936e-15	0.02173470343105528	0.007556345386918786
500.99999999999994	0.	4.065511793437616e-15	0.02152667115322894	0.007505600998777821
501.99999999999994	0.	4.058743893748783e-15	0.021321227169644207	0.007455412365656674
503.	0.	3.601879028225233e-15	0.021118353120979816	0.007405779111689203
504.	0.	3.146596836930298e-15	0.020918030125415765	0.007356700644920282
505.	0.	3.1416608788125708e-15	0.020720238800898422	0.007308176162147941
505.99999999999994	0.	2.6887184731894927e-15	0.020524959287103746	0.007260204653766839
506.99999999999994	0.	2.6846834850682627e-15	0.020332171267088958	0.00721278490860872
508.	0.	2.2339573063768244e-15	0.02014185398868437	0.0071659155187978356
509.	0.	2.23076317786247e-15	0.019953986285517058	0.007119594884581674
509.99999999999994	0.	2.227655047777989e-15	0.019768546597775497	0.007073821219174542
510.99999999999994	0.	1.7797072512090445e-15	0.01958551299262216	0.007028592553580716
512.	0.	1.777361061358623e-15	0.01940486318429246	0.006983906741408729
513.	0.	1.7750863106925054e-15	0.019226574553867	0.006939761463671849
514.	0.	1.32966285245433e-15	0.019050624168700177	0.006896154233566947
514.9999999999999	0.	1.3280657290080051e-15	0.018876988801531363	0.006853082401240383
516.	0.	1.3265239091188915e-15	0.018705644949236138	0.0068105431585239115
517.	0.	1.3250379111075955e-15	0.018536568851255396	0.006768533543653104
518.	0.	1.3236082253137585e-15	0.018369736507669446	0.006727050445955363
518.9999999999999	0.	8.814902094950142e-16	0.018205123696926704	0.006686090610509019
520.	0.	8.806130751465811e-16	0.018042705993218975	0.006645650642769498
521.	0.	8.797743520389809e-16	0.01788245878352653	0.006605727013169743
522.	0.	8.789742934871739e-16	0.01772435728429259	0.006566316061678177
523.	0.	8.78213134700684e-16	0.01756837655775161	0.006527414002321952
524.	0.	8.774910929112262e-16	0.01741449152792058	0.006489016927677277
525.	0.	4.384041837520989e-16	0.017262676996207753	0.006451120813308298
526.	0.	4.3808257007852986e-16	0.017112907656703265	0.00641372152217683
527.	0.	4.3778078749093105e-16	0.016965158111099606	0.006376814809002103
527.9999999999999	0.	4.37498909336205e-16	0.01681940288325624	0.0063403963245740455
529.	0.	4.3723700032862873e-16	0.016675616433434973	0.006304461620028539
530.	0.	4.369951166279841e-16	0.016533773172161075	0.00626900615106576
531.	0.	4.3677330592041637e-16	0.01639384747375546	0.0062340252821274575
532.	0.	4.3657160750122625e-16	0.01625581368951317	0.006199514290521577
533.	0.	4.3639005235970914e-16	0.016119646160535957	0.006165468370495854
534.	0.	4.362286632660741e-16	0.015985319230225652	0.006131882637260838
535.	0.	4.3608745486009775e-16	0.01585280725642964	0.006098752130957659
536.	0.	4.3596643374198223e-16	0.015722084623261752	0.006066071820577195
536.9999999999999	0.	4.35865598564454e-16	0.01559312575256669	0.006033836607817216
538.	0.	4.3578494012717996e-16	0.015465905115074311	0.0060020413308928865
539.	0.	0.	0.015340397241200471	0.00597068076828289
540.	0.	0.	0.015216576731537012	0.005939749642425051
540.9999999999999	0.	0.	0.015094418267006075	0.00590924262335067
542.	0.	0.	0.014973896618698237	0.005879154332263127
543.	0.	0.	0.01485498665739143	0.005849479345057566
544.	0.	0.	0.014737663362753142	0.005820212195781306
545.	0.	0.	0.014621901832228881	0.005791347380033893
545.9999999999999	0.	0.	0.014507677289629727	0.005762879358310393
547.	0.	0.	0.01439496509340685	0.005734802559280997
548.	0.	0.	0.01428374074463184	0.005707111383013043
549.	0.	0.	0.014173979894678921	0.005679800204131961
549.9999999999999	0.	0.	0.014065658352611558	0.005652863374919888
551.	0.	0.	0.01395875209228514	0.005626295228355751
552.	0.	0.	0.01385323725915916	0.005600090081091809
553.	0.	0.	0.013749090176836119	0.005574242236371784
554.	0.	0.	0.013646287353319068	0.005548745986886074
554.9999999999999	0.	0.	0.013544805486997184	0.005523595617565624
556.	0.	0.	0.013444621472369892	0.005498785408317303
557.	0.	0.	0.013345712405498455	0.005474309636694464
558.	0.	0.	0.013248055589207277	0.005450162580510026
558.9999999999999	0.	0.	0.013151628538026467	0.00542633852038722
560.	0.	0.	0.013056408982884647	0.0054028317422495035
561.	0.	0.	0.012962374875559518	0.005379636539751663
562.	0.	0.	0.012869504392884853	0.0053567472166495735
563.	0.	0.	0.012777775940717667	0.005334158089108608
563.9999999999999	0.	0.	0.012687168157685336	0.0053118634879573655
565.	0.	0.	0.012597659918693582	0.005289857760877192
566.	0.	0.	0.012509230338218078	0.005268135274535404
567.	0.	0.	0.012421858773373862	0.005246690416658162
567.9999999999999	0.	0.	0.012335524826776864	0.005225517598047665
569.	0.	0.	0.012250208349194016	0.005204611254540384
570.	0.	0.	0.01216588944198571	0.0051839658489068316
571.	0.	0.	0.012082548459353205	0.005163575872696313
572.	0.	0.	0.012000166010389248	0.005143435848024678
572.9999999999999	0.	0.	0.011918722960936382	0.00512354032930571
574.	0.	0.	0.01183820043526111	0.005103883904927785
575.	0.	0.	0.011758579817549712	0.005084461198877419
576.	0.	0.	0.011679842753211954	0.005065266872302006
576.9999999999999	0.	0.	0.011601971150032746	0.0050462956250278326
578.	0.	0.	0.011524947179142157	0.005027542197019421
579.	0.	0.	0.011448753275824316	0.0050090013697872615
580.	0.	0.	0.011373372140161988	0.004990667967742023
581.	0.	0.	0.011298786737538608	0.00497253685950275
582.	0.	0.	0.011224980298973963	0.0049546029591477974
583.	0.	0.	0.011151936321321233	0.004936861227419503
584.	0.	0.	0.011079638567322914	0.004919306672879838
585.	0.	0.	0.01100807106552023	0.004901934353014166
585.9999999999999	0.	0.	0.010937218110032522	0.0048847393752885545
587.	0.	0.	0.010867064260213648	0.004867716898163123
588.	0.	0.	0.01079759434016386	0.004850862132050715
589.	0.	0.	0.010728793438135799	0.0048341703402366544
589.9999999999999	0.	0.	0.010660646905815396	0.0048176368397502296
591.	0.	0.	0.01059314035748756	0.004801257002191535
592.	0.	0.	0.010526259669093443	0.004785026254515069
593.	0.	0.	0.010459990977174836	0.004768940079767694
594.	0.	0.	0.010394320677724325	0.004752994017787997
594.9999999999999	0.	0.	0.010329235424927847	0.0047371836658604855
596.	0.	0.	0.010264722129814774	0.004721504679329953
597.	0.	0.	0.010200767958815242	0.004705952772175619
598.	0.	0.	0.01013736033222783	0.004690523717545118
598.9999999999999	0.	0.	0.010074486922597976	0.004675213348247935
600.	0.	0.	0.01001213565302577	0.004660017557215868
601.	0.	0.	0.00995029469537871	0.004644932297918544
602.	0.	0.	0.00988895246844381	0.004629953584748901
603.	0.	0.	0.009828097635995705	0.004615077493367478
603.9999999999999	0.	0.	0.009767719104802492	0.004600300161014127
605.	0.	0.	0.009707806022566795	0.004585617786786088
606.	0.	0.	0.009648347775795724	0.004571026631878253
607.	0.	0.	0.009589333987618878	0.004556523019793817
607.9999999999999	0.	0.	0.00953075451554648	0.004542103336521365
609.	0.	0.	0.009472599449172099	0.004527764030679567
610.	0.	0.	0.00941485910782557	0.004513501613631388
611.	0.	0.	0.009357524038176844	0.0044993126595679915
612.	0.	0.	0.009300585011796897	0.004485193805564041
612.9999999999999	0.	0.	0.009244033022667074	0.004471141751600487
614.	0.	0.	0.009187859284660578	0.004457153260564757
615.	0.	0.	0.009132055228973823	0.004443225158218039
616.	0.	0.	0.009076612501530527	0.004429354333139297
616.9999999999999	0.	0.	0.00902152296034838	0.00441553773664139
618.	0.	0.	0.008966778672876605	0.00440177238266211
619.	0.	0.	0.00891237191330699	0.004388055347631744
620.	0.	0.	0.008858295159853362	0.004374383770313445
621.	0.	0.	0.008804541092014154	0.00436075485162383
621.9999999999999	0.	0.	0.008751102587808488	0.004347165854428271
623.	0.	0.	0.008697972720993154	0.004333614103314366
624.	0.	0.	0.008645144758265604	0.0043200969843455944
625.	0.	0.	0.008592612156445818	0.004306611944791351
625.9999999999999	0.	0.	0.008540368559650836	0.004293156492840018
627.	0.	0.	0.008488407796450976	0.0042797281972888
628.	0.	0.	0.00843672387702307	0.004266324687218326
629.	0.	0.	0.008385310990290185	0.004252943651646008
629.9999999999999	0.	0.	0.008334163501058573	0.00423958283916327
630.9999999999999	0.	0.	0.008283275947146146	0.004226240057553976
632.	0.	0.	0.008232643036514827	0.004212913173399461
633.	0.	0.	0.008182259644393269	0.004199600111663421
634.	0.	0.	0.008132120810405503	0.004186298855264465
634.9999999999999	0.	0.	0.008082221735700579	0.004173007444633234
636.	0.	0.	0.00803255778008298	0.004159723977254154
637.	0.	0.	0.007983124459148921	0.0041464466071942045
638.	0.	0.	0.007933917441430563	0.004133173544619301
638.9999999999999	0.	0.	0.007884932545543963	0.004119903055296336
640.	0.	0.	0.007836165737348109	0.004106633460084545
641.	0.	0.	0.007787613127112823	0.004093363134414579
642.	0.	0.	0.007739270966697866	0.004080090507756882
643.	0.	0.	0.007691135646743534	0.004066814063078815
643.9999999999999	0.	0.	0.007643203693875849	0.004053532336292893
645.	0.	0.	0.00759547176792398	0.004040243915694072
646.	0.	0.	0.007547936659155365	0.004026947441389094
647.	0.	0.	0.007500595285525253	0.004013641604716631
647.9999999999999	0.	0.	0.007453444689944199	0.004000325147659116
649.	0.	0.	0.007406482037563402	0.0039869968622473625
650.	0.	0.	0.007359704613080133	0.00397365558995772
651.	0.	0.	0.007313109818060303	0.0039603002211016265
652.	0.	0.	0.007266695168285918	0.003946929694210849
652.9999999999999	0.	0.	0.007220458291119027	0.00393354299541388
654.	0.	0.	0.0071743969228917565	0.003920139157809285
655.	0.	0.	0.00712850890631777	0.003906717260832998
656.	0.	0.	0.007082792187926486	0.0038932764296203434
656.9999999999999	0.	0.	0.007037244815521374	0.0038798158343640214
658.	0.	0.	0.006991864935664384	0.003866334689668729
659.	0.	0.	0.006946650791184882	0.0038528322539015665
660.	0.	0.	0.006901600718713731	0.0038393078285394048
661.	0.	0.	0.006856713146243974	0.0038257607575129782
661.9999999999999	0.	0.	0.006811986590718419	0.003812190426549014
663.	0.	0.	0.006767419655645174	0.0037985962625102414
664.	0.	0.	0.0067230110287396765	0.0037849777327331655
665.	0.	0.	0.006678759479594435	0.0037713343443641053
665.9999999999999	0.	0.	0.0066346638573781805	0.0037576656436946105
667.	0.	0.	0.006590723088563088	0.003743971215495675
668.	0.	0.	0.0065469361746821565	0.0037302506823519263
669.	0.	0.	0.006503302190112944	0.003716503703994022
670.	0.	0.	0.006459820279894159	0.0037027299766328775
670.9999999999999	0.	0.	0.006416489657570473	0.0036889292322933114
672.	0.	0.	0.006373309603067118	0.0036751012381479597
673.	0.	0.	0.006330279460594624	0.003661245795852236
674.	0.	0.	0.006287398636585441	0.0036473627408812777
674.9999999999999	0.	0.	0.006244666597658687	0.0036334519418665004
676.	0.	0.	0.006202082868617174	0.003619513299935188
677.	0.	0.	0.006159647030474754	0.0036055467480512393
678.	0.	0.	0.006117358718514207	0.0035915522503581405
678.9999999999999	0.	0.	0.0060752176203765045	0.003577529801524219
679.9999999999999	0.	0.	0.006033223474180014	0.003563479426090103
681.	0.	0.	0.005991376066672462	0.0035494011778196585
682.	0.	0.	0.005949675231411426	0.0035352951390525502
683.	0.	0.	0.005908120846977784	0.003521161420061094
683.9999999999999	0.	0.	0.0058667128352204775	0.0035070001584104676
685.	0.	0.	0.005825451159528811	0.0034928115183206583
686.	0.	0.	0.005784335823140305	0.0034785956900345184
687.	0.	0.	0.005743366867475755	0.0034643528891878366
687.9999999999999	0.	0.	0.005702544370506819	0.0034500833561841608
688.9999999999999	0.	0.	0.005661868445153728	0.003435787355573824
690.	0.	0.	0.005621339237713291	0.0034214651754367726
691.	0.	0.	0.005580956926318128	0.0034071171267705904
692.	0.	0.	0.005540721719425003	0.003392743542882446
692.9999999999999	0.	0.	0.00550063385433476	0.003378344778786266
694.	0.	0.	0.005460693595740531	0.0033639212106044802
695.	0.	0.	0.0054209012343080926	0.0033494732349752306
696.	0.	0.	0.0053812570852829165	0.0033350012684637506
696.9999999999999	0.	0.	0.005341761487129809	0.0033205057469802776
698.	0.	0.	0.005302414800199123	0.003305987125202146
699.	0.	0.	0.005263217405424253	0.0032914458760022517
700.	0.	0.	0.005224169703046745	0.003276882489882444
701.	0.	0.	0.005185272111369983	0.0032622974744127634
701.9999999999999	0.	0.	0.00514652506554219	0.0032476913536766384
703.	0.	0.	0.00510792901636698	0.003233064667721699
704.	0.	0.	0.005069484429141997	0.0032184179720163805
705.	0.	0.	0.005031191782524785	0.0032037518369127356
705.9999999999999	0.	0.	0.004993051567427731	0.0031890668471155795
707.	0.	0.	0.004955064285938024	0.003174363601156976
708.	0.	0.	0.004917230450265889	0.0031596427108776257
709.	0.	0.	0.0048795505817194225	0.003144904800914395
710.	0.	0.	0.0048420252097049815	0.003130150508193628
710.9999999999999	0.	0.	0.00480465487075456	0.003115380481431601
712.	0.	0.	0.004767440107578412	0.0031005953806408676
713.	0.	0.	0.0047303814681437	0.0030857958766431865
714.	0.	0.	0.004693479504777415	0.0030709826505889207
714.9999999999999	0.	0.	0.004656734773295332	0.003056156393483131
716.	0.	0.	0.004620147832154229	0.003041317805717677
717.	0.	0.	0.004583719241630263	0.003026467596610909
718.	0.	0.	0.004547449563019303	0.0030116064839529845
719.	0.	0.	0.004511339357862607	0.0029967351935583633
719.9999999999999	0.	0.	0.0044753891871940465	0.0029818544588245117
721.	0.	0.	0.004439599610813073	0.0029669650202982997
722.	0.	0.	0.0044039711865769176	0.002952067625247393
723.	0.	0.	0.004368504469718401	0.0029371630272400835
723.9999999999999	0.	0.	0.004333200012183718	0.0029222519857306133
725.	0.	0.	0.004298058361993141	0.002907335265651825
726.	0.	0.	0.004263080062622219	0.002892413637014119
727.	0.	0.	0.004228265652405035	0.002877487874511591
727.9999999999999	0.	0.	0.00419361566395717	0.002862558757134048
728.9999999999999	0.	0.	0.004159130623620269	0.00284762706778695
730.	0.	0.	0.004124811050925895	0.0028326935929167546
731.	0.	0.	0.004090657458079033	0.0028177591221435804
732.	0.	0.	0.00405667034946217	0.002802824447900626
732.9999999999999	0.	0.	0.00402285022115706	0.0027878903650799176
734.	0.	0.	0.003989197560486282	0.0027729576706846133
735.	0.	0.	0.003955712845573256	0.0027580271634883415
736.	0.	0.	0.003922396544919531	0.0027430996437006003
736.9999999999999	0.	0.	0.00388924911700085	0.002728175912638918
737.9999999999999	0.	0.	0.0038562710098805466	0.0027132567724077864
739.	0.	0.	0.0038234626608395278	0.002698343025583479
740.	0.	0.	0.003790824496023725	0.0026834354749057853
741.	0.	0.	0.0037583569301079594	0.0026685349229761727
741.9999999999999	0.	0.	0.0037260603659757417	0.0026536421719620417
743.	0.	0.	0.003693935194415373	0.0026387580233076047
744.	0.	0.	0.003661981793831285	0.0026238832774507694
745.	0.	0.	0.0036302005299710376	0.0026090187335467627
745.9999999999999	0.	0.	0.003598591755666335	0.0025941651891973365
746.9999999999999	0.	0.	0.0035671558105904015	0.0025793234401868693
748.	0.	0.	0.0035358930210278613	0.002564494280224068
749.	0.	0.	0.003504803699659871	0.0025496785006899865
750.	0.	0.	0.00347388814536236	0.0025348768903919595
750.9999999999999	0.	0.	0.003443146643018071	0.002520090235323865
752.	0.	0.	0.003412579463341535	0.002505319318431925
753.	0.	0.	0.0033821868627169063	0.002490564919386689
754.	0.	0.	0.0033519690830483917	0.002475827814360621
754.9999999999999	0.	0.	0.0033219263516230096	0.002461108775811899
756.	0.	0.	0.0032920588809846434	0.002446408572273258
757.	0.	0.	0.003262366868821301	0.002431727968147602
758.	0.	0.	0.0032328504978618652	0.0024170677235078038
759.	0.	0.	0.0032035099357853947	0.0024024285939035065
759.9999999999999	0.	0.	0.0031743453351408403	0.002387811330172654
761.	0.	0.	0.003145356833276808	0.0023732166782584425
762.	0.	0.	0.003116544552282343	0.0023586453790320795
763.	0.	0.	0.0030879085989377474	0.0023440981681207996
763.9999999999999	0.	0.	0.0030594490646742973	0.002329575775740703
765.	0.	0.	0.0030311660255442677	0.0023150789265355197
766.	0.	0.	0.003003059542200318	0.002300608339420033
767.	0.	0.	0.0029751296598830705	0.0022861647274288405
768.	0.	0.	0.002947376408418172	0.002271748797570087
768.9999999999999	0.	0.	0.002919799802221174	0.0022573612506841026
770.	0.	0.	0.002892399840311806	0.002243002781307228
771.	0.	0.	0.0028651765063346444	0.0022286740775400767
772.	0.	0.	0.0028381297685890106	0.00221437582092108
772.9999999999999	0.	0.	0.0028112595800655516	0.002200108686304296
774.	0.	0.	0.0027845658784902984	0.002185873341742224
775.	0.	0.	0.0027580485863760848	0.002171670448373102
776.	0.	0.	0.0027317076110803277	0.0021575006603126454
776.9999999999999	0.	0.	0.0027055428448700403	0.002143364624550497
777.9999999999999	0.	0.	0.002679554164992562	0.002129262980850845
779.	0.	0.	0.0026537414337530416	0.0021151963616575222
780.	0.	0.	0.0026281044985976996	0.0021011653920034582
781.	0.	0.	0.0026026431922028257	0.0020871706894240107
781.9999999999999	0.	0.	0.0025773573325693785	0.0020732128638750267
783.	0.	0.	0.0025522467231230204	0.00205929251765438
784.	0.	0.	0.002527311152819121	0.0020454102453279274
785.	0.	0.	0.0025025503962531554	0.0020315666336593874
785.9999999999999	0.	0.	0.0024779642137754514	0.002017762261543897
786.9999999999999	0.	0.	0.0024535523516106155	0.002003997699945699
788.	0.	0.	0.002429314541981794	0.001990273511839321
789.	0.	0.	0.002405250503238525	0.001976590252154712
790.	0.	0.	0.0023813599399892353	0.0019629484677257947
790.9999999999999	0.	0.	0.0023576425432370583	0.0019493486972427792
792.	0.	0.	0.002334097990519992	0.001935791471207903
793.	0.	0.	0.0023107259460540155	0.0019222773118945733
794.	0.	0.	0.0022875260608800894	0.0019088067333100753
794.9999999999999	0.	0.	0.0022644979730139674	0.0018953802411614605
795.9999999999999	0.	0.	0.0022416413075992325	0.001881998332824671
797.	0.	0.	0.0022189556770633484	0.001868661497317047
798.	0.	0.	0.0021964406812762455	0.0018553702152727654
799.	0.	0.	0.0021740959077117903	0.0018421249589215523
799.9999999999999	0.	0.	0.0021519209316114706	0.0018289261920703087
801.	0.	0.	0.002129915316150442	0.001815774370087672
802.	0.	0.	0.00210807861260588	0.001802669939891564
803.	0.	0.	0.00208641036052732	0.00178961333993952
803.9999999999999	0.	0.	0.002064910087908845	0.0017766050002218843
804.9999999999999	0.	0.	0.0020435773113628973	0.0017636453422575562
806.	0.	0.	0.00202241153629651	0.0017507347790926436
807.	0.	0.	0.0020014122570878633	0.0017378737153014364
808.	0.	0.	0.0019805789572652616	0.0017250625469902479
808.9999999999999	0.	0.	0.0019599111096868485	0.0017123016618034864
810.	0.	0.	0.0019394081767218994	0.0016995914389323187
811.	0.	0.	0.0019190696104327007	0.0016869322491255756
812.	0.	0.	0.0018988948527578285	0.0016743244547031907
812.9999999999999	0.	0.	0.0018788833356956681	0.0016617684095716991
814.	0.	0.	0.0018590344814898815	0.0016492644592420798
815.	0.	0.	0.001839347702813676	0.0016368129408496556
816.	0.	0.	0.0018198224029565523	0.0016244141831763146
816.9999999999999	0.	0.	0.0018004579760098802	0.0016120685066744376
817.9999999999999	0.	0.	0.0017812538070541455	0.0015997762234932372
819.	0.	0.	0.0017622092723451617	0.0015875376375066672
820.	0.	0.	0.0017433237395016055	0.0015753530443434673
821.	0.	0.	0.0017245965676919142	0.0015632227314190915
821.9999999999999	0.	0.	0.0017060271078215268	0.0015511469779691928
823.	0.	0.	0.001687614702719633	0.0015391260550850635
824.	0.	0.	0.0016693586873264595	0.0015271602257507506
825.	0.	0.	0.0016512583888794502	0.0015152497448817706
825.9999999999999	0.	0.	0.0016333131270998007	0.001503394859365474
826.9999999999999	0.	0.	0.0016155222143783023	0.00149159580810284
828.	0.	0.	0.0015978849559606773	0.0014798528220520025
829.	0.	0.	0.0015804006501326465	0.0014681661242730612
830.	0.	0.	0.001563068588404239	0.0014565359299744769
830.9999999999999	0.	0.	0.0015458880556930427	0.0014449624465604916
832.	0.	0.	0.0015288583305077398	0.0014334458736804296
833.	0.	0.	0.0015119786851298393	0.001421986403278722
834.	0.	0.	0.0014952483857950652	0.0014105842196466352
834.9999999999999	0.	0.	0.0014786666928737677	0.0013992394994748053
835.9999999999999	0.	0.	0.0014622328610504232	0.0013879524119073017
837.	0.	0.	0.001445946139501949	0.0013767231185964548
838.	0.	0.	0.0014298057720752585	0.0013655517737590573
839.	0.	0.	0.0014138109974635284	0.0013544385242334235
839.9999999999999	0.	0.	0.0013979610493812741	0.0013433835095374898
841.	0.	0.	0.0013822551567385193	0.001332386861927887
842.	0.	0.	0.0013666925438130914	0.0013214487064599125
843.	0.	0.	0.0013512724304226339	0.0013105691610484423
843.9999999999999	0.	0.	0.0013359940320943166	0.0012997483365295667
844.9999999999999	0.	0.	0.001320856560233887	0.0012889863367231387
846.	0.	0.	0.0013058592222929852	0.0012782832584960619
847.	0.	0.	0.0012910012219349701	0.001267639191826303
848.	0.	0.	0.0012762817591998872	0.0012570542198676307
848.9999999999999	0.	0.	0.0012617000306668874	0.0012465284190149595
850.	0.	0.	0.0012472552296164837	0.0012360618589704307
851.	0.	0.	0.0012329465461897804	0.0012256546028099708
852.	0.	0.	0.0012187731675474985	0.0012153067070505349
852.9999999999999	0.	0.	0.001204734278026536	0.0012050182217177778
853.9999999999999	0.	0.	0.0011908290592950882	0.0011947891904143186
855.	0.	0.	0.0011770566905063542	0.0011846196503884031
856.	0.	0.	0.0011634163484503198	0.0011745096326030808
857.	0.	0.	0.0011499072077040247	0.0011644591618057449
857.9999999999999	0.	0.	0.0011365284407801515	0.0011544682565980612
859.	0.	0.	0.00112327921827353	0.0011445369295062541
860.	0.	0.	0.0011101587090064852	0.0011346651870517285
861.	0.	0.	0.0010971660801718255	0.0011248530298220345
861.9999999999999	0.	0.	0.0010843004974747034	0.0011151004525419602
863.	0.	0.	0.0010715611252719948	0.0011054074441450687
864.	0.	0.	0.001058947126710497	0.0010957739878452873
865.	0.	0.	0.0010464576638630739	0.0010862000612087699
865.9999999999999	0.	0.	0.0010340918978627262	0.0010766856362259703
866.9999999999999	0.	0.	0.0010218489890353004	0.001067230679383684
868.	0.	0.	0.0010097280970302977	0.0010578351517374998
869.	0.	0.	0.0009977283809493042	0.0010484990089840386
870.	0.	0.	0.0009858489994734767	0.0010392222015334785
870.9999999999999	0.	0.	0.0009740891109882044	0.001030004674582091
872.	0.	0.	0.0009624478737067805	0.0010208463681847112
873.	0.	0.	0.0009509244457916455	0.0010117472173273687
874.	0.	0.	0.0009395179854741581	0.001002707151999791
874.9999999999999	0.	0.	0.0009282276511719816	0.000993726097267893
875.9999999999999	0.	0.	0.0009170526016051922	0.0009848039733463046
877.	0.	0.	0.0009059919959103132	0.000975940695670665
878.	0.	0.	0.000895044993752371	0.0009671361749700329
879.	0.	0.	0.0008842107554351478	0.0009583903173389576
879.9999999999999	0.	0.	0.0008734884420096181	0.0009497030243096687
881.	0.	0.	0.0008628772153805872	0.0009410741929238865
882.	0.	0.	0.0008523762384113307	0.0009325037158046538
883.	0.	0.	0.0008419846750266303	0.0009239914812278915
883.9999999999999	0.	0.	0.0008317016903135029	0.0009155373731937788
884.9999999999999	0.	0.	0.000821526450620828	0.0009071412714979665
886.	0.	0.	0.0008114581236562872	0.0008988030518024844
887.	0.	0.	0.0008014958785822067	0.0008905225857065057
888.	0.	0.	0.0007916388861091501	0.0008822997408167541
888.9999999999999	0.	0.	0.0007818863185878863	0.0008741343808177562
890.	0.	0.	0.0007722373500996316	0.0008660263655416749
891.	0.	0.	0.0007626911565440455	0.0008579755510379912
892.	0.	0.	0.0007532469157261279	0.0008499817896427782
892.9999999999999	0.	0.	0.0007439038074408556	0.0008420449300476731
893.9999999999999	0.	0.	0.0007346610135560922	0.0008341648173685322
895.	0.	0.	0.0007255177180940606	0.0008263412932137714
896.	0.	0.	0.000716473107310625	0.0008185741957522375
897.	0.	0.	0.0007075263697733173	0.0008108633597808658
897.9999999999999	0.	0.	0.000698676696437148	0.0008032086167918484
899.	0.	0.	0.000689923280719149	0.0007956097950393992
900.	0.	0.	0.0006812653185709549	0.0007880667196062679
901.	0.	0.	0.0006727020085498242	0.0007805792124696331
901.9999999999999	0.	0.	0.0006642325518878662	0.0007731470925667914
902.9999999999999	0.	0.	0.0006558561525597581	0.0007657701758602363
904.	0.	0.	0.0006475720173487324	0.0007584482754024248
905.	0.	0.	0.0006393793559109777	0.000751181201400049
906.	0.	0.	0.0006312773808383023	0.0007439687612778518
906.9999999999999	0.	0.	0.0006232653077194717	0.0007368107597420175
908.	0.	0.	0.0006153423551995298	0.00072970699884306
909.	0.	0.	0.0006075077450380585	0.0007226572780382426
910.	0.	0.	0.0005997607021653854	0.0007156613942535642
910.9999999999999	0.	0.	0.0005921004547377769	0.0007087191419451619
911.9999999999999	0.	0.	0.000584526234190389	0.0007018303131603205
913.	0.	0.	0.0005770372752894857	0.0006949946975979363
914.	0.	0.	0.0005696328161827529	0.0006882120826684728
914.9999999999999	0.	0.	0.00056231209844793	0.0006814822535533915
915.9999999999999	0.	0.	0.0005550743671405101	0.0006748049932641252
917.	0.	0.	0.0005479188708396286	0.0006681800827004756
918.	0.	0.	0.0005408448616925433	0.0006616073007085152
919.	0.	0.	0.0005338515954576987	0.0006550864241379416
919.9999999999999	0.	0.	0.0005269383315466726	0.0006486172278989078
921.	0.	0.	0.0005201043330643254	0.0006421994850183278
922.	0.	0.	0.0005133488668477421	0.0006358329666956069
923.	0.	0.	0.0005066712035040796	0.0006295174423578785
923.9999999999999	0.	0.	0.0005000706174466199	0.0006232526797146265
924.9999999999999	0.	0.	0.0004935463869297686	0.0006170384448118555
926.	0.	0.	0.00048709779408297226	0.0006108745020855991
927.	0.	0.	0.00048072412494279794	0.0006047606144149409
928.	0.	0.	0.00047442466948415484	0.0005986965431744608
928.9999999999999	0.	0.	0.00046819872165030854	0.0005926820482861356
930.	0.	0.	0.0004620455793812049	0.0005867168882706508
931.	0.	0.	0.0004559645446413895	0.00058080082029818
932.	0.	0.	0.0004499549234457108	0.0005749336002385505
932.9999999999999	0.	0.	0.00044401602588469314	0.0005691149827109423
933.9999999999999	0.	0.	0.0004381471661482848	0.0005633447211328858
935.	0.	0.	0.00043234766254870435	0.0005576225677688075
936.	0.	0.	0.0004266168375418827	0.0005519482737779648
937.	0.	0.	0.00042095401774814	0.0005463215892617752
937.9999999999999	0.	0.	0.000415358533971342	0.0005407422633106543
939.	0.	0.	0.0004098297212174758	0.0005352100440502223
940.	0.	0.	0.00040436691871167013	0.0005297246786869661
941.	0.	0.	0.00039896946991463693	0.0005242859135533163
941.9999999999999	0.	0.	0.00039363672253754395	0.0005188934941522002
942.9999999999999	0.	0.	0.0003883680285563665	0.0005135471652009672
944.	0.	0.	0.00038316274422514065	0.0005082466706747799
945.	0.	0.	0.00037802023008784614	0.0005029917538494365
946.	0.	0.	0.00037293985098988146	0.0004977821573436208
946.9999999999999	0.	0.	0.00036792097608820824	0.0004926176231606161
948.	0.	0.	0.00036296297886073854	0.0004874978927293762
949.	0.	0.	0.0003580652371147353	0.0004824227069451299
950.	0.	0.	0.0003532271329943506	0.000477391806209374
950.9999999999999	0.	0.	0.0003484480529871658	0.00047240493046930626
951.9999999999999	0.	0.	0.00034372738793008714	0.00046746181925671945
953.	0.	0.	0.00033906453301429034	0.0004625622117263143
954.	0.	0.	0.0003344588877891635	0.00045770584669349384
954.9999999999999	0.	0.	0.00032990985616553574	0.0004528924626715605
955.9999999999999	0.	0.	0.0003254168464184166	0.00044812179790841415
957.	0.	0.	0.0003209792711883516	0.000443393590422649
958.	0.	0.	0.0003165965474824716	0.00043870757803914
959.	0.	0.	0.0003122680966746204	0.00043406349842408775
959.9999999999999	0.	0.	0.0003079933445046095	0.00042946108911950546
960.9999999999999	0.	0.	0.00030377172107709163	0.00042490008757716354
962.	0.	0.	0.0002996026608593017	0.0004203802311920167
963.	0.	0.	0.0002954856026784452	0.0004159012573350954
963.9999999999999	0.	0.	0.0002914199897181163	0.0004114629033858581
964.9999999999999	0.	0.	0.00028740526951438506	0.00040706490676401376
966.	0.	0.	0.00028344089395070907	0.00040270700496083933
967.	0.	0.	0.0002795263192529005	0.0003983889355699555
968.	0.	0.	0.0002756610059827659	0.00039411043631758664
968.9999999999999	0.	0.	0.0002718444190316005	0.0003898712450923328
969.9999999999999	0.	0.	0.00026807602761291436	0.0003856710999743858
971.	0.	0.	0.00026435530525450036	0.0003815097392642708
972.	0.	0.	0.00026068172979017915	0.00037738690151107706
972.9999999999999	0.	0.	0.0002570547833506146	0.0003733023255401797
973.9999999999999	0.	0.	0.00025347395235388964	0.0003692557504804556
975.	0.	0.	0.00024993872749546524	0.0003652469157910327
976.	0.	0.	0.0002464486037374829	0.00036127556128752377
977.	0.	0.	0.00024300308029777997	0.00035734142716778027
977.9999999999999	0.	0.	0.00023960166063821401	0.00035344425403716263
979.	0.	0.	0.00023624385245265536	0.0003495837829333419
980.	0.	0.	0.00023292916765430024	0.00034575975535059507
980.9999999999999	0.	0.	0.0002296571223628268	0.00034197191326366965
982.	0.	0.	0.0002264272368908133	0.00033821999915114556
982.9999999999999	0.	0.	0.000223239035729851	0.0003345037560183526
983.9999999999999	0.	0.	0.00022009204753630857	0.00033082292741981665
985.	0.	0.	0.00021698580511651086	0.0003271772574812468
985.9999999999999	0.	0.	0.00021391984541165477	0.00032356649092110147
987.	0.	0.	0.0002108937094822231	0.0003199903730716476
988.	0.	0.	0.0002079069424920603	0.00031644864989962786
988.9999999999999	0.	0.	0.0002049590936922938	0.0003129410680264826
990.	0.	0.	0.0002020497164044951	0.000309467374748085
990.9999999999999	0.	0.	0.000199178368003703	0.00030602731805411056
992.	0.	0.	0.00019634460990126034	0.0003026206466469416
993.	0.	0.	0.00019354800752705156	0.0002992471099601441
993.9999999999999	0.	0.	0.0001907881303116306	0.00029590645817655786
995.	0.	0.	0.0001880645516678806	0.0002925984422459205
995.9999999999999	0.	0.	0.00018537684897248835	0.0002893228139021381
997.	0.	0.	0.00018272460354712818	0.0002860793256800994
998.	0.	0.	0.00018010740063931693	0.0002828677309321163
998.9999999999999	0.	0.	0.00017752482940303738	0.00027968778384395603
1000.	0.	0.	0.00017497648287913986	0.00027653923945047097