0.	0.	0.	0.	0.
1.	1.6313110091159903e-11	2.7495994300220957e-11	2.8502220393406884e-12	2.855132062978935e-13
2.	2.0466815700729302e-12	1.0409230901299147e-10	1.1192586713720394e-11	1.1231255517631891e-12
3.	1.1156712909140488e-13	2.2147976300842824e-10	2.471892021678534e-11	2.4847372777217245e-12
4.	4.111544893526875e-15	3.720480772096212e-10	4.312684875675726e-11	4.342648038223477e-12
5.	1.1958479156616757e-16	5.488736764839026e-10	6.612004566268578e-11	6.66958397268547e-12
6.	2.9583949771136615e-18	7.457007100195979e-10	9.34084540090436e-11	9.438722657017167e-12
7.	6.496481453059093e-20	9.5691669687576e-10	1.247084857360097e-10	1.2623716005955245e-11
8.	1.3013884746990743e-21	1.1775240235665958e-9	1.5974319823071133e-10	1.6198711198878998e-11
9.	2.4056166006214896e-23	1.4031083576210414e-9	1.9824244932129933e-10	2.0138369700802737e-11
10.	1.0808741981755629e-29	1.6298048939780052e-9	2.3994303162112946e-10	2.4417884449557158e-11
11.	1.7880118010365195e-31	1.8542632187803373e-9	2.845887871446561e-10	2.9012995279387233e-11
12.	2.8306413874972547e-33	2.0736114565722633e-9	3.3193070310000294e-10	3.390000265031877e-11
13.	4.3135118818100147e-35	2.285420261067319e-9	3.8172698974569523e-10	3.9055779751687733e-11
14.	6.356518178767995e-37	2.487667115549895e-9	4.337431411808034e-10	4.445778304719426e-11
14.999999999999998	9.09257764745444e-39	2.678701325654246e-9	4.877519799188529e-10	5.0084061327743294e-11
16.	1.2664488776483424e-40	2.857210013822728e-9	5.43533686076405e-10	5.591326333717399e-11
17.	1.7220854164441996e-42	3.022185360317586e-9	6.008758119872827e-10	6.192464403476839e-11
18.	2.29112126332091e-44	3.1728932794317496e-9	6.59573283033071e-10	6.809806955716802e-11
18.999999999999996	2.988057857675464e-46	3.3088436707462e-9	7.194283854598752e-10	7.44140209410288e-11
20.	3.82636273489301e-48	3.4297623431944574e-9	7.802507419303821e-10	8.08535966664052e-11
21.	4.817879126227922e-50	3.535564673647456e-9	8.418572755391739e-10	8.739851407949023e-11
22.	5.9722540528161424e-52	3.6263310311000783e-9	9.040721629979868e-10	9.403110975194479e-11
23.	7.296411728597037e-54	3.702283971745628e-9	9.667267776762765e-10	1.0073433883263549e-10
24.	8.794096985800006e-56	3.763767188733925e-9	1.0296596231611231e-9	1.0749177344617364e-10
24.999999999999996	1.046551005052676e-57	3.811226182731234e-9	1.092716257979141e-9	1.1428760019120118e-10
26.	1.230704958770107e-59	3.845190605087782e-9	1.1557492121018356e-9	1.2110661678992245e-10
27.	1.4311175808714932e-61	3.866258214060136e-9	1.2186178958346529e-9	1.2793422793892122e-10
28.	1.6466399913918944e-63	3.875080375758842e-9	1.2811885016689797e-9	1.3475644040984434e-10
29.	1.8757400544397509e-65	3.872349034957701e-9	1.3433338996555092e-9	1.4155985744707697e-10
29.999999999999996	2.1165262539256342e-67	3.858785076304158e-9	1.404933526836741e-9	1.4833167250807512e-10
31.	2.366782839410955e-69	3.835127993535679e-9	1.4658732712560437e-9	1.5505966239058047e-10
32.	2.6240148602889336e-71	3.802126782786784e-9	1.5260453510405232e-9	1.6173217978949338e-10
32.99999999999999	2.885501369263629e-73	3.760531975745813e-9	1.585348189035171e-9	1.6833814532476036e-10
34.	3.1483548325521935e-75	3.7110887290919916e-9	1.6436862834461954e-9	1.748670390802075e-10
35.	3.4095846383538095e-77	3.6545308881380527e-9	1.7009700749322657e-9	1.813088916918552e-10
36.	3.66616254560669e-79	3.5915759447671625e-9	1.7571158105635583e-9	1.8765427502286166e-10
37.	3.91508795604832e-81	3.522920812450207e-9	1.8120454050499823e-9	1.9389429246087312e-10
37.99999999999999	4.153451014483046e-83	3.449238344241459e-9	1.865686299621891e-9	2.0002056887221565e-10
39.	4.3784917325959707e-85	3.3711745230746683e-9	1.9179713189288076e-9	2.0602524024602593e-10
40.	4.587653576325305e-87	3.289346257328395e-9	1.9688385263044303e-9	2.1190094306012114e-10
41.	4.778630240592701e-89	3.204339718421725e-9	2.0182310777291975e-9	2.1764080339911825e-10
42.	4.949404642799115e-91	3.1167091610746285e-9	2.066097074805213e-9	2.232384258540509e-10
42.99999999999999	5.0982794832982755e-93	3.026976170765045e-9	2.1123894170422493e-9	2.2868788223150233e-10
44.	5.223899033735652e-95	2.9356292867914033e-9	2.157065653737838e-9	2.339837000990518e-10
44.99999999999999	5.325262110968369e-97	2.8431239531656546e-9	2.2000878357192327e-9	2.3912085119265456e-10
46.	5.401726465646916e-99	2.749882753287148e-9	2.2414223672002177e-9	2.4409473971040774e-10
47.	5.4530050529782954e-101	2.656295887956238e-9	2.28103985799131e-9	2.489011905160261e-10
48.	5.479154853389319e-103	2.5627218597583334e-9	2.3189149762879725e-9	2.535364372742425e-10
49.	5.480559069765411e-105	2.469488330169924e-9	2.3550263022479067e-9	2.5799711053926643e-10
49.99999999999999	5.45790364445554e-107	2.3768931188957555e-9	2.389356182555368e-9	2.6228022581638344e-10
51.	5.412149114073811e-109	2.2852053179348105e-9	2.421890586157793e-9	2.6638317161575373e-10
52.	5.344498855390369e-111	2.194666495686198e-9	2.45261896134772e-9	2.7030369751646644e-10
53.	5.256364774741304e-113	2.10549196904383e-9	2.4815340943511934e-9	2.7403990225793867e-10
54.	5.149331460637261e-115	2.017872123890607e-9	2.5086319695723387e-9	2.7759022187480767e-10
54.99999999999999	5.0251197595566954e-117	1.9319737666909144e-9	2.5339116316328202e-9	2.8095341789054125e-10
56.	4.885550653453649e-119	1.84794149199847e-9	2.557375049334262e-9	2.841285655841139e-10
56.99999999999999	4.732510219639857e-121	1.7658990526494812e-9	2.5790269816614486e-9	2.8711504234322495e-10
58.	4.5679163445614654e-123	1.6859507212046017e-9	2.5988748459343515e-9	2.8991251611670827e-10
59.	4.393687747445717e-125	1.608182632843864e-9	2.616928588207541e-9	2.9252093397797303e-10
59.99999999999999	4.211715752288653e-127	1.5326641014133556e-9	2.633200556006434e-9	2.949405108105312e-10
61.	4.023839131026922e-129	1.459448901679046e-9	2.6477053734812347e-9	2.97171718125919e-10
62.	3.831822230266796e-131	1.3885765120683833e-9	2.6604598190509825e-9	2.9921527302358306e-10
63.	3.637336491315887e-133	1.3200733132833282e-9	2.671482705602231e-9	3.010721273016071e-10
64.	3.441945380407024e-135	1.2539537391555639e-9	2.6807947632991692e-9	3.027434567264662e-10
65.	3.247092664403053e-137	1.1902213769951035e-9	2.688418525054797e-9	3.042306504693529e-10
65.99999999999999	3.0540938977384008e-139	1.1288700154635981e-9	2.6943782147057623e-9	3.055353007159816e-10
67.	2.8641309292138945e-141	1.0698846386917512e-9	2.698699637926827e-9	3.066591924561759e-10
68.	2.678249192466704e-143	1.013242365963122e-9	2.7014100759147035e-9	3.0760429345896527e-10
69.	2.4973575109733993e-145	9.589133368110892e-10	2.70253818186488e-9	3.083727444383477e-10
70.	2.3222301265975187e-147	9.06861541828918e-10	2.7021138802594777e-9	3.089668494143531e-10
70.99999999999999	2.1535106489534276e-149	8.57045599880444e-10	2.7001682689786724e-9	3.093890662735147e-10
72.	1.9917176201344663e-151	8.094194827273752e-10	2.6967335242432045e-9	3.0964199753237526e-10
73.	1.8372513943559882e-153	7.639331883637139e-10	2.6918428083905294e-9	3.0972838130717046e-10
74.	1.6904020436053292e-155	7.205333645743375e-10	2.6855301804826912e-9	3.096510824923952e-10
75.	1.5513580171371297e-157	6.791638844172467e-10	2.6778305097396458e-9	3.094130841505181e-10
75.99999999999999	1.4202153034482757e-159	6.397663754733174e-10	2.668779391787679e-9	3.0901747911469984e-10
77.	1.2969868670293615e-161	6.022807048165002e-10	2.658413067708783e-9	3.084674618059872e-10
78.	1.1816121577151345e-163	5.666454217364936e-10	2.646768345873248e-9	3.0776632026607087e-10
79.	1.0739665168846054e-165	5.3279816029768e-10	2.6338825265343667e-9	3.069174284063491e-10
80.	9.738703313098558e-168	5.00676003846531e-10	2.619793329161047e-9	3.0592423847369857e-10
80.99999999999999	8.810978114359588e-170	4.702158135876099e-10	2.6045388224811492e-9	3.047902737330334e-10
82.	7.953852957338444e-172	4.413545233384129e-10	2.5881573572057145e-9	3.0351912136643605e-10
83.	7.164390060707647e-174	4.1402940254848725e-10	2.570687501401678e-9	3.0211442558834846e-10
84.	6.439422004796386e-176	3.881782896305398e-10	2.5521679784783545e-9	3.005798809760479e-10
84.99999999999999	5.775616890382231e-178	3.63739797602921e-10	2.5326376077508247e-9	2.989192260143766e-10
85.99999999999999	5.16953695686816e-180	3.4065349398557647e-10	2.5121352475414055e-9	2.971362368534458e-10
87.	4.61769063646962e-182	3.1886005682739015e-10	2.490699740778557e-9	2.952347212778213e-10
88.	4.1165781469686674e-184	2.983014086727962e-10	2.4683698630509283e-9	2.932185128854699e-10
89.	3.6627308295999015e-186	2.789208302013423e-10	2.445184273072832e-9	2.910914654745634e-10
89.99999999999999	3.252744522013172e-188	2.6066305519664246e-10	2.4211814655159753e-9	2.888574476360354e-10
90.99999999999999	2.8833073205108115e-190	2.434743484216935e-10	2.396399726161221e-9	2.86520337549624e-10
92.	2.5512221324357646e-192	2.2730256789701497e-10	2.3708770893230003e-9	2.8408401798096947e-10
93.	2.2534244507375916e-194	2.120972129972117e-10	2.3446512974980667e-9	2.8155237147717736e-10
94.	1.98699580011695e-196	1.978094597009542e-10	2.3177597631895653e-9	2.789292757581371e-10
94.99999999999999	1.7491733097590286e-198	1.8439218424961296e-10	2.2902395328566016e-9	2.7621859930073834e-10
96.	1.5373558633237493e-200	1.7179997639162587e-10	2.2621272529389883e-9	2.734241971130262e-10
97.	1.3491072643905175e-202	1.5998914331294733e-10	2.2334591379063485e-9	2.7054990669521997e-10
98.	1.1821568365850033e-204	1.4891770527975768e-10	2.2042709402804113e-9	2.6759954418442497e-10
99.	1.0343978536915167e-206	1.3854538394750994e-10	2.1745979225790323e-9	2.6457690067978093e-10
99.99999999999999	9.038841675162931e-209	1.2883358422102936e-10	2.144474831130362e-9	2.61485738744708e-10
101.	7.888253713719044e-211	1.1974537048393052e-10	2.1139358717054076e-9	2.583297890828424e-10
102.	6.875808057890568e-213	1.1124543795176917e-10	2.0830146869172974e-9	2.5511274738418923e-10
103.	5.986526813711744e-215	1.0330007984288304e-10	2.0517443353355754e-9	2.518382713379667e-10
104.	5.2067856229869634e-217	9.587715100304865e-11	2.0201572722640573e-9	2.485099778085688e-10
104.99999999999999	4.5242342346879103e-219	8.894602856559685e-11	1.9882853321308988e-9	2.451314401710297e-10
106.	3.927714651059355e-221	8.247757017705185e-11	1.956159712439902e-9	2.417061858023451e-10
107.	3.4071784122585398e-223	7.644407026977942e-11	1.9238109592323424e-9	2.3823769372497364e-10
108.	2.953604328583828e-225	7.081921481755282e-11	1.8912689540090288e-9	2.347293923988218e-10
109.	2.55891773572131e-227	6.557803496725645e-11	1.8585629020627485e-9	2.3118465765800369e-10
109.99999999999999	2.2159121368957363e-229	6.06968599000166e-11	1.825721322171742e-9	2.2760681078865406e-10
111.	1.918173906556197e-231	5.615326923791435e-11	1.7927720376053837e-9	2.2399911674407011e-10
112.	1.6600105628568373e-233	5.192604527781852e-11	1.7597421683938306e-9	2.2036478249345905e-10
113.	1.4363829700817557e-235	4.799512530192808e-11	1.7266581248140305e-9	2.1670695550057246e-10
113.99999999999999	1.2428417061409076e-237	4.434155418492205e-11	1.6935456020451288e-9	2.1302872232852094e-10
114.99999999999999	1.0754677231480617e-239	4.094743749030638e-11	1.6604295759469999e-9	2.0933310736707593e-10
116.	9.308173393493156e-242	3.779589522345302e-11	1.6273342999163672e-9	2.0562307167878258e-10
117.	8.058715268495256e-244	3.487101638569126e-11	1.5942833027756927e-9	2.0190151196023227e-10
118.	6.979894000303698e-246	3.2157814452757735e-11	1.5612993876508287e-9	1.9817125961486817e-10
118.99999999999999	6.048657627642429e-248	2.964218388164531e-11	1.5284046317941847e-9	1.9443507993372526e-10
119.99999999999999	5.244925369191093e-250	2.731085773234981e-11	1.4956203873109985e-9	1.9069567138054083e-10
121.	4.551238687853586e-252	2.5151366475143234e-11	1.4629672827471312e-9	1.869556649777051e-10
122.	3.952446925362734e-254	2.3151998039582514e-11	1.4304652254976352e-9	1.8321762378955875e-10
122.99999999999999	3.43542519392235e-256	2.1301759148610934e-11	1.3981334049962371e-9	1.7948404249958719e-10
124.	2.988822165992426e-258	1.9590337969365235e-11	1.3659902966467356e-9	1.7575734707810275e-10
125.	2.6028354061761197e-260	1.8008068102007345e-11	1.3340536664581824e-9	1.720398945370505e-10
126.	2.269011930700986e-262	1.6545893918566313e-11	1.302340576346635e-9	1.6833397276862005e-10
127.	1.980071752072901e-264	1.5195337255615676e-11	1.2708673900671453e-9	1.6464180046439852e-10
128.	1.7297522615371773e-266	1.3948465457385352e-11	1.2396497797405583e-9	1.6096552711184412e-10
129.	1.5126714139290771e-268	1.2797860759507691e-11	1.2087027329406049e-9	1.5730723306491754e-10
130.	1.324207802755904e-270	1.1736590998165329e-11	1.1780405603076541e-9	1.5366892968575813e-10
131.	1.1603958435621484e-272	1.075818162454396e-11	1.1476769036564385e-9	1.5005255955434915e-10
131.99999999999997	1.0178344169506503e-274	9.856589000484354e-12	1.1176247445459259e-9	1.4645999674317024e-10
133.	8.936074560828652e-277	9.026174947725844e-12	1.0878964132804528e-9	1.4289304715389327e-10
134.	7.852150946270806e-279	8.261682520261021e-12	1.0585035983121e-9	1.393534489132357e-10
135.	6.905141180908148e-281	7.55821296689314e-12	1.0294573560152176e-9	1.358428728251436e-10
136.	6.076665828665358e-283	6.911203849247292e-12	1.0007681208048634e-9	1.3236292287653415e-10
137.	5.350955821039636e-285	6.3164082789070494e-12	9.72445715571834e-10	1.2891513679389178e-10
138.	4.71447245067231e-287	5.769875236253292e-12	9.444993624078146e-10	1.2550098664806591e-10
139.	4.155581565164643e-289	5.267930932808797e-12	9.169376935950589e-10	1.2212187950468416e-10
140.	3.664274747285246e-291	4.807161178319894e-12	8.897687628358528e-10	1.1877915811765245e-10
140.99999999999997	3.231931110534979e-293	4.384394713659946e-12	8.630000566978838e-10	1.1547410166327565e-10
141.99999999999997	2.8511141056540315e-295	3.996687470563595e-12	8.366385062524553e-10	1.1220792651259293e-10
143.	2.515398426766001e-297	3.641307719417218e-12	8.106904988833229e-10	1.089817870395831e-10
144.	2.2192227290478924e-299	3.31572206674835e-12	7.851618902447452e-10	1.0579677646295679e-10
145.	0.	3.0175822644807997e-12	7.600580163481291e-10	1.0265392771931045e-10
146.	0.	2.744712793796939e-12	7.353837057574703e-10	9.955421436548225e-11
147.	0.	2.495099187128537e-12	7.111432918745324e-10	9.649855150800552e-11
148.	0.	2.2668770526950656e-12	6.873406252954986e-10	9.34877967576186e-11
149.	0.	2.058321766934133e-12	6.639790862215642e-10	9.052275120684794e-11
150.	0.	1.8678388011758986e-12	6.410615969066807e-10	8.760416042874038e-11
150.99999999999997	0.	1.6939546499306135e-12	6.18590634126388e-10	8.473271549488024e-11
151.99999999999997	0.	1.5353083293070235e-12	5.965682416523668e-10	8.19090540108839e-11
153.	0.	1.3906434150922154e-12	5.749960427180491e-10	7.91337611676221e-11
154.	0.	1.2588005912579152e-12	5.538752524612985e-10	7.640737080647808e-11
155.	0.	1.1387106807053406e-12	5.332066903308226e-10	7.373036649700402e-11
156.	0.	1.0293881312546645e-12	5.129907924436511e-10	7.110318262539584e-11
157.	0.	9.29924931002662e-13	4.932276238816267e-10	6.852620549226015e-11
158.	0.	8.394849282811799e-13	4.739168909154784e-10	6.599977441820051e-11
159.	0.	7.572985325935599e-13	4.550579531456482e-10	6.352418285580484e-11
160.	0.	6.826577739558624e-13	4.366498355496366e-10	6.109967950666741e-11
160.99999999999997	0.	6.149116991682559e-13	4.186912404261914e-10	5.872646944213085e-11
161.99999999999997	0.	5.534620845804959e-13	4.011805592272261e-10	5.640471522648379e-11
163.	0.	4.97759445914437e-13	3.84115884268895e-10	5.413453804139969e-11
164.	0.	4.472993267136854e-13	3.674950203137862e-10	5.191601881045371e-11
165.	0.	4.016188479412349e-13	3.51315496016677e-10	4.9749199322597317e-11
166.	0.	3.6029350215921956e-13	3.3557457522682964e-10	4.763408335352426e-11
167.	0.	3.2293417663075674e-13	3.2026926814025415e-10	4.557063778390205e-11
168.	0.	2.8918439053477107e-13	3.053963422958502e-10	4.3558793713492e-11
169.	0.	2.587177323066101e-13	2.909523334097808e-10	4.159844757022351e-11
169.99999999999997	0.	2.312354839130884e-13	2.7693355604287345e-10	3.968946221333265e-11
170.99999999999997	0.	2.0646441962947317e-13	2.6333611409626217e-10	3.78316680297169e-11
171.99999999999997	0.	1.8415476759686547e-13	2.501559111309013e-10	3.6024864022700426e-11
173.	0.	1.640783231521342e-13	2.3738866050696155e-10	3.4268818892443384e-11
174.	0.	1.4602670355199105e-13	2.2502989533951938e-10	3.256327210727058e-11
175.	0.	1.2980973437425827e-13	2.130749782672925e-10	3.090793496523035e-11
176.	0.	1.1525395844142778e-13	2.0151911103156154e-10	2.930249164523608e-11
177.	0.	1.0220125870550682e-13	1.903573438627249e-10	2.7746600247176298e-11
178.	0.	9.050758705537633e-14	1.795845846722864e-10	2.6239893820416748e-11
179.	0.	8.004179152062061e-14	1.6919560804837907e-10	2.4781981380152487e-11
179.99999999999997	0.	7.068453483212021e-14	1.5918506405323395e-10	2.337244891110162e-11
180.99999999999997	0.	6.232729774729582e-14	1.4954748682129483e-10	2.2010860358065755e-11
181.99999999999997	0.	5.4871460984414374e-14	1.4027730295696053e-10	2.0696758602914296e-11
183.	0.	4.822746001974766e-14	1.3136883973119392e-10	1.942966642757995e-11
184.	0.	4.23140073678006e-14	1.2281633307650952e-10	1.820908746268507e-11
185.	0.	3.705737735334489e-14	1.1461393538007488e-10	1.7034507121444915e-11
186.	0.	3.239074869271985e-14	1.0675572307491697e-10	1.590539351852558e-11
187.	0.	2.8253600545622153e-14	9.923570402942963e-11	1.482119837355943e-11
188.	0.	2.4591157985886974e-14	9.204782473559629e-11	1.3781357899048196e-11
189.	0.	2.1353883123576238e-14	8.51859772965533e-11	1.2785293672411122e-11
189.99999999999997	0.	1.84970083759178e-14	7.864400621429409e-11	1.183241349195813e-11
190.99999999999997	0.	1.598010863310227e-14	7.241571497851297e-11	1.0922112216594281e-11
192.	0.	1.3766709296350444e-14	6.64948724577506e-11	1.005377258908364e-11
193.	0.	1.182392737831744e-14	6.087521909417208e-11	9.226766042724346e-12
194.	0.	1.012214306668117e-14	5.555047290345874e-11	8.440453491307001e-12
195.	0.	8.63469933575024e-15	5.051433528144636e-11	7.69418610225093e-12
196.	0.	7.337627368345392e-15	4.576049661927729e-11	6.987306052831952e-12
197.	0.	6.209395719804739e-15	4.128264172896105e-11	6.3191472694348955e-12
198.	0.	5.230681304090326e-15	3.707445508136403e-11	5.689036149782911e-12
198.99999999999997	0.	4.384160432004629e-15	3.312962585876126e-11	5.096292268113673e-12
199.99999999999997	0.	3.6543182588120844e-15	2.944185282418496e-11	4.540229063288978e-12
200.99999999999997	0.	3.027275130416773e-15	2.6004849009912504e-11	4.020154509841966e-12
202.	0.	2.4906284253098096e-15	2.2812346227516264e-11	3.535371771980355e-12
203.	0.	2.0333086051896467e-15	1.98580994019976e-11	3.085179840581258e-12
204.	0.	1.6454482808023505e-15	1.713589073258834e-11	2.668874153225085e-12
205.	0.	1.3182631957731062e-15	1.463953368289292e-11	2.285747197332413e-12
206.	0.	1.0439441178222467e-15	1.2362876803095366e-11	1.9350890964787215e-12
207.	0.	8.155587043609676e-16	1.029980738702504e-11	1.6161881799758516e-12
208.	0.	6.269624862627414e-16	8.44425496692515e-12	1.3283315358203695e-12
208.99999999999997	0.	4.727181804976213e-16	6.7901946488161075e-12	1.0708055471202927e-12
209.99999999999997	0.	3.4802260661358427e-16	5.3316502913921004e-12	8.428964121228364e-13
210.99999999999997	0.	2.486405411745442e-16	4.062697531425525e-12	6.438906479757528e-13
212.	0.	1.7084489779247712e-16	2.9774666586868677e-12	4.730755783644404e-13
213.	0.	1.1136267186913577e-16	2.0701453434181975e-12	3.297398051764479e-13
214.	0.	6.732613442593513e-17	1.3349812194204215e-12	2.1317366435326205e-13
215.	0.	3.622880321101282e-17	7.662843258360353e-13	1.226696660977118e-13
216.	0.	1.5885758295861097e-17	3.5842941072296687e-13	5.752291961263588e-14
217.	0.	4.397906059341975e-18	1.058580995280415e-13	1.703154255384961e-14
218.	0.	1.1982909147966908e-19	3.0809315755337873e-15	4.970553869899904e-16
218.99999999999997	0.	1.6308904008494284e-18	4.4679267690731163e-14	7.224760844110965e-15
219.99999999999997	0.	7.709288919753692e-18	2.2530707207885453e-13	3.65241086816684e-14
220.99999999999997	0.	1.7308789464281407e-17	5.396925715771228e-13	8.770904594693298e-14
222.	0.	2.9537874439505454e-17	9.82639795391661e-13	1.6009835296480045e-13
223.	0.	4.36410867208029e-17	1.549029998422293e-12	2.530159652615726e-13
224.	0.	5.898235350099635e-17	2.2338229712661366e-12	3.657912816464079e-13
225.	0.	7.503009959776159e-17	3.032058239977112e-12	4.977594586750579e-13
226.	0.	9.134397570953316e-17	3.938856158640053e-12	6.482616917237351e-13
227.	0.	1.0756304307031829e-16	4.949418897800715e-12	8.166454829044048e-13
227.99999999999997	0.	1.2339527011498496e-16	6.059031331768295e-12	1.002264896055082e-12
228.99999999999997	0.	1.386082099187972e-16	7.26306182778678e-12	1.2044807990417791e-12
229.99999999999997	0.	1.5302073965234188e-16	8.556962940040903e-12	1.422661093610113e-12
230.99999999999997	0.	1.664957536082764e-16	9.936272011438811e-12	1.6561809330271425e-12
232.	0.	1.7893371205894476e-16	1.1396611686080952e-11	1.904422927755053e-12
233.	0.	1.9026695734660584e-16	1.2933690335293976e-11	2.1667773393997114e-12
234.	0.	2.0045471644755488e-16	1.4543302400076043e-11	2.4426422631781914e-12
235.	0.	2.094787178610174e-16	1.6221328652764114e-11	2.731423799149894e-12
236.	0.	2.1733935644048668e-16	1.7963736380698843e-11	3.03253621245655e-12
237.	0.	2.2405234761546955e-16	1.9766579494625387e-11	3.3454020828165485e-12
237.99999999999997	0.	2.296458169340068e-16	2.1625998564529692e-11	3.6694524435190844e-12
238.99999999999997	0.	2.341577772987328e-16	2.3538220785569757e-11	4.004126910163177e-12
239.99999999999997	0.	2.3763394918366894e-16	2.5499559876723396e-11	4.34887379938678e-12
240.99999999999997	0.	2.401258864753555e-16	2.750641591472943e-11	4.703150237829829e-12
242.	0.	2.4168937166060807e-16	2.95552751058595e-11	5.066422261574877e-12
243.	0.	2.4238304909398324e-16	3.164270949801245e-11	5.438164906307464e-12
244.	0.	2.4226726790050995e-16	3.376537663558419e-11	5.817862288437931e-12
245.	0.	2.414031099324019e-16	3.5920019159514694e-11	6.205007677424021e-12
245.99999999999997	0.	2.3985157878678907e-16	3.8103464354876534e-11	6.5991035595331665e-12
247.	0.	2.3767293188084875e-16	4.0312623648319293e-11	6.99966169328103e-12
248.	0.	2.3492613386261395e-16	4.254449205764006e-11	7.406203156781266e-12
248.99999999999997	0.	2.3166841916764156e-16	4.4796147595705326e-11	7.818258387239637e-12
250.	0.	2.2795494807589857e-16	4.706475063090408e-11	8.235367212823834e-12
250.99999999999997	0.	2.238385409701266e-16	4.934754320626096e-11	8.657078877137162e-12
252.	0.	2.1936948401998537e-16	5.1641848319300256e-11	9.08295205652356e-12
252.99999999999997	0.	2.145953929310403e-16	5.3945069164695856e-11	9.512554870427367e-12
254.	0.	2.0956112652658954e-16	5.625468834170414e-11	9.94546488503034e-12
254.99999999999997	0.	2.043087443277447e-16	5.856826702832408e-11	1.0381269110384462e-11
256.	0.	1.9887749883582168e-16	6.088344412408653e-11	1.0819563991257454e-11
257.	0.	1.933038572272096e-16	6.319793536332431e-11	1.125995539190433e-11
258.	0.	1.876215483408159e-16	6.550953240073459e-11	1.1702058574976473e-11
259.	0.	1.8186162902275476e-16	6.78161018709944e-11	1.2145498174776074e-11
260.	0.	1.7605256594015883e-16	7.011558442414227e-11	1.2589908165060467e-11
261.	0.	1.7022033165583657e-16	7.240599373840338e-11	1.3034931821599498e-11
262.	0.	1.6438850635425868e-16	7.468541551207792e-11	1.3480221679683955e-11
263.	0.	1.5857839153152843e-16	7.695200643607907e-11	1.3925439486781744e-11
263.99999999999994	0.	1.528091227520542e-16	7.920399314865147e-11	1.4370256150533721e-11
265.	0.	1.4709779018965118e-16	8.143967117376983e-11	1.4814351682279746e-11
266.	0.	1.414595566990814e-16	8.36574038446594e-11	1.5257415136300063e-11
267.	0.	1.359077783370943e-16	8.585562121385091e-11	1.5699144544956263e-11
268.	0.	1.3045412161088577e-16	8.803281895112725e-11	1.613924684991046e-11
269.	0.	1.2510867894062051e-16	9.018755723068799e-11	1.6577437829599986e-11
270.	0.	1.1988008358550145e-16	9.231845960880752e-11	1.701344202314008e-11
271.	0.	1.147756164494144e-16	9.44242118932264e-11	1.7446992650824705e-11
272.	0.	1.0980131501448605e-16	9.650356100547259e-11	1.787783153139141e-11
272.99999999999994	0.	1.049620709935562e-16	9.855531383727157e-11	1.8305708996213846e-11
274.	0.	1.002617305654871e-16	1.0057833610216262e-10	1.873038380058111e-11
274.99999999999994	0.	9.570318352026178e-17	1.0257155118339774e-10	1.9151623032220032e-11
276.	0.	9.128845340984804e-17	1.0453393897916976e-10	1.956920201721385e-11
277.	0.	8.70187771138037e-17	1.0646453474616522e-10	1.9982904223466023e-11
278.	0.	8.289468383634045e-17	1.0836242794241664e-10	2.0392521161856e-11
279.	0.	7.891606860436103e-17	1.1022676107037573e-10	2.0797852285229174e-11
280.	0.	7.508225943745739e-17	1.1205672852110724e-10	2.119870488536063e-11
281.	0.	7.139208076062968e-17	1.1385157542045764e-10	2.1594893988028523e-11
281.99999999999994	0.	6.784391288191627e-17	1.1561059647802838e-10	2.1986242246330466e-11
283.	0.	6.443574675911005e-17	1.1733313483973854e-10	2.2372579832371573e-11
283.99999999999994	0.	6.116523497033142e-17	1.190185809447367e-10	2.2753744327450627e-11
285.	0.	5.802973794118649e-17	1.2066637138738888e-10	2.3129580610867695e-11
286.	0.	5.502636822836525e-17	1.2227598778503047e-10	2.3499940747472126e-11
287.	0.	5.2152027914898976e-17	1.2384695565214888e-10	2.3864683874067834e-11
288.	0.	4.940344624000908e-17	1.2537884328162677e-10	2.4223676084789377e-11
289.	0.	4.6777211411157604e-17	1.2687126063364297e-10	2.4576790315557826e-11
290.	0.	4.426980294283309e-17	1.2832385823281334e-10	2.492390622772539e-11
291.	0.	4.18776147773841e-17	1.2973632607410393e-10	2.5264910091010465e-11
292.	0.	3.9596983591582204e-17	1.3110839253804214e-10	2.5599694665825908e-11
292.99999999999994	0.	3.7424207519347634e-17	1.32439823315707e-10	2.5928159085096708e-11
294.	0.	3.5355568909865756e-17	1.337304203439698e-10	2.6250208735663676e-11
294.99999999999994	0.	3.338734960473542e-17	1.3498002075141128e-10	2.656575513936314e-11
296.	0.	3.151584703602029e-17	1.3618849581533724e-10	2.687471583387328e-11
297.	0.	2.9737388412068504e-17	1.3735574993027105e-10	2.7177014253412114e-11
298.	0.	2.804834289200287e-17	1.38481719588291e-10	2.747257960937079e-11
299.	0.	2.6445131588334506e-17	1.3956637237155437e-10	2.776134677096343e-11
300.	0.	2.492423644530813e-17	1.4060970595731427e-10	2.80432561459691e-11
301.	0.	2.3482208481518927e-17	1.4161174713574323e-10	2.8318253561643947e-11
301.99999999999994	0.	2.2115675238167336e-17	1.4257255084081668e-10	2.8586290145872728e-11
303.	0.	2.08213438926353e-17	1.4349219919452757e-10	2.8847322208632507e-11
303.99999999999994	0.	1.9596008157298074e-17	1.4437080056465167e-10	2.9101311123832365e-11
305.	0.	1.8436550941818153e-17	1.4520848863628833e-10	2.9348223211597314e-11
306.	0.	1.7339946232815028e-17	1.4600542149735913e-10	2.958802962105491e-11
307.	0.	1.6303264007172327e-17	1.4676178073825496e-10	2.9820706213687365e-11
308.	0.	1.532366750476458e-17	1.474777705657767e-10	3.0046233447304093e-11
309.	0.	1.4398418251439256e-17	1.4815361693151995e-10	3.026459626069076e-11
310.	0.	1.3524873902815493e-17	1.4878956667482419e-10	3.0475783958987116e-11
310.99999999999994	0.	1.270048736009819e-17	1.4938588668039687e-10	3.0679790099843775e-11
312.	0.	1.1922809022710319e-17	1.4994286305070434e-10	3.08766123804059e-11
312.99999999999994	0.	1.1189485190056788e-17	1.504608002932084e-10	3.106625252517021e-11
314.	0.	1.0498253285249612e-17	1.5094002052251188e-10	3.124871617475804e-11
314.99999999999994	0.	9.846946100567691e-18	1.513808626774645e-10	3.142401277564731e-11
316.	0.	9.233485102461694e-18	1.517836817532606e-10	3.159215547090163e-11
317.	0.	8.655881645256007e-18	1.521488480485586e-10	3.1753160991935425e-11
318.	0.	8.112233461800596e-18	1.5247674642762745e-10	3.190704955134962e-11
319.	0.	7.60072418669526e-18	1.5276777559752213e-10	3.205384473687225e-11
320.	0.	7.119616647799171e-18	1.5302234740027443e-10	3.219357340643544e-11
321.	0.	6.6672574287314214e-18	1.532408861200744e-10	3.2326265584418854e-11
321.99999999999994	0.	6.242067459781704e-18	1.5342382780541115e-10	3.2451954359088e-11
323.	0.	5.842543350257587e-18	1.5357161960612358e-10	3.2570675781253334e-11
323.99999999999994	0.	5.467255313251107e-18	1.536847191253149e-10	3.2682468764175894e-11
325.	0.	5.114842397643692e-18	1.5376359378605551e-10	3.278737498474095e-11
326.	0.	4.784011696142517e-18	1.5380872021281516e-10	3.288543878592299e-11
327.	0.	4.473532506948755e-18	1.5382058362753434e-10	3.297670708056092e-11
328.	0.	4.182239769456273e-18	1.5379967726024861e-10	3.306122925646163e-11
329.	0.	3.9090266825931016e-18	1.5374650177417193e-10	3.313905708284976e-11
330.	0.	3.652844195980357e-18	1.5366156470513046e-10	3.3210244618178354e-11
330.99999999999994	0.	3.4126955764960668e-18	1.5354537991523945e-10	3.327484811931445e-11
332.	0.	3.1876416598586658e-18	1.5339846706070586e-10	3.3332925952113124e-11
332.99999999999994	0.	2.976788188832247e-18	1.5322135107362962e-10	3.338453850339003e-11
334.	0.	2.779292672163744e-18	1.530145616576787e-10	3.342974809430356e-11
335.	0.	2.594356818840093e-18	1.5277863279749912e-10	3.3468618895155e-11
336.	0.	2.4212264277732125e-18	1.5251410228172195e-10	3.3501216841614266e-11
337.	0.	2.2591891428575437e-18	1.5222151123942029e-10	3.3527609552377476e-11
338.	0.	2.107570924137939e-18	1.519014036898676e-10	3.3547866248262123e-11
339.	0.	1.9657376102943456e-18	1.5155432610544292e-10	3.3562057672743494e-11
339.99999999999994	0.	1.833088019081277e-18	1.511808269875251e-10	3.3570256013935925e-11
341.	0.	1.7090585957355386e-18	1.5078145645521205e-10	3.3572534828020294e-11
341.99999999999994	0.	1.5931159431084775e-18	1.5035676584670275e-10	3.356896896411952e-11
343.	0.	1.4847573195410365e-18	1.4990730733317062e-10	3.355963449062188e-11
343.99999999999994	0.	1.3835100418819292e-18	1.494336335449583e-10	3.354460862295108e-11
345.	0.	1.2889278938140489e-18	1.4893629720991896e-10	3.3523969652782035e-11
346.	0.	1.200592947865233e-18	1.4841585080372726e-10	3.349779687869893e-11
347.	0.	1.1181097276659134e-18	1.478728462119803e-10	3.346617053829276e-11
348.	0.	1.041106703365306e-18	1.473078344039088e-10	3.342917174169405e-11
349.	0.	9.69234850509879e-19	1.467213651175158e-10	3.338688240653555e-11
350.	0.	9.021679835027877e-19	1.461139865559547e-10	3.333938519433906e-11
350.99999999999994	0.	8.395962851219257e-19	1.4548624509496884e-10	3.3286763448321036e-11
352.	0.	7.812302027764657e-19	1.4483868500119574e-10	3.322910113260795e-11
352.99999999999994	0.	7.2679855143661e-19	1.4417184816115542e-10	3.316648277285568e-11
354.	0.	6.76046506230057e-19	1.434862738207312e-10	3.30989933982627e-11
355.	0.	6.287344627209698e-19	1.4278249833495258e-10	3.302671848496984e-11
356.	0.	5.846368178228695e-19	1.4206105492789368e-10	3.294974390083547e-11
357.	0.	5.435445740229497e-19	1.4132247346249248e-10	3.286815585157713e-11
358.	0.	5.052591384348697e-19	1.4056728022010464e-10	3.278204082826844e-11
359.	0.	4.695947972449092e-19	1.3979599768959975e-10	3.2691485556180343e-11
359.99999999999994	0.	4.36380199086979e-19	1.3900914436580738e-10	3.259657694495485e-11
361.	0.	4.0545097455031766e-19	1.3820723455712982e-10	3.24974020401e-11
361.99999999999994	0.	3.766560100124119e-19	1.3739077820212174e-10	3.2394047975792057e-11
363.	0.	3.498519313760629e-19	1.3656028069486126e-10	3.228660192897439e-11
363.99999999999994	0.	3.249073683059355e-19	1.3571624271890858e-10	3.2175151074737266e-11
365.	0.	3.016943874060921e-19	1.3485916008967865e-10	3.2059782542967e-11
366.	0.	2.80099607849632e-19	1.3398952360503276e-10	3.194058337624937e-11
367.	0.	2.6001161905615246e-19	1.3310781890390504e-10	3.181764048901332e-11
368.	0.	2.4132810652936387e-19	1.3221452633278238e-10	3.1691040627901005e-11
368.99999999999994	0.	2.239560608222672e-19	1.3131012081985068e-10	3.156087033334817e-11
370.	0.	2.078040324396111e-19	1.3039507175662796e-10	3.1427215902361375e-11
370.99999999999994	0.	1.927892229209089e-19	1.2946984288690183e-10	3.12901633524751e-11
372.	0.	1.7883465970661922e-19	1.2853489220279294e-10	3.114979838687444e-11
372.99999999999994	0.	1.6586634786428027e-19	1.275906718477678e-10	3.1006206360667225e-11
374.	0.	1.5381735407142198e-19	1.2663762802642241e-10	3.085947224828972e-11
375.	0.	1.4262394129074405e-19	1.2567620092086505e-10	3.070968061202972e-11
376.	0.	1.3222764569131168e-19	1.2470682461352227e-10	3.055691557165061e-11
377.	0.	1.225713898539887e-19	1.2372992701620112e-10	3.040126077510103e-11
378.	0.	1.1360650166184354e-19	1.227459298052358e-10	3.024279937029245e-11
379.	0.	1.0528186724592343e-19	1.217552483625523e-10	3.0081613977928355e-11
379.99999999999994	0.	9.75548992553887e-20	1.2075829172248546e-10	2.991778666536918e-11
381.	0.	9.038365377451452e-20	1.1975546252418786e-10	2.975139892151519e-11
381.99999999999994	0.	8.372787193970109e-20	1.1874715696946562e-10	2.958253163269127e-11
383.	0.	7.755297701169326e-20	1.1773376478588395e-10	2.9411265059515644e-11
384.	0.	7.182417309387108e-20	1.1671566919498708e-10	2.923767881473753e-11
385.	0.	6.650944673647142e-20	1.1569324688547601e-10	2.9061851842024495e-11
386.	0.	6.158057588824369e-20	1.1466686799119069e-10	2.888386239568433e-11
387.	0.	5.701019299884116e-20	1.1363689607374786e-10	2.870378802130352e-11
388.	0.	5.277181255386493e-20	1.1260368810968873e-10	2.8521705537285755e-11
388.99999999999994	0.	4.8842796153470224e-20	1.1156759448198574e-10	2.8337691017273493e-11
390.	0.	4.5200437391528856e-20	1.105289589757668e-10	2.8151819773435157e-11
390.99999999999994	0.	4.182491814875218e-20	1.0948811877811937e-10	2.7964166340602235e-11
392.	0.	3.869638310107549e-20	1.0844540448182969e-10	2.777480446123776e-11
392.99999999999994	0.	3.57978803364578e-20	1.0740114009292573e-10	2.758380707122137e-11
394.	0.	3.311341169464654e-20	1.063556430418854e-10	2.7391246286432248e-11
395.	0.	3.0625036304628106e-20	1.0530922419838133e-10	2.719719339011492e-11
396.	0.	2.832160502375742e-20	1.0426218788943164e-10	2.7001718821010133e-11
397.	0.	2.6188097133638883e-20	1.0321483192082777e-10	2.6804892162235092e-11
397.99999999999994	0.	2.42114489326898e-20	1.0216744760172014e-10	2.660678213089666e-11
399.	0.	2.2382461251063575e-20	1.0112031977222943e-10	2.640745656842008e-11
399.99999999999994	0.	2.0689068620087552e-20	1.0007372683397487e-10	2.620698243157904e-11
401.	0.	1.9121156179723832e-20	9.902794078339299e-11	2.600542578420899e-11
401.99999999999994	0.	1.767054377382156e-20	9.798322724773562e-11	2.580285178958915e-11
403.	0.	1.6328124587607025e-20	9.693984552363398e-11	2.5599324703476687e-11
404.	0.	1.5085777424409607e-20	9.589804861811464e-11	2.5394907867777427e-11
405.	0.	1.3936360298090918e-20	9.4858083291966e-11	2.5189663704838036e-11
406.	0.	1.2873702590717577e-20	9.382019010533974e-11	2.498365371234314e-11
407.	0.	1.1889790314527555e-20	9.278460346549491e-11	2.4776938458804083e-11
408.	0.	1.0980396155182138e-20	9.175155167656984e-11	2.4569577579621256e-11
408.99999999999994	0.	1.0139448307654223e-20	9.072125699129542e-11	2.436162977370815e-11
410.	0.	9.361844130417498e-21	8.969393566454499e-11	2.415315280066015e-11
410.99999999999994	0.	8.643437974329241e-21	8.866979800862797e-11	2.3944203478454317e-11
412.	0.	7.97827381387457e-21	8.764904845023554e-11	2.3734837681665147e-11
412.99999999999994	0.	7.364111449233382e-21	8.663188558894907e-11	2.3525110340183106e-11
414.	0.	6.79689333483229e-21	8.561850225721711e-11	2.3315075438419677e-11
415.	0.	6.272598183241498e-21	8.460908558172743e-11	2.3104786014987847e-11
416.	0.	5.787244297991982e-21	8.360381704607453e-11	2.289429416284111e-11
417.	0.	5.339589998983925e-21	8.260287255465515e-11	2.2683651029859867e-11
417.99999999999994	0.	4.92570652472313e-21	8.160642249770162e-11	2.2472906819870228e-11
419.	0.	4.5434950334173835e-21	8.06146318173847e-11	2.2262110794083038e-11
419.99999999999994	0.	4.190874637422485e-21	7.962766007490054e-11	2.2051311272938642e-11
421.	0.	3.864901252876453e-21	7.864566151847853e-11	2.184055563834627e-11
421.99999999999994	0.	3.5644260069117875e-21	7.76687851522315e-11	2.1629890336304048e-11
423.	0.	3.286557380021871e-21	7.669717480577962e-11	2.1419360879887047e-11
424.	0.	3.0301853215305757e-21	7.573096920458633e-11	2.120901185259233e-11
425.	0.	2.793342595584317e-21	7.477030204093179e-11	2.0998886912027228e-11
426.	0.	2.5749501261385917e-21	7.381530204546877e-11	2.078902879393031e-11
426.99999999999994	0.	2.3730825044031287e-21	7.286609305929173e-11	2.0579479316511903e-11
428.	0.	2.18669574596797e-21	7.19227941064665e-11	2.0370279385104176e-11
428.99999999999994	0.	2.0156056270667453e-21	7.098551946695551e-11	2.0161468997107963e-11
430.	0.	1.8570933552571088e-21	7.005437874988745e-11	1.995308724722613e-11
430.99999999999994	0.	1.7110056628395703e-21	6.912947696711363e-11	1.974517233297173e-11
432.	0.	1.5763512698452942e-21	6.821091460700058e-11	1.9537761560441233e-11
432.99999999999994	0.	1.4521536730526182e-21	6.729878770840432e-11	1.9330891350340813e-11
434.	0.	1.3374517313487064e-21	6.63931879347823e-11	1.912459724425657e-11
435.	0.	1.2313002239206731e-21	6.549420264838879e-11	1.8918913911157682e-11
436.	0.	1.134399085762491e-21	6.460191498451322e-11	1.8713875154122912e-11
437.	0.	1.044188164664036e-21	6.371640392571247e-11	1.8509513917280103e-11
437.99999999999994	0.	9.61381864061638e-22	6.283774437599719e-11	1.8305862292949893e-11
439.	0.	8.85073610594145e-22	6.196600723492915e-11	1.8102951528983102e-11
439.99999999999994	0.	8.151692594950713e-22	6.11012594715894e-11	1.7900812036283678e-11
441.	0.	7.499939088760352e-22	6.024356419838032e-11	1.769947339650701e-11
441.99999999999994	0.	6.902646801642224e-22	5.93929807446221e-11	1.7498964369925782e-11
443.	0.	6.351184143192085e-22	5.854956472990987e-11	1.729931290345365e-11
444.	0.	5.8448523225787585e-22	5.771336813719745e-11	1.7100546138819305e-11
445.	0.	5.375251047122889e-22	5.688443938557226e-11	1.6902690420881506e-11
446.	0.	4.949452491882449e-22	5.606282340269296e-11	1.670577130607775e-11
446.99999999999994	0.	4.551553838309898e-22	5.5248561696857486e-11	1.6509813570998268e-11
448.	0.	4.1886618604589734e-22	5.444169242867362e-11	1.6314841221077667e-11
448.99999999999994	0.	3.852704635089027e-22	5.364225048230341e-11	1.612087749939641e-11
450.	0.	3.5432421489705307e-22	5.285026753625466e-11	1.5927944895584778e-11
450.99999999999994	0.	3.2598286701006596e-22	5.2065772133697936e-11	1.573606515482276e-11
452.	0.	2.994691176479205e-22	5.128878975227732e-11	1.5545259286927148e-11
453.	0.	2.7548022583615505e-22	5.051934287340058e-11	1.5355547575520854e-11
454.	0.	2.5324866708300255e-22	4.975745105098051e-11	1.516694958727623e-11
455.	0.	2.327440944213733e-22	4.900313097960895e-11	1.4979484181226605e-11
455.99999999999994	0.	2.1393584907458223e-22	4.825639656214527e-11	1.479316951813941e-11
457.	0.	1.9679298344091064e-22	4.7517258976696954e-11	1.4608023069944675e-11
457.99999999999994	0.	1.805843497182368e-22	4.678572674297802e-11	1.4424061629212525e-11
459.	0.	1.6598927142193527e-22	4.606180578802649e-11	1.4241301318674487e-11
459.99999999999994	0.	1.5228702477081793e-22	4.534549951126605e-11	1.4059757600781854e-11
461.	0.	1.4014572177611787e-22	4.4636808848897024e-11	1.3879445287296618e-11
461.99999999999994	0.	1.2885517359120745e-22	4.3935732337602546e-11	1.3700378548908416e-11
463.	0.	1.183995856492741e-22	4.3242266177556665e-11	1.3522570924873053e-11
464.	0.	1.0876305803102473e-22	4.255640429472289e-11	1.3346035332666983e-11
465.	0.	9.99295960903637e-23	4.1878138402431025e-11	1.3170784077652955e-11
466.	0.	9.188312089807094e-23	4.1207458062223484e-11	1.2996828862751957e-11
466.99999999999994	0.	8.395665820914688e-23	4.054435074395787e-11	1.282418079811651e-11
468.	0.	7.744111786131703e-23	3.988880188516226e-11	1.2652850410801385e-11
468.99999999999994	0.	7.102407445016515e-23	3.924079494962884e-11	1.248284765442626e-11
470.	0.	6.53400372320627e-23	3.8600311485244e-11	1.2314181918827357e-11
470.99999999999994	0.	5.974377946091661e-23	3.796733118104404e-11	1.21468620396927e-11
472.	0.	5.485877155441761e-23	3.734183192349307e-11	1.198089630817779e-11
473.	0.	5.005070535835318e-23	3.6723789851975855e-11	1.1816292480497406e-11
474.	0.	4.593203283485298e-23	3.611317941350254e-11	1.1653057787490004e-11
475.	0.	4.248632095293919e-23	3.5509973416619893e-11	1.1491198944150852e-11
475.99999999999994	0.	3.909567052458471e-23	3.491414308452538e-11	1.1330722159130708e-11
477.	0.	3.576006941908954e-23	3.432565810738233e-11	1.117163314419637e-11
477.99999999999994	0.	3.247948857742909e-23	3.3744486693833465e-11	1.1013937123650133e-11
479.	0.	2.983895413705379e-23	3.3170595621709376e-11	1.0857638843704578e-11
479.99999999999994	0.	2.7822049905191256e-23	3.2603950287933126e-11	1.0702742581810357e-11
481.	0.	2.5264037660588007e-23	3.2044514757618124e-11	1.0549252155933336e-11
481.99999999999994	0.	2.3318665550490665e-23	3.149225181236049e-11	1.0397170933778797e-11
483.	0.	2.1406262497454827e-23	3.0947122997724737e-11	1.0246501841959863e-11
484.	0.	1.9526768557329332e-23	3.040908866992467e-11	1.0097247375107547e-11
484.99999999999994	0.	1.7680114715214277e-23	2.987810804169926e-11	9.949409604919948e-12
486.	0.	1.6413328267481997e-23	2.9354139227385985e-11	9.802990189148329e-12
486.99999999999994	0.	1.5168456829400953e-23	2.8837139287193933e-11	9.65799038051789e-12
488.	0.	1.394544415759768e-23	2.832706427067656e-11	9.514411035580516e-12
488.99999999999994	0.	1.2744228334875551e-23	2.7823869259410743e-11	9.372252623498471e-12
490.	0.	1.1564741895874322e-23	2.7327508408880447e-11	9.231515234756018e-12
491.	0.	1.0406911952287116e-23	2.6837934989572818e-11	9.092198589797629e-12
491.99999999999994	0.	9.785690922207654e-24	2.635510142728748e-11	8.954302047591193e-12
492.99999999999994	0.	8.665641270383313e-24	2.5878959342663752e-11	8.817824614113807e-12
494.	0.	8.071476271868753e-24	2.5409459589931323e-11	8.682764950759419e-12
495.	0.	7.488123904533429e-24	2.4946552294887208e-11	8.549121382666227e-12
496.	0.	6.915540240548275e-24	2.449018689210538e-11	8.416891906962498e-12
496.99999999999994	0.	6.353678903085322e-24	2.404031216138302e-11	8.286074200929627e-12
497.99999999999994	0.	5.8024911273035854e-24	2.3596876263429723e-11	8.156665630081e-12
499.	0.	5.261925820988209e-24	2.3159826774805207e-11	8.028663256155593e-12
500.	0.	4.7319296248256206e-24	2.2729110722111125e-11	7.902063845025184e-12
500.99999999999994	0.	4.2124469722979784e-24	2.2304674615442916e-11	7.776863874513855e-12
501.99999999999994	0.	4.1663413108181164e-24	2.1886464481108367e-11	7.653059542129279e-12
503.	0.	3.662609677293527e-24	2.147442589361968e-11	7.53064677270465e-12
504.	0.	3.1692342781079875e-24	2.1068504006965284e-11	7.409621225950271e-12
505.	0.	3.1338370159984395e-24	2.0668643585168048e-11	7.289978303914427e-12
505.99999999999994	0.	2.6559488242708096e-24	2.0274789032137217e-11	7.171713158352456e-12
506.99999999999994	0.	2.6258865449231347e-24	1.9886884420821978e-11	7.054820698003643e-12
508.	0.	2.1633115965025635e-24	1.9504873521672758e-11	6.939295595775394e-12
509.	0.	2.138500158703821e-24	1.9128699830417892e-11	6.825132295833854e-12
509.99999999999994	0.	2.1138122736076845e-24	1.875830659516471e-11	6.712325020600913e-12
510.99999999999994	0.	1.6714050058092375e-24	1.8393636842830326e-11	6.600867777657011e-12
512.	0.	1.6518567298688807e-24	1.803463340491253e-11	6.490754366549433e-12
513.	0.	1.6324119661971263e-24	1.7681238942606527e-11	6.38197838550581e-12
514.	0.	1.20980913840138e-24	1.7333395971276976e-11	6.274533238052549e-12
514.9999999999999	0.	1.1953837114733233e-24	1.699104688429243e-11	6.168412139538218e-12
516.	0.	1.1810391384711675e-24	1.6654133976231127e-11	6.063608123561445e-12
517.	0.	1.1667764191873593e-24	1.6322599465466295e-11	5.960114048303542e-12
518.	0.	1.1525965229470449e-24	1.5996385516138197e-11	5.857922602765689e-12
518.9999999999999	0.	7.5900477004632805e-25	1.5675434259522368e-11	5.75702631291045e-12
520.	0.	7.49663453574255e-25	1.5359687814802953e-11	5.657417547708375e-12
521.	0.	7.403791964299896e-25	1.504908830925724e-11	5.55908852508888e-12
522.	0.	7.311525634217817e-25	1.474357789786296e-11	5.4620313177963735e-12
523.	0.	7.219841000572822e-25	1.444309878233384e-11	5.366237859151052e-12
524.	0.	7.128743327186818e-25	1.414759322959447e-11	5.271699948715321e-12
525.	0.	3.5191609924271293e-25	1.3857003589701199e-11	5.178409257865498e-12
526.	0.	3.4742034248186717e-25	1.3571272313218599e-11	5.086357335269377e-12
527.	0.	3.4295469095839698e-25	1.3290341968059856e-11	4.99553561226999e-12
527.9999999999999	0.	3.3851936873171027e-25	1.3014155255799179e-11	4.905935408175729e-12
529.	0.	3.34114590890947e-25	1.2742655027465504e-11	4.8175479354575095e-12
530.	0.	3.2974056364194597e-25	1.247578429882547e-11	4.730364304853008e-12
531.	0.	3.25397484396014e-25	1.2213486265164557e-11	4.6443755303789e-12
532.	0.	3.21085541860329e-25	1.1955704315574577e-11	4.559572534251106e-12
533.	0.	3.168049161298763e-25	1.1702382046756243e-11	4.4759461517138806e-12
534.	0.	3.125557787807838e-25	1.1453463276345178e-11	4.3934871357780685e-12
535.	0.	3.083382929649512e-25	1.1208892055769692e-11	4.31218616186925e-12
536.	0.	3.0415261350586267e-25	1.0968612682649403e-11	4.232033832386338e-12
536.9999999999999	0.	2.9999888699547467e-25	1.0732569712741598e-11	4.153020681170992e-12
538.	0.	2.9587725189208937e-25	1.0500707971445413e-11	4.0751371778887776e-12
539.	0.	2.760888042044774e-30	1.0272972564870595e-11	3.9983737323226065e-12
540.	0.	2.5477450545364082e-30	1.004930889048041e-11	3.9227206985791e-12
540.9999999999999	0.	2.3508673837339297e-30	9.829662647315509e-12	3.8481683792084825e-12
542.	0.	2.169029163774904e-30	9.613979845808112e-12	3.774707029239005e-12
543.	0.	2.001095677057449e-30	9.402206817193665e-12	3.702326860126136e-12
544.	0.	1.8460166768438728e-30	9.19429022252877e-12	3.6310180436178913e-12
545.	0.	1.7028201910415668e-30	8.990177061322495e-12	3.5607707155363995e-12
545.9999999999999	0.	1.5706067731266886e-30	8.789814679789513e-12	3.49157497947692e-12
547.	0.	1.4485441685287638e-30	8.593150778733092e-12	3.4234209104249703e-12
548.	0.	1.335862366998866e-30	8.400133421064934e-12	3.3562985582923016e-12
549.	0.	1.231849013524316e-30	8.21071103896996e-12	3.2901979513725874e-12
549.9999999999999	0.	1.1358451522713844e-30	8.024832440724284e-12	3.2251090997176443e-12
551.	0.	1.0472412798105724e-30	7.842446817172505e-12	3.161021998434945e-12
552.	0.	9.654736855425814e-31	7.663503747873127e-12	3.097926630907463e-12
553.	0.	8.900210587853051e-31	7.487953206918803e-12	3.0358129719363814e-12
554.	0.	8.204013434253703e-31	7.315745568438838e-12	2.974670990807859e-12
554.9999999999999	0.	7.561688223757228e-31	7.14683161179134e-12	2.9144906542844793e-12
556.	0.	6.969114153327059e-31	6.981162526451773e-12	2.8552619295223184e-12
557.	0.	6.422481744875085e-31	6.818689916605666e-12	2.7969747869146436e-12
558.	0.	5.918269639307479e-31	6.659365805451941e-12	2.73961920286298e-12
558.9999999999999	0.	5.453223094970762e-31	6.503142639223627e-12	2.6831851624764282e-12
560.	0.	5.024334067351088e-31	6.3499732909333655e-12	2.6276626622002105e-12
561.	0.	4.62882275561532e-31	6.199811063850177e-12	2.5730417123744142e-12
562.	0.	4.264120509712204e-31	6.052609694713795e-12	2.519312339723621e-12
563.	0.	3.92785399930876e-31	5.9083233566938035e-12	2.4664645897785532e-12
563.9999999999999	0.	3.61783055288102e-31	5.766906662099427e-12	2.414488529230494e-12
565.	0.	3.332024581815721e-31	5.628314664846766e-12	2.363374248219486e-12
566.	0.	3.0685650104687575e-31	5.49250286268962e-12	2.313111862557196e-12
567.	0.	2.825723638786628e-31	5.3594271992202735e-12	2.2636915158853886e-12
567.9999999999999	0.	2.6019043693601953e-31	5.229044065646005e-12	2.2151033817708413e-12
569.	0.	2.3956332356700574e-31	5.101310302347805e-12	2.167337665737701e-12
570.	0.	2.2055491728357053e-31	4.976183200227016e-12	2.120384607238254e-12
571.	0.	2.0303954764037107e-31	4.853620501845721e-12	2.0742344815628598e-12
572.	0.	1.8690118986418624e-31	4.733580402366782e-12	2.0288776016900766e-12
572.9999999999999	0.	1.720327335454058e-31	4.616021550299119e-12	1.9843043200779506e-12
574.	0.	1.5833530604254163e-31	4.500903048053895e-12	1.9405050303972216e-12
575.	0.	1.4571764656553744e-31	4.388184452317034e-12	1.8974701692075164e-12
576.	0.	1.340955271964485e-31	4.277825774243501e-12	1.855190217577318e-12
576.9999999999999	0.	1.2339121737792653e-31	4.169787479478791e-12	1.8136557026487195e-12
578.	0.	1.135329886522452e-31	4.0640304880125126e-12	1.7728571991477689e-12
579.	0.	1.0445465666811721e-31	3.960516173869959e-12	1.73278533084143e-12
580.	0.	9.609515769005278e-32	3.859206364645622e-12	1.6934307719418935e-12
581.	0.	8.839815704718074e-32	3.760063340884693e-12	1.6547842484592874e-12
582.	0.	8.131168714571704e-32	3.663049835316788e-12	1.6168365395035672e-12
583.	0.	7.478781284355335e-32	3.5681290319468513e-12	1.5795784785365555e-12
584.	0.	6.878232214676463e-32	3.4752645650081563e-12	1.5430009545749178e-12
585.	0.	6.325444033769495e-32	3.384420517781641e-12	1.5070949133450532e-12
585.9999999999999	0.	5.816656578337949e-32	3.2955614212865045e-12	1.4718513583906606e-12
587.	0.	5.348402580197133e-32	3.2086522528462527e-12	1.4372613521339225e-12
588.	0.	4.917485108443828e-32	3.1236584345346734e-12	1.4033160168911717e-12
589.	0.	4.5209567279845666e-32	3.040545831506032e-12	1.3700065358438125e-12
589.9999999999999	0.	4.1561002455293353e-32	2.959280750213732e-12	1.337324153965417e-12
591.	0.	3.8204109237108226e-32	2.8798299365212937e-12	1.3052601789057998e-12
592.	0.	3.5115800528232565e-32	2.8021605737101833e-12	1.2738059818329445e-12
593.	0.	3.2274797778825346e-32	2.7262402803879714e-12	1.2429529982335544e-12
594.	0.	2.9661490863087474e-32	2.6520371083009453e-12	1.2126927286730603e-12
594.9999999999999	0.	2.725780868572324e-32	2.579519540054893e-12	1.1830167395159562e-12
596.	0.	2.504709970682018e-32	2.5086564867479215e-12	1.1539166636071892e-12
597.	0.	2.301402163434331e-32	2.439417285518675e-12	1.1253842009154472e-12
598.	0.	2.1144439589557221e-32	2.3717716970137405e-12	1.0974111191390904e-12
598.9999999999999	0.	1.9425332102603362e-32	2.3056899027777577e-12	1.0699892542756303e-12
600.	0.	1.784470434355301e-32	2.2411425025693645e-12	1.0431105111553413e-12
601.	0.	1.6391508038832177e-32	2.1781005116066155e-12	1.0167668639399443e-12
602.	0.	1.5055567564192248e-32	2.116535357745059e-12	9.90950356587038e-13
603.	0.	1.382751174359302e-32	2.056418878591405e-12	9.65653103281024e-13
603.9999999999999	0.	1.2698710918784466e-32	1.9977233185564666e-12	9.408672888313537e-13
605.	0.	1.1661218887113978e-32	1.9404213258496565e-12	9.165851690386691e-13
606.	0.	1.0707719335444491e-32	1.8844859494187003e-12	8.927990710297747e-13
607.	0.	9.831476426125718e-33	1.829890635837125e-12	8.695013935619846e-13
607.9999999999999	0.	9.026289216971666e-33	1.7766092261424303e-12	8.466846072976755e-13
609.	0.	8.286449621238285e-33	1.7246159526275308e-12	8.243412550496066e-13
610.	0.	7.606703635868527e-33	1.6738854355886377e-12	8.024639519979063e-13
611.	0.	6.982215586855864e-33	1.624392680031639e-12	7.810453858792095e-13
612.	0.	6.40853515965103e-33	1.5761130723400531e-12	7.600783171487651e-13
612.9999999999999	0.	5.8815670001521964e-33	1.5290223769065338e-12	7.395555791160563e-13
614.	0.	5.3975426881465186e-33	1.4830967327309822e-12	7.194700780547434e-13
615.	0.	4.9529949001390975e-33	1.438312649987055e-12	6.998147932874446e-13
616.	0.	4.544733592472908e-33	1.394647006559822e-12	6.805827772460781e-13
616.9999999999999	0.	4.1698240485351335e-33	1.3520770445565265e-12	6.617671555083654e-13
618.	0.	3.825566645785742e-33	1.3105803667928398e-12	6.433611268111105e-13
619.	0.	3.5094782093698096e-33	1.2701349332566693e-12	6.253579630409494e-13
620.	0.	3.219274829278699e-33	1.2307190575515589e-12	6.077510092030422e-13
621.	0.	2.9528560274484313e-33	1.1923114033218186e-12	5.905336833684605e-13
621.9999999999999	0.	2.7082901699071247e-33	1.154890980661167e-12	5.736994766007059e-13
623.	0.	2.4838010271268297e-33	1.1184371425070278e-12	5.572419528620935e-13
624.	0.	2.2777553931937078e-33	1.0829295810221041e-12	5.411547489004436e-13
625.	0.	2.0886516812740478e-33	1.048348323965221e-12	5.254315741167339e-13
625.9999999999999	0.	1.9151094192250944e-33	1.0146737310530572e-12	5.100662104142431e-13
627.	0.	1.755859575059802e-33	9.818864903144838e-13	4.950525120296693e-13
628.	0.	1.6097356474098792e-33	9.499676144392648e-13	4.803844053468981e-13
629.	0.	1.4756654611357329e-33	9.188984371225618e-13	4.660558886938233e-13
629.9999999999999	0.	1.3526636128674796e-33	8.886606094069067e-13	4.520610321227956e-13
630.9999999999999	0.	1.2398245155315376e-33	8.592360960230238e-13	4.383939771752047e-13
632.	0.	1.136315994869792e-33	8.306071717311334e-13	4.2504893663072464e-13
633.	0.	1.0413733946012693e-33	8.027564176639736e-13	4.120201942416717e-13
634.	0.	9.54294150244966e-34	7.756667176729493e-13	3.9930210445299044e-13
634.9999999999999	0.	8.744327947299623e-34	7.493212546787976e-13	3.868890921083554e-13
636.	0.	8.011963617874176e-34	7.237035070279277e-13	3.7477565214282734e-13
637.	0.	7.340401557697754e-34	6.987972448557629e-13	3.629563492625817e-13
638.	0.	6.724638589856946e-34	6.745865264582095e-13	3.5142581761209105e-13
638.9999999999999	0.	6.160079498954304e-34	6.510556946724416e-13	3.4017876042927846e-13
640.	0.	5.642504075957711e-34	6.281893732680409e-13	3.2920994968902814e-13
641.	0.	5.1680367994263015e-34	6.059724633496671e-13	3.185142257355253e-13
642.	0.	4.733118944339126e-34	5.843901397721735e-13	3.0808649690381965e-13
643.	0.	4.3344829261078905e-34	5.634278475692388e-13	2.9792173913102493e-13
643.9999999999999	0.	3.9691287024390645e-34	5.430712983964156e-13	2.8801499555760164e-13
645.	0.	3.6343020696409157e-34	5.233064669895178e-13	2.783613761190586e-13
646.	0.	3.3274747028013055e-34	5.041195876393215e-13	2.6895605712854027e-13
647.	0.	3.046325801112042e-34	4.854971506832288e-13	2.59794280850609e-13
647.9999999999999	0.	2.7887252105297964e-34	4.674258990149122e-13	2.5087135506664533e-13
649.	0.	2.5527179060400794e-34	4.4989282461257345e-13	2.4218265263224007e-13
650.	0.	2.33650972507309e-34	4.3288516508667937e-13	2.3372361102690276e-13
651.	0.	2.1384542521834564e-34	4.1639040024775214e-13	2.254897318964684e-13
652.	0.	1.9570407629994747e-34	4.003962486950151e-13	2.1747658058855083e-13
652.9999999999999	0.	1.7908831427192662e-34	3.848906644264948e-13	2.0967978568135833e-13
654.	0.	1.6387097011457422e-34	3.69861833471214e-13	2.0209503850624417e-13
655.	0.	1.4993538124259047e-34	3.5529817054403455e-13	1.9471809266426924e-13
656.	0.	1.3717453133625509e-34	3.4118831572378893e-13	1.8754476353713818e-13
656.9999999999999	0.	1.2549025994125745e-34	3.2752113115515685e-13	1.8057092779280074e-13
658.	0.	1.1479253623274181e-34	3.1428569777483054e-13	1.7379252288601363e-13
659.	0.	1.0499879178444048e-34	3.014713120625042e-13	1.6720554655419267e-13
660.	0.	9.603330759479188e-35	2.890674828170281e-13	1.6080605630881335e-13
661.	0.	8.782665100000417e-35	2.770639279582878e-13	1.545901689226667e-13
661.9999999999999	0.	8.031515845250498e-35	2.654505713551205e-13	1.4855405991324046e-13
663.	0.	7.344046046449902e-35	2.5421753967971123e-13	1.4269396302249518e-13
664.	0.	6.714904531150057e-35	2.4335515928880486e-13	1.370061696933115e-13
665.	0.	6.139185836337001e-35	2.328539531320812e-13	1.3148702854285907e-13
665.9999999999999	0.	5.6123934160869e-35	2.2270463768800933e-13	1.261329448331463e-13
667.	0.	5.130405858668771e-35	2.1289811992745417e-13	1.209403799389808e-13
668.	0.	4.6894458692405196e-35	2.0342549430538395e-13	1.1590585081362567e-13
669.	0.	4.2860517938455693e-35	1.94278039780819e-13	1.1102592945232682e-13
670.	0.	3.9170514784534775e-35	1.854472168653559e-13	1.0629724235399194e-13
670.9999999999999	0.	3.579538273337675e-35	1.7692466470042996e-13	1.0171646998121592e-13
672.	0.	3.2708490083686853e-35	1.6870219816354182e-13	9.728034621888489e-14
673.	0.	2.988543778838471e-35	1.6077180500360127e-13	9.298565783156562e-14
674.	0.	2.7303873943599887e-35	1.5312564300554793e-13	8.882924391988112e-14
674.9999999999999	0.	2.494332355277753e-35	1.4575603718444252e-13	8.480799537609323e-14
676.	0.	2.278503231974287e-35	1.3865547700907923e-13	8.091885433906534e-14
677.	0.	2.0811823325230067e-35	1.318166136552973e-13	7.715881364881232e-14
678.	0.	1.9007965534078072e-35	1.2523225728905103e-13	7.35249163008204e-14
678.9999999999999	0.	1.7359053165467477e-35	1.1889537437932256e-13	7.001425490030584e-14
679.9999999999999	0.	1.5851895036977602e-35	1.1279908504095389e-13	6.662397111660679e-14
681.	0.	1.447441306537809e-35	1.0693666040745225e-13	6.335125513786801e-14
682.	0.	1.321554917333821e-35	1.0130152003377925e-13	6.019334512617832e-14
683.	0.	1.206517991225024e-35	9.588722932918783e-14	5.714752667334089e-14
683.9999999999999	0.	1.1014038167434767e-35	9.068749702008374e-14	5.421113225741008e-14
685.	0.	1.0053641363547384e-35	8.56961726429229e-14	5.138154070016038e-14
686.	0.	9.176225635446069e-36	8.090724406714854e-14	4.865617662563515e-14
687.	0.	8.374685473318288e-36	7.631483504811003e-14	4.603250991990826e-14
687.9999999999999	0.	7.642518390978334e-36	7.191320280995581e-14	4.3508055192203983e-14
688.9999999999999	0.	6.973774203042741e-36	6.769673565843211e-14	4.108037123750601e-14
690.	0.	6.36300853056317e-36	6.365995062354967e-14	3.874706050078707e-14
691.	0.	5.80524018579343e-36	5.979749113203426e-14	3.6505768542982836e-14
692.	0.	5.295912115371486e-36	5.610412470948509e-14	3.435418350882937e-14
692.9999999999999	0.	4.830855607459088e-36	5.257474071217139e-14	3.229003559668694e-14
694.	0.	4.406257492534654e-36	4.920434808833837e-14	3.0311096530456203e-14
695.	0.	4.01863008970412e-36	4.5988073168958596e-14	2.841517903370316e-14
696.	0.	3.66478367078293e-36	4.29211574877746e-14	2.6600136306091757e-14
696.9999999999999	0.	3.341801233113372e-36	3.999895563054173e-14	2.486386150223e-14
698.	0.	3.0470153892867976e-36	3.7216933113322855e-14	2.3204287213026147e-14
699.	0.	2.7779871977239802e-36	3.457066428970996e-14	2.161938494964854e-14
700.	0.	2.5324867725822154e-36	3.2055830286826106e-14	2.0107164630183224e-14
701.	0.	2.308475524774639e-36	2.966821696994943e-14	1.8665674069072538e-14
701.9999999999999	0.	2.1040898981219326e-36	2.7403712935609805e-14	1.729299846941924e-14
703.	0.	1.9176264758892643e-36	2.525830753299352e-14	1.5987259918240005e-14
704.	0.	1.7475283432774607e-36	2.3228088913485523e-14	1.4746616884742856e-14
705.	0.	1.592372600902837e-36	2.1309242108169845e-14	1.3569263721703447e-14
705.9999999999999	0.	1.4508589329949239e-36	1.9498047133114778e-14	1.245343017000986e-14
707.	0.	1.3217991420204537e-36	1.7790877122250878e-14	1.1397380866446731e-14
708.	0.	1.2041075687660214e-36	1.6184196487652795e-14	1.0399414854780904e-14
709.	0.	1.0967923236337244e-36	1.4674559107029885e-14	9.45786510021183e-15
710.	0.	9.989472610730304e-37	1.3258606538224374e-14	8.571098007245286e-15
710.9999999999999	0.	9.097446347350356e-37	1.193306626051275e-14	7.737512941047486e-15
712.	0.	8.28428376127832e-37	1.06947499425019e-14	6.955541752331653e-15
713.	0.	7.543079443194246e-37	9.540551736409247e-15	6.223648305829219e-15
714.	0.	6.867526986082171e-37	8.467446598507655e-15	5.540328012393227e-15
714.9999999999999	0.	6.251867500905957e-37	7.472488635520373e-15	4.90410736477971e-15
716.	0.	5.690842517379687e-37	6.55280947673848e-15	4.313543477148821e-15
717.	0.	5.1796508996948675e-37	5.705616671641303e-15	3.767223628328903e-15
718.	0.	4.713909438027836e-37	4.928192112786707e-15	3.26376480887936e-15
719.	0.	4.289616805052372e-37	4.217890483743003e-15	2.8018132719884007e-15
719.9999999999999	0.	3.9031205927151104e-37	3.572137731829703e-15	2.3800440882410784e-15
721.	0.	3.551087168411071e-37	2.988429565429889e-15	1.997160704285815e-15
722.	0.	3.230474111588013e-37	2.464329975639081e-15	1.65189450543146e-15
723.	0.	2.938505011882689e-37	1.997469782010534e-15	1.3430043822002679e-15
723.9999999999999	0.	2.6726464282900637e-37	1.5855452021549777e-15	1.0692763008614605e-15
725.	0.	2.4305868257402008e-37	1.2263164449536335e-15	8.295228779688461e-16
726.	0.	2.2102173209153677e-37	9.176063271407023e-16	6.225829589235695e-16
727.	0.	2.0096140833144984e-37	6.572989130089939e-16	4.473212005799168e-16
727.9999999999999	0.	1.827022250559658e-37	4.433381769935747e-16	3.026276579120546e-16
728.9999999999999	0.	1.660841228845538e-37	2.7372668888542367e-16	1.874173747564141e-16
730.	0.	1.5096112603328476e-37	1.4652432142783313e-16	1.0062997864348302e-16
731.	0.	1.37200114929e-37	5.984698004598438e-17	4.122927973030434e-17
732.	0.	1.2467970479365076e-37	1.1865354460971381e-17	8.202873843903076e-18
732.9999999999999	0.	1.1328922113358315e-37	8.036919381719809e-19	5.617496438163799e-19
734.	0.	1.029277638366241e-37	2.4938591920030112e-17	1.7339899910513093e-17
735.	0.	9.350335228403579e-38	8.259782179284762e-17	5.759393696481363e-17
736.	0.	8.493214452895542e-38	1.7215915353723209e-16	1.204027122219824e-16
736.9999999999999	0.	7.713772418355464e-38	2.920492210115922e-16	2.0486693988251467e-16
737.9999999999999	0.	7.005044919791382e-38	4.4074239761893873e-16	3.1010882476074134e-16
739.	0.	6.360685720871373e-38	6.167596941059107e-16	4.3527169424988953e-16
740.	0.	5.774912258932938e-38	8.186676762454318e-16	5.795196344224092e-16
741.	0.	5.242456074808894e-38	1.0450774021525404e-15	7.420371302615161e-16
741.9999999999999	0.	4.758517560141367e-38	1.2946433789854407e-15	9.220287100199769e-16
743.	0.	4.3187246496599603e-38	1.5660625387828363e-15	1.1187185936998667e-15
744.	0.	3.9190951177370145e-38	1.8580732331899737e-15	1.3313503456462853e-15
745.	0.	3.5560021676892584e-38	2.1694542468270017e-15	1.5591865312473098e-15
745.9999999999999	0.	3.226143028974149e-38	2.499023829052663e-15	1.8015083777302325e-15
746.9999999999999	0.	2.9265103018363275e-38	2.8456387438799777e-15	2.0576154390446134e-15
748.	0.	2.6543658113095537e-38	3.2081933377967572e-15	2.326825264819371e-15
749.	0.	2.4072167529166605e-38	3.5856186252506885e-15	2.608473073382649e-15
750.	0.	2.1827939311133133e-38	3.976881391556036e-15	2.901911428830985e-15
750.9999999999999	0.	1.9790319086385018e-38	4.380983312979612e-15	3.206509922132272e-15
752.	0.	1.794050900575167e-38	4.796960093768751e-15	3.521654856248521e-15
753.	0.	1.6261402612570522e-38	5.223880619881283e-15	3.8467489352616074e-15
754.	0.	1.473743425241209e-38	5.660846129181219e-15	4.181210957484892e-15
754.9999999999999	0.	1.335444175550614e-38	6.106989397864039e-15	4.5244755125432904e-15
756.	0.	1.2099541233377015e-38	6.561473942878118e-15	4.875992682402964e-15
757.	0.	1.0961012931432147e-38	7.0234932401084615e-15	5.235227746330526e-15
758.	0.	9.928197170723201e-39	7.492269958094058e-15	5.6016608897632836e-15
759.	0.	8.991399495932244e-39	7.967055207045646e-15	5.974786917067991e-15
759.9999999999999	0.	8.14180422307216e-39	8.447127802939229e-15	6.354114968167168e-15
761.	0.	7.37139565045426e-39	8.931793546457742e-15	6.739168239011486e-15
762.	0.	6.672886260368984e-39	9.420384516556237e-15	7.129483705874456e-15
763.	0.	6.039651297401927e-39	9.912258378428241e-15	7.524611853446155e-15
763.9999999999999	0.	5.4656691627321525e-39	1.0406797705652683e-14	7.924116406703317e-15
765.	0.	4.945467112563463e-39	1.0903409316299439e-14	8.327574066529003e-15
766.	0.	4.474071793468717e-39	1.1401523622782668e-14	8.734574249059363e-15
767.	0.	4.0469641881488854e-39	1.1900593995236404e-14	9.144718828729172e-15
768.	0.	3.6600385823917e-39	1.2400096138209344e-14	9.557621884993221e-15
768.9999999999999	0.	3.309565197974179e-39	1.2899527480459159e-14	9.972909452694816e-15
770.	0.	2.9921561673780325e-39	1.3398406577642571e-14	1.0390219276054827e-14
771.	0.	2.7047345545247766e-39	1.3896272527687738e-14	1.080920056625576e-14
772.	0.	2.444506151679884e-39	1.4392684398646465e-14	1.1229513762589525e-14
772.9999999999999	0.	2.208933806335533e-39	1.488722066882482e-14	1.1650830297146111e-14
774.	0.	1.9957140534955318e-39	1.5379478678982577e-14	1.2072832363009177e-14
775.	0.	1.8027558485257953e-39	1.5869074096410732e-14	1.2495212685933937e-14
776.	0.	1.628161213736646e-39	1.6355640390683346e-14	1.2917674299476945e-14
776.9999999999999	0.	1.4702076283332016e-39	1.68388283208896e-14	1.3339930323546808e-14
777.9999999999999	0.	1.3273320063588955e-39	1.7318305434154394e-14	1.3761703746350896e-14
779.	0.	1.1981161209824288e-39	1.7793755575252106e-14	1.4182727209701683e-14
780.	0.	1.0812733459725101e-39	1.8264878407127293e-14	1.4602742797658343e-14
781.	0.	9.756365966207545e-40	1.873138894213608e-14	1.5021501828470772e-14
781.9999999999999	0.	8.801473627951614e-40	1.919301708381566e-14	1.5438764649795652e-14
783.	0.	7.938457362982323e-40	1.9649507179010564e-14	1.5854300437154748e-14
784.	0.	7.1586134338158695e-40	2.0100617580160792e-14	1.6267886995602313e-14
785.	0.	6.454051011797942e-40	2.0546120217587095e-14	1.6679310564575203e-14
785.9999999999999	0.	5.817617240293091e-40	2.098580018158526e-14	1.708836562588918e-14
786.9999999999999	0.	5.242829122333824e-40	2.1419455314158503e-14	1.7494854714854367e-14
788.	0.	4.7238116182469635e-40	2.184689581022079e-14	1.7898588234475774e-14
789.	0.	4.255241393555672e-40	2.2267943828088942e-14	1.829938427270943e-14
790.	0.	3.832295707317259e-40	2.2682433109108953e-14	1.8697068422741607e-14
790.9999999999999	0.	3.4506059766235396e-40	2.3090208606235368e-14	1.9091473606258993e-14
792.	0.	3.1062155943880908e-40	2.3491126121415834e-14	1.9482439899680296e-14
793.	0.	2.7955416154312575e-40	2.3885051951603132e-14	1.9869814363314172e-14
794.	0.	2.515339960300711e-40	2.4271862543247326e-14	2.0253450873416176e-14
794.9999999999999	0.	2.2626738176894195e-40	2.4651444155099782e-14	2.0633209957108215e-14
795.9999999999999	0.	2.0348849549492683e-40	2.5023692529183125e-14	2.1008958630133762e-14
797.	0.	1.8295676722777733e-40	2.538851256976446e-14	2.1380570237411928e-14
798.	0.	1.6445451599323966e-40	2.5745818030186595e-14	2.1747924296363083e-14
799.	0.	1.477848039472023e-40	2.6095531207405808e-14	2.2110906342972208e-14
799.9999999999999	0.	1.32769488977249e-40	2.6437582644085225e-14	2.246940778055769e-14
801.	0.	1.1924745765134165e-40	2.6771910838104448e-14	2.282332573121643e-14
802.	0.	1.0707302202138014e-40	2.7098461959336415e-14	2.3172562889910466e-14
803.	0.	9.611446527960515e-41	2.7417189573555586e-14	2.3517027381167387e-14
803.9999999999999	0.	8.625272262323566e-41	2.7728054373330044e-14	2.3856632618359017e-14
804.9999999999999	0.	7.73801849183087e-41	2.8031023915767127e-14	2.4191297165530618e-14
806.	0.	6.939961387964493e-41	2.8326072366980956e-14	2.4520944601747162e-14
807.	0.	6.222315850702034e-41	2.8613180253130286e-14	2.4845503387926144e-14
808.	0.	5.577146345179061e-41	2.8892334217916135e-14	2.5164906736125993e-14
808.9999999999999	0.	4.9972860834459e-41	2.916352678639816e-14	2.5479092481259926e-14
810.	0.	4.476263780837691e-41	2.9426756135006915e-14	2.578800295520255e-14
811.	0.	4.008237286577561e-41	2.9682025867619226e-14	2.6091584863259375e-14
812.	0.	3.5879334522511384e-41	2.992934479758249e-14	2.638978916297025e-14
812.9999999999999	0.	3.2105936599446073e-41	3.016872673555396e-14	2.6682570945213705e-14
814.	0.	2.8719244847520597e-41	3.0400190283060344e-14	2.6969889317584093e-14
815.	0.	2.568053014494793e-41	3.062375863161305e-14	2.725170729000937e-14
816.	0.	2.295486393255931e-41	3.0839459367319494e-14	2.7527991662581865e-14
816.9999999999999	0.	2.0510751951464837e-41	3.104732428082766e-14	2.7798712915570486e-14
817.9999999999999	0.	1.831980270920597e-41	3.1247389182524487e-14	2.806384510158453e-14
819.	0.	1.6356427429469236e-41	3.1439693722851677e-14	2.832336573986232e-14
820.	0.	1.4597568539633308e-41	3.162428121765465e-14	2.85772557126509e-14
821.	0.	1.3022454022455817e-41	3.1801198478435436e-14	2.88254991636537e-14
821.9999999999999	0.	1.1612375205007418e-41	3.197049564741971e-14	2.906808339850963e-14
823.	0.	1.0350485782853306e-41	3.213222603731991e-14	2.9304998787282364e-14
824.	0.	9.221620081331452e-42	3.2286445975712244e-14	2.9536238668926875e-14
825.	0.	8.212128741190244e-42	3.2433214653899813e-14	2.976179925770565e-14
825.9999999999999	0.	7.309730184300695e-42	3.257259398019047e-14	2.998167955152744e-14
826.9999999999999	0.	6.50337636803937e-42	3.2704648437476754e-14	3.019588124217951e-14
828.	0.	5.783131475936822e-42	3.2829444945019843e-14	3.0404408627425945e-14
829.	0.	5.140062318287567e-42	3.29470527243614e-14	3.060726852494716e-14
830.	0.	4.5661393309424675e-42	3.30575431692474e-14	3.080447018808613e-14
830.9999999999999	0.	4.054147164520563e-42	3.3160989719489676e-14	3.0996025223383784e-14
832.	0.	3.5976039507111165e-42	3.3257467738678835e-14	3.118194750987035e-14
833.	0.	3.190688417833351e-42	3.334705439564313e-14	3.1362253120085825e-14
834.	0.	2.828174105830056e-42	3.3429828549582096e-14	3.153696024280886e-14
834.9999999999999	0.	2.505370001144697e-42	3.350587063878998e-14	3.170608910746017e-14
835.9999999999999	0.	2.218066976165989e-42	3.3575262572877133e-14	3.186966191016079e-14
837.	0.	1.9624894758000396e-42	3.36380876284174e-14	3.2027702741416817e-14
838.	0.	1.7352519465367377e-42	3.369443034793624e-14	3.2180237515404756e-14
839.	0.	1.5333195510040165e-42	3.3744376442163723e-14	3.232729390083431e-14
839.9999999999999	0.	1.3539727544378248e-42	3.378801269546935e-14	3.246890125335985e-14
841.	0.	1.1947754086244999e-42	3.382542687441612e-14	3.2605090549520506e-14
842.	0.	1.0535459945910069e-42	3.385670763933592e-14	3.2735894322181745e-14
843.	0.	9.28331717464033e-43	3.3881944458889306e-14	3.286134659745312e-14
843.9999999999999	0.	8.17385176234558e-43	3.3901227527497996e-14	3.298148283306114e-14
844.9999999999999	0.	7.191433576053824e-43	3.391464768561153e-14	3.309633985815016e-14
846.	0.	6.322087271180835e-43	3.3922296342721244e-14	3.320595581449169e-14
847.	0.	5.5533221249081495e-43	3.392426540305457e-14	3.331037009907322e-14
848.	0.	4.873978937764615e-43	3.392064719390672e-14	3.340962330805063e-14
848.9999999999999	0.	4.2740923278862495e-43	3.391153439649712e-14	3.350375718203444e-14
850.	0.	3.744766903919117e-43	3.389701997935054e-14	3.359281455269225e-14
851.	0.	3.27806594834803e-43	3.387719713406768e-14	3.367683929064132e-14
852.	0.	2.8669113757266144e-43	3.38521592134987e-14	3.375587625461449e-14
852.9999999999999	0.	2.504993849576303e-43	3.3821999672198135e-14	3.382997124186978e-14
853.9999999999999	0.	2.1866920502942415e-43	3.378681200913177e-14	3.389917093982941e-14
855.	0.	1.9070001841926065e-43	3.3746689712582e-14	3.396352287892432e-14
856.	0.	1.6614629125589822e-43	3.370172620717314e-14	3.402307538661959e-14
857.	0.	1.446116959656089e-43	3.365201480298461e-14	3.4077877542607304e-14
857.9999999999999	0.	1.2574387310594147e-43	3.359764864668258e-14	3.4127979135137155e-14
859.	0.	1.0922973392773269e-43	3.353872067461592e-14	3.4173430618474727e-14
860.	0.	9.479124927672573e-44	3.347532356784045e-14	3.421428307145597e-14
861.	0.	8.21816757971863e-44	3.340754970899537e-14	3.425058815712922e-14
861.9999999999999	0.	7.118217523190978e-44	3.3335491141014223e-14	3.4282398083454855e-14
863.	0.	6.159878698574783e-44	3.325923952758103e-14	3.430976556505309e-14
864.	0.	5.325971805571953e-44	3.3178886115323534e-14	3.4332743785970635e-14
865.	0.	4.601291799803099e-44	3.30945216976725e-14	3.43513863634561e-14
865.9999999999999	0.	3.9723909815192704e-44	3.300623658033577e-14	3.436574731272052e-14
866.9999999999999	0.	3.427385054668442e-44	3.291412054837246e-14	3.437588101266509e-14
868.	0.	2.955779797054287e-44	3.2818262834793615e-14	3.43818421725594e-14
869.	0.	2.5483162177805126e-44	3.2718752090648514e-14	3.438368579965141e-14
870.	0.	2.1968322921960365e-44	3.2615676356583917e-14	3.4381467167690815e-14
870.9999999999999	0.	1.8941395560943654e-44	3.2509123035783714e-14	3.437524178634985e-14
872.	0.	1.633913014484625e-44	3.239917886830795e-14	3.4365065371522066e-14
873.	0.	1.410592976530632e-44	3.2285929906738587e-14	3.4350993816483764e-14
874.	0.	1.2192975687612617e-44	3.216946149313428e-14	3.43330831639024e-14
874.9999999999999	0.	1.055744805832506e-44	3.2049858237216634e-14	3.431138957867016e-14
875.9999999999999	0.	9.161832121031103e-45	3.192720399579284e-14	3.428596932155347e-14
877.	0.	7.973300902914755e-45	3.1801581853355245e-14	3.4256878723637745e-14
878.	0.	6.963166262064906e-45	3.16730741038137e-14	3.4224174161551435e-14
879.	0.	6.106391016459079e-45	3.154176223334809e-14	3.41879120334556e-14
879.9999999999999	0.	5.381155629621169e-45	3.140772690433137e-14	3.414814873578411e-14
881.	0.	4.768473599334678e-45	3.127104794030267e-14	3.410494064071472e-14
882.	0.	4.25185030542841e-45	3.113180431194378e-14	3.40583440743636e-14
883.	0.	3.816980617050019e-45	3.0990074124041816e-14	3.400841529567845e-14
883.9999999999999	0.	3.451481050531339e-45	3.084593460338789e-14	3.395521047602719e-14
884.9999999999999	0.	3.144652710715498e-45	3.069946208761594e-14	3.389878567945792e-14
886.	0.	2.8872716429132676e-45	3.0550732014902656e-14	3.3839196843621266e-14
887.	0.	2.6714035804190883e-45	3.0399818914551284e-14	3.3776499761340276e-14
888.	0.	2.490240389146476e-45	3.0246796398394605e-14	3.371075006281336e-14
888.9999999999999	0.	2.33795580015224e-45	3.00917371530054e-14	3.364200319843713e-14
890.	0.	2.2095782756506897e-45	2.9934712932692856e-14	3.357031442223618e-14
891.	0.	2.1008790858448543e-45	2.977579455322789e-14	3.349573877588599e-14
892.	0.	2.008273880101223e-45	2.961505188632483e-14	3.3418331073316715e-14
892.9999999999999	0.	1.9287362213130904e-45	2.945255385480539e-14	3.333814588588487e-14
893.9999999999999	0.	1.859721718215667e-45	2.9288368428439746e-14	3.325523752809974e-14
895.	0.	1.7991015388067558e-45	2.9122562620453566e-14	3.316966004389356e-14
896.	0.	1.745104221256508e-45	2.89552024846516e-14	3.308146719342273e-14
897.	0.	1.696264817736532e-45	2.878635311316201e-14	3.299071244038688e-14
897.9999999999999	0.	1.6513805125321748e-45	2.861607863475201e-14	3.289744893985677e-14
899.	0.	1.6094719516969025e-45	2.8444442213724796e-14	3.280172952659576e-14
900.	0.	1.569749606015657e-45	2.827150604934605e-14	3.270360670386792e-14
901.	0.	1.5315845650923322e-45	2.8097331375805414e-14	3.2603132632717797e-14
901.9999999999999	0.	1.4944832283796745e-45	2.7921978462669877e-14	3.250035912171354e-14
902.9999999999999	0.	1.4580654193090983e-45	2.7745506615831693e-14	3.2395337617138527e-14
904.	0.	1.4220455027430625e-45	2.7567974178917192e-14	3.228811919362748e-14
905.	0.	1.3862161339606925e-45	2.7389438535144593e-14	3.2178754545230553e-14
906.	0.	1.3504343104254808e-45	2.720995610960631e-14	3.2067293976897575e-14
906.9999999999999	0.	1.3146094357104999e-45	2.7029582371974292e-14	3.195378739637257e-14
908.	0.	1.2786931387534642e-45	2.684837183958317e-14	3.18382843064881e-14
909.	0.	1.2426706221064452e-45	2.666637808091373e-14	3.172083379784956e-14
910.	0.	1.206553339483187e-45	2.6483653719416495e-14	3.160148454190062e-14
910.9999999999999	0.	1.1703728268585177e-45	2.6300250437707846e-14	3.148028478435858e-14
911.9999999999999	0.	1.1341755325314797e-45	2.6116218982063754e-14	3.135728233901262e-14
913.	0.	1.0980185103097918e-45	2.5931609167267217e-14	3.1232524581875494e-14
914.	0.	1.0619658566978741e-45	2.574646988173918e-14	3.110605844567693e-14
914.9999999999999	0.	1.0260857876158715e-45	2.5560849092949965e-14	3.097793041469306e-14
915.9999999999999	0.	9.904482632955982e-46	2.537479385312946e-14	3.0848186519903804e-14
917.	0.	9.551230815101574e-46	2.5188350305223015e-14	3.0716872334465805e-14
918.	0.	9.201783694802847e-46	2.5001563689097343e-14	3.0584032969496125e-14
919.	0.	8.856794137851463e-46	2.4814478347984805e-14	3.044971307015826e-14
919.9999999999999	0.	8.516877755799984e-46	2.4627137735162644e-14	3.031395681203893e-14
921.	0.	8.182606453284925e-46	2.443958442082894e-14	3.017680789781425e-14
922.	0.	7.85450397487365e-46	2.4251860099185347e-14	3.0038309554189735e-14
923.	0.	7.533043109019969e-46	2.406400559572354e-14	2.9898504529114444e-14
923.9999999999999	0.	7.218644254750522e-46	2.3876060874669333e-14	2.975743508925427e-14
924.9999999999999	0.	6.911675097751589e-46	2.3688065046607432e-14	2.961514301772416e-14
926.	0.	6.61245117907992e-46	2.3500056376278126e-14	2.9471669612066324e-14
927.	0.	6.3212371715064866e-46	2.3312072290494917e-14	2.932705568247076e-14
928.	0.	6.038248706192296e-46	2.3124149386222e-14	2.9181341550229857e-14
928.9999999999999	0.	5.763654616408526e-46	2.2936323438784874e-14	2.9034567046422005e-14
930.	0.	5.497579486208648e-46	2.274862941018012e-14	2.888677151081454e-14
931.	0.	5.240106410032679e-46	2.2561101457537262e-14	2.8737993790982166e-14
932.	0.	4.991279884959594e-46	2.2373772941637447e-14	2.858827224163361e-14
932.9999999999999	0.	4.751108771147628e-46	2.218667643556669e-14	2.843764472414049e-14
933.9999999999999	0.	4.5195692673679804e-46	2.1999843733439966e-14	2.8286148606261556e-14
935.	0.	4.296607859021228e-46	2.181330585921405e-14	2.8133820762056815e-14
936.	0.	4.082144204301244e-46	2.162709307556327e-14	2.7980697571987147e-14
937.	0.	3.87607393175825e-46	2.1441234892838156e-14	2.7826814923188846e-14
937.9999999999999	0.	3.6782713286301844e-46	2.1255760078062664e-14	2.7672208209925215e-14
939.	0.	3.488591904690581e-46	2.107069666400962e-14	2.7516912334201648e-14
940.	0.	3.3068748207102192e-46	2.0886071958298004e-14	2.7360961706544302e-14
941.	0.	3.1329451744854297e-46	2.0701912552554383e-14	2.7204390246933884e-14
941.9999999999999	0.	2.9666161403440542e-46	2.0518244331580754e-14	2.7047231385892768e-14
942.9999999999999	0.	2.807690960695741e-46	2.033509248257652e-14	2.6889518065715402e-14
944.	0.	2.6559647901932916e-46	2.015248150437911e-14	2.6731282741842438e-14
945.	0.	2.511226394831724e-46	1.9970435216700412e-14	2.657255738436949e-14
946.	0.	2.3732597095697343e-46	1.978897676940572e-14	2.6413373479688242e-14
946.9999999999999	0.	2.2418452591552513e-46	1.9608128651779518e-14	2.6253762032255342e-14
948.	0.	2.116761447585686e-46	1.942791270180354e-14	2.6093753566480172e-14
949.	0.	1.9977857222488682e-46	1.9248350115428447e-14	2.5933378128734745e-14
950.	0.	1.8846956191626606e-46	1.9069461455841473e-14	2.5772665289475147e-14
950.9999999999999	0.	1.7772696960010057e-46	1.8891266662716523e-14	2.5611644145471585e-14
951.9999999999999	0.	1.6752883597133069e-46	1.8713785061461652e-14	2.5450343322144837e-14
953.	0.	1.5785345955837894e-46	1.8537035372442337e-14	2.5288790976002424e-14
954.	0.	1.4867946044937564e-46	1.836103572017317e-14	2.5127014797174004e-14
954.9999999999999	0.	1.3998583550725472e-46	1.8185803642487866e-14	2.496504201203616e-14
955.9999999999999	0.	1.3175200571919365e-46	1.8011356099698216e-14	2.4802899385931143e-14
957.	0.	1.2395785630921977e-46	1.783770948368616e-14	2.464061322596716e-14
958.	0.	1.1658377021462652e-46	1.7664879626985113e-14	2.4478209383902395e-14
959.	0.	1.096106555012298e-46	1.7492881811813238e-14	2.431571325910836e-14
959.9999999999999	0.	1.0301996726317795e-46	1.732173077905664e-14	2.415314980160665e-14
960.9999999999999	0.	9.679372452420136e-47	1.7151440737226868e-14	2.399054351517743e-14
962.	0.	9.09145226270231e-47	1.6982025371346864e-14	2.3827918460536836e-14
963.	0.	8.536554156597385e-47	1.681349785180548e-14	2.3665298258579182e-14
963.9999999999999	0.	8.013055069097306e-47	1.6645870843143856e-14	2.3502706093681602e-14
964.9999999999999	0.	7.519391017903749e-47	1.6479156512804222e-14	2.3340164717065488e-14
966.	0.	7.054056964285538e-47	1.6313366539792834e-14	2.317769645021667e-14
967.	0.	6.615606421739484e-47	1.614851212332236e-14	2.3015323188356336e-14
968.	0.	6.202650843970851e-47	1.598460399135296e-14	2.285306640396267e-14
968.9999999999999	0.	5.813858821148929e-47	1.5821652409095782e-14	2.269094715034027e-14
969.9999999999999	0.	5.447955110993166e-47	1.565966718744256e-14	2.2528986065232974e-14
971.	0.	5.103719528968202e-47	1.5498657691323267e-14	2.2367203374479717e-14
972.	0.	4.779985719710479e-47	1.5338632848009915e-14	2.2205618895709714e-14
972.9999999999999	0.	4.47563982979942e-47	1.5179601155328212e-14	2.2044252042073617e-14
973.9999999999999	0.	4.189619100048942e-47	1.502157068981579e-14	2.1883121826008937e-14
975.	0.	3.9209103937687333e-47	1.4864549114803067e-14	2.1722246863039655e-14
976.	0.	3.6685486757632684e-47	1.470854368841093e-14	2.15616453756029e-14
977.	0.	3.431615455305925e-47	1.455356127148658e-14	2.140133519690418e-14
977.9999999999999	0.	3.2092372049017663e-47	1.439960833545187e-14	2.124133377479854e-14
979.	0.	3.000583765358943e-47	1.424669097008174e-14	2.108165817569362e-14
980.	0.	2.8048667464280894e-47	1.4094814891193432e-14	2.092232508847437e-14
980.9999999999999	0.	2.621337931220052e-47	1.3943985448272914e-14	2.0763350828446994e-14
982.	0.	2.449287691530577e-47	1.379420763200499e-14	2.0604751341299707e-14
982.9999999999999	0.	2.288043420311077e-47	1.3645486081729296e-14	2.044654220707849e-14
983.9999999999999	0.	2.1369679866404657e-47	1.349782509282014e-14	2.0288738644176455e-14
985.	0.	1.9954582178043762e-47	1.3351228623973154e-14	2.01313555133339e-14
985.9999999999999	0.	1.862943412361358e-47	1.3205700304417658e-14	1.9974407321650077e-14
987.	0.	1.738883887451357e-47	1.3061243441039968e-14	1.9817908226600906e-14
988.	0.	1.6227695630322146e-47	1.2917861025423604e-14	1.9661872040063417e-14
988.9999999999999	0.	1.514118585195131e-47	1.2775555740820184e-14	1.9506312232346748e-14
990.	0.	1.412475990260411e-47	1.2634329969011362e-14	1.9351241936223913e-14
990.9999999999999	0.	1.3174124109414328e-47	1.2494185797097572e-14	1.9196673950967043e-14
992.	0.	1.2285228254843992e-47	1.2355125024212329e-14	1.904262074638223e-14
993.	0.	1.1454253503738808e-47	1.2217149168134913e-14	1.888909446684349e-14
993.9999999999999	0.	1.0677600769012038e-47	1.2080259471829218e-14	1.8736106935323975e-14
995.	0.	9.951879516384881e-48	1.1944456909889225e-14	1.8583669657423227e-14
995.9999999999999	0.	9.27389700640479e-48	1.1809742194904376e-14	1.8431793825390106e-14
997.	0.	8.64064797000545e-48	1.1676115783740672e-14	1.828049032213817e-14
998.	0.	8.049304712216552e-48	1.1543577883732742e-14	1.8129769725254544e-14
998.9999999999999	0.	7.497207637220111e-48	1.1412128458792961e-14	1.7979642310999237e-14
1000.	0.	6.981856186696698e-48	1.1281767235438378e-14	1.7830118058294838e-14