0.	0.	0.	0.	0.
1.	2.624262703522566e-7	4.423225808793313e-7	4.585095070087383e-8	4.592993710657649e-9
2.	1.684147800028505e-8	8.565407277065801e-7	9.210003891717493e-8	9.241823120531343e-9
3.	6.255818131718685e-10	1.24188536105842e-6	1.3860437045066444e-7	1.3932463146452335e-8
4.	1.7658918145174433e-11	1.5979302170986946e-6	1.8522791698640614e-7	1.8651482100028014e-8
5.	4.1930935652724847e-13	1.9245568797517546e-6	2.3184165369161712e-7	2.338606026387113e-8
6.	8.814959367560318e-15	2.2219204253452804e-6	2.7832364445158636e-7	2.8124003422351574e-8
7.	1.6907374397353668e-16	2.4904161041712564e-6	3.2455908014930807e-7	3.2853751831316404e-8
8.	3.0178869565975522e-18	2.730647394723514e-6	3.704402749994463e-7	3.756438507743421e-8
9.	5.0464262230474235e-20	2.943395687855046e-6	4.1586662557487667e-7	4.22456232459797e-8
10.	0.	3.129591789278031e-6	4.6074453681413305e-7	4.688782478588539e-8
11.	0.	3.290289369123851e-6	5.049873189694705e-7	5.1481981432655775e-8
12.	0.	3.426640436044198e-6	5.485150591468181e-7	5.6019710523176817e-8
13.	0.	3.539872869885842e-6	5.912544707996108e-7	6.04932450114735e-8
14.	0.	3.6312700106153607e-6	6.331387242673266e-7	6.48954214709911e-8
14.999999999999998	0.	3.702152271214398e-6	6.74107261195566e-7	6.9219666346922e-8
16.	0.	3.753860718036325e-6	7.141055954367699e-7	7.345998070139641e-8
17.	0.	3.7877425429644416e-6	7.530851028083272e-7	7.76109236749326e-8
18.	0.	3.8051383370269948e-6	7.910028018769928e-7	8.166759486932901e-8
18.999999999999996	0.	3.807371064332047e-6	8.278211277444937e-7	8.562561584011841e-8
20.	0.	3.7957366277537047e-6	8.635077006281188e-7	8.948111087072652e-8
21.	0.	3.771495913242752e-6	8.980350908612971e-7	9.323068718552764e-8
22.	0.	3.735868197505308e-6	9.313805817819532e-7	9.687141474501572e-8
23.	0.	3.690025803691141e-6	9.635259318301451e-7	1.0040080575325004e-7
24.	0.	3.6350898913003774e-6	9.944571370405176e-7	1.0381679399554977e-7
24.999999999999996	0.	3.572127269433159e-6	1.024164194988836e-6	1.0711771411304286e-7
26.	0.	3.5021481264902277e-6	1.0526408711347702e-6	1.1030228091008617e-7
27.	0.	3.4261045742362637e-6	1.079884468394591e-6	1.1336956878071332e-7
28.	0.	3.3448899095480113e-6	1.1058956006770751e-6	1.1631899133109914e-7
29.	0.	3.259338503001392e-6	1.1306779710231476e-6	1.1915028126651175e-7
29.999999999999996	0.	3.1702262295484703e-6	1.1542381549041967e-6	1.2186347060332153e-7
31.	0.	3.0782713627637856e-6	1.176585389155157e-6	1.244588712593097e-7
32.	0.	2.9841358603891536e-6	1.1977313669458851e-6	1.2693705606873904e-7
32.99999999999999	0.	2.8884269750858462e-6	1.2176900391277594e-6	1.29298840262382e-7
34.	0.	2.791699130339097e-6	1.2364774222313679e-6	1.3154526344691468e-7
35.	0.	2.6944560072938437e-6	1.2541114133352874e-6	1.3367757211275064e-7
36.	0.	2.5971527938872844e-6	1.2706116119749727e-6	1.356972026944839e-7
37.	0.	2.5001985529500093e-6	1.285999149214329e-6	1.376057652035993e-7
37.99999999999999	0.	2.4039586709490805e-6	1.3002965239603872e-6	1.3940502744897631e-7
39.	0.	2.3087573537286165e-6	1.3135274465632532e-6	1.4109689985693067e-7
40.	0.	2.21488013995828e-6	1.325716689709043e-6	1.426834208990854e-7
41.	0.	2.122576407025014e-6	1.3368899465824302e-6	1.441667431332176e-7
42.	0.	2.0320618478019087e-6	1.3470736962476266e-6	1.4554911985937237e-7
42.99999999999999	0.	1.9435209001062723e-6	1.356295076171746e-6	1.4683289239094806e-7
44.	0.	1.8571091137274843e-6	1.3645817617924493e-6	1.480204779381213e-7
44.99999999999999	0.	1.7729554426757044e-6	1.3719618530122733e-6	1.4911435809888233e-7
46.	0.	1.6911644527897841e-6	1.3784637674849342e-6	1.501170679510683e-7
47.	0.	1.611818437062033e-6	1.384116140544012e-6	1.5103118573710475e-7
48.	0.	1.534979433004993e-6	1.3889477316115565e-6	1.5185932313167875e-7
49.	0.	1.4606911381185728e-6	1.3929873369132149e-6	1.5260411608125707e-7
49.99999999999999	0.	1.3889807210308614e-6	1.3962637083172119e-6	1.5326821620321118e-7
51.	0.	1.3198605272006214e-6	1.3988054781069197e-6	1.5385428273131878e-7
52.	0.	1.2533296791995467e-6	1.4006410894905607e-6	1.543649749935536e-7
53.	0.	1.1893755725546284e-6	1.4017987326467862e-6	1.5480294540734995e-7
54.	0.	1.127975268940673e-6	1.4023062861012664e-6	1.551708329769229e-7
54.99999999999999	0.	1.0690967891849157e-6	1.4021912632269674e-6	1.5547125727672705e-7
56.	0.	1.0127003090940628e-6	1.401480763659341e-6	1.5570681290474716e-7
56.99999999999999	0.	9.58739261551949e-7	1.4002014294171186e-6	1.558800643890076e-7
58.	0.	9.071613486758411e-7	1.3983794055197377e-6	1.5599354153047693e-7
59.	0.	8.579094680727742e-7	1.3960403048934895e-6	1.5604973516540443e-7
59.99999999999999	0.	8.109225574145933e-7	1.3932091773602092e-6	1.560510933300594e-7
61.	0.	7.661363616618853e-7	1.389910482504733e-6	1.5600001781084484e-7
62.	0.	7.234841273209811e-7	1.3861680662201997e-6	1.5589886106281298e-7
63.	0.	6.828972281237262e-7	1.3820051407336807e-6	1.5574992347972281e-7
64.	0.	6.443057264832734e-7	1.3774442679184091e-6	1.555554509989374e-7
65.	0.	6.076388750083026e-7	1.3725073457030605e-6	1.553176330246627e-7
65.99999999999999	0.	5.728255622581024e-7	1.3672155973929993e-6	1.5503860065326733e-7
67.	0.	5.397947067977559e-7	1.361589563723191e-6	1.5472042518470054e-7
68.	0.	5.084756034707193e-7	1.3556490974674503e-6	1.5436511690432844e-7
69.	0.	4.787982256496955e-7	1.3494133604338815e-6	1.5397462411983837e-7
70.	0.	4.506934870596592e-7	1.3429008226817098e-6	1.535508324382202e-7
70.99999999999999	0.	4.2409346659224333e-7	1.3361292638001418e-6	1.5309556426820188e-7
72.	0.	3.9893159935146146e-7	1.3291157760954644e-6	1.526105785339101e-7
73.	0.	3.75142836989124e-7	1.321876769538199e-6	1.5209757058593286e-7
74.	0.	3.526637802066406e-7	1.314427978327767e-6	1.5155817229637424e-7
75.	0.	3.314327861195167e-7	1.3067844689378102e-6	1.509939523249186e-7
75.99999999999999	0.	3.1139005300376354e-7	1.2989606495109693e-6	1.5040641654335533e-7
77.	0.	2.9247768477020224e-7	1.2909702804775508e-6	1.497970086064508e-7
78.	0.	2.7463973734483773e-7	1.2828264862781285e-6	1.491671106574949e-7
79.	0.	2.5782224897139217e-7	1.274541768075657e-6	1.485180441572965e-7
80.	0.	2.4197325629659943e-7	1.2661280173481468e-6	1.478510708258366e-7
80.99999999999999	0.	2.2704279795032754e-7	1.2575965302583441e-6	1.4716739368623722e-7
82.	0.	2.1298290719121404e-7	1.2489580227021437e-6	1.46468158201138e-7
83.	0.	1.997475950546424e-7	1.2402226459426709e-6	1.4575445349200748e-7
84.	0.	1.8729282531347634e-7	1.2314000027420193e-6	1.450273136323485e-7
84.99999999999999	0.	1.7557648244310034e-7	1.2224991639076392e-6	1.4428771900617968e-7
85.99999999999999	0.	1.6455833367081335e-7	1.213528685175146e-6	1.4353659772359186e-7
87.	0.	1.541999860855393e-7	1.2044966243540775e-6	1.427748270855929e-7
88.	0.	1.444648396867371e-7	1.1954105586676811e-6	1.420032350908523e-7
89.	0.	1.353180371612683e-7	1.1862776022222147e-6	1.4122260197735442e-7
89.99999999999999	0.	1.267264110935517e-7	1.1771044235455927e-6	1.404336617923533e-7
90.99999999999999	0.	1.1865842923718986e-7	1.1678972631393077e-6	1.3963710398439924e-7
92.	0.	1.1108413840526306e-7	1.158661950991587e-6	1.3883357501157069e-7
93.	0.	1.0397510747129327e-7	1.1494039240035963e-6	1.380236799604052e-7
94.	0.	9.730436991313222e-8	1.140128243284211e-6	1.3720798417036587e-7
94.99999999999999	0.	9.104636627744166e-8	1.1308396112724463e-6	1.3638701485901549e-7
96.	0.	8.51768868928037e-8	1.121542388650064e-6	1.3556126274339892e-7
97.	0.	7.96730151142484e-8	1.1122406110101343e-6	1.3473118365344147e-7
98.	0.	7.451307134120261e-8	1.1029380052505049e-6	1.3389720013348277e-7
99.	0.	6.967655801387157e-8	1.0936380056640595e-6	1.3305970302834898e-7
99.99999999999999	0.	6.514410575982068e-8	1.0843437697005915e-6	1.3221905305065703e-7
101.	0.	6.089742083274158e-8	1.075058193377749e-6	1.313755823263064e-7
102.	0.	5.691923395860924e-8	1.0657839263211665e-6	1.3052959591538168e-7
103.	0.	5.319325068075247e-8	1.0565233864162988e-6	1.2968137330593232e-7
104.	0.	4.970410327414659e-8	1.0472787740568416e-6	1.288311698783402e-7
104.99999999999999	0.	4.643730428061108e-8	1.038052085976786e-6	1.279792183382084e-7
106.	0.	4.337920170013616e-8	1.0288451286552725e-6	1.271257301159291e-7
107.	0.	4.051693585913389e-8	1.019659531285329e-6	1.262708967312905e-7
108.	0.	3.7838397963855945e-8	1.0104967582994488e-6	1.2541489112168474e-7
109.	0.	3.5332190336343975e-8	1.0013581214466984e-6	1.2455786893266599e-7
109.99999999999999	0.	3.298758832089363e-8	9.922447914176376e-7	1.2369996976978626e-7
111.	0.	3.0794503841036486e-8	9.831578090148946e-7	1.2284131841080671e-7
112.	0.	2.874345058024182e-8	9.74098095868622e-7	1.2198202597754336e-7
113.	0.	2.6825510753922084e-8	9.65066464697385e-7	1.2112219106675434e-7
113.99999999999999	0.	2.5032303435611905e-8	9.56063629116285e-7	1.202619008396253e-7
114.99999999999999	0.	2.3355954396399153e-8	9.470902129952016e-7	1.19401232069537e-7
116.	0.	2.178906741369268e-8	9.381467593711308e-7	1.1854025214792969e-7
117.	0.	2.0324697003044588e-8	9.292337389195409e-7	1.1767902004819871e-7
118.	0.	1.8956322525052766e-8	9.203515579905283e-7	1.1681758724766115e-7
118.99999999999999	0.	1.767782361818002e-8	9.115005662164047e-7	1.1595599860774409e-7
119.99999999999999	0.	1.6483456907593456e-8	9.026810636980308e-7	1.1509429321263549e-7
121.	0.	1.5367833939824684e-8	8.938933077779027e-7	1.142325051667311e-7
122.	0.	1.432590029305402e-8	8.851375194085867e-7	1.1337066435129552e-7
122.99999999999999	0.	1.3352915813209878e-8	8.764138891255989e-7	1.1250879714082507e-7
124.	0.	1.2444435926588747e-8	8.677225826343535e-7	1.1164692707968127e-7
125.	0.	1.1596293980561037e-8	8.590637460211521e-7	1.107850755196178e-7
126.	0.	1.0804584564858285e-8	8.50437510598568e-7	1.0992326221888781e-7
127.	0.	1.0065647767087866e-8	8.418439973959174e-7	1.0906150590367371e-7
128.	0.	9.37605431736807e-9	8.332833213057083e-7	1.08199824792625e-7
129.	0.	8.732591578272564e-9	8.247555948972002e-7	1.0733823708533533e-7
130.	0.	8.132250337737728e-9	8.162609319083881e-7	1.0647676141563064e-7
131.	0.	7.572212363981682e-9	8.077994504277875e-7	1.0561541727056717e-7
131.99999999999997	0.	7.049838683029288e-9	7.993712757776084e-7	1.047542253760823e-7
133.	0.	6.562658540922968e-9	7.909765431097892e-7	1.0389320805024581e-7
134.	0.	6.108359014239095e-9	7.826153997265369e-7	1.0303238952510215e-7
135.	0.	5.684775234014756e-9	7.742880071369042e-7	1.0217179623809698e-7
136.	0.	5.289881189755389e-9	7.659945428609675e-7	1.0131145709410764e-7
137.	0.	4.921781081626143e-9	7.577352019930032e-7	1.004514036990952e-7
138.	0.	4.57870119041725e-9	7.495101985350974e-7	9.959167056642085e-8
139.	0.	4.25898223632216e-9	7.413197665123771e-7	9.873229529685729e-8
140.	0.	3.961072198906247e-9	7.331641608810084e-7	9.787331873334385e-8
140.99999999999997	0.	3.6835195720693222e-9	7.250436582399062e-7	9.701478509152306e-8
141.99999999999997	0.	3.4249670290645226e-9	7.169585573569082e-7	9.615674206709745e-8
143.	0.	3.184145473919933e-9	7.089091795200636e-7	9.529924092104839e-8
144.	0.	2.95986845687136e-9	7.00895868724343e-7	9.444233654373585e-8
145.	0.	2.7510269325060313e-9	6.929189917039876e-7	9.358608749890608e-8
146.	0.	2.5565843405487415e-9	6.849789378204277e-7	9.273055604861486e-8
147.	0.	2.3755719902316894e-9	6.770761188154323e-7	9.187580816006082e-8
148.	0.	2.2070847302588446e-9	6.692109684389767e-7	9.102191349531638e-8
149.	0.	2.0502768873574914e-9	6.613839419610103e-7	9.016894538492448e-8
150.	0.	1.9043584573638432e-9	6.535955155760285e-7	8.93169807863107e-8
150.99999999999997	0.	1.7685915336613299e-9	6.458461857091302e-7	8.846610022794804e-8
151.99999999999997	0.	1.6422869587122481e-9	6.3813646823195e-7	8.761638774019153e-8
153.	0.	1.5248011851402308e-9	6.304668975965623e-7	8.676793077367829e-8
154.	0.	1.4155333337036252e-9	6.228380258951905e-7	8.592082010616902e-8
155.	0.	1.3139224361421126e-9	6.152504218532613e-7	8.507514973868618e-8
156.	0.	1.2194448516322852e-9	6.077046697631194e-7	8.423101678178862e-8
157.	0.	1.1316118462308828e-9	6.002013683653029e-7	8.338852133278232e-8
158.	0.	1.049967325290368e-9	5.927411296841589e-7	8.254776634466637e-8
159.	0.	9.74085709462801e-10	5.853245778241907e-7	8.170885748757549e-8
160.	0.	9.035699454174245e-10	5.779523477332623e-7	8.087190300345735e-8
160.99999999999997	0.	8.380496429595629e-10	5.706250839385742e-7	8.00370135547104e-8
161.99999999999997	0.	7.771793307315834e-10	5.633434392609415e-7	7.92043020674661e-8
163.	0.	7.206368231232547e-10	5.561080735127414e-7	7.83738835701922e-8
164.	0.	6.681216914876854e-10	5.489196521845743e-7	7.754587502826031e-8
165.	0.	6.193538331710455e-10	5.417788451254022e-7	7.672039517509541e-8
166.	0.	5.7407213224159e-10	5.34686325220724e-7	7.58975643405069e-8
167.	0.	5.320332061948824e-10	5.276427670730606e-7	7.50775042767739e-8
168.	0.	4.930102332515056e-10	5.206488456887413e-7	7.426033798302613e-8
169.	0.	4.567918551877406e-10	5.13705235174861e-7	7.344618952845806e-8
169.99999999999997	0.	4.231811509564598e-10	5.068126074498223e-7	7.263518387485744e-8
170.99999999999997	0.	3.9199467665074934e-10	4.999716309709016e-7	7.182744669894295e-8
171.99999999999997	0.	3.6306156761263624e-10	4.93182969481834e-7	7.102310421495165e-8
173.	0.	3.3622269878768046e-10	4.864472807833479e-7	7.02222829979159e-8
174.	0.	3.113298996131476e-10	4.797652155292545e-7	6.942510980803232e-8
175.	0.	2.882452200203726e-10	4.7313741605050917e-7	6.863171141650395e-8
176.	0.	2.668402442780831e-10	4.665645152095915e-7	6.784221443323483e-8
177.	0.	2.4699544965854803e-10	4.600471352871169e-7	6.705674513670186e-8
178.	0.	2.2859960706702363e-10	4.53585886902603e-7	6.627542930633321e-8
179.	0.	2.115492209582339e-10	4.4718136797109537e-7	6.54983920577002e-8
179.99999999999997	0.	1.9574800604123053e-10	4.408341626970273e-7	6.472575768078531e-8
180.99999999999997	0.	1.8110639841044465e-10	4.3454484060681753e-7	6.39576494816126e-8
181.99999999999997	0.	1.6754109890119229e-10	4.283139556211685e-7	6.31941896274535e-8
183.	0.	1.5497464661738322e-10	4.221420451682502e-7	6.24354989958571e-8
184.	0.	1.433350206585973e-10	4.1602962933851463e-7	6.168169702769341e-8
185.	0.	1.3255526827829653e-10	4.0997721008190646e-7	6.093290158440466e-8
186.	0.	1.225731577252883e-10	4.0398527044800886e-7	6.018922880962952e-8
187.	0.	1.1333085420295046e-10	3.980542738696208e-7	5.9450792995361056e-8
188.	0.	1.0477461744269307e-10	3.921846634900175e-7	5.871770645276641e-8
189.	0.	9.685451948756344e-11	3.863768615341893e-7	5.799007938780402e-8
189.99999999999997	0.	8.952418137361328e-11	3.806312687240319e-7	5.726801978172787e-8
190.99999999999997	0.	8.274052748429047e-11	3.7494826373758565e-7	5.6551633276589246e-8
192.	0.	7.646355643104235e-11	3.6932820271209576e-7	5.5841023065797884e-8
193.	0.	7.065612736301375e-11	3.637714187908178e-7	5.513628978982906e-8
194.	0.	6.528376071524112e-11	3.5827822171307803e-7	5.443753143710067e-8
195.	0.	6.031445244312155e-11	3.528488974474023e-7	5.3744843250091575e-8
196.	0.	5.571850084798332e-11	3.4748370786706494e-7	5.305831763670106e-8
197.	0.	5.146834518335141e-11	3.421828904676754e-7	5.237804408689199e-8
198.	0.	4.7538415244514583e-11	3.3694665812605116e-7	5.170410909460136e-8
198.99999999999997	0.	4.39049912383144e-11	3.3177519889981943e-7	5.10365960849324e-8
199.99999999999997	0.	4.0546073225210145e-11	3.2666867586690943e-7	5.037558534659861e-8
200.99999999999997	0.	3.744125953124621e-11	3.2162722700426804e-7	4.972115396961467e-8
202.	0.	3.457163349518245e-11	3.166509651048132e-7	4.9073375788180174e-8
203.	0.	3.1919658033672346e-11	3.1173997773190024e-7	4.843232132873997e-8
204.	0.	2.946907747691538e-11	3.068943272102112e-7	4.7798057763147903e-8
205.	0.	2.7204826190361825e-11	3.021140506522706e-7	4.717064886690414e-8
206.	0.	2.5112943544094802e-11	2.9739916001941905e-7	4.655015498237671e-8
207.	0.	2.3180494779561956e-11	2.927496422163764e-7	4.593663298696313e-8
208.	0.	2.1395497396094907e-11	2.8816545921821184e-7	4.533013626609621e-8
208.99999999999997	0.	1.9746852674384732e-11	2.836465482287287e-7	4.47307146910269e-8
209.99999999999997	0.	1.822428198689106e-11	2.7919282186911326e-7	4.413841460128884e-8
210.99999999999997	0.	1.6818267583801013e-11	2.748041683957712e-7	4.355327879175915e-8
212.	0.	1.5519997526936785e-11	2.7048045194618844e-7	4.297534650421378e-8
213.	0.	1.4321314518633402e-11	2.6622151281171415e-7	4.240465342328347e-8
214.	0.	1.3214668330120666e-11	2.6202716773608663e-7	4.1841231676699685e-8
215.	0.	1.2193071604238541e-11	2.5789721023856793e-7	4.1285109839727394e-8
216.	0.	1.125005879230807e-11	2.538314109605319e-7	4.0736312943672506e-8
217.	0.	1.0379648001807366e-11	2.498295180343733e-7	4.0194862488354436e-8
218.	0.	9.576305574901467e-12	2.4589125747348903e-7	3.966077645841262e-8
218.99999999999997	0.	8.834913187406792e-12	2.420163335823422e-7	3.913406934335378e-8
219.99999999999997	0.	8.150737301313383e-12	2.382044293853269e-7	3.8614752161197774e-8
220.99999999999997	0.	7.519400816398678e-12	2.344552070733416e-7	3.810283248560656e-8
222.	0.	6.936856752719269e-12	2.3076830846698337e-7	3.7598314476380036e-8
223.	0.	6.399363830281443e-12	2.2714335549522906e-7	3.710119891318992e-8
224.	0.	5.903463813379146e-12	2.2357995068841562e-7	3.661148323241367e-8
225.	0.	5.445960496130899e-12	2.2007767768463229e-7	3.612916156697422e-8
226.	0.	5.0239002046398606e-12	2.1663610174821774e-7	3.565422478902113e-8
227.	0.	4.6345537248043544e-12	2.1325477029950076e-7	3.518666055535842e-8
227.99999999999997	0.	4.27539954289268e-12	2.0993321345462072e-7	3.472645335547139e-8
228.99999999999997	0.	3.944108305903381e-12	2.0667094457450888e-7	3.4273584562042815e-8
229.99999999999997	0.	3.638528426262678e-12	2.0346746082194807e-7	3.3828032483818146e-8
230.99999999999997	0.	3.3566727343363605e-12	2.003222437257837e-7	3.3389772420703216e-8
232.	0.	3.096706113838203e-12	1.9723475975137924e-7	3.295877672097721e-8
233.	0.	2.8569340504733952e-12	1.9420446087623066e-7	3.253501484047236e-8
234.	0.	2.6357920204935685e-12	1.9123078517005734e-7	3.211845340363518e-8
235.	0.	2.431835668206839e-12	1.8831315737826002e-7	3.170905626631055e-8
236.	0.	2.2437317053391822e-12	1.854509895080667e-7	3.130678458015953e-8
237.	0.	2.07024949070518e-12	1.8264368141642952e-7	3.091159685857462e-8
237.99999999999997	0.	1.9102532334504562e-12	1.7989062139890708e-7	3.052344904398417e-8
238.99999999999997	0.	1.7626947806294435e-12	1.771911867787399e-7	3.014229457642888e-8
239.99999999999997	0.	1.6266069360208633e-12	1.7454474449534217e-7	2.976808446329479e-8
240.99999999999997	0.	1.501097285960342e-12	1.7195065169154857e-7	2.9400767350102975e-8
242.	0.	1.3853424849916912e-12	1.6940825629882465e-7	2.9040289592232946e-8
243.	0.	1.2785829703579732e-12	1.6691689761982042e-7	2.8686595327482364e-8
244.	0.	1.1801180731367138e-12	1.6447590690759054e-7	2.8339626549354588e-8
245.	0.	1.0893015006351045e-12	1.6208460794088713e-7	2.799932318097693e-8
245.99999999999997	0.	1.0055371559097605e-12	1.597423175948914e-7	2.7665623149543965e-8
247.	0.	9.28275279823378e-13	1.5744834640681646e-7	2.7338462461188937e-8
248.	0.	8.570088759869156e-13	1.5520199913586388e-7	2.7017775276193494e-8
248.99999999999997	0.	7.912704143843903e-13	1.5300257531702337e-7	2.670349398444453e-8
250.	0.	7.306287861507332e-13	1.508493698081014e-7	2.6395549281027687e-8
250.99999999999997	0.	6.746864828103532e-13	1.4874167332971435e-7	2.6093870241905456e-8
252.	0.	6.230769984413381e-13	1.466787729976172e-7	2.5798384399562574e-8
252.99999999999997	0.	5.754624266104791e-13	1.4465995284705874e-7	2.5509017818555927e-8
254.	0.	5.315312400852965e-13	1.426844943487053e-7	2.5225695170878206e-8
254.99999999999997	0.	4.909962445924049e-13	1.4075167691581952e-7	2.4948339811067596e-8
256.	0.	4.535926868379231e-13	1.388607784022949e-7	2.4676873850980656e-8
257.	0.	4.190765074626985e-13	1.370110755912724e-7	2.4411218234164776e-8
258.	0.	3.8722273045853467e-13	1.3520184467398405e-7	2.4151292809751635e-8
259.	0.	3.578239755688959e-13	1.3343236171860855e-7	2.389701640581609e-8
260.	0.	3.306890848262261e-13	1.3170190312882915e-7	2.3648306902127275e-8
261.	0.	3.056418587612249e-13	1.300097460918829e-7	2.3405081302234547e-8
262.	0.	2.825198834898443e-13	1.2835516901590867e-7	2.3167255804833455e-8
263.	0.	2.611734578839929e-13	1.26737451956379e-7	2.2934745874351588e-8
263.99999999999994	0.	2.414645943537897e-13	1.2515587703141443e-7	2.2707466310695764e-8
265.	0.	2.2326610562808987e-13	1.2360972882591467e-7	2.248533131812505e-8
266.	0.	2.0646075665285437e-13	1.220982947842642e-7	2.2268254573181815e-8
267.	0.	1.9094048649712544e-13	1.206208655916075e-7	2.2056149291654924e-8
268.	0.	1.7660568791190467e-13	1.19176735543499e-7	2.1848928294513805e-8
269.	0.	1.6336454375232172e-13	1.1776520290392734e-7	2.1646504072786867e-8
270.	0.	1.5113241826640693e-13	1.163855702516141e-7	2.1448788851338956e-8
271.	0.	1.3983129000385818e-13	1.1503714481452351e-7	2.1255694651508822e-8
272.	0.	1.2938923666556013e-13	1.1371923879258598e-7	2.1067133352578227e-8
272.99999999999994	0.	1.197399518394577e-13	1.1243116966864204e-7	2.088301675204592e-8
274.	0.	1.1082230796392045e-13	1.1117226050752936e-7	2.0703256624662353e-8
274.99999999999994	0.	1.0257994629776852e-13	1.0994184024341506e-7	2.0527764780215175e-8
276.	0.	9.496090544710296e-14	1.0873924395531821e-7	2.0356453120024386e-8
277.	0.	8.791727296267354e-14	1.0756381313096137e-7	2.0189233692143842e-8
278.	0.	8.140486877922903e-14	1.0641489591889029e-7	2.002601874522597e-8
279.	0.	7.538295272295071e-14	1.0529184736905395e-7	1.9866720781055865e-8
280.	0.	6.981395345422444e-14	1.0419402966178004e-7	1.9711252605710936e-8
281.	0.	6.466321956041689e-14	1.0312081232539829e-7	1.9559527379362776e-8
281.99999999999994	0.	5.989879069766185e-14	1.0207157244242716e-7	1.9411458664673657e-8
283.	0.	5.549118636535609e-14	1.0104569484461838e-7	1.9266960473812337e-8
283.99999999999994	0.	5.1413211595054373e-14	1.000425722968297e-7	1.912594731405197e-8
285.	0.	4.7639777278315544e-14	9.906160566994332e-8	1.8988334231959776e-8
286.	0.	4.414773613731874e-14	9.8102204102912e-8	1.885403685616324e-8
287.	0.	4.091572896429135e-14	9.716378515410327e-8	1.8722971438693305e-8
288.	0.	3.792404584372983e-14	9.624577494212758e-8	1.8595054894909413e-8
289.	0.	3.5154496278603235e-14	9.534760827619343e-8	1.8470204841983335e-8
290.	0.	3.25902921917512e-14	9.446872877631511e-8	1.8348339635973386e-8
291.	0.	3.0215935457534525e-14	9.360858898340883e-8	1.8229378407464913e-8
292.	0.	2.8017119949842246e-14	9.276665045949655e-8	1.811324109578944e-8
292.99999999999994	0.	2.5980636264817756e-14	9.194238387828045e-8	1.799984848184227e-8
294.	0.	2.4094288342817252e-14	9.113526910611765e-8	1.788912221947474e-8
294.99999999999994	0.	2.2346813014186307e-14	9.034479527371265e-8	1.778098486549287e-8
296.	0.	2.0727807765243316e-14	8.957046083872123e-8	1.767535990827061e-8
297.	0.	1.9227664126358996e-14	8.88117736393293e-8	1.7572171794961215e-8
298.	0.	1.783750608909717e-14	8.806825093922892e-8	1.7471345957360354e-8
299.	0.	1.654913297871095e-14	8.733941946398125e-8	1.7372808836390668e-8
300.	0.	1.535496700840135e-14	8.662481542910259e-8	1.727648790524595e-8
301.	0.	1.424800536126385e-14	8.592398456007399e-8	1.718231169120655e-8
301.99999999999994	0.	1.3221776268785367e-14	8.523648210444242e-8	1.70902097961326e-8
303.	0.	1.2270296617544325e-14	8.456187283623316e-8	1.7000112915651364e-8
303.99999999999994	0.	1.1388035661576726e-14	8.389973105293569e-8	1.691195285706449e-8
305.	0.	1.0569879654840636e-14	8.324964056525334e-8	1.6825662555987764e-8
306.	0.	9.81109926788789e-15	8.261119467979501e-8	1.6741176091733077e-8
307.	0.	9.107321652196843e-15	8.198399617498778e-8	1.665842870146371e-8
308.	0.	8.454500836145118e-15	8.136765727040536e-8	1.657735679313803e-8
309.	0.	7.848894962773683e-15	8.076179958970717e-8	1.649789795725617e-8
310.	0.	7.28704172890001e-15	8.016605411745134e-8	1.6419990977440632e-8
310.99999999999994	0.	6.7657366484725026e-15	7.95800611499527e-8	1.6343575839861365e-8
312.	0.	6.282014867286512e-15	7.900347024041764e-8	1.626859374153098e-8
312.99999999999994	0.	5.83313258719318e-15	7.843594013860741e-8	1.619498709749912e-8
314.	0.	5.416548447597474e-15	7.787713872517283e-8	1.6122699546954047e-8
314.99999999999994	0.	5.029911062974522e-15	7.732674294093714e-8	1.60516759582673e-8
316.	0.	4.671042159875487e-15	7.678443871130246e-8	1.5981862432997392e-8
317.	0.	4.3379250276595814e-15	7.62499208659946e-8	1.5913206308877176e-8
318.	0.	4.0286916291572994e-15	7.57228930543869e-8	1.5845656161815478e-8
319.	0.	3.7416122467906914e-15	7.520306765650418e-8	1.5779161806915254e-8
320.	0.	3.475082958072202e-15	7.469016569009555e-8	1.5713674298571454e-8
321.	0.	3.2276195123915934e-15	7.418391671376163e-8	1.5649145929627894e-8
321.99999999999994	0.	2.997845093311668e-15	7.368405872650018e-8	1.5585530229652513e-8
323.	0.	2.7844840598519824e-15	7.319033806376016e-8	1.552278196233349e-8
323.99999999999994	0.	2.586354623531927e-15	7.270250929028348e-8	1.5460857122039312e-8
325.	0.	2.4023608337150794e-15	7.222033508983508e-8	1.539971292954882e-8
326.	0.	2.2314869929671864e-15	7.174358615208722e-8	1.5339307826992794e-8
327.	0.	2.0727901825047433e-15	7.127204105676333e-8	1.5279601472015546e-8
328.	0.	1.9253975580852028e-15	7.080548615531657e-8	1.5220554731201252e-8
329.	0.	1.7884989918495033e-15	7.034371545021302e-8	1.516212967276729e-8
330.	0.	1.6613432924840677e-15	6.988653047208186e-8	1.5104289558568185e-8
330.99999999999994	0.	1.5432324990526735e-15	6.943374015486223e-8	1.5046998835426123e-8
332.	0.	1.4335213300570696e-15	6.898516070908846e-8	1.499022312580729e-8
332.99999999999994	0.	1.3316087832266493e-15	6.854061549356007e-8	1.4933929217886385e-8
334.	0.	1.236938824899614e-15	6.809993488543528e-8	1.4878085054997437e-8
335.	0.	1.1489947934742825e-15	6.766295614902572e-8	1.4822659724521667e-8
336.	0.	1.0672973710154074e-15	6.722952330337874e-8	1.4767623446221715e-8
337.	0.	9.914017820399657e-16	6.679948698875647e-8	1.4712947560037703e-8
338.	0.	9.208946070512541e-16	6.637270433228015e-8	1.4658604513395542e-8
339.	0.	8.553929857913481e-16	6.594903881274416e-8	1.4604567848020952e-8
339.99999999999994	0.	7.945402583040597e-16	6.552836012483338e-8	1.4550812186303423e-8
341.	0.	7.380067746469762e-16	6.511054404283027e-8	1.4497313217222477e-8
341.99999999999994	0.	6.854855454461161e-16	6.469547228394489e-8	1.444404768185969e-8
343.	0.	6.366914713045875e-16	6.42830323714129e-8	1.4390993358522981e-8
343.99999999999994	0.	5.91360181275144e-16	6.387311749748341e-8	1.4338129047504756e-8
345.	0.	5.492456759693145e-16	6.346562638635461e-8	1.428543455548273e-8
346.	0.	5.101203676777205e-16	6.306046315728943e-8	1.4232890679610382e-8
347.	0.	4.737719236543327e-16	6.265753718789657e-8	1.418047919129047e-8
348.	0.	4.400033062432731e-16	6.22567629777626e-8	1.4128182819669752e-8
349.	0.	4.0863161512979464e-16	6.185806001250434e-8	1.4075985234867443e-8
350.	0.	3.794877319608718e-16	6.146135262838413e-8	1.4023871030967424e-8
350.99999999999994	0.	3.524131503581714e-16	6.106656987750513e-8	1.3971825708775705e-8
352.	0.	3.272612216926775e-16	6.067364539375497e-8	1.3919835658379668e-8
352.99999999999994	0.	3.038959924880593e-16	6.028251725954828e-8	1.3867888141519655e-8
354.	0.	2.8219103745471166e-16	5.989312787345902e-8	1.3815971273792013e-8
355.	0.	2.620286918610537e-16	5.950542381883613e-8	1.376407400670538e-8
356.	0.	2.43299281247386e-16	5.9119355733449944e-8	1.3712186109599966e-8
357.	0.	2.259019678474388e-16	5.8734878180295175e-8	1.3660298151459795e-8
358.	0.	2.0974195543560308e-16	5.835194951956372e-8	1.3608401482620845e-8
359.	0.	1.9473133009019007e-16	5.797053178188075e-8	1.3556488216397847e-8
359.99999999999994	0.	1.8078950061881145e-16	5.759059054290269e-8	1.3504551210653911e-8
361.	0.	1.6783998366413013e-16	5.721209479928066e-8	1.345258404931498e-8
361.99999999999994	0.	1.5581286697025038e-16	5.6835016846046595e-8	1.340058102384452e-8
363.	0.	1.446424000251812e-16	5.645933215557291e-8	1.3348537114715636e-8
363.99999999999994	0.	1.3426864736496797e-16	5.608501925800459e-8	1.3296447972859566e-8
365.	0.	1.2463384759192758e-16	5.5712059623369787e-8	1.3244309901141278e-8
366.	0.	1.1568691882624326e-16	5.5340437545293337e-8	1.3192119835847652e-8
367.	0.	1.0737818028594154e-16	5.497014002639024e-8	1.3139875328209359e-8
368.	0.	9.966222599093827e-17	5.460115666545359e-8	1.3087574525987255e-8
368.99999999999994	0.	9.249794762286502e-17	5.423347954634599e-8	1.3035216155105093e-8
370.	0.	8.584528014712735e-17	5.3867103128729194e-8	1.2982799501364828e-8
370.99999999999994	0.	7.966808048231386e-17	5.350202414062164e-8	1.2930324392245966e-8
372.	0.	7.393291704149429e-17	5.31382414728212e-8	1.287779117880233e-8
372.99999999999994	0.	6.860785328200776e-17	5.2775756075208383e-8	1.2825200717664498e-8
374.	0.	6.366410122991764e-17	5.241457085498275e-8	1.2772554353165212e-8
375.	0.	5.907439303333534e-17	5.205469057681596e-8	1.271985389958878e-8
376.	0.	5.4813813427043286e-17	5.169612176497278e-8	1.266710162356195e-8
377.	0.	5.085816549042445e-17	5.1338872607407776e-8	1.2614300226593522e-8
378.	0.	4.718686032607612e-17	5.0982952861835e-8	1.2561452827767209e-8
379.	0.	4.377839900002543e-17	5.06283737638088e-8	1.2508562946602778e-8
379.99999999999994	0.	4.061490959981688e-17	5.027514793680191e-8	1.2455634486087944e-8
381.	0.	3.767886076323316e-17	4.9923289304326854e-8	1.2402671715897753e-8
381.99999999999994	0.	3.495347880416776e-17	4.95728130040529e-8	1.2349679255796186e-8
383.	0.	3.242440525226415e-17	4.9223735303963096e-8	1.2296662059236515e-8
384.	0.	3.007722674840622e-17	4.8876073520550954e-8	1.2243625397167032e-8
385.	0.	2.7898718097523935e-17	4.852984593903734e-8	1.2190574842043e-8
386.	0.	2.5877261587392723e-17	4.8185071735624984e-8	1.2137516252056333e-8
387.	0.	2.4001611743722922e-17	4.784177090177414e-8	1.2084455755584698e-8
388.	0.	2.226089846372778e-17	4.749996417051603e-8	1.2031399735870908e-8
388.99999999999994	0.	2.0645872673051247e-17	4.7159672944756715e-8	1.1978354815927611e-8
390.	0.	1.9147254271680335e-17	4.682091922763649e-8	1.1925327843690182e-8
390.99999999999994	0.	1.7756977544699484e-17	4.648372555483033e-8	1.187232587739554e-8
392.	0.	1.6466951178109257e-17	4.614811492890421e-8	1.1819356171222882e-8
392.99999999999994	0.	1.527030435869112e-17	4.581411075559365e-8	1.1766426161169422e-8
394.	0.	1.4160560472377185e-17	4.548173678209044e-8	1.1713543451189485e-8
395.	0.	1.3130393692836292e-17	4.5151017037255785e-8	1.1660715799583503e-8
396.	0.	1.2175366301443098e-17	4.4821975773780484e-8	1.160795110564858e-8
397.	0.	1.1289365075322912e-17	4.449463741226922e-8	1.1555257396592311e-8
397.99999999999994	0.	1.0467092837718452e-17	4.4169026487213575e-8	1.150264281470707e-8
399.	0.	9.704901989030976e-18	4.3845167594867987e-8	1.1450115604816064e-8
399.99999999999994	0.	8.997887392428394e-18	4.352308534298106e-8	1.1397684101985385e-8
401.	0.	8.341964760602387e-18	4.320280430235863e-8	1.1345356719502975e-8
401.99999999999994	0.	7.7338725102682e-18	4.2884348960270936e-8	1.1293141937134922e-8
403.	0.	7.169925214713894e-18	4.256774367566458e-8	1.1241048289655584e-8
404.	0.	6.646846024462478e-18	4.225301263610502e-8	1.118908435563915e-8
405.	0.	6.1617677088708745e-18	4.1940179816550605e-8	1.1137258746545971e-8
406.	0.	5.712233616803429e-18	4.162926893977499e-8	1.1085580096062497e-8
407.	0.	5.294949166512015e-18	4.132030343855577e-8	1.1034057049732695e-8
408.	0.	4.908280655255101e-18	4.10133064195197e-8	1.0982698254858861e-8
408.99999999999994	0.	4.5497575391060824e-18	4.070830062863305e-8	1.0931512350675455e-8
410.	0.	4.2173220377335e-18	4.040530841833315e-8	1.0880507958801693e-8
410.99999999999994	0.	3.909329846356589e-18	4.010435171624693e-8	1.0829693673965337e-8
412.	0.	3.6233000957185586e-18	3.980545199549702e-8	1.0779078055004053e-8
412.99999999999994	0.	3.3584166377396182e-18	3.950863024654217e-8	1.0728669616137179e-8
414.	0.	3.1130274964050187e-18	3.9213906950530334e-8	1.0678476818508321e-8
415.	0.	2.8854784944861545e-18	3.892130205414822e-8	1.0628508062000716e-8
416.	0.	2.6741133930218094e-18	3.8630834945922314e-8	1.0578771677320089e-8
417.	0.	2.4785259971057394e-18	3.8342524433958314e-8	1.052927591834733e-8
417.99999999999994	0.	2.2970570575892285e-18	3.805638872506454e-8	1.0480028954752871e-8
419.	0.	2.1288805792544044e-18	3.7772445405272756e-8	1.0431038864882143e-8
419.99999999999994	0.	1.9731695878207564e-18	3.749071142166049e-8	1.0382313628892615e-8
421.	0.	1.828678501863676e-18	3.721120306552982e-8	1.0333861122162917e-8
421.99999999999994	0.	1.6949960840109555e-18	3.6933935956838594e-8	1.0285689108951972e-8
423.	0.	1.5708748771346988e-18	3.6658925029883954e-8	1.0237805236313596e-8
424.	0.	1.4559022224138829e-18	3.6386184520213766e-8	1.019021702826564e-8
425.	0.	1.3492469912230037e-18	3.611572795274646e-8	1.0142931880214404e-8
426.	0.	1.25049550777441e-18	3.584756813101088e-8	1.0095957053614732e-8
426.99999999999994	0.	1.1588154389962506e-18	3.55817171275585e-8	1.0049299670886507e-8
428.	0.	1.0737921344966768e-18	3.531818627546088e-8	1.0002966710568187e-8
428.99999999999994	0.	9.954292354921977e-19	3.5056986160871326e-8	9.956965002707225e-9
430.	0.	9.224744182145325e-19	3.479812661664343e-8	9.911301224490236e-9
430.99999999999994	0.	8.549305849419261e-19	3.4541616716956476e-8	9.865981896104065e-9
432.	0.	7.92381852088836e-19	3.4287464772918104e-8	9.82101337682473e-9
432.99999999999994	0.	7.344120012999985e-19	3.4035678329144514e-8	9.77640186133896e-9
434.	0.	6.806044535498382e-19	3.378626416122075e-8	9.732153376275391e-9
435.	0.	6.305422354643233e-19	3.353922827411391e-8	9.688273776971492e-9
436.	0.	5.846473453575427e-19	3.329457590141073e-8	9.644768744443573e-9
437.	0.	5.416632421894749e-19	3.305231150541064e-8	9.601643782573686e-9
437.99999999999994	0.	5.020117319701949e-19	3.2812438778035784e-8	9.558904215506754e-9
439.	0.	4.65275084640058e-19	3.257496064251506e-8	9.516555185249747e-9
439.99999999999994	0.	4.3145553585465845e-19	3.233987925582683e-8	9.474601649473112e-9
441.	0.	3.9971410762099286e-19	3.2107196011874284e-8	9.433048379510504e-9
441.99999999999994	0.	3.7047319159434407e-19	3.187691154535975e-8	9.391899958551743e-9
443.	0.	3.433139087764129e-19	3.1649025736332086e-8	9.351160780024836e-9
444.	0.	3.1823813374239507e-19	3.142353771538854e-8	9.310835046165789e-9
445.	0.	2.9482620951579735e-19	3.1200445869497526e-8	9.270926766770089e-9
446.	0.	2.735017401797208e-19	3.0979747848411916e-8	9.231439758120423e-9
446.99999999999994	0.	2.5342263241083915e-19	3.076144057166952e-8	9.192377642093369e-9
448.	0.	2.350126462418677e-19	3.0545520236130796e-8	9.153743845433641e-9
448.99999999999994	0.	2.1785099206353833e-19	3.0331982324040604e-8	9.115541599195312e-9
450.	0.	2.0193912947414095e-19	3.012082161158495e-8	9.077773938344647e-9
450.99999999999994	0.	1.872787081812883e-19	2.99120321779344e-8	9.040443701525135e-9
452.	0.	1.734475023351583e-19	2.9705607414727744e-8	9.003553530974043e-9
453.	0.	1.608708839839904e-19	2.9501540036000727e-8	8.967105872594614e-9
454.	0.	1.4912623399311772e-19	2.9299822088494625e-8	8.931102976167362e-9
455.	0.	1.3821478200036652e-19	2.9100444962372585e-8	8.895546895711562e-9
455.99999999999994	0.	1.281379063014581e-19	2.8903399402294912e-8	8.860439489984587e-9
457.	0.	1.1889714110474168e-19	2.8708675518830174e-8	8.825782423115141e-9
457.99999999999994	0.	1.100675651938616e-19	2.8516262800182516e-8	8.791577165366144e-9
459.	0.	1.0207670292892404e-19	2.8326150124236288e-8	8.757824994030742e-9
459.99999999999994	0.	9.449894993670266e-20	2.813832577086539e-8	8.72452699444684e-9
461.	0.	8.776304763056853e-20	2.7952777434504612e-8	8.691684061132233e-9
461.99999999999994	0.	8.144266116419443e-20	2.776949223697794e-8	8.659296899040077e-9
463.	0.	7.553864182048924e-20	2.758845674053332e-8	8.62736602492186e-9
464.	0.	7.00519312145216e-20	2.7409656961082484e-8	8.59589176879873e-9
465.	0.	6.498356459602455e-20	2.723307838164482e-8	8.564874275543034e-9
466.	0.	6.03346740730524e-20	2.7058705965941143e-8	8.534313506554597e-9
466.99999999999994	0.	5.567490335600482e-20	2.6886524172156086e-8	8.504209241539667e-9
468.	0.	5.186811848531817e-20	2.671651696681871e-8	8.474561080377713e-9
468.99999999999994	0.	4.805189845294072e-20	2.6548667838823886e-8	8.445368445085058e-9
470.	0.	4.4659321773953247e-20	2.6382959813546584e-8	8.416630581861504e-9
470.99999999999994	0.	4.125769772177257e-20	2.621937546704052e-8	8.388346563218392e-9
472.	0.	3.828157933695393e-20	2.6057896940327268e-8	8.360515290191437e-9
473.	0.	3.529696974772692e-20	2.589850595372907e-8	8.33313549462454e-9
474.	0.	3.273998378606985e-20	2.5741183821257544e-8	8.306205741529388e-9
475.	0.	3.0612564016269056e-20	2.5585911465035173e-8	8.279724431514533e-9
475.99999999999994	0.	2.8478641746629255e-20	2.5432669429727042e-8	8.253689803277785e-9
477.	0.	2.6337908651514272e-20	2.528143789699385e-8	8.228099936165916e-9
477.99999999999994	0.	2.4190051885046207e-20	2.513219669992095e-8	8.202952752788009e-9
479.	0.	2.2475449340748734e-20	2.4984925337449847e-8	8.1782460216918e-9
479.99999999999994	0.	2.119647402939517e-20	2.4839602988767296e-8	8.153977360088933e-9
481.	0.	1.947060167189577e-20	2.4696208527655083e-8	8.130144236630628e-9
481.99999999999994	0.	1.818172271983653e-20	2.4554720536797178e-8	8.106743974233187e-9
483.	0.	1.6888047549431502e-20	2.4415117322016285e-8	8.083773752944691e-9
484.	0.	1.5589377530344577e-20	2.42773769264432e-8	8.061230612854136e-9
484.99999999999994	0.	1.4285511926864287e-20	2.4141477144609376e-8	8.03911145704034e-9
486.	0.	1.3423704836743556e-20	2.400739553643906e-8	8.017413054552908e-9
486.99999999999994	0.	1.2558410483722537e-20	2.387510944115545e-8	7.996132043430116e-9
488.	0.	1.1689492617176852e-20	2.3744595991066832e-8	7.975264933742708e-9
488.99999999999994	0.	1.0816813800591203e-20	2.361583212524911e-8	7.954808110668829e-9
490.	0.	9.940235487000872e-21	2.348879460309387e-8	7.934757837590278e-9
491.	0.	9.059618094780488e-21	2.3363460017735953e-8	7.915110259213796e-9
491.99999999999994	0.	8.628977810595133e-21	2.3239804809329518e-8	7.895861404707887e-9
492.99999999999994	0.	7.741059470825293e-21	2.311780527819998e-8	7.87700719086339e-9
494.	0.	7.305281953739089e-21	2.2997437597822776e-8	7.858543425261384e-9
495.	0.	6.867417701192444e-21	2.2878677827658163e-8	7.840465809458106e-9
496.	0.	6.427395486622721e-21	2.2761501925820156e-8	7.822769942178672e-9
496.99999999999994	0.	5.985143726599955e-21	2.2645885761576613e-8	7.805451322518837e-9
497.99999999999994	0.	5.540590519286898e-21	2.2531805127672694e-8	7.788505353151187e-9
499.	0.	5.0936636829139726e-21	2.241923575247846e-8	7.771927343535801e-9
500.	0.	4.644290794246421e-21	2.2308153311954253e-8	7.755712513132648e-9
500.99999999999994	0.	4.1923992270214195e-21	2.219853344142713e-8	7.73985599461284e-9
501.99999999999994	0.	4.205155714125172e-21	2.2090351747170305e-8	7.724352837065487e-9
503.	0.	3.749450019371744e-21	2.19835838177977e-8	7.709198009203539e-9
504.	0.	3.291031276789867e-21	2.187820523544908e-8	7.69438640255938e-9
505.	0.	3.3014641642543775e-21	2.1774191586780858e-8	7.679912834675165e-9
505.99999999999994	0.	2.838914866887656e-21	2.1671518473743948e-8	7.665772052280246e-9
506.99999999999994	0.	2.848149155024448e-21	2.1570161524161708e-8	7.651958734459411e-9
508.	0.	2.381274273610366e-21	2.1470096402093003e-8	7.638467495806387e-9
509.	0.	2.3892121495963557e-21	2.1371298817975918e-8	7.625292889559835e-9
509.99999999999994	0.	2.397271047322386e-21	2.1273744538572592e-8	7.612429410728008e-9
510.99999999999994	0.	1.9243605760696094e-21	2.1177409396684068e-8	7.599871499190988e-9
512.	0.	1.931000707615305e-21	2.1082269300647373e-8	7.587613542782831e-9
513.	0.	1.937736976640334e-21	2.098830024362349e-8	7.575649880356755e-9
514.	0.	1.4584268237387841e-21	2.08954783126522e-8	7.563974804823132e-9
514.9999999999999	0.	1.4636225692854413e-21	2.0803779697490625e-8	7.552582566165917e-9
516.	0.	1.4688897124903502e-21	2.0713180699231117e-8	7.541467374434406e-9
517.	0.	1.474227975455327e-21	2.062365773869206e-8	7.530623402707247e-9
518.	0.	1.4796370591803116e-21	2.0535187364586024e-8	7.520044790029557e-9
518.9999999999999	0.	9.900777624907851e-22	2.0447746261466684e-8	7.509725644321928e-9
520.	0.	9.93777592295554e-22	2.03613112574477e-8	7.499660045258316e-9
521.	0.	9.975239547044468e-22	2.027585933170315e-8	7.489842047115186e-9
522.	0.	1.0013165953037795e-21	2.0191367621736454e-8	7.480265681585666e-9
523.	0.	1.0051552462271828e-21	2.0107813430434834e-8	7.470924960564214e-9
524.	0.	1.0090396262900604e-21	2.002517423289916e-8	7.461813878896855e-9
525.	0.	5.064847205636113e-22	1.994342768304457e-8	7.452926417094e-9
526.	0.	5.084721916672271e-22	1.9862551619990216e-8	7.444256544011601e-9
527.	0.	5.104820663066205e-22	1.97825240742253e-8	7.435798219494698e-9
527.9999999999999	0.	5.125141779593199e-22	1.970332327355434e-8	7.4275453969833396e-9
529.	0.	5.145683538052399e-22	1.962492764882873e-8	7.41949202608229e-9
530.	0.	5.166444148036417e-22	1.9547315839456443e-8	7.411632055090089e-9
531.	0.	5.187421757717984e-22	1.947046669870535e-8	7.4039594334925545e-9
532.	0.	5.208614454648693e-22	1.9394359298786184e-8	7.396468114413767e-9
533.	0.	5.230020266573053e-22	1.9318972935729867e-8	7.389152057029247e-9
534.	0.	5.25163716225394e-22	1.9244287134048677e-8	7.3820052289358874e-9
535.	0.	5.273463052312456e-22	1.91702816511959e-8	7.3750216084833e-9
536.	0.	5.295495790080292e-22	1.9096936481821492e-8	7.368195187063984e-9
536.9999999999999	0.	5.317733172461427e-22	1.9024231861814304e-8	7.3615199713580855e-9
538.	0.	5.340172940807769e-22	1.8952148272153913e-8	7.354989985539649e-9
539.	0.	0.	1.8880666442557736e-8	7.348599273438491e-9
540.	0.	0.	1.8809767354931425e-8	7.3423419006586925e-9
540.9999999999999	0.	0.	1.8739432246630476e-8	7.3362119566562695e-9
542.	0.	0.	1.8669642613520247e-8	7.330203556769582e-9
543.	0.	0.	1.8600380212856345e-8	7.324310844209577e-9
544.	0.	0.	1.8531627065973957e-8	7.318527992004804e-9
545.	0.	0.	1.8463365460793046e-8	7.312849204902136e-9
545.9999999999999	0.	0.	1.8395577954141195e-8	7.307268721223098e-9
547.	0.	0.	1.8328247373902825e-8	7.3017808146776874e-9
548.	0.	0.	1.826135682098582e-8	7.29637979613143e-9
549.	0.	0.	1.8194889671122478e-8	7.291060015331068e-9
549.9999999999999	0.	0.	1.8128829576494748e-8	7.285815862583088e-9
551.	0.	0.	1.8063160467192595e-8	7.280641770388564e-9
552.	0.	0.	1.7997866552513186e-8	7.27553221503554e-9
553.	0.	0.	1.7932932322094294e-8	7.270481718145053e-9
554.	0.	0.	1.7868342546890993e-8	7.265484848173919e-9
554.9999999999999	0.	0.	1.7804082279995606e-8	7.260536221872577e-9
556.	0.	0.	1.774013685730972e-8	7.255630505700776e-9
557.	0.	0.	1.7676491898062364e-8	7.250762417197481e-9
558.	0.	0.	1.7613133305185544e-8	7.245926726308457e-9
558.9999999999999	0.	0.	1.7550047265543555e-8	7.2411182566692196e-9
560.	0.	0.	1.7487220250026875e-8	7.2363318868462154e-9
561.	0.	0.	1.742463901350662e-8	7.23156255153409e-9
562.	0.	0.	1.7362290594655163e-8	7.226805242710035e-9
563.	0.	0.	1.7300162315635477e-8	7.22205501074515e-9
563.9999999999999	0.	0.	1.7238241781669197e-8	7.21730696547616e-9
565.	0.	0.	1.717651688047269e-8	7.2125562772319345e-9
566.	0.	0.	1.7114975781575618e-8	7.207798177819897e-9
567.	0.	0.	1.7053606935520397e-8	7.203027961470538e-9
567.9999999999999	0.	0.	1.699239907295119e-8	7.1982409857429756e-9
569.	0.	0.	1.693134120358429e-8	7.193432672386825e-9
570.	0.	0.	1.687042261507175e-8	7.1885985081648865e-9
571.	0.	0.	1.6809632871765864e-8	7.183734045638534e-9
572.	0.	0.	1.6748961813370366e-8	7.178834903909069e-9
572.9999999999999	0.	0.	1.6688399553500127e-8	7.173896769323663e-9
574.	0.	0.	1.6627936478139846e-8	7.168915396140415e-9
575.	0.	0.	1.6567563244015127e-8	7.16388660715799e-9
576.	0.	0.	1.6507270776862912e-8	7.158806294302976e-9
576.9999999999999	0.	0.	1.6447050269623092e-8	7.153670419183689e-9
578.	0.	0.	1.6386893180542974e-8	7.148475013606255e-9
579.	0.	0.	1.6326791231199325e-8	7.143216180053437e-9
580.	0.	0.	1.6266736404438583e-8	7.1378900921269285e-9
581.	0.	0.	1.6206720942248706e-8	7.132492994956969e-9
582.	0.	0.	1.614673734354898e-8	7.1270212055733064e-9
583.	0.	0.	1.6086778361915853e-8	7.1214711132446896e-9
584.	0.	0.	1.6026837003236833e-8	7.115839179782031e-9
585.	0.	0.	1.5966906523303824e-8	7.110121939810542e-9
585.9999999999999	0.	0.	1.5906980425337328e-8	7.104316001005347e-9
587.	0.	0.	1.5847052457461266e-8	7.098418044299397e-9
588.	0.	0.	1.5787116610109357e-8	7.09242482405448e-9
589.	0.	0.	1.572716711338521e-8	7.08633316820409e-9
589.9999999999999	0.	0.	1.5667198434368313e-8	7.080139978364359e-9
591.	0.	0.	1.5607205274371062e-8	7.0738422299152205e-9
592.	0.	0.	1.55471825661466e-8	7.067436972050062e-9
593.	0.	0.	1.548712547105529e-8	7.060921327797831e-9
594.	0.	0.	1.542702937618892e-8	7.054292494015962e-9
594.9999999999999	0.	0.	1.5366889891454186e-8	7.047547741354913e-9
596.	0.	0.	1.5306702846619503e-8	7.040684414194777e-9
597.	0.	0.	1.5246464288327933e-8	7.033699930555683e-9
598.	0.	0.	1.5186170477075507e-8	7.0265917819803935e-9
598.9999999999999	0.	0.	1.5125817884161072e-8	7.01935753339199e-9
600.	0.	0.	1.5065403188607207e-8	7.011994822925597e-9
601.	0.	0.	1.500492327405513e-8	7.004501361735363e-9
602.	0.	0.	1.4944375225636983e-8	6.996874933777398e-9
603.	0.	0.	1.4883756326821597e-8	6.989113395567224e-9
603.9999999999999	0.	0.	1.4823064056248045e-8	6.981214675916855e-9
605.	0.	0.	1.4762296084535132e-8	6.9731767756468e-9
606.	0.	0.	1.4701450271077122e-8	6.964997767276799e-9
607.	0.	0.	1.4640524660825281e-8	6.956675794694491e-9
607.9999999999999	0.	0.	1.4579517481059676e-8	6.948209072804521e-9
609.	0.	0.	1.4518427138146261e-8	6.9395958871549255e-9
610.	0.	0.	1.4457252214288123e-8	6.930834593544544e-9
611.	0.	0.	1.439599146427077e-8	6.9219236176117766e-9
612.	0.	0.	1.433464381220143e-8	6.9128614544034034e-9
612.9999999999999	0.	0.	1.4273208348242667e-8	6.903646667924586e-9
614.	0.	0.	1.421168432534966e-8	6.894277890672916e-9
615.	0.	0.	1.4150071156001382e-8	6.884753823152876e-9
616.	0.	0.	1.4088368408938469e-8	6.87507323337555e-9
616.9999999999999	0.	0.	1.40265758058992e-8	6.865234956340156e-9
618.	0.	0.	1.3964693218363282e-8	6.855237893501005e-9
619.	0.	0.	1.390272066430109e-8	6.845081012219575e-9
620.	0.	0.	1.3840658304927728e-8	6.83476334520017e-9
621.	0.	0.	1.3778506441468522e-8	6.8242839899130825e-9
621.9999999999999	0.	0.	1.3716265511932724e-8	6.813642108003017e-9
623.	0.	0.	1.3653936087898153e-8	6.802836924684232e-9
624.	0.	0.	1.3591518871309835e-8	6.791867728123695e-9
625.	0.	0.	1.3529014691291182e-8	6.780733868811349e-9
625.9999999999999	0.	0.	1.3466424500968552e-8	6.7694347589182574e-9
627.	0.	0.	1.3403749374315066e-8	6.7579698716445385e-9
628.	0.	0.	1.3340990503007533e-8	6.7463387405550194e-9
629.	0.	0.	1.32781491933047e-8	6.734540958905986e-9
629.9999999999999	0.	0.	1.3215226862942888e-8	6.722576178960945e-9
630.9999999999999	0.	0.	1.3152225038050263e-8	6.710444111296695e-9
632.	0.	0.	1.3089145350086372e-8	6.698144524102113e-9
633.	0.	0.	1.302598953279836e-8	6.685677242465821e-9
634.	0.	0.	1.2962759419203763e-8	6.673042147657841e-9
634.9999999999999	0.	0.	1.2899456938596246e-8	6.6602391764028895e-9
636.	0.	0.	1.2836084113573374e-8	6.647268320145303e-9
637.	0.	0.	1.2772643057092424e-8	6.634129624308734e-9
638.	0.	0.	1.2709135969551063e-8	6.620823187548382e-9
638.9999999999999	0.	0.	1.2645565135895514e-8	6.607349160997878e-9
640.	0.	0.	1.2581932922753065e-8	6.593707747509036e-9
641.	0.	0.	1.2518241775597716e-8	6.579899200888724e-9
642.	0.	0.	1.245449421593979e-8	6.565923825128776e-9
643.	0.	0.	1.239069283854628e-8	6.5517819736316324e-9
643.9999999999999	0.	0.	1.2326840308693376e-8	6.537474048433869e-9
645.	0.	0.	1.2262939359445668e-8	6.52300049942356e-9
646.	0.	0.	1.2198992788968711e-8	6.508361823555466e-9
647.	0.	0.	1.2135003457871137e-8	6.493558564062828e-9
647.9999999999999	0.	0.	1.2070974286581439e-8	6.478591309667284e-9
649.	0.	0.	1.2006908252752519e-8	6.463460693785076e-9
650.	0.	0.	1.1942808388704372e-8	6.4481673937329195e-9
651.	0.	0.	1.1878677778894324e-8	6.432712129930476e-9
652.	0.	0.	1.1814519557424783e-8	6.417095665103303e-9
652.9999999999999	0.	0.	1.1750336905582228e-8	6.4013188034831645e-9
654.	0.	0.	1.1686133049411401e-8	6.385382390008873e-9
655.	0.	0.	1.1621911257323475e-8	6.369287309526294e-9
656.	0.	0.	1.1557674837738913e-8	6.353034485988233e-9
656.9999999999999	0.	0.	1.1493427136763994e-8	6.3366248816543875e-9
658.	0.	0.	1.1429171535903565e-8	6.320059496292235e-9
659.	0.	0.	1.136491144980903e-8	6.303339366378418e-9
660.	0.	0.	1.1300650324060777e-8	6.286465564301579e-9
661.	0.	0.	1.1236391632986156e-8	6.269439197565642e-9
661.9999999999999	0.	0.	1.117213887751335e-8	6.25226140799562e-9
663.	0.	0.	1.1107895583061683e-8	6.2349333709451324e-9
664.	0.	0.	1.1043665297466237e-8	6.2174562945055465e-9
665.	0.	0.	1.097945158893941e-8	6.199831418717996e-9
665.9999999999999	0.	0.	1.0915258044067301e-8	6.182060014787419e-9
667.	0.	0.	1.0851088265843447e-8	6.1641433843002005e-9
668.	0.	0.	1.0786945871737576e-8	6.146082858444221e-9
669.	0.	0.	1.072283449180021e-8	6.127879797232401e-9
670.	0.	0.	1.065875776680344e-8	6.109535588729762e-9
670.9999999999999	0.	0.	1.059471934641787e-8	6.09105164828439e-9
672.	0.	0.	1.0530722887424454e-8	6.0724294177615035e-9
673.	0.	0.	1.0466772051963472e-8	6.053670364782804e-9
674.	0.	0.	1.0402870505817724e-8	6.034775981969298e-9
674.9999999999999	0.	0.	1.0339021916732126e-8	6.015747786188521e-9
676.	0.	0.	1.027522995276891e-8	5.996587317807271e-9
677.	0.	0.	1.0211498280697024e-8	5.97729613994785e-9
678.	0.	0.	1.014783056441854e-8	5.957875837750888e-9
678.9999999999999	0.	0.	1.0084230463428474e-8	5.938328017641931e-9
679.9999999999999	0.	0.	1.0020701631309977e-8	5.918654306604126e-9
681.	0.	0.	9.957247714264995e-9	5.898856351456324e-9
682.	0.	0.	9.893872349677953e-9	5.87893581813628e-9
683.	0.	0.	9.83057916471513e-9	5.8588943909903545e-9
683.9999999999999	0.	0.	9.767371774957885e-9	5.838733772068786e-9
685.	0.	0.	9.704253783068581e-9	5.8184556804267065e-9
686.	0.	0.	9.641228777492118e-9	5.798061851431919e-9
687.	0.	0.	9.578300331188947e-9	5.7775540360783516e-9
687.9999999999999	0.	0.	9.515472000403075e-9	5.756934000306485e-9
688.9999999999999	0.	0.	9.452747323461363e-9	5.736203524329862e-9
690.	0.	0.	9.390129819606396e-9	5.7153644019682115e-9
691.	0.	0.	9.327622987862201e-9	5.694418439987942e-9
692.	0.	0.	9.26523030593037e-9	5.673367457448517e-9
692.9999999999999	0.	0.	9.202955229119818e-9	5.652213285056179e-9
694.	0.	0.	9.140801189306795e-9	5.630957764525127e-9
695.	0.	0.	9.078771593927382e-9	5.60960274794501e-9
696.	0.	0.	9.016869824999389e-9	5.588150097156061e-9
696.9999999999999	0.	0.	8.955099238176025e-9	5.5666016831311965e-9
698.	0.	0.	8.893463161829085e-9	5.544959385365776e-9
699.	0.	0.	8.831964896162504e-9	5.523225091274276e-9
700.	0.	0.	8.770607712356585e-9	5.5014006955952925e-9
701.	0.	0.	8.7093948517386e-9	5.4794880998026445e-9
701.9999999999999	0.	0.	8.648329524985265e-9	5.4574892115253e-9
703.	0.	0.	8.58741491135252e-9	5.435405943974382e-9
704.	0.	0.	8.526654157934167e-9	5.413240215377894e-9
705.	0.	0.	8.466050378946596e-9	5.390993948422856e-9
705.9999999999999	0.	0.	8.405606655044426e-9	5.368669069705985e-9
707.	0.	0.	8.345326032660251e-9	5.346267509191258e-9
708.	0.	0.	8.285211523372308e-9	5.323791199675638e-9
709.	0.	0.	8.225266103299243e-9	5.301242076262925e-9
710.	0.	0.	8.165492712520104e-9	5.2786220758448835e-9
710.9999999999999	0.	0.	8.10589425452036e-9	5.255933136590803e-9
712.	0.	0.	8.046473595663364e-9	5.233177197444677e-9
713.	0.	0.	7.987233564687177e-9	5.210356197630239e-9
714.	0.	0.	7.928176952224943e-9	5.187472076164188e-9
714.9999999999999	0.	0.	7.869306510350661e-9	5.164526771377139e-9
716.	0.	0.	7.810624952147755e-9	5.141522220442399e-9
717.	0.	0.	7.752134951302592e-9	5.118460358913201e-9
718.	0.	0.	7.693839141719411e-9	5.095343120267409e-9
719.	0.	0.	7.63574011715978e-9	5.0721724354603645e-9
719.9999999999999	0.	0.	7.577840430902027e-9	5.048950232485366e-9
721.	0.	0.	7.520142595425916e-9	5.025678435942947e-9
722.	0.	0.	7.462649082115274e-9	5.00235896661671e-9
723.	0.	0.	7.405362320984923e-9	4.9789937410584364e-9
723.9999999999999	0.	0.	7.348284700426753e-9	4.955584671180309e-9
725.	0.	0.	7.291418566976759e-9	4.932133663855038e-9
726.	0.	0.	7.234766225101861e-9	4.908642620524054e-9
727.	0.	0.	7.178329937007193e-9	4.885113436813718e-9
727.9999999999999	0.	0.	7.1221119224619755e-9	4.8615480021586815e-9
728.9999999999999	0.	0.	7.0661143586442254e-9	4.837948199433718e-9
730.	0.	0.	7.010339380005493e-9	4.814315904593016e-9
731.	0.	0.	6.9547890781514955e-9	4.790652986316925e-9
732.	0.	0.	6.899465501743005e-9	4.766961305666868e-9
732.9999999999999	0.	0.	6.844370656412215e-9	4.743242715747719e-9
734.	0.	0.	6.789506504697713e-9	4.719499061377544e-9
735.	0.	0.	6.734874965995661e-9	4.695732178765317e-9
736.	0.	0.	6.680477916526698e-9	4.671943895195853e-9
736.9999999999999	0.	0.	6.626317189320068e-9	4.648136028722346e-9
737.9999999999999	0.	0.	6.572394574212713e-9	4.624310387866444e-9
739.	0.	0.	6.5187118178637225e-9	4.600468771325455e-9
740.	0.	0.	6.465270623784064e-9	4.576612967687184e-9
741.	0.	0.	6.412072652380527e-9	4.552744755151921e-9
741.9999999999999	0.	0.	6.3591195210141174e-9	4.5288659012616695e-9
743.	0.	0.	6.306412804072648e-9	4.5049781626367275e-9
744.	0.	0.	6.2539540330564976e-9	4.4810832847190176e-9
745.	0.	0.	6.2017446966779934e-9	4.457183001523129e-9
745.9999999999999	0.	0.	6.149786240972535e-9	4.4332790353935665e-9
746.9999999999999	0.	0.	6.098080069424893e-9	4.409373096769972e-9
748.	0.	0.	6.046627543104611e-9	4.385466883958335e-9
749.	0.	0.	5.995429980815702e-9	4.361562082909655e-9
750.	0.	0.	5.944488659256552e-9	4.337660367004916e-9
750.9999999999999	0.	0.	5.893804813191822e-9	4.313763396847444e-9
752.	0.	0.	5.843379635635003e-9	4.2898728200612556e-9
753.	0.	0.	5.7932142780417104e-9	4.2659902710965146e-9
754.	0.	0.	5.743309850513312e-9	4.24211737104107e-9
754.9999999999999	0.	0.	5.693667422010693e-9	4.218255727439157e-9
756.	0.	0.	5.6442880205768075e-9	4.194406934115457e-9
757.	0.	0.	5.595172633570535e-9	4.170572571006826e-9
758.	0.	0.	5.54632220790798e-9	4.14675420399899e-9
759.	0.	0.	5.497737650312972e-9	4.122953384770324e-9
759.9999999999999	0.	0.	5.449419827576975e-9	4.099171650641623e-9
761.	0.	0.	5.4013695668258605e-9	4.075410524431458e-9
762.	0.	0.	5.353587655795793e-9	4.051671514318199e-9
763.	0.	0.	5.306074843116467e-9	4.02795611370747e-9
763.9999999999999	0.	0.	5.2588318386015276e-9	4.004265801105686e-9
765.	0.	0.	5.211859313545997e-9	3.980602039999346e-9
766.	0.	0.	5.1651579010318765e-9	3.956966278740056e-9
767.	0.	0.	5.118728196238254e-9	3.933359950434992e-9
768.	0.	0.	5.072570756759711e-9	3.909784472843311e-9
768.9999999999999	0.	0.	5.026686102929329e-9	3.8862412482776826e-9
770.	0.	0.	4.981074718149314e-9	3.862731663511501e-9
771.	0.	0.	4.935737049224974e-9	3.8392570896911646e-9
772.	0.	0.	4.890673506706195e-9	3.815818882254135e-9
772.9999999999999	0.	0.	4.845884465232666e-9	3.792418380851489e-9
774.	0.	0.	4.801370263884387e-9	3.769056909276237e-9
775.	0.	0.	4.757131206537129e-9	3.745735775396324e-9
776.	0.	0.	4.713167562221821e-9	3.7224562710927334e-9
776.9999999999999	0.	0.	4.669479565488776e-9	3.6992196722025367e-9
777.9999999999999	0.	0.	4.626067416774968e-9	3.676027238466583e-9
779.	0.	0.	4.58293128277602e-9	3.652880213482165e-9
780.	0.	0.	4.540071296821239e-9	3.6297798246603545e-9
781.	0.	0.	4.497487559252257e-9	3.606727283187616e-9
781.9999999999999	0.	0.	4.455180137804265e-9	3.5837237839924873e-9
783.	0.	0.	4.413149067990973e-9	3.560770505716176e-9
784.	0.	0.	4.371394353491592e-9	3.5378686106879547e-9
785.	0.	0.	4.329915966540948e-9	3.5150192449046608e-9
785.9999999999999	0.	0.	4.2887138483216664e-9	3.492223538014472e-9
786.9999999999999	0.	0.	4.247787909358073e-9	3.4694826033048474e-9
788.	0.	0.	4.207138029913285e-9	3.446797537694492e-9
789.	0.	0.	4.166764060386772e-9	3.424169421729596e-9
790.	0.	0.	4.126665821714558e-9	3.401599319583588e-9
790.9999999999999	0.	0.	4.086843105769933e-9	3.3790882790611454e-9
792.	0.	0.	4.047295675766605e-9	3.3566373316058574e-9
793.	0.	0.	4.008023266661893e-9	3.334247492311503e-9
794.	0.	0.	3.969025585561637e-9	3.3119197599371757e-9
794.9999999999999	0.	0.	3.930302312125536e-9	3.289655116925996e-9
795.9999999999999	0.	0.	3.89185309897303e-9	3.2674545294269984e-9
797.	0.	0.	3.853677572090206e-9	3.2453189473210104e-9
798.	0.	0.	3.815775331236418e-9	3.223249304249349e-9
799.	0.	0.	3.778145950351703e-9	3.2012465176462163e-9
799.9999999999999	0.	0.	3.740788977963889e-9	3.179311488774224e-9
801.	0.	0.	3.7037039375956086e-9	3.1574451027628943e-9
802.	0.	0.	3.6668903281714337e-9	3.1356482286505584e-9
803.	0.	0.	3.630347624424436e-9	3.1139217194290023e-9
803.9999999999999	0.	0.	3.594075277302266e-9	3.092266412091321e-9
804.9999999999999	0.	0.	3.5580727143725365e-9	3.070683127682504e-9
806.	0.	0.	3.5223393402283523e-9	3.049172671352831e-9
807.	0.	0.	3.4868745368915855e-9	3.027735832414125e-9
808.	0.	0.	3.451677664216351e-9	3.006373384398698e-9
808.9999999999999	0.	0.	3.4167480602909594e-9	2.9850860851208866e-9
810.	0.	0.	3.3820850418390244e-9	2.9638746767410968e-9
811.	0.	0.	3.3476879046188634e-9	2.9427398858324158e-9
812.	0.	0.	3.3135559238219453e-9	2.9216824234497276e-9
812.9999999999999	0.	0.	3.279688354469125e-9	2.9007029852010765e-9
814.	0.	0.	3.246084431807225e-9	2.8798022513214022e-9
815.	0.	0.	3.212743371700926e-9	2.8589808867484833e-9
816.	0.	0.	3.179664371026063e-9	2.838239541201235e-9
816.9999999999999	0.	0.	3.146846608058662e-9	2.8175788492598555e-9
817.9999999999999	0.	0.	3.114289242863843e-9	2.7969994304483115e-9
819.	0.	0.	3.0819914176810688e-9	2.7765018893186745e-9
820.	0.	0.	3.049952257308855e-9	2.756086815537402e-9
821.	0.	0.	3.01817086948623e-9	2.7357547839737124e-9
821.9999999999999	0.	0.	2.986646345272735e-9	2.7155063547895184e-9
823.	0.	0.	2.955377759425161e-9	2.6953420735312632e-9
824.	0.	0.	2.9243641707733173e-9	2.675262471223609e-9
825.	0.	0.	2.8936046225917028e-9	2.6552680644645495e-9
825.9999999999999	0.	0.	2.863098142970037e-9	2.6353593555223877e-9
826.9999999999999	0.	0.	2.8328437451805846e-9	2.6155368324339512e-9
828.	0.	0.	2.8028404280427727e-9	2.595800969104694e-9
829.	0.	0.	2.7730871762856036e-9	2.576152225409957e-9
830.	0.	0.	2.7435829609069635e-9	2.5565910472978417e-9
830.9999999999999	0.	0.	2.7143267395297536e-9	2.5371178668931136e-9
832.	0.	0.	2.685317456756414e-9	2.517733102602879e-9
833.	0.	0.	2.656554044519299e-9	2.4984371592230115e-9
834.	0.	0.	2.628035422428567e-9	2.479230428046217e-9
834.9999999999999	0.	0.	2.5997604981172917e-9	2.4601132869708547e-9
835.9999999999999	0.	0.	2.5717281675832757e-9	2.441086100611211e-9
837.	0.	0.	2.5439373155277995e-9	2.4221492204085005e-9
838.	0.	0.	2.5163868156915447e-9	2.4033029847431796e-9
839.	0.	0.	2.489075531187116e-9	2.384547719047978e-9
839.9999999999999	0.	0.	2.4620023148283956e-9	2.3658837359219895e-9
841.	0.	0.	2.435166009457031e-9	2.3473113352455263e-9
842.	0.	0.	2.4085654482647644e-9	2.328830804295945e-9
843.	0.	0.	2.382199455113969e-9	2.310442417864101e-9
843.9999999999999	0.	0.	2.3560668448534422e-9	2.292146438371618e-9
844.9999999999999	0.	0.	2.3301664236318806e-9	2.2739431159888155e-9
846.	0.	0.	2.3044969892075416e-9	2.2558326887533783e-9
847.	0.	0.	2.2790573312543256e-9	2.237815382689521e-9
848.	0.	0.	2.2538462316655724e-9	2.219891411927824e-9
848.9999999999999	0.	0.	2.2288624648526057e-9	2.2020609788255114e-9
850.	0.	0.	2.20410479804219e-9	2.1843242740873483e-9
851.	0.	0.	2.179571991567961e-9	2.166681476886811e-9
852.	0.	0.	2.1552627991609005e-9	2.149132754987955e-9
852.9999999999999	0.	0.	2.1311759682346027e-9	2.131678264867265e-9
853.9999999999999	0.	0.	2.1073102401676774e-9	2.1143181518362934e-9
855.	0.	0.	2.0836643505828608e-9	2.0970525501642544e-9
856.	0.	0.	2.060237029622278e-9	2.079881583201127e-9
857.	0.	0.	2.037027002219438e-9	2.0628053635008218e-9
857.9999999999999	0.	0.	2.014032988367909e-9	2.0458239929447176e-9
859.	0.	0.	1.991253703385703e-9	2.028937562865206e-9
860.	0.	0.	1.9686878581772725e-9	2.012146154169505e-9
861.	0.	0.	1.946334159490838e-9	1.9954498374635527e-9
861.9999999999999	0.	0.	1.924191310173508e-9	1.978848673175901e-9
863.	0.	0.	1.902258009421421e-9	1.962342711681774e-9
864.	0.	0.	1.8805329530276597e-9	1.9459319934270387e-9
865.	0.	0.	1.8590148336261282e-9	1.9296165490522185e-9
865.9999999999999	0.	0.	1.8377023409314309e-9	1.913396399516488e-9
866.9999999999999	0.	0.	1.8165941619762362e-9	1.8972715562214616e-9
868.	0.	0.	1.7956889813447662e-9	1.8812420211351213e-9
869.	0.	0.	1.7749854814021226e-9	1.86530778691535e-9
870.	0.	0.	1.754482342521534e-9	1.8494688370334923e-9
870.9999999999999	0.	0.	1.7341782433064805e-9	1.8337251458977282e-9
872.	0.	0.	1.7140718608109262e-9	1.8180766789761116e-9
873.	0.	0.	1.694161870754988e-9	1.802523392919538e-9
874.	0.	0.	1.6744469477379925e-9	1.7870652356843965e-9
874.9999999999999	0.	0.	1.654925765447055e-9	1.7717021466548432e-9
875.9999999999999	0.	0.	1.6355969968633287e-9	1.7564340567649826e-9
877.	0.	0.	1.6164593144645726e-9	1.7412608886205319e-9
878.	0.	0.	1.5975113904239226e-9	1.7261825566202808e-9
879.	0.	0.	1.5787518968056546e-9	1.7111989670770607e-9
879.9999999999999	0.	0.	1.5601795057574169e-9	1.696310018338477e-9
881.	0.	0.	1.5417928896994317e-9	1.6815156009070369e-9
882.	0.	0.	1.523590721510023e-9	1.6668155975600733e-9
883.	0.	0.	1.505571674708251e-9	1.6522098834690014e-9
883.9999999999999	0.	0.	1.4877344236325763e-9	1.6376983263183052e-9
884.9999999999999	0.	0.	1.4700776436173776e-9	1.6232807864238867e-9
886.	0.	0.	1.452600011164907e-9	1.6089571168509989e-9
887.	0.	0.	1.4353002041151425e-9	1.594727163531628e-9
888.	0.	0.	1.4181769018118426e-9	1.5805907653813433e-9
888.9999999999999	0.	0.	1.4012287852655773e-9	1.5665477544156107e-9
890.	0.	0.	1.384454537313908e-9	1.5525979558654566e-9
891.	0.	0.	1.3678528427774996e-9	1.5387411882926857e-9
892.	0.	0.	1.35142238861443e-9	1.5249772637044025e-9
892.9999999999999	0.	0.	1.3351618640704882e-9	1.51130598766688e-9
893.9999999999999	0.	0.	1.31906996082653e-9	1.4977271594189045e-9
895.	0.	0.	1.303145373143297e-9	1.4842405719844405e-9
896.	0.	0.	1.2873867980025229e-9	1.470846012284564e-9
897.	0.	0.	1.2717929352457818e-9	1.457543261248854e-9
897.9999999999999	0.	0.	1.256362487709576e-9	1.4443320939260115e-9
899.	0.	0.	1.2410941613582726e-9	1.4312122795937473e-9
900.	0.	0.	1.225986665413578e-9	1.4181835818681533e-9
901.	0.	0.	1.2110387124814606e-9	1.4052457588120932e-9
901.9999999999999	0.	0.	1.1962490186758895e-9	1.3923985630431378e-9
902.9999999999999	0.	0.	1.1816163037400566e-9	1.379641741840488e-9
904.	0.	0.	1.1671392911646551e-9	1.3669750372513895e-9
905.	0.	0.	1.152816708303424e-9	1.354398186196658e-9
906.	0.	0.	1.1386472864857436e-9	1.3419109205754507e-9
906.9999999999999	0.	0.	1.1246297611269856e-9	1.3295129673693052e-9
908.	0.	0.	1.1107628718354275e-9	1.3172040487453635e-9
909.	0.	0.	1.0970453625173865e-9	1.3049838821587798e-9
910.	0.	0.	1.0834759814788566e-9	1.292852180454445e-9
910.9999999999999	0.	0.	1.0700534815254532e-9	1.2808086519676969e-9
911.9999999999999	0.	0.	1.0567766200585048e-9	1.2688530006244163e-9
913.	0.	0.	1.0436441591700114e-9	1.256984926040238e-9
914.	0.	0.	1.030654865734286e-9	1.24520412361886e-9
914.9999999999999	0.	0.	1.017807511496814e-9	1.2335102846495967e-9
915.9999999999999	0.	0.	1.0051008731615336e-9	1.2219030964040993e-9
917.	0.	0.	9.92533732475064e-10	1.2103822422321905e-9
918.	0.	0.	9.801048763085357e-10	1.1989474016568687e-9
919.	0.	0.	9.678130967370847e-10	1.1875982504684702e-9
919.9999999999999	0.	0.	9.556571911174384e-10	1.1763344608179197e-9
921.	0.	0.	9.436359621624934e-10	1.165155701309218e-9
922.	0.	0.	9.317482180138338e-10	1.1540616370909341e-9
923.	0.	0.	9.199927723124876e-10	1.1430519299469676e-9
923.9999999999999	0.	0.	9.083684442665792e-10	1.1321262383862909e-9
924.9999999999999	0.	0.	8.968740587172389e-10	1.1212842177319622e-9
926.	0.	0.	8.855084462027856e-10	1.1105255202091437e-9
927.	0.	0.	8.742704430196918e-10	1.0998497950322858e-9
928.	0.	0.	8.631588912821904e-10	1.0892566884914213e-9
928.9999999999999	0.	0.	8.521726389798689e-10	1.0787458440376058e-9
930.	0.	0.	8.413105400323501e-10	1.0683169023674039e-9
931.	0.	0.	8.305714543434301e-10	1.05796950150656e-9
932.	0.	0.	8.199542478513497e-10	1.047703276892687e-9
932.9999999999999	0.	0.	8.094577925786066e-10	1.0375178614571991e-9
933.9999999999999	0.	0.	7.990809666790466e-10	1.0274128857062026e-9
935.	0.	0.	7.888226544833976e-10	1.0173879778005915e-9
936.	0.	0.	7.786817465424747e-10	1.0074427636352616e-9
937.	0.	0.	7.686571396691236e-10	9.975768669173167e-10
937.9999999999999	0.	0.	7.587477369775582e-10	9.8778990924354e-10
939.	0.	0.	7.489524479218022e-10	9.780815101768581e-10
940.	0.	0.	7.392701883314434e-10	9.684512873219484e-10
941.	0.	0.	7.296998804465065e-10	9.588988563999563e-10
941.9999999999999	0.	0.	7.202404529495841e-10	9.494238313223629e-10
942.9999999999999	0.	0.	7.108908409971816e-10	9.400258242638736e-10
944.	0.	0.	7.016499862492206e-10	9.307044457345047e-10
945.	0.	0.	6.925168368961519e-10	9.214593046507402e-10
946.	0.	0.	6.834903476854873e-10	9.122900084058175e-10
946.9999999999999	0.	0.	6.745694799460239e-10	9.031961629391684e-10
948.	0.	0.	6.657532016108464e-10	8.941773728048652e-10
949.	0.	0.	6.570404872386274e-10	8.852332412393279e-10
950.	0.	0.	6.484303180334996e-10	8.763633702280793e-10
950.9999999999999	0.	0.	6.399216818632339e-10	8.675673605716405e-10
951.9999999999999	0.	0.	6.31513573276348e-10	8.588448119505609e-10
953.	0.	0.	6.232049935176127e-10	8.501953229895641e-10
954.	0.	0.	6.149949505418428e-10	8.416184913208863e-10
954.9999999999999	0.	0.	6.068824590264764e-10	8.331139136466515e-10
955.9999999999999	0.	0.	5.988665403834061e-10	8.246811858005145e-10
957.	0.	0.	5.909462227683557e-10	8.163199028083302e-10
958.	0.	0.	5.831205410898253e-10	8.080296589480448e-10
959.	0.	0.	5.753885370164361e-10	7.998100478087384e-10
959.9999999999999	0.	0.	5.677492589827907e-10	7.916606623488004e-10
960.9999999999999	0.	0.	5.602017621947268e-10	7.835810949532499e-10
962.	0.	0.	5.527451086325925e-10	7.75570937490262e-10
963.	0.	0.	5.453783670539637e-10	7.676297813668427e-10
963.9999999999999	0.	0.	5.381006129946802e-10	7.597572175836813e-10
964.9999999999999	0.	0.	5.309109287693577e-10	7.519528367891586e-10
966.	0.	0.	5.238084034698235e-10	7.442162293325769e-10
967.	0.	0.	5.16792132963741e-10	7.365469853165368e-10
968.	0.	0.	5.098612198908816e-10	7.289446946485241e-10
968.9999999999999	0.	0.	5.030147736591811e-10	7.21408947091704e-10
969.9999999999999	0.	0.	4.962519104394906e-10	7.139393323148777e-10
971.	0.	0.	4.895717531591683e-10	7.065354399416829e-10
972.	0.	0.	4.829734314951483e-10	6.991968595989928e-10
972.9999999999999	0.	0.	4.764560818653658e-10	6.919231809645218e-10
973.9999999999999	0.	0.	4.700188474198082e-10	6.847139938136401e-10
975.	0.	0.	4.636608780304849e-10	6.775688880654536e-10
976.	0.	0.	4.57381330280253e-10	6.704874538280893e-10
977.	0.	0.	4.511793674511572e-10	6.634692814432022e-10
977.9999999999999	0.	0.	4.4505415951156283e-10	6.565139615297502e-10
979.	0.	0.	4.3900488310271065e-10	6.496210850270113e-10
980.	0.	0.	4.3303072152409036e-10	6.427902432368349e-10
980.9999999999999	0.	0.	4.27130864718535e-10	6.360210278651739e-10
982.	0.	0.	4.2130450925602917e-10	6.293130310628691e-10
982.9999999999999	0.	0.	4.155508583169691e-10	6.22665845465705e-10
983.9999999999999	0.	0.	4.098691216748334e-10	6.160790642337425e-10
985.	0.	0.	4.042585156777891e-10	6.095522810899044e-10
985.9999999999999	0.	0.	3.9871826322986334e-10	6.030850903579333e-10
987.	0.	0.	3.93247593771204e-10	5.966770869995168e-10
988.	0.	0.	3.878457432577404e-10	5.903278666508056e-10
988.9999999999999	0.	0.	3.8251195414059494e-10	5.840370256582347e-10
990.	0.	0.	3.772454753441087e-10	5.778041611135736e-10
990.9999999999999	0.	0.	3.720455622436124e-10	5.716288708883768e-10
992.	0.	0.	3.6691147664289964e-10	5.655107536677315e-10
993.	0.	0.	3.618424867505924e-10	5.594494089833114e-10
993.9999999999999	0.	0.	3.5683786715630634e-10	5.534444372458048e-10
995.	0.	0.	3.518968988059819e-10	5.474954397766275e-10
995.9999999999999	0.	0.	3.4701886897686194e-10	5.416020188390592e-10
997.	0.	0.	3.422030712519481e-10	5.357637776686528e-10
998.	0.	0.	3.3744880549385186e-10	5.299803205030639e-10
998.9999999999999	0.	0.	3.327553778182119e-10	5.242512526112115e-10
1000.	0.	0.	3.281221005667095e-10	5.18576180321809e-10