0.	0.	0.	0.	0.
1.	1.675427673483978e-10	2.823953149268672e-10	2.92729655292047e-11	2.932339341120204e-12
2.	1.0428746825990128e-11	5.30395633640354e-10	5.703109837003609e-11	5.7228132550463876e-12
3.	3.7619594274772406e-13	7.468123662661792e-10	8.335025205778675e-11	8.378338368889866e-12
4.	1.0324829515556957e-14	9.34279038708233e-10	1.082991975320405e-10	1.0905162553679716e-11
5.	2.3862765863790087e-16	1.0952593711101244e-9	1.319403684510304e-10	1.3308934605588196e-11
6.	4.887897550365869e-18	1.2320555264407201e-9	1.5433054234262763e-10	1.5594768132509252e-11
7.	9.143503466433344e-20	1.3468163504390979e-9	1.7552146209479473e-10	1.776730003695905e-11
8.	1.5931831021563288e-21	1.4415454752902635e-9	1.9556040202136846e-10	1.9830743963894065e-11
9.	2.6027849751091774e-23	1.5181091991718317e-9	2.1449068248579267e-10	2.1788939060791194e-11
10.	0.	1.5782440843632327e-9	2.3235213682527398e-10	2.364539437715441e-11
11.	0.	1.6235642397359147e-9	2.491815340901966e-10	2.5403329211456364e-11
12.	0.	1.655568270634443e-9	2.6501296089793e-10	2.7065709695343627e-11
13.	0.	1.6756458916451243e-9	2.798781654958501e-10	2.863528188768724e-11
14.	0.	1.6850842065431192e-9	2.9380686693494697e-10	3.0114601634703284e-11
14.999999999999998	0.	1.6850736656386427e-9	3.068270320723e-10	3.150606143686001e-11
16.	0.	1.6767137144806396e-9	3.189651229474863e-10	3.2811914548589434e-11
17.	0.	1.6610181499653742e-9	3.3024631691418387e-10	3.403429652289613e-11
18.	0.	1.6389202007724244e-9	3.40694701753387e-10	3.517524439976545e-11
18.999999999999996	0.	1.6112773490569802e-9	3.5033344784835504e-10	3.623671372478683e-11
20.	0.	1.578875909735998e-9	3.59184959363236e-10	3.72205935725879e-11
21.	0.	1.5424353827270232e-9	3.672710062368787e-10	3.812871973849514e-11
22.	0.	1.5026125922930545e-9	3.7461283868026657e-10	3.896288625126125e-11
23.	0.	1.460005626334938e-9	3.81231285749939e-10	3.972485534970412e-11
24.	0.	1.4151575871428238e-9	3.8714683946035304e-10	4.041636605665597e-11
24.999999999999996	0.	1.3685601638324115e-9	3.9237972579505225e-10	4.103914147469948e-11
26.	0.	1.3206570354921793e-9	3.9694996387944175e-10	4.159489491974419e-11
27.	0.	1.2718471129808972e-9	4.008774144866071e-10	4.208533500054697e-11
28.	0.	1.22248762635458e-9	4.0418181896168183e-10	4.251216974478225e-11
29.	0.	1.1728970640738026e-9	4.0688282956948443e-10	4.2877109865197623e-11
29.999999999999996	0.	1.123357969444319e-9	4.09000032194236e-10	4.3181871252728435e-11
31.	0.	1.0741195991700461e-9	4.1055296224891285e-10	4.3428176777170144e-11
32.	0.	1.0254004484379715e-9	4.115611145849019e-10	4.361775747009954e-11
32.99999999999999	0.	9.77390646598249e-10	4.120439481299178e-10	4.375235315917838e-11
34.	0.	9.302542272369885e-10	4.1202088592337314e-10	4.383371261774612e-11
35.	0.	8.841312762513149e-10	4.11511311163355e-10	4.3863593288696927e-11
36.	0.	8.391399614134981e-10	4.1053455982786296e-10	4.384376063702269e-11
37.	0.	7.953784468415165e-10	4.091099103848078e-10	4.377598718107313e-11
37.99999999999999	0.	7.529266957658787e-10	4.072565710602807e-10	4.366205124852274e-11
39.	0.	7.118481649869382e-10	4.049936650925938e-10	4.3503735499225655e-11
40.	0.	6.721913944442012e-10	4.0234021436042923e-10	4.330282525357408e-11
41.	0.	6.339914953611537e-10	3.993151217369107e-10	4.3061106661635874e-11
42.	0.	5.97271540479353e-10	3.9593715248743136e-10	4.2780364745224905e-11
42.99999999999999	0.	5.620438599479509e-10	3.9222491499745936e-10	4.246238134213941e-11
44.	0.	5.283112464849402e-10	3.881968410871599e-10	4.210893297907792e-11
44.99999999999999	0.	4.960680734702636e-10	3.8387116614243037e-10	4.172178869720064e-11
46.	0.	4.653013296657163e-10	3.792659092666491e-10	4.130270785193311e-11
47.	0.	4.359915742801039e-10	3.743988536340709e-10	4.0853437906404094e-11
48.	0.	4.081138161087773e-10	3.69287527204137e-10	4.037571223585491e-11
49.	0.	3.816383204737897e-10	3.639491839360101e-10	3.98712479584514e-11
49.99999999999999	0.	3.565313476737985e-10	3.584007856242163e-10	3.93417438061589e-11
51.	0.	3.327558266217532e-10	3.526589844593131e-10	3.8788878047699216e-11
52.	0.	3.102719673034893e-10	3.4674010640192306e-10	3.821430647408954e-11
53.	0.	2.890378156323666e-10	3.406601354441699e-10	3.761966045585809e-11
54.	0.	2.6900975420482024e-10	3.344346988194624e-10	3.700654507973502e-11
54.99999999999999	0.	2.5014295238012865e-10	3.2807905320960494e-10	3.637653737142079e-11
56.	0.	2.3239176901600738e-10	3.2160807198731473e-10	3.5731184609935474e-11
56.99999999999999	0.	2.1571011109094997e-10	3.150362335222962e-10	3.5072002738040897e-11
58.	0.	2.0005175133580928e-10	3.0837761057004074e-10	3.440047487230239e-11
59.	0.	1.8537060788218871e-10	3.016458607543777e-10	3.371804991550901e-11
59.99999999999999	0.	1.716209888149568e-10	2.948542181474759e-10	3.3026141273398414e-11
61.	0.	1.5875780439189783e-10	2.8801548594441604e-10	3.2326125676928274e-11
62.	0.	1.4673674956614576e-10	2.8114203022356124e-10	3.161934211069725e-11
63.	0.	1.3551445931786615e-10	2.7424577477872687e-10	3.09070908475406e-11
64.	0.	1.2504863917145254e-10	2.67338197004503e-10	3.0190632588803604e-11
65.	0.	1.152981731443893e-10	2.604303248120118e-10	2.94711877093275e-11
65.99999999999999	0.	1.0622321124457709e-10	2.535327345488116e-10	2.8749935605763364e-11
67.	0.	9.778523850518618e-11	2.4665554989358056e-10	2.8028014146456347e-11
68.	0.	8.994712742058687e-11	2.398084416935652e-10	2.7306519220812476e-11
69.	0.	8.267317552421216e-11	2.330006287105341e-10	2.6586504385768875e-11
70.	0.	7.592912972985305e-11	2.262408792391281e-10	2.5868980606736006e-11
70.99999999999999	0.	6.968219894225131e-11	2.1953751355996054e-10	2.5154916090160272e-11
72.	0.	6.390105633133182e-11	2.1289840718862804e-10	2.444523620466818e-11
73.	0.	5.855583255725051e-11	2.0633099488087e-10	2.374082348759515e-11
74.	0.	5.361810113089009e-11	1.9984227535346584e-10	2.3042517733571443e-11
75.	0.	4.906085699659419e-11	1.934388166800403e-10	2.2351116161730787e-11
75.99999999999999	0.	4.485848933100536e-11	1.8712676232075842e-10	2.1667373658025318e-11
77.	0.	4.098674946380166e-11	1.8091183774488735e-10	2.099200308906799e-11
78.	0.	3.742271474303073e-11	1.747993576053906e-10	2.0325675683881356e-11
79.	0.	3.414474908951352e-11	1.6879423342504888e-10	1.966902147990675e-11
80.	0.	3.1132460911426417e-11	1.6290098175410207e-10	1.9022629829619656e-11
80.99999999999999	0.	2.8366658981558537e-11	1.5712373275999897e-10	1.838704996410233e-11
82.	0.	2.58293068157688e-11	1.5146623921058201e-10	1.7762791609944838e-11
83.	0.	2.3503476031717158e-11	1.4593188581285462e-10	1.7150325655877347e-11
84.	0.	2.1373299111846688e-11	1.40523698870382e-10	1.655008486557734e-11
84.99999999999999	0.	1.9423921943701407e-11	1.352443562233773e-10	1.596246463314934e-11
85.99999999999999	0.	1.7641456463784305e-11	1.3009619743656785e-10	1.5387823777833904e-11
87.	0.	1.601293368813331e-11	1.2508123420103872e-10	1.4826485374570987e-11
88.	0.	1.4526257373407518e-11	1.2020116091742574e-10	1.4278737617119937e-11
89.	0.	1.3170158516349413e-11	1.1545736542898452e-10	1.3744834710515874e-11
89.99999999999999	0.	1.1934150866840536e-11	1.1085093987431061e-10	1.3224997789731322e-11
90.99999999999999	0.	1.0808487600180193e-11	1.0638269163072012e-10	1.2719415861502222e-11
92.	0.	9.784119267517424e-12	1.020531543205362e-10	1.2228246766368911e-11
93.	0.	8.85265311936991e-12	9.786259885382433e-11	1.1751618158084091e-11
94.	0.	8.006313875670054e-12	9.381104448236866e-11	1.1289628497637077e-11
94.99999999999999	0.	7.237905996622798e-12	8.989826984095018e-11	1.0842348059245247e-11
96.	0.	6.540777491675899e-12	8.61238239532623e-11	1.0409819945768624e-11
97.	0.	5.908785288901189e-12	8.24870371810473e-11	9.992061111106717e-12
98.	0.	5.336262173940353e-12	7.89870320962736e-11	9.589063387241304e-12
99.	0.	4.8179852961986675e-12	7.562273425740214e-11	9.200794513694508e-12
99.99999999999999	0.	4.349146230050409e-12	7.23928828720015e-11	8.827199167277096e-12
101.	0.	3.925322570311071e-12	6.929604132913721e-11	8.468199990104481e-12
102.	0.	3.5424510339952288e-12	6.633060758613488e-11	8.123698613963588e-12
103.	0.	3.1968020343148092e-12	6.349482439543624e-11	7.793576679214865e-12
104.	0.	2.8849556878434235e-12	6.078678935838517e-11	7.477696846516972e-12
104.99999999999999	0.	2.6037792116934355e-12	5.820446479383351e-11	7.175903799759009e-12
106.	0.	2.3504056643145534e-12	5.57456874105223e-11	6.888025238686333e-12
107.	0.	2.1222139810349886e-12	5.3408177773183794e-11	6.613872859799676e-12
108.	0.	1.916810253649984e-12	5.11895495533043e-11	6.35324332420399e-12
109.	0.	1.7320102021348069e-12	4.908731855642128e-11	6.105919211174243e-12
109.99999999999999	0.	1.5658227858498297e-12	4.709891151874479e-11	5.871669956296438e-12
111.	0.	1.4164349013501105e-12	4.522167466675869e-11	5.650252773128366e-12
112.	0.	1.2821971140481136e-12	4.345288203431844e-11	5.441413557412642e-12
113.	0.	1.1616103714549058e-12	4.178974353254018e-11	5.244887772953723e-12
113.99999999999999	0.	1.0533136464884284e-12	4.0229412768574416e-11	5.060401318354308e-12
114.99999999999999	0.	9.560724603453108e-13	3.8768994610080585e-11	4.88767137388243e-12
116.	0.	8.68768235644562e-13	3.7405552492913884e-11	4.726407227814679e-12
117.	0.	7.903884319283167e-13	3.6136115470232265e-11	4.576311081676826e-12
118.	0.	7.200174171168703e-13	3.495768500182676e-11	4.437078833867938e-12
118.99999999999999	0.	6.568280301328238e-13	3.386724148311828e-11	4.30840084122585e-12
119.99999999999999	0.	6.000737916040184e-13	3.286175051380706e-11	4.189962658153006e-12
121.	0.	5.49081721307976e-13	3.193816890670868e-11	4.08144575298466e-12
122.	0.	5.032457228079649e-13	3.109345043781979e-11	3.9825282013409965e-12
122.99999999999999	0.	4.620204975397213e-13	3.0324551339112594e-11	3.892885356258671e-12
124.	0.	4.249159524163598e-13	2.9628435536035584e-11	3.812190494955362e-12
125.	0.	3.914920668214568e-13	2.9002079632076773e-11	3.740115442127485e-12
126.	0.	3.613541866390268e-13	2.8442477643164707e-11	3.6763311697339346e-12
127.	0.	3.3414871471900227e-13	2.7946645485006592e-11	3.620508373260398e-12
128.	0.	3.095591688887904e-13	2.7511625216852908e-11	3.572318024509891e-12
129.	0.	2.873025802852468e-13	2.7134489045408032e-11	3.53143190099665e-12
130.	0.	2.6712620640011584e-13	2.6812343092965796e-11	3.497523092069493e-12
131.	0.	2.48804534790395e-13	2.6542330934038845e-11	3.4702664819188213e-12
131.99999999999997	0.	2.3213655491103575e-13	2.632163690504726e-11	3.4493392096638585e-12
133.	0.	2.1694327696942892e-13	2.6147489191789502e-11	3.4344211067420726e-12
134.	0.	2.0306547808390353e-13	2.6017162699643813e-11	3.425195111857401e-12
135.	0.	1.903616573465037e-13	2.5927981711602e-11	3.421347663769906e-12
136.	0.	1.787061826487172e-13	2.587732233940071e-11	3.4225690722374194e-12
137.	0.	1.679876133204854e-13	2.5862614773118707e-11	3.4285538674402516e-12
138.	0.	1.5810718376550883e-13	2.5881345334770075e-11	3.439001128248816e-12
139.	0.	1.4897743434633193e-13	2.593105834144217e-11	3.4536147897043263e-12
140.	0.	1.4052097678183393e-13	2.6009357783703298e-11	3.4721039301143935e-12
140.99999999999997	0.	1.326693822735214e-13	2.6113908824973182e-11	3.4941830381697163e-12
141.99999999999997	0.	1.253621814708785e-13	2.624243912766226e-11	3.5195722605120695e-12
143.	0.	1.185459662267342e-13	2.6392740011890706e-11	3.547997630193728e-12
144.	0.	1.1217358388266112e-13	2.6562667452615684e-11	3.5791912764803295e-12
145.	0.	1.0620341555826841e-13	2.675014292103577e-11	3.6128916164643936e-12
146.	0.	1.0059873060998355e-13	2.6953154076082447e-11	3.648843528958765e-12
147.	0.	9.532711006436173e-14	2.716975531184582e-11	3.686798511154407e-12
148.	0.	9.035993242968918e-14	2.7398068166717338e-11	3.7265148185286074e-12
149.	0.	8.567191584519397e-14	2.7636281600030838e-11	3.7677575884998985e-12
150.	0.	8.124071104337602e-14	2.788265214189851e-11	3.810298948325086e-12
150.99999999999997	0.	7.70465400782148e-14	2.8135503921918766e-11	3.8539181077416455e-12
151.99999999999997	0.	7.307187621752547e-14	2.839322858235284e-11	3.898401436858614e-12
153.	0.	6.930116080301298e-14	2.8654285081302498e-11	3.94354252980094e-12
154.	0.	6.572055326417502e-14	2.8917199391341785e-11	3.989142254612113e-12
155.	0.	6.231771081675734e-14	2.9180564098985045e-11	4.035008789920951e-12
156.	0.	5.908159469975156e-14	2.944303791026839e-11	4.080957648874667e-12
157.	0.	5.600230009931602e-14	2.9703345067630045e-11	4.126811690838274e-12
158.	0.	5.307090717807654e-14	2.996027468321143e-11	4.172401121362333e-12
159.	0.	5.0279350878557045e-14	3.0212679993525393e-11	4.217563480907128e-12
160.	0.	4.762030739486035e-14	3.045947754041846e-11	4.2621436228192004e-12
160.99999999999997	0.	4.508709541637797e-14	3.069964628307655e-11	4.305993681041742e-12
161.99999999999997	0.	4.2673590437322795e-14	3.093222664574049e-11	4.348973028038988e-12
163.	0.	4.037415059803758e-14	3.1156319505682276e-11	4.390948223408782e-12
164.	0.	3.8183552683310154e-14	3.137108512586034e-11	4.431792953648683e-12
165.	0.	3.609693704642341e-14	3.1575742036579504e-11	4.471387963538016e-12
166.	0.	3.410976035722731e-14	3.176956587032201e-11	4.509620979585284e-12
167.	0.	3.2217755192125686e-14	3.195188815381722e-11	4.546386625986011e-12
168.	0.	3.0416895590644736e-14	3.212209506131136e-11	4.5815863335303235e-12
169.	0.	2.870336779994204e-14	3.227962613282491e-11	4.61512824188412e-12
169.99999999999997	0.	2.7073545516766356e-14	3.242397296111034e-11	4.6469270956658796e-12
170.99999999999997	0.	2.552396901567619e-14	3.255467785086307e-11	4.6769041347272296e-12
171.99999999999997	0.	2.4051327622026647e-14	3.26713324536384e-11	4.704986979039558e-12
173.	0.	2.265244505480969e-14	3.2773576381780355e-11	4.731109508576321e-12
174.	0.	2.1324267218353953e-14	3.2861095804577064e-11	4.755211738575746e-12
175.	0.	2.006385207760017e-14	3.293362202968861e-11	4.777239690552208e-12
176.	0.	1.8868361293260317e-14	3.2990930072808665e-11	4.797145259420126e-12
177.	0.	1.7735053337877393e-14	3.303283721839346e-11	4.814886077083243e-12
178.	0.	1.666127784840989e-14	3.3059201574156446e-11	4.830425372829764e-12
179.	0.	1.564447100391648e-14	3.306992062190912e-11	4.843731830863836e-12
179.99999999999997	0.	1.4682151746669867e-14	3.30649297672571e-11	4.854779445300236e-12
180.99999999999997	0.	1.3771918689144956e-14	3.3044200890471747e-11	4.863547372928182e-12
181.99999999999997	0.	1.291144757294014e-14	3.300774090077292e-11	4.8700197840441474e-12
183.	0.	1.2098489166578659e-14	3.295559029622953e-11	4.874185711655501e-12
184.	0.	1.1330867502759215e-14	3.288782173119247e-11	4.876038899319823e-12
185.	0.	1.060647837744043e-14	3.280453859327343e-11	4.875577647904852e-12
186.	0.	9.923288039295304e-15	3.270587359161368e-11	4.87280466151995e-12
187.	0.	9.279332015628955e-15	3.259198735819771e-11	4.867726892876639e-12
188.	0.	8.672714028019411e-15	3.246306706377912e-11	4.860355388313064e-12
189.	0.	8.101604960105917e-15	3.2319325049952755e-11	4.850705132717065e-12
189.99999999999997	0.	7.564241847756703e-15	3.216099747878479e-11	4.83879489456895e-12
190.99999999999997	0.	7.058926868716808e-15	3.198834300129983e-11	4.8246470713125225e-12
192.	0.	6.5840263144161945e-15	3.180164144608476e-11	4.808287535261365e-12
193.	0.	6.137969529278303e-15	3.1601192529116525e-11	4.789745480228284e-12
194.	0.	5.719247810045754e-15	3.138731458589565e-11	4.7690532690658746e-12
195.	0.	5.326413258743843e-15	3.1160343326822734e-11	4.746246282287922e-12
196.	0.	4.958077585319258e-15	3.092063061674561e-11	4.7213627679431445e-12
197.	0.	4.612910860681979e-15	3.06685432794618e-11	4.6944436928945485e-12
198.	0.	4.289640219178953e-15	3.0404461927919045e-11	4.6655325956540105e-12
198.99999999999997	0.	3.987048514891447e-15	3.012877982075471e-11	4.634675440909086e-12
199.99999999999997	0.	3.703972932680181e-15	2.984190174581912e-11	4.6019204758823975e-12
200.99999999999997	0.	3.4393035612751276e-15	2.9544242931135303e-11	4.567318088636769e-12
202.	0.	3.1919819297023954e-15	2.923622798379586e-11	4.530920668449007e-12
203.	0.	2.9609995159305402e-15	2.891828985719733e-11	4.4927824683619386e-12
204.	0.	2.7453962308132082e-15	2.8590868846874444e-11	4.4529594700048935e-12
205.	0.	2.544258883181386e-15	2.8254411615328455e-11	4.411509250794983e-12
206.	0.	2.3567196332748155e-15	2.7909370245926963e-11	4.368490853584124e-12
207.	0.	2.181954437755738e-15	2.75562013261521e-11	4.323964658849051e-12
208.	0.	2.0191814935461987e-15	2.7195365060260563e-11	4.277992259489832e-12
208.99999999999997	0.	1.8676596845887003e-15	2.6827324411384816e-11	4.230636338298068e-12
209.99999999999997	0.	1.7266870361421753e-15	2.6452544273190803e-11	4.181960548170567e-12
210.99999999999997	0.	1.5955991824005076e-15	2.6071490670946142e-11	4.132029395104105e-12
212.	0.	1.4737678493515751e-15	2.5684629992016104e-11	4.080908124033356e-12
213.	0.	1.3605993596086954e-15	2.529242824563293e-11	4.028662607547686e-12
214.	0.	1.2555331597997285e-15	2.4895350351790347e-11	3.9753592375238635e-12
215.	0.	1.158040375748172e-15	2.4493859459109408e-11	3.9210648197114565e-12
216.	0.	1.0676223973483578e-15	2.408841629141402e-11	3.865846471290655e-12
217.	0.	9.838094948372079e-16	2.3679478522780588e-11	3.8097715214266766e-12
218.	0.	9.061594705923097e-16	2.3267500180803993e-11	3.752907414841439e-12
218.99999999999997	0.	8.342563460935108e-16	2.2852931077709375e-11	3.695321618405075e-12
219.99999999999997	0.	7.677090863354195e-16	2.2436216269047456e-11	3.637081530767151e-12
220.99999999999997	0.	7.06150363739008e-16	2.2017795539543772e-11	3.578254395020268e-12
222.	0.	6.492353610094859e-16	2.159810291575926e-11	3.518907214402533e-12
223.	0.	5.966406144306212e-16	2.1177566205131084e-11	3.4591066710305774e-12
224.	0.	5.480628980546979e-16	2.075660656096745e-11	3.398919047655206e-12
225.	0.	5.032181490385334e-16	2.0335638072997455e-11	3.3384101524356505e-12
226.	0.	4.618404333027613e-16	1.991506738290996e-11	3.2776452467005122e-12
227.	0.	4.2368095291113906e-16	1.9495293324526678e-11	3.2166889756973047e-12
227.99999999999997	0.	3.885070936807317e-16	1.9076706588018336e-11	3.155605302293111e-12
228.99999999999997	0.	3.5610151262486616e-16	1.8659689407726767e-11	3.0944574436132863e-12
229.99999999999997	0.	3.2626126570306673e-16	1.8244615273033313e-11	3.033307810584131e-12
230.99999999999997	0.	2.987969737782346e-16	1.7831848661756425e-11	2.972217950351529e-12
232.	0.	2.7353202696232435e-16	1.7421744795586567e-11	2.911248491550786e-12
233.	0.	2.5030182652229897e-16	1.701464941693149e-11	2.8504590923794474e-12
234.	0.	2.2895306270463746e-16	1.661089858671724e-11	2.7899083914524677e-12
235.	0.	2.093430283580305e-16	1.6210818502508414e-11	2.7296539613876707e-12
236.	0.	1.9133896639085719e-16	1.5814725336455105e-11	2.6697522650924152e-12
237.	0.	1.748174509527731e-16	1.542292509246055e-11	2.610258614702068e-12
237.99999999999997	0.	1.5966380055226636e-16	1.5035713482017398e-11	2.551227133128866e-12
238.99999999999997	0.	1.4577152251664075e-16	1.4653375818157186e-11	2.4927107181778216e-12
239.99999999999997	0.	1.330417867488546e-16	1.4276186926934867e-11	2.4347610091813605e-12
240.99999999999997	0.	1.2138292890172517e-16	1.3904411075880108e-11	2.37742835610456e-12
242.	0.	1.1070998092185381e-16	1.3538301918864413e-11	2.32076179107472e-12
243.	0.	1.0094422807498665e-16	1.317810245680571e-11	2.264809002282805e-12
244.	0.	9.201279127048344e-17	1.2824045013636843e-11	2.209616310203843e-12
245.	0.	8.384823387433205e-17	1.2476351227032311e-11	2.1552286460936346e-12
245.99999999999997	0.	7.638819136262481e-17	1.213523205326769e-11	2.1016895326971715e-12
247.	0.	6.957502356445673e-17	1.1800887785704362e-11	2.049041067123043e-12
248.	0.	6.335548719395839e-17	1.1473508086372595e-11	1.997323905833452e-12
248.99999999999997	0.	5.768042899058331e-17	1.115327203003793e-11	1.94657725168273e-12
250.	0.	5.250449788346438e-17	1.0840348160300099e-11	1.8968388429643414e-12
250.99999999999997	0.	4.778587464045951e-17	1.0534894557156588e-11	1.8481449444046533e-12
252.	0.	4.3486019221285825e-17	1.0237058915487354e-11	1.800530340044515e-12
252.99999999999997	0.	3.956943403835335e-17	9.946978634015236e-12	1.7540283279654671e-12
254.	0.	3.6003442475675797e-17	9.664780914156858e-12	1.7086707167915524e-12
254.99999999999997	0.	3.2757982170511345e-17	9.390582868318157e-12	1.6644878239206243e-12
256.	0.	2.9805411760871257e-17	9.124491637128992e-12	1.6215084754273486e-12
257.	0.	2.7120330507743406e-17	8.866604515137276e-12	1.5797600075831705e-12
258.	0.	2.4679410211592697e-17	8.617009084466954e-12	1.5392682699343138e-12
259.	0.	2.246123849084024e-17	8.375783356028001e-12	1.5000576298924086e-12
260.	0.	2.0446172787308266e-17	8.142995917764917e-12	1.4621509787729236e-12
261.	0.	1.8616204714983868e-17	7.918706089535842e-12	1.4255697392340163e-12
262.	0.	1.6954833469296005e-17	7.702964084176759e-12	1.3903338740604147e-12
263.	0.	1.5446948741869153e-17	7.495811174330195e-12	1.3564618962400967e-12
263.99999999999994	0.	1.4078721384775275e-17	7.297279864603158e-12	1.3239708802775833e-12
265.	0.	1.2837502435677572e-17	7.1073940686699495e-12	1.292876474695543e-12
266.	0.	1.1711729103483207e-17	6.926169290926934e-12	1.2631929156736473e-12
267.	0.	1.0690837855165102e-17	6.753612812277781e-12	1.234933041767165e-12
268.	0.	9.76518373004045e-18	6.5897238797271e-12	1.2081083096646097e-12
269.	0.	8.925965686195688e-18	6.434493899373983e-12	1.1827288109268496e-12
270.	0.	8.165157700776692e-18	6.287906632474521e-12	1.1588032896630445e-12
271.	0.	7.4754447399832e-18	6.149938394208391e-12	1.1363391610913868e-12
272.	0.	6.850164010646959e-18	6.0205582548466125e-12	1.115342530942868e-12
272.99999999999994	0.	6.283250256672129e-18	5.899728242964376e-12	1.0958182156554233e-12
274.	0.	5.7691857271474835e-18	5.7874035504076245e-12	1.077769763316598e-12
274.99999999999994	0.	5.302953651007801e-18	5.6835327386988215e-12	1.0611994753075772e-12
276.	0.	4.8799956942601e-18	5.588057946589855e-12	1.0461084286044706e-12
277.	0.	4.496172459687413e-18	5.5009150984894805e-12	1.0324964986954248e-12
278.	0.	4.147727361969646e-18	5.422034113474969e-12	1.0203623830677396e-12
279.	0.	3.831253354967697e-18	5.35133911464067e-12	1.0097036252263083e-12
280.	0.	3.543662266256986e-18	5.288748638534078e-12	1.000516639203318e-12
281.	0.	3.2821566685856458e-18	5.23417584439238e-12	9.927967345111447e-13
281.99999999999994	0.	3.0442040793879443e-18	5.187528723028261e-12	9.865381415150453e-13
283.	0.	2.8275132702929394e-18	5.148710305056673e-12	9.817340371718026e-13
283.99999999999994	0.	2.6300125606299983e-18	5.1176188682931206e-12	9.783765711057613e-13
285.	0.	2.4498298949189336e-18	5.0941481441258114e-12	9.764568919876447e-13
286.	0.	2.2852746771031538e-18	5.0781875226185914e-12	9.759651741720368e-13
287.	0.	2.134821012350786e-18	5.069622256212187e-12	9.768906445697094e-13
288.	0.	1.997092529593038e-18	5.068333661810376e-12	9.792216097148274e-13
289.	0.	1.8708484080005016e-18	5.074199321090637e-12	9.829454829964246e-13
290.	0.	1.7549707560734073e-18	5.0870932788944376e-12	9.880488120258734e-13
291.	0.	1.6484528468761032e-18	5.1068862395017255e-12	9.945173061016085e-13
292.	0.	1.5503886894804516e-18	5.133445760694608e-12	1.0023358637511407e-12
292.99999999999994	0.	1.4599632567662537e-18	5.1666364454500044e-12	1.011488600317152e-12
294.	0.	1.3764438254778604e-18	5.2063201311266175e-12	1.0219588755587914e-12
294.99999999999994	0.	1.2991718976102878e-18	5.252356076029754e-12	1.0337293212422452e-12
296.	0.	1.227555956945159e-18	5.304601143265409e-12	1.0467818686995878e-12
297.	0.	1.1610648863681818e-18	5.362909981735307e-12	1.061097776322676e-12
298.	0.	1.0992219808925522e-18	5.4271352041938605e-12	1.076657656971865e-12
299.	0.	1.0415994929653565e-18	5.497127562307951e-12	1.0934415052829001e-12
300.	0.	9.87813697762238e-19	5.572736118558554e-12	1.1114287248346464e-12
301.	0.	9.37520449274399e-19	5.653808414980939e-12	1.1305981551710915e-12
301.99999999999994	0.	8.90411177122199e-19	5.740190638647379e-12	1.1509280986523396e-12
303.	0.	8.462091401212436e-19	5.831727783782917e-12	1.172396347106107e-12
303.99999999999994	0.	8.046662228641133e-19	5.9282638105414445e-12	1.194980208278157e-12
305.	0.	7.655599202376884e-19	6.02964180029848e-12	1.2186565320456775e-12
306.	0.	7.286906128191207e-19	6.135704107486705e-12	1.2434017363911546e-12
307.	0.	6.938792649425788e-19	6.24629250787838e-12	1.269191833109549e-12
308.	0.	6.609650718923554e-19	6.361248343310576e-12	1.296002453239763e-12
309.	0.	6.298036765424548e-19	6.480412662804686e-12	1.3238088722021023e-12
310.	0.	6.002653040327434e-19	6.6036263600731726e-12	1.3525860346316607e-12
310.99999999999994	0.	5.722331455065478e-19	6.7307303073527145e-12	1.3823085788862563e-12
312.	0.	5.456020635833481e-19	6.861565485602913e-12	1.4129508612278193e-12
312.99999999999994	0.	5.202772945773741e-19	6.995973111007916e-12	1.444486979655084e-12
314.	0.	4.961731459756733e-19	7.133794757802281e-12	1.476890797382422e-12
314.99999999999994	0.	4.732122440978354e-19	7.274872477410775e-12	1.5101359659530456e-12
316.	0.	4.513243939079617e-19	7.419048913886358e-12	1.5441959479734692e-12
317.	0.	4.3044591552607562e-19	7.566167415683035e-12	1.579044039466856e-12
318.	0.	4.105188536991734e-19	7.716072143743189e-12	1.6146533918309359e-12
319.	0.	3.9149042231459315e-19	7.868608175914147e-12	1.6509970333933217e-12
320.	0.	3.7331220855416686e-19	8.0236216077311e-12	1.6880478905616613e-12
321.	0.	3.559400226454448e-19	8.180959649564943e-12	1.7257788085579707e-12
321.99999999999994	0.	3.393330885465252e-19	8.340470720148511e-12	1.7641625717294485e-12
323.	0.	3.234538428845365e-19	8.502004536524452e-12	1.8031719234343309e-12
323.99999999999994	0.	3.0826761178128713e-19	8.665412200441763e-12	1.8427795854979076e-12
325.	0.	2.937421780157612e-19	8.830546281222075e-12	1.8829582772325707e-12
326.	0.	2.7984760362003165e-19	8.997260895109385e-12	1.923680734014053e-12
327.	0.	2.6655579490902687e-19	9.165411781195018e-12	1.9649197254227736e-12
328.	0.	2.538406364152967e-19	9.334856373887997e-12	2.0066480729332107e-12
329.	0.	2.416775195673074e-19	9.505453872006713e-12	2.048838667156829e-12
330.	0.	2.300432919767881e-19	9.677065304543614e-12	2.0914644846390022e-12
330.99999999999994	0.	2.1891592145470156e-19	9.849553593109738e-12	2.1344986042007263e-12
332.	0.	2.0827485136521584e-19	1.0022783611122782e-11	2.177914222828231e-12
332.99999999999994	0.	1.9810023058594438e-19	1.0196622239811215e-11	2.2216846711155414e-12
334.	0.	1.8837340160735874e-19	1.0370938421025127e-11	2.265783428247494e-12
335.	0.	1.7907646766355538e-19	1.0545603206958985e-11	2.310184136535516e-12
336.	0.	1.7019235039298235e-19	1.0720489806806271e-11	2.3548606155001064e-12
337.	0.	1.6170471451625712e-19	1.0895473630401295e-11	2.3997868755017525e-12
338.	0.	1.5359780096332346e-19	1.1070432328918697e-11	2.4449371309254395e-12
339.	0.	1.4585662781327924e-19	1.1245245832656703e-11	2.4902858129142756e-12
339.99999999999994	0.	1.3846658077537751e-19	1.1419796385988754e-11	2.535807581660757e-12
341.	0.	1.3141385135873653e-19	1.159396857952139e-11	2.5814773382540338e-12
341.99999999999994	0.	1.246849782336272e-19	1.1767649379518516e-11	2.627270236086571e-12
343.	0.	1.1826697491974457e-19	1.1940728154654393e-11	2.6731616918242596e-12
343.99999999999994	0.	1.1214738439351646e-19	1.2113096700147395e-11	2.719127395941811e-12
345.	0.	1.0631409269351037e-19	1.2284649259337204e-11	2.765143322827938e-12
346.	0.	1.0075557634897705e-19	1.2455282542766873e-11	2.811185740464524e-12
347.	0.	9.546052097486963e-20	1.2624895744820219e-11	2.8572312196818513e-12
348.	0.	9.041803451272951e-20	1.2793390557983383e-11	2.9032566429961494e-12
349.	0.	8.56176219935403e-20	1.2960671184783642e-11	2.949239213032354e-12
350.	0.	8.104931438462842e-20	1.3126644347480603e-11	2.9951564605402236e-12
350.99999999999994	0.	7.670318594013396e-20	1.3291219295534022e-11	3.040986252000451e-12
352.	0.	7.256978186606199e-20	1.3454307810958447e-11	3.0867067968372338e-12
352.99999999999994	0.	6.864004027083296e-20	1.3615824211585022e-11	3.1322966542334982e-12
354.	0.	6.490519161779634e-20	1.3775685352302921e-11	3.177734739556903e-12
355.	0.	6.135672912193046e-20	1.3933810624349677e-11	3.223000330404466e-12
356.	0.	5.798636506178879e-20	1.4090121952690383e-11	3.268073072266816e-12
357.	0.	5.478636498959058e-20	1.4244543791570492e-11	3.3129329838238985e-12
358.	0.	5.174900943845016e-20	1.4397003118276889e-11	3.357560461872312e-12
359.	0.	4.886690175650341e-20	1.454742942517463e-11	3.4019362858924074e-12
359.99999999999994	0.	4.6133198673717576e-20	1.4695754710082993e-11	3.446041622262576e-12
361.	0.	4.354090725499974e-20	1.4841913465057784e-11	3.489858028129045e-12
361.99999999999994	0.	4.108360019851141e-20	1.4985842663587353e-11	3.5333674549259353e-12
363.	0.	3.8754891044373557e-20	1.512748174633715e-11	3.576552251570211e-12
363.99999999999994	0.	3.6548956111267284e-20	1.526677260543563e-11	3.619395167323238e-12
365.	0.	3.4459637138822274e-20	1.54036595673718e-11	3.661879354328782e-12
366.	0.	3.2481739645132827e-20	1.5538089374597307e-11	3.703988369843169e-12
367.	0.	3.0609659775969675e-20	1.567001116581144e-11	3.745706178146187e-12
368.	0.	2.883823572510101e-20	1.5799376455074272e-11	3.7870171521611856e-12
368.99999999999994	0.	2.716283730138432e-20	1.5926139109720084e-11	3.827906074771879e-12
370.	0.	2.557848083461766e-20	1.6050255327178632e-11	3.8683581398558286e-12
370.99999999999994	0.	2.4080714928593788e-20	1.6171683610716186e-11	3.908358953031905e-12
372.	0.	2.2665327840816826e-20	1.629038474418673e-11	3.9478945321380834e-12
372.99999999999994	0.	2.1328022567813267e-20	1.6406321765800516e-11	3.986951307436074e-12
374.	0.	2.0064965767961155e-20	1.65194599410033e-11	4.0255161215603465e-12
375.	0.	1.8872331489024788e-20	1.662976673446187e-11	4.063576229205495e-12
376.	0.	1.7746600180919355e-20	1.673721178126362e-11	4.101119296573528e-12
377.	0.	1.6684070422249932e-20	1.68417668573236e-11	4.1381334005748685e-12
378.	0.	1.5681832463006815e-20	1.694340584908236e-11	4.17460702779903e-12
379.	0.	1.4736322833966868e-20	1.7042104722509184e-11	4.210529073254308e-12
379.99999999999994	0.	1.3844850019885822e-20	1.7137841491483535e-11	4.245888838890406e-12
381.	0.	1.3004536431604941e-20	1.723059618557222e-11	4.2806760319042185e-12
381.99999999999994	0.	1.2212470474947144e-20	1.732035081726644e-11	4.314880762841117e-12
383.	0.	1.1466308190939515e-20	1.7407089348695403e-11	4.348493543492004e-12
384.	0.	1.0763440048954313e-20	1.7490797657886132e-11	4.3815052846002486e-12
385.	0.	1.0101439586083663e-20	1.7571463504577345e-11	4.413907293376964e-12
386.	0.	9.478241970040136e-21	1.7649076495656024e-11	4.445691270838822e-12
387.	0.	8.891720166988565e-21	1.772362805022894e-11	4.476849308968389e-12
388.	0.	8.339694021897112e-21	1.7795111364379462e-11	4.507373887706713e-12
388.99999999999994	0.	7.820410210349258e-21	1.7863521375645538e-11	4.5372578717847045e-12
390.	0.	7.331943625318626e-21	1.7928854727247592e-11	4.566494507397885e-12
390.99999999999994	0.	6.872679151765362e-21	1.7991109732096687e-11	4.5950774187298005e-12
392.	0.	6.440852119620529e-21	1.8050286336638846e-11	4.623000604336024e-12
392.99999999999994	0.	6.0350407720820616e-21	1.810638608452661e-11	4.650258433384434e-12
394.	0.	5.6538617717360814e-21	1.815941208019541e-11	4.6768456417694335e-12
395.	0.	5.2954772435144536e-21	1.8209368952339028e-11	4.702757328096953e-12
396.	0.	4.959100603199982e-21	1.8256262817326834e-11	4.7279889495492885e-12
397.	0.	4.6431780515210845e-21	1.8300101242596058e-11	4.752536317636927e-12
397.99999999999994	0.	4.346390383129058e-21	1.8340893210042777e-11	4.77639559384179e-12
399.	0.	4.068019300432196e-21	1.8378649079424303e-11	4.7995632851540545e-12
399.99999999999994	0.	3.806750450103511e-21	1.8413380551828815e-11	4.822036239515627e-12
401.	0.	3.5615368486526145e-21	1.8445100633207056e-11	4.843811641167919e-12
401.99999999999994	0.	3.331616311033949e-21	1.8473823597999256e-11	4.864887005911539e-12
403.	0.	3.1159860909629025e-21	1.8499564952901365e-11	4.88526017628858e-12
404.	0.	2.913760312516563e-21	1.8522341400754775e-11	4.904929316682617e-12
405.	0.	2.7241788141115026e-21	1.8542170804619708e-11	4.923892908351498e-12
406.	0.	2.5466158436932528e-21	1.8559072152011148e-11	4.942149744386901e-12
407.	0.	2.3800269990171585e-21	1.8573065519366792e-11	4.959698924618531e-12
408.	0.	2.224066774054702e-21	1.8584172036722567e-11	4.976539850456173e-12
408.99999999999994	0.	2.0779785397556915e-21	1.8592413852638554e-11	4.992672219680727e-12
410.	0.	1.941155118603168e-21	1.8597814099380226e-11	5.008096021185344e-12
410.99999999999994	0.	1.8131470396789e-21	1.8600396858383146e-11	5.022811529674258e-12
412.	0.	1.693086158189463e-21	1.86001871260089e-11	5.036819300321278e-12
412.99999999999994	0.	1.580849088111575e-21	1.8597210779607253e-11	5.05012016339224e-12
414.	0.	1.4759007254095163e-21	1.859149454390142e-11	5.062715218836165e-12
415.	0.	1.3776784010985018e-21	1.8583065957724144e-11	5.074605830852761e-12
416.	0.	1.285592434993001e-21	1.857195334107357e-11	5.085793622428489e-12
417.	0.	1.1996326937438432e-21	1.8558185762570482e-11	5.096280469863603e-12
417.99999999999994	0.	1.1191696825305039e-21	1.8541793007261188e-11	5.106068497275736e-12
419.	0.	1.0439578527303209e-21	1.8522805544814705e-11	5.115160071093667e-12
419.99999999999994	0.	9.737375293213319e-22	1.8501254498122217e-11	5.123557794544444e-12
421.	0.	9.080277905326056e-22	1.8477171612296915e-11	5.131264502133848e-12
421.99999999999994	0.	8.467463776152032e-22	1.8450589224088642e-11	5.138283254125168e-12
423.	0.	7.893830690495837e-22	1.8421540231728483e-11	5.144617331021297e-12
424.	0.	7.358322055605436e-22	1.8390058065197786e-11	5.150270228049495e-12
425.	0.	6.857681550028224e-22	1.835617665694338e-11	5.155245649656075e-12
426.	0.	6.390668008641154e-22	1.8319930413037788e-11	5.159547504011514e-12
426.99999999999994	0.	5.953820440747491e-22	1.8281354184791664e-11	5.163179897529368e-12
428.	0.	5.545722897732035e-22	1.8240483240827358e-11	5.166147129402442e-12
428.99999999999994	0.	5.167066370213728e-22	1.819735323961219e-11	5.168453686157263e-12
430.	0.	4.811970486421217e-22	1.81520002024701e-11	5.170104236233241e-12
430.99999999999994	0.	4.480987998068538e-22	1.8104460487055745e-11	5.171103624583373e-12
432.	0.	4.172449841258218e-22	1.8054770761315945e-11	5.171456867305068e-12
432.99999999999994	0.	3.8846282463209335e-22	1.8002967977926524e-11	5.171169146298909e-12
434.	0.	3.6157386593396276e-22	1.7949089349213515e-11	5.170245803959444e-12
435.	0.	3.363941705399226e-22	1.7893172322566862e-11	5.168692337901939e-12
436.	0.	3.1318417333241157e-22	1.783525455633376e-11	5.166514395722762e-12
437.	0.	2.913038821558011e-22	1.7775373896205755e-11	5.163717769799175e-12
437.99999999999994	0.	2.7100756478256674e-22	1.7713568352104754e-11	5.160308392131564e-12
439.	0.	2.5209693037109037e-22	1.7649876075547996e-11	5.156292329223928e-12
439.99999999999994	0.	2.3459762374745945e-22	1.758433533751776e-11	5.151675777011943e-12
441.	0.	2.180752821817397e-22	1.7516984506818995e-11	5.146465055835113e-12
441.99999999999994	0.	2.0277890231485135e-22	1.7447862028930534e-11	5.1406666054567374e-12
443.	0.	1.8849768209467116e-22	1.7377006405349176e-11	5.134286980132921e-12
444.	0.	1.752488178745609e-22	1.730445617342714e-11	5.127332843732715e-12
445.	0.	1.6281591886063982e-22	1.723024988669368e-11	5.119810964908441e-12
446.	0.	1.5144620969509685e-22	1.715442609567606e-11	5.111728212322438e-12
446.99999999999994	0.	1.4068600577218567e-22	1.7077023329197903e-11	5.1030915499256134e-12
448.	0.	1.307806758192524e-22	1.699808007616981e-11	5.0939080322940675e-12
448.99999999999994	0.	1.2150618703960164e-22	1.6917634767859357e-11	5.0841848000217246e-12
450.	0.	1.1287181498598137e-22	1.6835725760637794e-11	5.073929075170186e-12
450.99999999999994	0.	1.0488642786111222e-22	1.6752391319215914e-11	5.0631481567812465e-12
452.	0.	9.732053687927715e-23	1.6667669600338392e-11	5.051849416444959e-12
453.	0.	9.041888753405104e-23	1.6581598636966014e-11	5.040040293933799e-12
454.	0.	8.39500101903055e-23	1.649421632290922e-11	5.0277282928939255e-12
455.	0.	7.791945988890644e-23	1.6405560397938528e-11	5.01492097660325e-12
455.99999999999994	0.	7.233251576600872e-23	1.6315668433345966e-11	5.001625963790103e-12
457.	0.	6.71941802721897e-23	1.6224577817970275e-11	4.9878509245187494e-12
457.99999999999994	0.	6.226783039809883e-23	1.6132325744663667e-11	4.973603576136412e-12
459.	0.	5.779829046007325e-23	1.6038949197215285e-11	4.958891679288821e-12
459.99999999999994	0.	5.354750300941721e-23	1.5944484937712217e-11	4.94372303399994e-12
461.	0.	4.976084640912206e-23	1.5848969494335075e-11	4.9281054758172556e-12
461.99999999999994	0.	4.619892049959148e-23	1.575243914959636e-11	4.9120468720267e-12
463.	0.	4.2864019388724827e-23	1.565492992899508e-11	4.895555117931314e-12
464.	0.	3.975829758209638e-23	1.5556477590099503e-11	4.878638133198919e-12
465.	0.	3.688377005104893e-23	1.5457117612046607e-11	4.861303858277413e-12
466.	0.	3.424231238581306e-23	1.535688518545344e-11	4.8435602508778355e-12
466.99999999999994	0.	3.159077133179115e-23	1.5255815202733533e-11	4.825415282525301e-12
468.	0.	2.9420244901583836e-23	1.5153942248813477e-11	4.806876935177761e-12
468.99999999999994	0.	2.7242179232268537e-23	1.5051300592244177e-11	4.787953197913081e-12
470.	0.	2.5302853067963414e-23	1.4947924176705645e-11	4.76865206368577e-12
470.99999999999994	0.	2.3357647757579568e-23	1.484384661288715e-11	4.748981526149503e-12
472.	0.	2.165316994366599e-23	1.4739101170749576e-11	4.72894957654947e-12
473.	0.	1.9944239266714594e-23	1.463372077215973e-11	4.708564200683172e-12
474.	0.	1.8477701310997092e-23	1.452773798388505e-11	4.687833375927674e-12
475.	0.	1.7254396035158166e-23	1.4421185010951438e-11	4.666765068336082e-12
475.99999999999994	0.	1.602843725318145e-23	1.4314093690354289e-11	4.645367229801958e-12
477.	0.	1.4800162153335376e-23	1.4206495485110376e-11	4.6236477952892645e-12
477.99999999999994	0.	1.356990601092351e-23	1.4098421478657268e-11	4.6016146801318395e-12
479.	0.	1.2584762121272167e-23	1.3989902369581606e-11	4.579275777398234e-12
479.99999999999994	0.	1.1845100251396812e-23	1.3880968466680404e-11	4.556638955324843e-12
481.	0.	1.0857630436199045e-23	1.3771649684335531e-11	4.533712054812639e-12
481.99999999999994	0.	1.0116109880735435e-23	1.366197553821372e-11	4.510502886993215e-12
483.	0.	9.373962760688713e-24	1.3551975141266752e-11	4.487019230857581e-12
484.	0.	8.631384731033674e-24	1.3441677200040158e-11	4.463268830951999e-12
484.99999999999994	0.	7.888569946388127e-24	1.3331110011273074e-11	4.439259395136925e-12
486.	0.	7.392114832541634e-24	1.3220301458792814e-11	4.414998592411741e-12
486.99999999999994	0.	6.895537269374943e-24	1.3109279010689992e-11	4.390494050802185e-12
488.	0.	6.398965054992676e-24	1.2998069716771963e-11	4.365753355311433e-12
488.99999999999994	0.	5.902524878063235e-24	1.2886700206287103e-11	4.340784045933719e-12
490.	0.	5.40634228348211e-24	1.2775196685913448e-11	4.315593615730166e-12
491.	0.	4.91054163904112e-24	1.2663584938007765e-11	4.290189508966564e-12
491.99999999999994	0.	4.6605375532712646e-24	1.2551890319104245e-11	4.264579119311507e-12
492.99999999999994	0.	4.165613692830013e-24	1.2440137758660187e-11	4.238769788095012e-12
494.	0.	3.916179149711936e-24	1.232835175804516e-11	4.212768802628148e-12
495.	0.	3.667003671742564e-24	1.22165563897577e-11	4.18658339457969e-12
496.	0.	3.4181478165753165e-24	1.2104775296875068e-11	4.160220738412856e-12
496.99999999999994	0.	3.1696714871012574e-24	1.1993031692724043e-11	4.1336879498797744e-12
497.99999999999994	0.	2.9216339175217985e-24	1.1881348360765116e-11	4.1069920845721175e-12
499.	0.	2.6740936599110874e-24	1.1769747654689662e-11	4.080140136529253e-12
500.	0.	2.4271085712637666e-24	1.1658251498719035e-11	4.0531390369013835e-12
500.99999999999994	0.	2.1807358010261687e-24	1.1546881388104372e-11	4.025995652668549e-12
501.99999999999994	0.	2.176910751494722e-24	1.1435658389815298e-11	3.998716785412739e-12
503.	0.	1.9314882335562694e-24	1.1324603143420222e-11	3.971309170145186e-12
504.	0.	1.686827372483872e-24	1.1213735862143813e-11	3.9437794741850434e-12
505.	0.	1.6834796591148752e-24	1.1103076334101154e-11	3.916134296090674e-12
505.99999999999994	0.	1.4400089361166397e-24	1.099264392370491e-11	3.8883801646432336e-12
506.99999999999994	0.	1.436932324640727e-24	1.0882457573231833e-11	3.860523537878863e-12
508.	0.	1.1947949321005734e-24	1.0772535804554205e-11	3.83257080217284e-12
509.	0.	1.1920624297444449e-24	1.066289672101951e-11	3.804528271370717e-12
509.99999999999994	0.	1.1892471029961015e-24	1.0553558009485387e-11	3.776402185969897e-12
510.99999999999994	0.	9.490799724813903e-25	1.0444536942490874e-11	3.748198712346398e-12
512.	0.	9.466976307943568e-25	1.0335850380572528e-11	3.719923942030331e-12
513.	0.	9.442514795409483e-25	1.0227514774710113e-11	3.6915838910261e-12
514.	0.	7.063067595754593e-25	1.0119546168901269e-11	3.663184499177811e-12
514.9999999999999	0.	7.043782970582914e-25	1.0011960202860523e-11	3.6347316295794204e-12
516.	0.	7.0240384976627e-25	9.904772114836311e-12	3.6062310680280237e-12
517.	0.	7.00384048612578e-25	9.797996744542836e-12	3.577688522520212e-12
518.	0.	6.983195275560018e-25	9.691648536199698e-12	3.5491096227899133e-12
518.9999999999999	0.	4.641406155984905e-25	9.585741541677351e-12	3.520499919887648e-12
520.	0.	4.627059170536333e-25	9.480289423742476e-12	3.491864885800028e-12
521.	0.	4.612426839931529e-25	9.375305459399493e-12	3.4632099131090453e-12
522.	0.	4.597513458384683e-25	9.270802543321804e-12	3.4345403146893566e-12
523.	0.	4.582323333794704e-25	9.16679319137202e-12	3.4058613234442737e-12
524.	0.	4.566860786468647e-25	9.063289544204733e-12	3.3771780920787844e-12
525.	0.	2.2755650739302876e-25	8.960303370946581e-12	3.3484956929083666e-12
526.	0.	2.267567879663449e-25	8.857846072951727e-12	3.3198191177036096e-12
527.	0.	2.2594409854498326e-25	8.755928687630955e-12	3.291153277570747e-12
527.9999999999999	0.	2.2511865700362043e-25	8.654561892340079e-12	3.2625030028633305e-12
529.	0.	2.2428068153040037e-25	8.553756008341771e-12	3.2338730431310914e-12
530.	0.	2.2343039056792034e-25	8.453521004817538e-12	3.205268067097712e-12
531.	0.	2.2256800275518144e-25	8.353866502939766e-12	3.17669266267208e-12
532.	0.	2.21693736870337e-25	8.254801779994435e-12	3.148151336989829e-12
533.	0.	2.2080781177434217e-25	8.15633577355405e-12	3.1196485164857576e-12
534.	0.	2.1991044635539293e-25	8.058477085693514e-12	3.0911885469947432e-12
535.	0.	2.1900185947424565e-25	7.961233987248501e-12	3.062775693881711e-12
536.	0.	2.1808226991040465e-25	7.864614422113063e-12	3.034414142199645e-12
536.9999999999999	0.	2.17151896309145e-25	7.768626011571093e-12	3.0061079968743887e-12
538.	0.	2.1621095712942404e-25	7.673276058661383e-12	2.977861282916269e-12
539.	0.	0.	7.578571552570765e-12	2.9496779456572315e-12
540.	0.	0.	7.484519173053964e-12	2.921561851013007e-12
540.9999999999999	0.	0.	7.391125294875656e-12	2.8935167857692786e-12
542.	0.	0.	7.298395992273716e-12	2.8655464578917413e-12
543.	0.	0.	7.206337043441366e-12	2.83765449685942e-12
544.	0.	0.	7.114953935021519e-12	2.8098444540192373e-12
545.	0.	0.	7.024251866614674e-12	2.7821198029624623e-12
545.9999999999999	0.	0.	6.934235755298471e-12	2.754483939922774e-12
547.	0.	0.	6.844910240149879e-12	2.7269401841925516e-12
548.	0.	0.	6.7562796867791406e-12	2.6994917785614625e-12
549.	0.	0.	6.668348191858828e-12	2.6721418897709487e-12
549.9999999999999	0.	0.	6.58111958765926e-12	2.6448936089891318e-12
551.	0.	0.	6.494597446578088e-12	2.6177499523019203e-12
552.	0.	0.	6.408785085669018e-12	2.5907138612222513e-12
553.	0.	0.	6.323685571160414e-12	2.5637882032139478e-12
554.	0.	0.	6.239301722971124e-12	2.5369757722335364e-12
554.9999999999999	0.	0.	6.155636119210683e-12	2.5102792892848474e-12
556.	0.	0.	6.0726911006719565e-12	2.4837014029899045e-12
557.	0.	0.	5.99046877530804e-12	2.4572446901729296e-12
558.	0.	0.	5.908971022693717e-12	2.4309116564576855e-12
558.9999999999999	0.	0.	5.8281994984704835e-12	2.404704736877979e-12
560.	0.	0.	5.748155638772198e-12	2.37862629650005e-12
561.	0.	0.	5.6688406646299245e-12	2.352678631056554e-12
562.	0.	0.	5.590255586357084e-12	2.326863967592568e-12
563.	0.	0.	5.512401207907509e-12	2.3011844651206498e-12
563.9999999999999	0.	0.	5.4352781312123485e-12	2.2756422152874935e-12
565.	0.	0.	5.358886760488985e-12	2.2502392430493902e-12
566.	0.	0.	5.283227306522624e-12	2.224977507356799e-12
567.	0.	0.	5.20829979091915e-12	2.1998589018474405e-12
567.9999999999999	0.	0.	5.134104050329474e-12	2.174885255548093e-12
569.	0.	0.	5.060639740640828e-12	2.150058333583077e-12
570.	0.	0.	4.987906341137244e-12	2.125379837890496e-12
571.	0.	0.	4.915903158626207e-12	2.100851407944836e-12
572.	0.	0.	4.844629331532407e-12	2.0764746214862868e-12
572.9999999999999	0.	0.	4.774083833954307e-12	2.052250995255084e-12
574.	0.	0.	4.704265479686638e-12	2.0281819857318904e-12
575.	0.	0.	4.635172926205245e-12	2.004268989882888e-12
576.	0.	0.	4.566804678613335e-12	1.9805133459089274e-12
576.9999999999999	0.	0.	4.4991590935511754e-12	1.9569163339996237e-12
578.	0.	0.	4.43223438306518e-12	1.933479177090611e-12
579.	0.	0.	4.3660286184377994e-12	1.91020304162426e-12
580.	0.	0.	4.30053973397539e-12	1.8870890383128795e-12
581.	0.	0.	4.2357655307581315e-12	1.8641382229057285e-12
582.	0.	0.	4.171703680344599e-12	1.8413515969566916e-12
583.	0.	0.	4.108351728436102e-12	1.8187301085947314e-12
584.	0.	0.	4.0457070984985905e-12	1.7962746532958632e-12
585.	0.	0.	3.983767095340012e-12	1.7739860746558314e-12
585.9999999999999	0.	0.	3.922528908644667e-12	1.7518651651637644e-12
587.	0.	0.	3.861989616464479e-12	1.7299126669768188e-12
588.	0.	0.	3.8021461886636865e-12	1.7081292726940635e-12
589.	0.	0.	3.742995490321383e-12	1.686515626131319e-12
589.9999999999999	0.	0.	3.684534285087067e-12	1.6650723230946874e-12
591.	0.	0.	3.6267592384923596e-12	1.6437999121541164e-12
592.	0.	0.	3.5696669212165158e-12	1.622698895415533e-12
593.	0.	0.	3.513253812305689e-12	1.6017697292915358e-12
594.	0.	0.	3.45751630234821e-12	1.5810128252713657e-12
594.9999999999999	0.	0.	3.402450696601403e-12	1.5604285506880485e-12
596.	0.	0.	3.348053218074822e-12	1.5400172294845386e-12
597.	0.	0.	3.2943200105655574e-12	1.5197791429769144e-12
598.	0.	0.	3.2412471416472757e-12	1.4997145306149691e-12
598.9999999999999	0.	0.	3.188830605614012e-12	1.4798235907406021e-12
600.	0.	0.	3.13706632637722e-12	1.4601064813430272e-12
601.	0.	0.	3.0859501603155136e-12	1.4405633208103574e-12
602.	0.	0.	3.0354778990798544e-12	1.4211941886785592e-12
603.	0.	0.	2.9856452723508705e-12	1.4019991263761533e-12
603.9999999999999	0.	0.	2.9364479505511944e-12	1.3829781379655482e-12
605.	0.	0.	2.8878815475106816e-12	1.3641311908800236e-12
606.	0.	0.	2.8399416230865946e-12	1.3454582166569715e-12
607.	0.	0.	2.792623685737232e-12	1.3269591116663988e-12
607.9999999999999	0.	0.	2.7459231950504258e-12	1.3086337378352672e-12
609.	0.	0.	2.699835564225745e-12	1.290481923366789e-12
610.	0.	0.	2.65435616251229e-12	1.272503463455292e-12
611.	0.	0.	2.6094803176005375e-12	1.2546981209958091e-12
612.	0.	0.	2.5652033179700342e-12	1.2370656272888199e-12
612.9999999999999	0.	0.	2.5215204151908567e-12	1.2196056827391184e-12
614.	0.	0.	2.478426826182868e-12	1.2023179575502418e-12
615.	0.	0.	2.4359177354285886e-12	1.185202092412449e-12
616.	0.	0.	2.393988297143748e-12	1.1682576991857239e-12
616.9999999999999	0.	0.	2.3526336374030207e-12	1.1514843615765495e-12
618.	0.	0.	2.3118488562232948e-12	1.1348816358091373e-12
619.	0.	0.	2.2716290296030306e-12	1.1184490512903636e-12
620.	0.	0.	2.2319692115199454e-12	1.102186111269041e-12
621.	0.	0.	2.1928644358849373e-12	1.0860922934884088e-12
621.9999999999999	0.	0.	2.1543097184557163e-12	1.070167050833187e-12
623.	0.	0.	2.1163000587066016e-12	1.0544098119692373e-12
624.	0.	0.	2.0788304416592784e-12	1.0388199819779296e-12
625.	0.	0.	2.0418958396703067e-12	1.0233969429828485e-12
625.9999999999999	0.	0.	2.0054912141800213e-12	1.0081400547709587e-12
627.	0.	0.	1.9696115174196504e-12	9.930486554062604e-13
628.	0.	0.	1.9342516940800395e-12	9.781220618375086e-13
629.	0.	0.	1.899406682939294e-12	9.633595704983052e-13
629.9999999999999	0.	0.	1.8650714184531525e-12	9.487604579012096e-13
630.9999999999999	0.	0.	1.831240832305314e-12	9.343239812243159e-13
632.	0.	0.	1.7979098549205756e-12	9.200493788913431e-13
633.	0.	0.	1.7650734169396848e-12	9.059358711445163e-13
634.	0.	0.	1.7327264506569008e-12	8.919826606104908e-13
634.9999999999999	0.	0.	1.700863891421114e-12	8.781889328594275e-13
636.	0.	0.	1.6694806789996267e-12	8.645538569565757e-13
637.	0.	0.	1.6385717589065662e-12	8.510765860071164e-13
638.	0.	0.	1.6081320836962226e-12	8.377562576940895e-13
638.9999999999999	0.	0.	1.5781566142196231e-12	8.245919948083719e-13
640.	0.	0.	1.5486403208481779e-12	8.11582905772412e-13
641.	0.	0.	1.5195781846620754e-12	7.987280851562331e-13
642.	0.	0.	1.4909651986050864e-12	7.860266141863789e-13
643.	0.	0.	1.4627963686065612e-12	7.734775612478746e-13
643.9999999999999	0.	0.	1.4350667146697426e-12	7.610799823786426e-13
645.	0.	0.	1.4077712719284598e-12	7.488329217570713e-13
646.	0.	0.	1.3809050916713416e-12	7.367354121820831e-13
647.	0.	0.	1.3544632423350558e-12	7.24786475546343e-13
647.9999999999999	0.	0.	1.3284408104661715e-12	7.129851233019973e-13
649.	0.	0.	1.3028329016526118e-12	7.013303569194168e-13
650.	0.	0.	1.2776346414250634e-12	6.898211683386553e-13
651.	0.	0.	1.2528411761286575e-12	6.784565404138214e-13
652.	0.	0.	1.22844767376605e-12	6.672354473505678e-13
652.9999999999999	0.	0.	1.2044493248108408e-12	6.561568551359085e-13
654.	0.	0.	1.1808413429937433e-12	6.452197219615302e-13
655.	0.	0.	1.1576189660603244e-12	6.344229986396421e-13
656.	0.	0.	1.1347774565021088e-12	6.237656290121325e-13
656.9999999999999	0.	0.	1.1123121022599791e-12	6.132465503522871e-13
658.	0.	0.	1.090218217402224e-12	6.028646937600617e-13
659.	0.	0.	1.068491142775647e-12	5.926189845498154e-13
660.	0.	0.	1.0471262466320841e-12	5.825083426316939e-13
661.	0.	0.	1.0261189252295911e-12	5.725316828858747e-13
661.9999999999999	0.	0.	1.0054646034084703e-12	5.626879155297082e-13
663.	0.	0.	9.851587351443896e-13	5.529759464786772e-13
664.	0.	0.	9.65196804076866e-13	5.43394677700091e-13
665.	0.	0.	9.455743240148893e-13	5.339430075602563e-13
665.9999999999999	0.	0.	9.262868394196139e-13	5.246198311648914e-13
667.	0.	0.	9.073299258649335e-13	5.154240406930454e-13
668.	0.	0.	8.886991904762697e-13	5.063545257244929e-13
669.	0.	0.	8.703902723468309e-13	4.974101735600237e-13
670.	0.	0.	8.523988429343822e-13	4.885898695361273e-13
670.9999999999999	0.	0.	8.347206064363781e-13	4.79892497332672e-13
672.	0.	0.	8.173513001450354e-13	4.713169392742633e-13
673.	0.	0.	8.002866947826515e-13	4.628620766253242e-13
674.	0.	0.	7.835225948176686e-13	4.545267898789683e-13
674.9999999999999	0.	0.	7.67054838761695e-13	4.4630995903956304e-13
676.	0.	0.	7.508792994480892e-13	4.3821046389925847e-13
677.	0.	0.	7.349918842919274e-13	4.3022718430808517e-13
678.	0.	0.	7.193885355327205e-13	4.223590004383343e-13
678.9999999999999	0.	0.	7.040652304596814e-13	4.1460479304285823e-13
679.9999999999999	0.	0.	6.890179816196972e-13	4.069634437072836e-13
681.	0.	0.	6.742428370090234e-13	3.994338350964883e-13
682.	0.	0.	6.597358802487333e-13	3.9201485119526466e-13
683.	0.	0.	6.454932307440995e-13	3.8470537754307777e-13
683.9999999999999	0.	0.	6.315110438289519e-13	3.7750430146337006e-13
685.	0.	0.	6.177855108943196e-13	3.7041051228688444e-13
686.	0.	0.	6.043128595030835e-13	3.6342290156981274e-13
687.	0.	0.	5.910893534896317e-13	3.5654036330609167e-13
687.9999999999999	0.	0.	5.78111293045947e-13	3.497617941344767e-13
688.9999999999999	0.	0.	5.65375014793749e-13	3.4308609354009537e-13
690.	0.	0.	5.528768918435462e-13	3.365121640507719e-13
691.	0.	0.	5.406133338404931e-13	3.300389114279817e-13
692.	0.	0.	5.285807869978928e-13	3.236652448527822e-13
692.9999999999999	0.	0.	5.167757341180984e-13	3.1739007710638793e-13
694.	0.	0.	5.051946946017206e-13	3.1121232474592224e-13
695.	0.	0.	4.938342244450661e-13	3.0513090827500034e-13
696.	0.	0.	4.826909162262945e-13	2.9914475230948554e-13
696.9999999999999	0.	0.	4.717613990804373e-13	2.932527857382378e-13
698.	0.	0.	4.610423386639416e-13	2.874539418792432e-13
699.	0.	0.	4.505304371086649e-13	2.817471586308669e-13
700.	0.	0.	4.402224329657951e-13	2.7613137861845493e-13
701.	0.	0.	4.3011510114007535e-13	2.706055493364133e-13
701.9999999999999	0.	0.	4.2020525281445555e-13	2.6516862328566963e-13
703.	0.	0.	4.104897353654825e-13	2.598195581066436e-13
704.	0.	0.	4.009654322698615e-13	2.545573167078549e-13
705.	0.	0.	3.916292630023249e-13	2.493808673902004e-13
705.9999999999999	0.	0.	3.8247818292512204e-13	2.442891839668886e-13
707.	0.	0.	3.7350918316940286e-13	2.3928124587920947e-13
708.	0.	0.	3.6471929050872663e-13	2.34356038308118e-13
709.	0.	0.	3.561055672251133e-13	2.295125522818074e-13
710.	0.	0.	3.4766511096756333e-13	2.2474978477912913e-13
710.9999999999999	0.	0.	3.3939505460365473e-13	2.2006673882916896e-13
712.	0.	0.	3.312925660643478e-13	2.1546242360694019e-13
713.	0.	0.	3.2335484818198803e-13	2.1093585452509448e-13
714.	0.	0.	3.1557913852227943e-13	2.0648605332211398e-13
714.9999999999999	0.	0.	3.0796270920981493e-13	2.021120481465462e-13
716.	0.	0.	3.0050286674792264e-13	1.9781287363775315e-13
717.	0.	0.	2.9319695183285786e-13	1.9358757100306936e-13
718.	0.	0.	2.86042339162447e-13	1.8943518809139723e-13
719.	0.	0.	2.7903643723962183e-13	1.8535477946338545e-13
719.9999999999999	0.	0.	2.7217668817084e-13	1.813454064581934e-13
721.	0.	0.	2.6546056745982966e-13	1.7740613725696035e-13
722.	0.	0.	2.5888558379657744e-13	1.735360469429355e-13
723.	0.	0.	2.524492788421126e-13	1.6973421755850283e-13
723.9999999999999	0.	0.	2.4614922700889437e-13	1.659997381589364e-13
725.	0.	0.	2.3998303523735325e-13	1.6233170486316327e-13
726.	0.	0.	2.3394834276854786e-13	1.5872922090146683e-13
727.	0.	0.	2.2804282091316754e-13	1.5519139666019259e-13
727.9999999999999	0.	0.	2.2226417281703688e-13	1.5171734972350634e-13
728.9999999999999	0.	0.	2.1661013322354704e-13	1.483062049124587e-13
730.	0.	0.	2.1107846823270472e-13	1.4495709432102358e-13
731.	0.	0.	2.056669750574463e-13	1.4166915734957124e-13
732.	0.	0.	2.0037348177707435e-13	1.3844154073554745e-13
732.9999999999999	0.	0.	1.9519584708810664e-13	1.3527339858157229e-13
734.	0.	0.	1.9013196005271956e-13	1.3216389238095797e-13
735.	0.	0.	1.8517973984484143e-13	1.2911219104069286e-13
736.	0.	0.	1.8033713549409765e-13	1.2611747090196221e-13
736.9999999999999	0.	0.	1.7560212562775137e-13	1.2317891575823166e-13
737.9999999999999	0.	0.	1.7097271821081368e-13	1.2029571687100588e-13
739.	0.	0.	1.6644695028443292e-13	1.1746707298326877e-13
740.	0.	0.	1.620228877026474e-13	1.146921903306281e-13
741.	0.	0.	1.576986248677567e-13	1.1197028265030675e-13
741.9999999999999	0.	0.	1.5347228446433054e-13	1.093005711879424e-13
743.	0.	0.	1.4934201719206669e-13	1.0668228470231123e-13
744.	0.	0.	1.4530600149753154e-13	1.0411465946795886e-13
745.	0.	0.	1.4136244330495178e-13	1.0159693927583215e-13
745.9999999999999	0.	0.	1.3750957574621644e-13	9.912837543198239e-14
746.9999999999999	0.	0.	1.3374565889016304e-13	9.670822675433912e-14
748.	0.	0.	1.3006897947118534e-13	9.433575956759923e-14
749.	0.	0.	1.2647785061744045e-13	9.201024769634401e-14
750.	0.	0.	1.2297061157853875e-13	8.973097245630772e-14
750.9999999999999	0.	0.	1.1954562745311056e-13	8.749722264404505e-14
752.	0.	0.	1.1620128891601341e-13	8.530829452478665e-14
753.	0.	0.	1.1293601194555072e-13	8.316349181874511e-14
754.	0.	0.	1.0974823755063079e-13	8.106212568577731e-14
754.9999999999999	0.	0.	1.0663643149810077e-13	7.900351470857163e-14
756.	0.	0.	1.0359908404007947e-13	7.698698487419014e-14
757.	0.	0.	1.0063470964180081e-13	7.501186955432655e-14
758.	0.	0.	9.77418467095497e-14	7.307750948395221e-14
759.	0.	0.	9.491905731927449e-14	7.118325273877571e-14
759.9999999999999	0.	0.	9.216492694548007e-14	6.932845471117843e-14
761.	0.	0.	8.947806419083591e-14	6.751247808495733e-14
762.	0.	0.	8.685710051640767e-14	6.573469280877784e-14
763.	0.	0.	8.430068997259522e-14	6.399447606838436e-14
763.9999999999999	0.	0.	8.18075089309012e-14	6.22912122576576e-14
765.	0.	0.	7.937625581648433e-14	6.062429294846675e-14
766.	0.	0.	7.700565084176807e-14	5.8993116859493e-14
767.	0.	0.	7.469443574084467e-14	5.739708982385348e-14
768.	0.	0.	7.244137350515825e-14	5.5835624755845534e-14
768.9999999999999	0.	0.	7.024524812004387e-14	5.430814161650721e-14
770.	0.	0.	6.810486430263903e-14	5.2814067378354904e-14
771.	0.	0.	6.601904724086576e-14	5.1352835989095e-14
772.	0.	0.	6.398664233373167e-14	4.9923888334458594e-14
772.9999999999999	0.	0.	6.200651493294567e-14	4.85266722001708e-14
774.	0.	0.	6.007755008583897e-14	4.716064223304252e-14
775.	0.	0.	5.819865227981218e-14	4.58252599013409e-14
776.	0.	0.	5.636874518805516e-14	4.451999345425114e-14
776.9999999999999	0.	0.	5.458677141694717e-14	4.324431788073524e-14
777.9999999999999	0.	0.	5.285169225482555e-14	4.1997714867552866e-14
779.	0.	0.	5.11624874224248e-14	4.077967275666863e-14
780.	0.	0.	4.951815482491135e-14	3.95896865019977e-14
781.	0.	0.	4.791771030547323e-14	3.8427257625447304e-14
781.9999999999999	0.	0.	4.6360187400725104e-14	3.729189417247908e-14
783.	0.	0.	4.4844637097715234e-14	3.618311066700105e-14
784.	0.	0.	4.337012759263794e-14	3.5100428065696906e-14
785.	0.	0.	4.193574405150056e-14	3.404337371197955e-14
785.9999999999999	0.	0.	4.05405883723505e-14	3.301148128926404e-14
786.9999999999999	0.	0.	3.918377894946017e-14	3.2004290773886394e-14
788.	0.	0.	3.786445043931795e-14	3.102134838753706e-14
789.	0.	0.	3.6581753528525214e-14	3.006220654931865e-14
790.	0.	0.	3.533485470346465e-14	2.912642382729973e-14
790.9999999999999	0.	0.	3.4122936022043284e-14	2.821356488984111e-14
792.	0.	0.	3.2945194887227936e-14	2.7323200456451368e-14
793.	0.	0.	3.180084382258519e-14	2.645490724836878e-14
794.	0.	0.	3.068911024979609e-14	2.5608267938844136e-14
794.9999999999999	0.	0.	2.9609236268105434e-14	2.478287110310528e-14
795.9999999999999	0.	0.	2.856047843579226e-14	2.397831116807995e-14
797.	0.	0.	2.7542107553629375e-14	2.319418836186285e-14
798.	0.	0.	2.6553408450401645e-14	2.2430108662994287e-14
799.	0.	0.	2.5593679770376492e-14	2.168568374947062e-14
799.9999999999999	0.	0.	2.4662233762890005e-14	2.0960530947637065e-14
801.	0.	0.	2.3758396073943025e-14	2.0254273180882754e-14
802.	0.	0.	2.2881505539844335e-14	1.9566538918181815e-14
803.	0.	0.	2.203091398293212e-14	1.8896962122518733e-14
803.9999999999999	0.	0.	2.120598600937091e-14	1.8245182199210026e-14
804.9999999999999	0.	0.	2.0406098808991856e-14	1.761084394410514e-14
806.	0.	0.	1.9630641957272146e-14	1.6993597491758402e-14
807.	0.	0.	1.8879017219277083e-14	1.639309826344513e-14
808.	0.	0.	1.8150638355858987e-14	1.5809006915276178e-14
808.9999999999999	0.	0.	1.744493093176084e-14	1.5240989286128318e-14
810.	0.	0.	1.6761332125930148e-14	1.4688716345665415e-14
811.	0.	0.	1.6099290543875084e-14	1.4151864142323524e-14
812.	0.	0.	1.5458266032108158e-14	1.363011375131005e-14
812.9999999999999	0.	0.	1.4837729494673695e-14	1.3123151222632796e-14
814.	0.	0.	1.4237162711761216e-14	1.263066752916609e-14
815.	0.	0.	1.3656058160401224e-14	1.2152358514786228e-14
816.	0.	0.	1.3093918837244273e-14	1.1687924842568791e-14
816.9999999999999	0.	0.	1.2550258083380738e-14	1.12370719430462e-14
817.9999999999999	0.	0.	1.202459941127094e-14	1.0799509962589673e-14
819.	0.	0.	1.1516476333716386e-14	1.0374953711881566e-14
820.	0.	0.	1.1025432194872251e-14	9.963122614483548e-15
821.	0.	0.	1.055102000336609e-14	9.563740655586102e-15
821.9999999999999	0.	0.	1.009280226739724e-14	9.176536330835145e-15
823.	0.	0.	9.650350831905142e-15	8.801242595339367e-15
824.	0.	0.	9.223246717770982e-15	8.437596812836107e-15
825.	0.	0.	8.811079963021939e-15	8.085340705013405e-15
825.9999999999999	0.	0.	8.413449466071406e-15	7.744220301028696e-15
826.9999999999999	0.	0.	8.02996283093746e-15	7.413985887193254e-15
828.	0.	0.	7.660236214466667e-15	7.09439195686527e-15
829.	0.	0.	7.303894175554167e-15	6.785197160557932e-15
830.	0.	0.	6.960569526316541e-15	6.4861642562440815e-15
830.9999999999999	0.	0.	6.629903185212129e-15	6.197060059868623e-15
832.	0.	0.	6.311544032188535e-15	5.917655396159806e-15
833.	0.	0.	6.005148765656686e-15	5.647725049574035e-15
834.	0.	0.	5.7103817615059915e-15	5.387047715590912e-15
834.9999999999999	0.	0.	5.426914933937394e-15	5.135405952166907e-15
835.9999999999999	0.	0.	5.154427598281275e-15	4.892586131525431e-15
837.	0.	0.	4.892606335637778e-15	4.658378392146836e-15
838.	0.	0.	4.641144859462747e-15	4.432576591094148e-15
839.	0.	0.	4.399743883943581e-15	4.214978256545428e-15
839.9999999999999	0.	0.	4.168110994306624e-15	4.0053845406863535e-15
841.	0.	0.	3.945960518877908e-15	3.803600172810671e-15
842.	0.	0.	3.733013403046038e-15	3.609433412792026e-15
843.	0.	0.	3.5289970849772545e-15	3.4226960047978557e-15
843.9999999999999	0.	0.	3.33364537315667e-15	3.2432031313400204e-15
844.9999999999999	0.	0.	3.1466983256952854e-15	3.0707733676188e-15
846.	0.	0.	2.9679021314037208e-15	2.9052286361821676e-15
847.	0.	0.	2.797008992631323e-15	2.7463941619171222e-15
848.	0.	0.	2.633777009826104e-15	2.5940984273471286e-15
848.9999999999999	0.	0.	2.4779700678032858e-15	2.4481731282455192e-15
850.	0.	0.	2.3293577237685582e-15	2.3084531296243382e-15
851.	0.	0.	2.187715096961723e-15	2.174776421990371e-15
852.	0.	0.	2.052822760036516e-15	2.0469840779959084e-15
852.9999999999999	0.	0.	1.924466632058382e-15	1.9249202093900343e-15
853.9999999999999	0.	0.	1.8024378731736077e-15	1.8084319243401626e-15
855.	0.	0.	1.6865327808759664e-15	1.6973692850685025e-15
856.	0.	0.	1.5765526879079971e-15	1.591585265860042e-15
857.	0.	0.	1.4723038617573279e-15	1.4909357114200986e-15
857.9999999999999	0.	0.	1.3735974057158701e-15	1.3952792955677298e-15
859.	0.	0.	1.2802491615094743e-15	1.3044774802912773e-15
860.	0.	0.	1.1920796134782626e-15	1.2183944751632475e-15
861.	0.	0.	1.108913794291823e-15	1.1368971971182863e-15
861.9999999999999	0.	0.	1.030581192157921e-15	1.0598552305684436e-15
863.	0.	0.	9.569156595569301e-16	9.87140787908596e-16
864.	0.	0.	8.877553234383972e-16	9.186286703631812e-16
865.	0.	0.	8.229424968880591e-16	8.541962292017473e-16
865.9999999999999	0.	0.	7.623235922523256e-16	7.937233273277417e-16
866.9999999999999	0.	0.	7.057490356734266e-16	7.370923012090106e-16
868.	0.	0.	6.530731830815873e-16	6.841879232167921e-16
869.	0.	0.	6.041542375401152e-16	6.348973642822584e-16
870.	0.	0.	5.58854168008541e-16	5.891101569552504e-16
870.9999999999999	0.	0.	5.170386294625241e-16	5.467181588198313e-16
872.	0.	0.	4.785768843581721e-16	5.076155162695462e-16
873.	0.	0.	4.4334172545218213e-16	4.716986286727978e-16
874.	0.	0.	4.112093999161954e-16	4.388661128795948e-16
874.9999999999999	0.	0.	3.8205953477488446e-16	4.090187681184356e-16
875.9999999999999	0.	0.	3.5577506362339486e-16	3.8205954125267683e-16
877.	0.	0.	3.32242154606292e-16	3.578934923942568e-16
878.	0.	0.	3.1135013968129235e-16	3.364277609166314e-16
879.	0.	0.	2.929914450820882e-16	3.17571531791232e-16
879.9999999999999	0.	0.	2.7706152304315906e-16	3.0123600233171015e-16
881.	0.	0.	2.634587847045495e-16	2.8733434927376783e-16
882.	0.	0.	2.520845342241681e-16	2.757816962366854e-16
883.	0.	0.	2.428429040677047e-16	2.6649508155015333e-16
883.9999999999999	0.	0.	2.3564079144318107e-16	2.593934264265742e-16
884.9999999999999	0.	0.	2.303877959082096e-16	2.5439750352511484e-16
886.	0.	0.	2.2699615807264324e-16	2.514299058389248e-16
887.	0.	0.	2.2538069946349427e-16	2.504150159943537e-16
888.	0.	0.	2.2545876343589826e-16	2.5127897584976866e-16
888.9999999999999	0.	0.	2.271501572126478e-16	2.539496565003716e-16
890.	0.	0.	2.303770949725763e-16	2.583566286160714e-16
891.	0.	0.	2.3506414199940564e-16	2.644311331405422e-16
892.	0.	0.	2.4113815986904785e-16	2.7210605234151653e-16
892.9999999999999	0.	0.	2.4852825266312203e-16	2.813158812138856e-16
893.9999999999999	0.	0.	2.571657142004004e-16	2.9199669924099814e-16
895.	0.	0.	2.669839762544745e-16	3.0408614249290433e-16
896.	0.	0.	2.779185577523767e-16	3.1752337607019603e-16
897.	0.	0.	2.899070149635935e-16	3.3224906691850405e-16
897.9999999999999	0.	0.	3.028888926102153e-16	3.4820535694931557e-16
899.	0.	0.	3.1680567593899953e-16	3.653358365272365e-16
900.	0.	0.	3.316007437205715e-16	3.835855182985544e-16
901.	0.	0.	3.4721932214731254e-16	4.0290081134180956e-16
901.9999999999999	0.	0.	3.636084396376251e-16	4.2322949566319336e-16
902.9999999999999	0.	0.	3.8071688252401857e-16	4.445206970240551e-16
904.	0.	0.	3.984951516209942e-16	4.667248621096744e-16
905.	0.	0.	4.168954196367346e-16	4.897937340105526e-16
906.	0.	0.	4.3587148943288873e-16	5.136803280344039e-16
906.9999999999999	0.	0.	4.553787531340763e-16	5.38338907863793e-16
908.	0.	0.	4.753741520313968e-16	5.637249620073936e-16
909.	0.	0.	4.958161373094449e-16	5.897951805915369e-16
910.	0.	0.	5.166646315606137e-16	6.16507432462975e-16
910.9999999999999	0.	0.	5.378809910816788e-16	6.438207426083558e-16
911.9999999999999	0.	0.	5.59427968941973e-16	6.716952698915194e-16
913.	0.	0.	5.812696787990844e-16	7.000922850905125e-16
914.	0.	0.	6.033715594714344e-16	7.289741492588762e-16
914.9999999999999	0.	0.	6.257003402340084e-16	7.583042923827127e-16
915.9999999999999	0.	0.	6.482240068364845e-16	7.880471923435258e-16
917.	0.	0.	6.7091176823188e-16	8.181683541852505e-16
918.	0.	0.	6.937340240029624e-16	8.48634289681344e-16
919.	0.	0.	7.166623324652989e-16	8.794124971876186e-16
919.9999999999999	0.	0.	7.396693794601703e-16	9.10471441807924e-16
921.	0.	0.	7.627289477928027e-16	9.41780535830545e-16
922.	0.	0.	7.858158873376508e-16	9.733101194720927e-16
923.	0.	0.	8.089060857703846e-16	1.0050314418900952e-15
923.9999999999999	0.	0.	8.319764399405733e-16	1.0369166424934932e-15
924.9999999999999	0.	0.	8.550048278599405e-16	1.0689387325297123e-15
926.	0.	0.	8.779700812959311e-16	1.101071576945689e-15
927.	0.	0.	9.008519589638991e-16	1.133289876526869e-15
928.	0.	0.	9.236311203131235e-16	1.1655691503164763e-15
928.9999999999999	0.	0.	9.462890998817791e-16	1.1978857182947774e-15
930.	0.	0.	9.688082822230581e-16	1.23021668433231e-15
931.	0.	0.	9.911718773915257e-16	1.2625399194102805e-15
932.	0.	0.	1.0133638969653202e-15	1.2948340450914848e-15
932.9999999999999	0.	0.	1.0353691306251995e-15	1.3270784172736708e-15
933.9999999999999	0.	0.	1.0571731232401304e-15	1.3592531101738006e-15
935.	0.	0.	1.0787621524889674e-15	1.3913389005889198e-15
936.	0.	0.	1.1001232069797068e-15	1.4233172523949333e-15
937.	0.	0.	1.1212439648758074e-15	1.4551703013026577e-15
937.9999999999999	0.	0.	1.1421127730080188e-15	1.486880839855272e-15
939.	0.	0.	1.1627186264756349e-15	1.5184323026777654e-15
940.	0.	0.	1.1830511487090313e-15	1.5498087519542953e-15
941.	0.	0.	1.2031005720092278e-15	1.5809948631591635e-15
941.9999999999999	0.	0.	1.2228577185333529e-15	1.6119759110133303e-15
942.9999999999999	0.	0.	1.2423139817352494e-15	1.6427377556828632e-15
944.	0.	0.	1.2614613082363912e-15	1.6732668291974587e-15
945.	0.	0.	1.2802921801341584e-15	1.703550122107879e-15
946.	0.	0.	1.2987995977288428e-15	1.733575170361806e-15
946.9999999999999	0.	0.	1.316977062668246e-15	1.7633300424087284e-15
948.	0.	0.	1.3348185614947156e-15	1.7928033265188717e-15
949.	0.	0.	1.3523185495937663e-15	1.8219841183244793e-15
950.	0.	0.	1.3694719355324823e-15	1.850862008574396e-15
950.9999999999999	0.	0.	1.386274065781139e-15	1.879427071101649e-15
951.9999999999999	0.	0.	1.4027207098104571e-15	1.907669850999606e-15
953.	0.	0.	1.4188080455620922e-15	1.9355813530123205e-15
954.	0.	0.	1.4345326452700947e-15	1.9631530301168435e-15
954.9999999999999	0.	0.	1.4498914616492937e-15	1.9903767723245546e-15
955.9999999999999	0.	0.	1.4648818144205613e-15	2.0172448956666272e-15
957.	0.	0.	1.479501377181206e-15	2.0437501313867872e-15
958.	0.	0.	1.4937481646088972e-15	2.069885615326432e-15
959.	0.	0.	1.5076205199925775e-15	2.09564487750345e-15
959.9999999999999	0.	0.	1.521117103079595e-15	2.1210218318762824e-15
960.9999999999999	0.	0.	1.5342368782394997e-15	2.146010766297229e-15
962.	0.	0.	1.546979102939864e-15	2.1706063326603074e-15
963.	0.	0.	1.5593433165125197e-15	2.194803537214583e-15
963.9999999999999	0.	0.	1.5713293292237869e-15	2.218597731072459e-15
964.9999999999999	0.	0.	1.5829372116291409e-15	2.24198460088726e-15
966.	0.	0.	1.5941672842113195e-15	2.264960159711243e-15
967.	0.	0.	1.6050201072965685e-15	2.287520738023029e-15
968.	0.	0.	1.615496471239454e-15	2.309662974927646e-15
968.9999999999999	0.	0.	1.6255973868754992e-15	2.3313838095249647e-15
969.9999999999999	0.	0.	1.635324076232954e-15	2.352680472444364e-15
971.	0.	0.	1.6446779634972116e-15	2.3735504775417453e-15
972.	0.	0.	1.6536606662254722e-15	2.393991613757833e-15
972.9999999999999	0.	0.	1.6622739868056866e-15	2.4140019371400848e-15
973.9999999999999	0.	0.	1.6705199041514746e-15	2.4335797630155415e-15
975.	0.	0.	1.678400565631871e-15	2.452723658321771e-15
976.	0.	0.	1.685918279228229e-15	2.4714324340902655e-15
977.	0.	0.	1.6930755059155085e-15	2.4897051380800404e-15
977.9999999999999	0.	0.	1.6998748522580048e-15	2.5075410475558252e-15
979.	0.	0.	1.7063190632255488e-15	2.5249396622212888e-15
980.	0.	0.	1.7124110152086304e-15	2.541900697283796e-15
980.9999999999999	0.	0.	1.7181537092471804e-15	2.558424076672285e-15
982.	0.	0.	1.7235502644511955e-15	2.574509926386385e-15
982.9999999999999	0.	0.	1.7286039116212462e-15	2.590158567989211e-15
983.9999999999999	0.	0.	1.7333179870565658e-15	2.605370512230251e-15
985.	0.	0.	1.7376959265513849e-15	2.6201464528066275e-15
985.9999999999999	0.	0.	1.7417412595725969e-15	2.634487260253509e-15
987.	0.	0.	1.7454576036120651e-15	2.6483939759599547e-15
988.	0.	0.	1.7488486587185989e-15	2.6618678063211385e-15
988.9999999999999	0.	0.	1.7519182021970922e-15	2.674910117009396e-15
990.	0.	0.	1.7546700834699082e-15	2.687522427368056e-15
990.9999999999999	0.	0.	1.7571082191042226e-15	2.6997064049309945e-15
992.	0.	0.	1.7592365879978972e-15	2.7114638600601867e-15
993.	0.	0.	1.761059226716532e-15	2.7227967406996563e-15
993.9999999999999	0.	0.	1.762580224983886e-15	2.7337071272469375e-15
995.	0.	0.	1.7638037213169641e-15	2.7441972275365448e-15
995.9999999999999	0.	0.	1.764733898807318e-15	2.7542693719386657e-15
997.	0.	0.	1.7653749810413867e-15	2.7639260085661055e-15
998.	0.	0.	1.765731228156611e-15	2.7731696985893133e-15
998.9999999999999	0.	0.	1.7658069330327733e-15	2.7820031116603862e-15
1000.	0.	0.	1.7656064176116183e-15	2.7904290214384922e-15