0.	0.0011142193504825278	0.00011142193504825279	0.00001114219350482528	1.114219350482528e-6
1.	0.0003321672848129533	0.00010125869399234148	0.00001007169441023528	1.0087555136623087e-6
2.	0.000017733500969991376	0.00009169356341863659	9.08919678704629e-6	9.117872552604907e-7
3.	5.770191173468727e-7	0.00008273530178635849	8.188433746570447e-6	8.227250568076211e-7
4.	1.4442882114322152e-8	0.00007438464239630961	7.3635347376209175e-6	7.410155775990529e-7
5.	3.053504252032204e-10	0.00006663541277089433	6.609002907368849e-6	6.66139655995976e-7
6.	5.723370846476218e-12	0.000059475608302540266	5.919693644658957e-6	5.976104114697118e-7
7.	9.788587460963381e-14	0.00005288840183053303	5.290794248763844e-6	5.34971442705539e-7
8.	1.5567024501487127e-15	0.000046853077145475473	4.717804669115036e-6	4.777951172849926e-7
9.	2.3245384354782445e-17	0.000041345879420111444	4.1965192639990996e-6	4.256809486600522e-7
10.	1.7587985163835614e-19	0.000036340779453978894	3.7230095285544907e-6	3.7825405631917444e-7
11.	2.401271172680219e-21	0.00003181015159214002	3.293607744653136e-6	3.3516370522406656e-7
12.	3.154143014528897e-23	0.00002772536740043261	2.904891507403912e-6	2.960819207677359e-7
13.	4.0029193648622996e-25	0.000024057308791124225	2.553669085077019e-6	2.607021756689354e-7
14.	4.9247141350601786e-27	0.00002077680541132877	2.2369655712223835e-6	2.2873814537596657e-7
14.999999999999998	5.889135294430263e-29	0.000017855001830894486	1.9520097896452175e-6	1.9992252870413557e-7
16.	6.8598196124244215e-31	0.00001526366047924784	1.6962219147108847e-6	1.7400593057624479e-7
17.	7.796491312559987e-33	0.000012975406450504006	1.4672017711828315e-6	1.5075580387458855e-7
18.	8.657378836846446e-35	0.00001096392027976016	1.2627177794542847e-6	1.2995544754623102e-7
18.999999999999996	9.401801278576396e-37	9.20408463749724e-6	1.0806965136200318e-6	1.1140305823111209e-7
20.	9.992731287652247e-39	7.672090631475373e-6	9.192128413515804e-7	9.491083280496852e-8
21.	1.0399152807090732e-40	6.345509077226971e-6	7.764806159900989e-7	8.030411934636851e-8
22.	1.0598057043344329e-42	5.203331723950919e-6	6.50843892659628e-7	6.74206141495636e-8
23.	1.057595501257463e-44	4.225987021906418e-6	5.407686415304783e-7	5.6109602512534015e-8
24.	1.0329825918443603e-46	3.3953346056636397e-6	4.44834932632065e-7	4.623124113273384e-8
24.999999999999996	9.867463648276746e-49	2.6946422566288766e-6	3.6172956782816896e-7	3.7655880041830455e-8
26.	9.207225346309457e-51	2.108548707053112e-6	2.902391367276823e-7	3.0263422105306637e-8
27.	8.377223459087203e-53	1.6230152628068299e-6	2.2924347441300438e-7	2.394271820337717e-8
28.	7.414033704292013e-55	1.225268858169508e-6	1.7770949992805591e-7	1.859099629637608e-8
29.	6.361014723547855e-57	9.037388157922918e-7	1.3468541548062435e-7	1.4113322660772194e-8
29.999999999999996	5.266350128597499e-59	6.479892706535797e-7	9.92952472814529e-8	1.0422093661424401e-8
31.	4.1809302994514115e-61	4.486489290631782e-7	7.073370986677396e-8	7.436556501710815e-9
32.	3.156190261872933e-63	2.9733957264772945e-7	4.826137663401128e-8	5.08235746593174e-9
32.99999999999999	2.2420123010597196e-65	1.8660448225033833e-7	3.1200140163448996e-8	3.291116237982313e-9
34.	1.4847889794437378e-67	1.0983774685898952e-7	1.8928946703939648e-8	2.0000249468958813e-9
35.	9.257253835972782e-70	6.121523678583151e-8	1.0879789969269785e-8	1.1514706535394467e-9
36.	5.994402150656162e-72	3.5627856895296944e-8	6.533950125674379e-9	6.926800536706254e-10
37.	5.329051711108297e-74	2.8617553131081073e-8	5.418464551253868e-9	5.753852308105815e-10
37.99999999999999	7.447421875158751e-76	3.631642226643991e-8	7.102817616415177e-9	7.555093480897917e-10
39.	1.2448795831135754e-77	5.5389169024777796e-8	1.1195837371898004e-8	1.1928712214459476e-9
40.	2.0345517644453736e-79	8.297906484132363e-8	1.734278763953576e-8	1.8509077674779106e-9
41.	3.106613483311476e-81	1.1665748695481952e-7	2.522264458077034e-8	2.6964133678640668e-9
42.	4.446129017428665e-83	1.543770537063124e-7	3.454554737144787e-8	3.699295238752897e-9
42.99999999999999	6.031189176420163e-85	1.9442832043004617e-7	4.505041313877271e-8	4.832343937916053e-9
44.	7.833904648199972e-87	2.3539995880238927e-7	5.6502706819434085e-8	6.0710181848946284e-9
44.99999999999999	9.821522670944767e-89	2.761423097135987e-7	6.869235707706102e-8	7.3932432098596e-9
46.	1.1957615008306094e-90	3.157341744986274e-7	8.143180987413249e-8	8.779221885612613e-9
47.	1.42032883108702e-92	3.5345269065655133e-7	9.455421172859903e-8	1.021125793407996e-8
48.	1.6518372715943102e-94	3.8874612505774606e-7	1.0791171510032216e-7	1.1673590533940575e-8
49.	1.886255051200626e-96	4.2120940922737707e-7	1.2137389874702653e-7	1.3152239689653239e-8
49.99999999999999	2.1196393430946535e-98	4.50562236846172e-7	1.3482629626597976e-7	1.4634861754319484e-8
51.	2.3482284223118407e-100	4.7662954244204043e-7	1.481690263952543e-7	1.6110614529424914e-8
52.	2.568520525980892e-102	4.993241817680092e-7	1.6131551898961102e-7	1.7570031393780983e-8
53.	2.7773383695470493e-104	5.186316380450134e-7	1.7419133091023982e-7	1.9004903941860753e-8
54.	2.97187889714507e-106	5.345965836394129e-7	1.867330463763286e-7	2.040817263833107e-8
54.99999999999999	3.149748398015856e-108	5.473111334491097e-7	1.988872566201211e-7	2.1773825020951344e-8
56.	3.3089835919431115e-110	5.569046339499906e-7	2.1060961396633212e-7	2.3096801008180314e-8
56.99999999999999	3.448059669199729e-112	5.635348402183432e-7	2.2186395572248364e-7	2.437290489088976e-8
58.	3.565886563212692e-114	5.673803420501533e-7	2.326214935192357e-7	2.5598723609547703e-8
59.	3.6617949398205726e-116	5.686341093408831e-7	2.4286006397968705e-7	2.6771550939147058e-8
59.99999999999999	3.735513511501765e-118	5.67498036001557e-7	2.525634368249129e-7	2.788931722411203e-8
61.	3.7871393364255384e-120	5.641783707293207e-7	2.617206767395631e-7	2.8950524324382794e-8
62.	3.8171027503329963e-122	5.588819318135232e-7	2.7032555552728816e-7	2.9954185451967636e-8
63.	3.826128514670424e-124	5.518130117536682e-7	2.783760112811812e-7	3.0899769594455645e-8
64.	3.815194657798031e-126	5.431708857266402e-7	2.858736514801532e-7	3.17871502383771e-8
65.	3.7854903480863485e-128	5.331478458169282e-7	2.9282329709819917e-7	3.261655812087396e-8
65.99999999999999	3.738373978186845e-130	5.21927690380812e-7	2.9923256498074715e-7	3.338853775297878e-8
67.	3.675332467695318e-132	5.096846049307294e-7	3.051114859009495e-7	3.41039074719134e-8
68.	3.5979426147578097e-134	4.965823774867693e-7	3.1047215585914497e-7	3.476372279322683e-8
69.	3.5078351525236466e-136	4.827738974452392e-7	3.153284183314551e-7	3.536924284635504e-8
70.	3.406661999199946e-138	4.6840089266218695e-7	3.196955753084935e-7	3.59218996892849e-8
70.99999999999999	3.2960670349827407e-140	4.535938646528909e-7	3.2359012509373884e-7	3.642327030957207e-8
72.	3.1776605984190143e-142	4.384721865776448e-7	3.270295249520377e-7	3.6875051129849036e-8
73.	3.052997770719137e-144	4.2314433303920165e-7	3.3003197681409085e-7	3.7279034846400846e-8
74.	2.9235604103501403e-146	4.077082146751957e-7	3.326162343516226e-7	3.763708943924757e-8
75.	2.7907428120640686e-148	3.9225159411100017e-7	3.3480142984067576e-7	3.7951139201508623e-8
75.99999999999999	2.6558407940652106e-150	3.7685256306870954e-7	3.3660691932860467e-7	3.8223147644779355e-8
77.	2.520043963309315e-152	3.6158006332611955e-7	3.38052144712093e-7	3.84551021456312e-8
78.	2.3844308707492145e-154	3.464944368114127e-7	3.391565114210694e-7	3.8649000206378695e-8
79.	2.2499667440753798e-156	3.3164799242591723e-7	3.3993928048587403e-7	3.880683721084396e-8
80.	2.1175034734712883e-158	3.170855792315882e-7	3.4041947384291734e-7	3.893059556303263e-8
80.99999999999999	1.9877815243175075e-160	3.028451574436867e-7	3.406157918078244e-7	3.9022235103462556e-8
82.	1.8614334578366852e-162	2.88958360252948e-7	3.405465417145872e-7	3.9083684704340976e-8
83.	1.738988754651971e-164	2.75451040885487e-7	3.4022957678490194e-7	3.911683495089867e-8
84.	1.6208796555461405e-166	2.6234380051159326e-7	3.3968224435391273e-7	3.9123531821988796e-8
84.99999999999999	1.5074477568318788e-168	2.496524936540554e-7	3.389213426370489e-7	3.910557128853805e-8
85.99999999999999	1.3989511234118353e-170	2.3738870863924317e-7	3.3796308527767626e-7	3.906469475361115e-8
87.	1.2955717096225973e-172	2.2556022139561004e-7	3.3682307296730484e-7	3.9002585262760835e-8
88.	1.1974229054121738e-174	2.1417142154869983e-7	3.3551627147924007e-7	3.892086441799187e-8
89.	1.104557052435773e-176	2.032237103018766e-7	3.3405699550227674e-7	3.8821089933003614e-8
89.99999999999999	1.016972800671259e-178	1.9271587004097246e-7	3.32458897704772e-7	3.870475377155343e-8
90.99999999999999	9.34622200673362e-181	1.826444059689838e-7	3.3073496250030853e-7	3.8573280814695037e-8
92.	8.574174492088015e-183	1.730038603740243e-7	3.2889750402410215e-7	3.8428028006282074e-8
93.	7.852372265734843e-185	1.6378710036999744e-7	3.269581678661158e-7	3.827028392969007e-8
94.	7.179325822047042e-187	1.5498558013157576e-7	3.249279361400968e-7	3.8101268771914615e-8
94.99999999999999	6.553323412582724e-189	1.4658957878202663e-7	3.2281713550008715e-7	3.7922134634355736e-8
96.	5.972480186251274e-191	1.3858841518962462e-7	3.206354477454169e-7	3.773396615246383e-8
97.	5.434782385157142e-193	1.3097064099273363e-7	3.1839192268380305e-7	3.7537781389234755e-8
98.	4.938126673494718e-195	1.237242132094126e-7	3.160949929478528e-7	3.733453297005795e-8
99.	4.480354754171432e-197	1.1683664780013384e-7	3.137524904851825e-7	3.7125109428885314e-8
99.99999999999999	4.0592834879301047e-199	1.102951555455179e-7	3.113716644654965e-7	3.691033673798612e-8
101.	3.6727307746509015e-201	1.0408676157853366e-7	3.089592003694908e-7	3.6690979995696855e-8
102.	3.318537487851869e-203	9.819840987543e-8	3.0652124004421863e-7	3.646774524854614e-8
103.	2.9945857732371845e-205	9.261705396507308e-8	3.0406340252920886e-7	3.62412814261268e-8
104.	2.6988140320630732e-207	8.732973506359532e-8	3.0159080547430356e-7	3.601218236875534e-8
104.99999999999999	2.4292289118255497e-209	8.232364878360053e-8	2.991080869873687e-7	3.578098892971883e-8
106.	2.1839146218819886e-211	7.758620150524519e-8	2.9661942776470484e-7	3.554819113539533e-8
107.	1.9610398813890293e-213	7.310505743258505e-8	2.941285733717268e-7	3.5314230388055586e-8
108.	1.7588627927274676e-215	6.886817729328992e-8	2.916388565543949e-7	3.5079501697479953e-8
109.	1.575733916384401e-217	6.486384957454647e-8	2.8915321947429684e-7	3.484435592881377e-8
109.99999999999999	1.4100978040551168e-219	6.108071512340799e-8	2.866742357718969e-7	3.460910205530014e-8
111.	1.2604932263134646e-221	5.75077858765357e-8	2.842041323726834e-7	3.437400940559373e-8
112.	1.1255523102040115e-223	5.4134458423071954e-8	2.8174481096129394e-7	3.413930989646085e-8
113.	1.0039987811320759e-225	5.095052304527898e-8	2.792978690572337e-7	3.3905200242569566e-8
113.99999999999999	8.946454828392827e-228	4.794616882531591e-8	2.768646206347904e-7	3.367184413604328e-8
114.99999999999999	7.9639132944451745e-230	4.5111985352898204e-8	2.7444611623701424e-7	3.343937438922782e-8
116.	7.082178247010142e-232	4.2438961518108565e-8	2.720431625410855e-7	3.32078950349343e-8
117.	6.291852659966009e-234	3.9918481826131183e-8	2.696563413388803e-7	3.29774833791288e-8
118.	5.584287342703451e-236	3.754232062632466e-8	2.672860279027137e-7	3.274819200172138e-8
118.99999999999999	4.9515395604053977e-238	3.5302634606706305e-8	2.64932408711406e-7	3.2520050701676845e-8
119.99999999999999	4.3863311012653137e-240	3.319195386675885e-8	2.6259549851759733e-7	3.229306838332563e-8
121.	3.8820063940187204e-242	3.120317184605469e-8	2.6027515674106865e-7	3.206723488117967e-8
122.	3.432491169930963e-244	2.9329534353832336e-8	2.57971103177736e-7	3.1842522721124903e-8
122.99999999999999	3.032252066849693e-246	2.756462791490987e-8	2.5568293301739104e-7	3.1618888816253375e-8
124.	2.676257488214567e-248	2.5902367620225354e-8	2.53410131166966e-7	3.1396276096033076e-8
125.	2.3599399564051365e-250	2.4336984645684437e-8	2.511520858792508e-7	3.117461506788504e-8
126.	2.0791601363805245e-252	2.286301358066374e-8	2.489081016896676e-7	3.0953825310560866e-8
127.	1.830172651564054e-254	2.1475279687432844e-8	2.4667741166643823e-7	3.0733816899044334e-8
128.	1.6095937682041723e-256	2.016888619467678e-8	2.4445918898180947e-7	3.051449176099133e-8
129.	1.4143709863496677e-258	1.8939201712073172e-8	2.4225255781359574e-7	3.029574496492316e-8
130.	1.241754544077967e-260	1.7781847838519668e-8	2.400566035888446e-7	3.0077465940712936e-8
131.	1.0892708160535766e-262	1.6692687023702535e-8	2.3787038258221133e-7	2.98595396330136e-8
131.99999999999997	9.546975670372497e-265	1.5667810731425875e-8	2.3569293088360783e-7	2.9641847588536593e-8
133.	8.360410049753778e-267	1.4703527943101067e-8	2.3352327275058004e-7	2.942426897821866e-8
134.	7.315145661305002e-269	1.3796354031064968e-8	2.313604283619689e-7	2.9206681555471173e-8
135.	6.395193558067952e-271	1.2943000023752776e-8	2.2920342099018435e-7	2.8988962551824717e-8
136.	5.586261620795931e-273	1.2140362278183134e-8	2.2705128361049628e-7	2.8770989511440555e-8
137.	4.875589560766303e-275	1.1385512569465146e-8	2.2490306496572376e-7	2.8552641065981556e-8
138.	4.251797904240992e-277	1.0675688602209643e-8	2.2275783510570447e-7	2.8333797651488697e-8
139.	3.704750070796191e-279	1.0008284944581634e-8	2.2061469042101763e-7	2.8114342168946925e-8
140.	3.225426666394129e-281	9.380844382242874e-9	2.1847275819074747e-7	2.789416059029355e-8
140.99999999999997	2.8058111306425345e-283	8.791049686561144e-9	2.1633120066419976e-7	2.7673142511666327e-8
141.99999999999997	2.4387859039413595e-285	8.236715789064937e-9	2.1418921869644233e-7	2.745118165571286e-8
143.	2.118038312243535e-287	7.715782352222699e-9	2.1204605495791062e-7	2.7228176324861842e-8
144.	1.837975403336123e-289	7.226306725088611e-9	2.0990099673763785e-7	2.7004029807397623e-8
145.	1.593647007586015e-291	6.7664572711802625e-9	2.0775337836007642e-7	2.677865073826527e-8
146.	1.3806763368335687e-293	6.334507055101189e-9	2.056025832350341e-7	2.6551953416505278e-8
147.	1.1951974766699589e-295	5.928827873780703e-9	2.0344804555977865e-7	2.632385808118895e-8
148.	1.0337991689845767e-297	5.5478846178431385e-9	2.0128925169256167e-7	2.609429114778077e-8
149.	8.934743227871612e-300	5.190229948404775e-9	1.9912574121614594e-7	2.586318540679961e-8
150.	0.	4.854499274560134e-9	1.9695710770935063e-7	2.563048018660651e-8
150.99999999999997	0.	4.539406016923835e-9	1.9478299924483037e-7	2.5396121482203724e-8
151.99999999999997	0.	4.243737142804224e-9	1.9260311863023873e-7	2.5160062051820147e-8
153.	0.	3.966348958866397e-9	1.9041722340986232e-7	2.492226148308018e-8
154.	0.	3.7061631475405097e-9	1.88225125643147e-7	2.468268623049385e-8
155.	0.	3.4621630338358673e-9	1.860266914761982e-7	2.444130962599117e-8
156.	0.	3.2333900697057076e-9	1.8382184052160987e-7	2.4198111864154406e-8
157.	0.	3.0189405236118856e-9	1.8161054506178945e-7	2.395307996380597e-8
158.	0.	2.8179623634497413e-9	1.7939282908998247e-7	2.3706207707507682e-8
159.	0.	2.629652321552364e-9	1.7716876720318866e-7	2.3457495560552132e-8
160.	0.	2.4532531310130833e-9	1.749384833601524e-7	2.3206950570917893e-8
160.99999999999997	0.	2.288050923123802e-9	1.7270214951739694e-7	2.2954586251656446e-8
161.99999999999997	0.	2.1333727762593764e-9	1.7045998415561176e-7	2.2700422447114507e-8
163.	0.	1.9885844070597354e-9	1.6821225070826627e-7	2.2444485184359667e-8
164.	0.	1.8530879952790991e-9	1.6595925590348026e-7	2.2186806511087626e-8
165.	0.	1.7263201341765119e-9	1.637013480303226e-7	2.1927424321328005e-8
166.	0.	1.6077498987871288e-9	1.6143891513939023e-7	2.1666382170110784e-8
167.	0.	1.4968770248896895e-9	1.5917238318765849e-7	2.1403729078292265e-8
168.	0.	1.3932301919190056e-9	1.5690221413673303e-7	2.113951932864367e-8
169.	0.	1.296365403493586e-9	1.546289040133469e-7	2.08738122542837e-8
169.99999999999997	0.	1.205864459627742e-9	1.523529809402278e-7	2.0606672020457624e-8
170.99999999999997	0.	1.1213335150802855e-9	1.5007500314542977e-7	2.0338167400676803e-8
171.99999999999997	0.	1.0424017186362036e-9	1.4779555695710807e-7	2.0068371548097693e-8
173.	0.	9.687199284721292e-10	1.4551525479100268e-7	1.979736176307241e-8
174.	0.	8.999594990514288e-10	1.4323473313691105e-7	1.952521925768432e-8
175.	0.	8.35811135312871e-10	1.4095465055027975e-7	1.9252028918073225e-8
176.	0.	7.75983810173368e-10	1.3867568565451828e-7	1.8977879065297066e-8
177.	0.	7.20203741642002e-10	1.3639853515938027e-7	1.8702861215452774e-8
178.	0.	6.682134260745274e-10	1.3412391190019293e-7	1.842706983971296e-8
179.	0.	6.197707243265002e-10	1.3185254290251235e-7	1.8150602124918017e-8
179.99999999999997	0.	5.746479977763933e-10	1.2958516747635908e-7	1.787355773531451e-8
180.99999999999997	0.	5.326312913799532e-10	1.2732253534384491e-7	1.7596038575993157e-8
181.99999999999997	0.	4.935195611028525e-10	1.2506540480354823e-7	1.7318148558525092e-8
183.	0.	4.5712394325263427e-10	1.2281454093503382e-7	1.7039993369308883e-8
184.	0.	4.232670633720391e-10	1.2057071384626918e-7	1.6761680241058664e-8
185.	0.	3.917823825259733e-10	1.1833469696639391e-7	1.6483317727829932e-8
186.	0.	3.625135789239607e-10	1.1610726538640172e-7	1.6205015483999616e-8
187.	0.	3.3531396296555744e-10	1.1388919424952958e-7	1.5926884047516987e-8
188.	0.	3.1004592390299697e-10	1.1168125719325554e-7	1.5649034627760957e-8
189.	0.	2.86580406424596e-10	1.0948422484444159e-7	1.5371578898294466e-8
189.99999999999997	0.	2.647964155637047e-10	1.0729886336884802e-7	1.5094628794765973e-8
190.99999999999997	0.	2.445805484334328e-10	1.0512593307630244e-7	1.4818296318221212e-8
192.	0.	2.2582655137289593e-10	1.0296618708217154e-7	1.454269334400137e-8
193.	0.	2.0843490116597555e-10	1.0082037002598353e-7	1.4267931436435457e-8
194.	0.	1.9231240907898672e-10	9.868921684775165e-8	1.3994121669495234e-8
195.	0.	1.773718465257915e-10	9.65734516221277e-8	1.3721374453523193e-8
196.	0.	1.635315912342336e-10	9.447378645082161e-8	1.3449799368189951e-8
197.	0.	1.5071529285556712e-10	9.239092041314766e-8	1.3179505001756677e-8
198.	0.	1.3885155700470622e-10	9.032553857456784e-8	1.2910598796721026e-8
198.99999999999997	0.	1.2787364678472672e-10	8.827831105306579e-8	1.2643186901920344e-8
199.99999999999997	0.	1.1771920088460198e-10	8.624989214296033e-8	1.2377374031134583e-8
200.99999999999997	0.	1.083299674025683e-10	8.424091949556121e-8	1.211326332820195e-8
202.	0.	9.965155257188379e-11	8.225201335615054e-8	1.1850956238671766e-8
203.	0.	9.163318362813722e-11	8.028377585661875e-8	1.1590552387996698e-8
204.	0.	8.422748507805482e-11	7.83367903628081e-8	1.133214946622624e-8
205.	0.	7.739026767476757e-11	7.641162087589436e-8	1.1075843119202484e-8
206.	0.	7.108032944216079e-11	7.450881148663067e-8	1.082172684618534e-8
207.	0.	6.525926811322406e-11	7.262888588157043e-8	1.0569891903875252e-8
208.	0.	5.989130438966331e-11	7.077234690017172e-8	1.0320427216769356e-8
208.99999999999997	0.	5.4943115451102936e-11	6.893967614149494e-8	1.007341929375767e-8
209.99999999999997	0.	5.0383678172535124e-11	6.71313336195329e-8	9.82895215091193e-9
210.99999999999997	0.	4.6184121538397136e-11	6.53477574656152e-8	9.587107240330787e-9
212.	0.	4.231758775795303e-11	6.358936367691197e-8	9.347963384988358e-9
213.	0.	3.875910162339656e-11	6.18565459094937e-8	9.111596719447922e-9
214.	0.	3.5485447660084966e-11	6.014967531473e-8	8.878080636348208e-9
215.	0.	3.2475054652515515e-11	5.846910041751086e-8	8.647485738523428e-9
216.	0.	2.9707887142750476e-11	5.681514703502037e-8	8.419879796652167e-9
217.	0.	2.716534351803187e-11	5.518811823464747e-8	8.195327712306524e-9
218.	0.	2.4830160329603306e-11	5.358829432948419e-8	7.973891486250256e-9
218.99999999999997	0.	2.2686322492632103e-11	5.201593291008851e-8	7.755630191866157e-9
219.99999999999997	0.	2.0718979041290587e-11	5.0471268911014106e-8	7.540599953563643e-9
220.99999999999997	0.	1.891436412935517e-11	4.8954514710763294e-8	7.328853930038656e-9
222.	0.	1.725972297669851e-11	4.7465860263527817e-8	7.12044230221112e-9
223.	0.	1.5743242482483988e-11	4.600547326150369e-8	6.915412265725607e-9
224.	0.	1.4353986237976881e-11	4.45734993261731e-8	6.7138080278395805e-9
225.	0.	1.308183368560406e-11	4.3170062227305264e-8	6.515670808574167e-9
226.	0.	1.1917423181839448e-11	4.17952641280443e-8	6.3210388459423325e-9
227.	0.	1.0852098739275198e-11	4.04491858549544e-8	6.129947405141902e-9
227.99999999999997	0.	9.87786022891739e-12	3.9131887191416075e-8	5.942428791526372e-9
228.99999999999997	0.	8.987316837950733e-12	3.7843407193202866e-8	5.758512367229477e-9
229.99999999999997	0.	8.173643590940223e-12	3.658376452468295e-8	5.578224571258315e-9
230.99999999999997	0.	7.430540747695865e-12	3.535295781467007e-8	5.401588942955187e-9
232.	0.	6.752195905701954e-12	3.415096603021974e-8	5.228626148614928e-9
233.	0.	6.133248642557661e-12	3.297774886737934e-8	5.059354011149963e-9
234.	0.	5.568757541287147e-12	3.183324715770372e-8	4.893787542663005e-9
235.	0.	5.054169453037894e-12	3.0717383288989294e-8	4.7319389797296705e-9
236.	0.	4.585290856343381e-12	2.9630061639382967e-8	4.573817821298213e-9
237.	0.	4.1582611835249795e-12	2.8571169023590995e-8	4.41943086904515e-9
237.99999999999997	0.	3.7695279889287716e-12	2.7540575149967043e-8	4.2687822700311316e-9
238.99999999999997	0.	3.4158238431143306e-12	2.653813308751048e-8	4.121873561537685e-9
239.99999999999997	0.	3.094144841016833e-12	2.556367974162943e-8	3.978703717935864e-9
240.99999999999997	0.	2.801730622562937e-12	2.46170363376982e-8	3.839269199462447e-9
242.	0.	2.5360458061250837e-12	2.369800891134406e-8	3.7035640027623726e-9
243.	0.	2.29476274312878e-12	2.2806388804484706e-8	3.5715797130670785e-9
244.	0.	2.0757455069895176e-12	2.1941953166246442e-8	3.4433055578931233e-9
245.	0.	1.8770350353229247e-12	2.1104465457799226e-8	3.318728462128745e-9
245.99999999999997	0.	1.6968353477475058e-12	2.029367596025175e-8	3.1978331043904514e-9
247.	0.	1.5335007686421536e-12	1.9509322284655593e-8	3.0806019745148603e-9
248.	0.	1.385524085026022e-12	1.8751129883629878e-8	2.9670154321217117e-9
248.99999999999997	0.	1.251525578312609e-12	1.801881256331176e-8	2.857051766055203e-9
250.	0.	1.1302428693180979e-12	1.731207299539313e-8	2.7506872546747836e-9
250.99999999999997	0.	1.0205215196598652e-12	1.663060322817698e-8	2.64789622683475e-9
252.	0.	9.213063390947181e-13	1.5974085196170913e-8	2.5486511234819873e-9
252.99999999999997	0.	8.316333482049834e-13	1.5342191227410056e-8	2.4529225597482543e-9
254.	0.	7.506223508711313e-13	1.4734584548038254e-8	2.360679387465069e-9
254.99999999999997	0.	6.774700740530697e-13	1.4150919783372394e-8	2.2718887579792502e-9
256.	0.	6.114438338731465e-13	1.3590843455095637e-8	2.186516185212752e-9
257.	0.	5.518756906828303e-13	1.3053994473835982e-8	2.1045256088467477e-9
258.	0.	4.981570582216219e-13	1.2540004626775674e-8	2.0258794575706596e-9
259.	0.	4.4973373369235686e-13	1.20484990597141e-8	1.950538712299824e-9
260.	0.	4.0610131819197223e-13	1.1579096753267837e-8	1.878462969306094e-9
261.	0.	3.6680099928745714e-13	1.1131410992508865e-8	1.809610503142646e-9
262.	0.	3.3141566811043625e-13	1.0705049830044733e-8	1.7439383293566376e-9
263.	0.	2.9956634762632563e-13	1.0299616541789495e-8	1.6814022668601082e-9
263.99999999999994	0.	2.7090890718809953e-13	9.91471007528327e-9	1.6219569999269297e-9
265.	0.	2.4513104347634174e-13	9.549925490251033e-9	1.5655561397556638e-9
266.	0.	2.2194950647065037e-13	9.204854390954034e-9	1.512152285514711e-9
267.	0.	2.011075526796377e-13	8.8790853502292e-9	1.4616970848409733e-9
268.	0.	1.8237260768516089e-13	8.572204324846267e-9	1.4141412937190615e-9
269.	0.	1.655341222111977e-13	8.283795062022511e-9	1.3694348357015573e-9
270.	0.	1.5040160690714023e-13	8.01343949689602e-9	1.327526860423821e-9
271.	0.	1.3680283127131222e-13	7.76071814060869e-9	1.2883658013412151e-9
272.	0.	1.2458217485803526e-13	7.525210459176722e-9	1.2518994327030392e-9
272.99999999999994	0.	1.1359911761121006e-13	7.306495242560889e-9	1.2180749256501927e-9
274.	0.	1.0372685949414122e-13	7.1041509642259295e-9	1.1868389034682247e-9
274.99999999999994	0.	9.485105801250112e-14	6.917756130780921e-9	1.1581374959112726e-9
276.	0.	8.686867510840208e-14	6.746889621765205e-9	1.1319163925903699e-9
277.	0.	7.968692376129402e-14	6.591131019450914e-9	1.1081208953869374e-9
278.	0.	7.322230689985255e-14	6.450060928606869e-9	1.0866959698642332e-9
279.	0.	6.739974073011801e-14	6.323261286222811e-9	1.0675862956582114e-9
280.	0.	6.215175549921363e-14	6.2103156610964025e-9	1.0507363158126967e-9
281.	0.	5.741776744327835e-14	6.1108095433250385e-9	1.0360902850469537e-9
281.99999999999994	0.	5.3143415969867184e-14	6.024330623649633e-9	1.0235923169275178e-9
283.	0.	4.927996056145292e-14	5.950469062774652e-9	1.0131864299458448e-9
283.99999999999994	0.	4.5783732408608106e-14	5.8888177505475915e-9	1.0048165924624163e-9
285.	0.	4.2615636076157454e-14	5.838972555169364e-9	9.984267665266005e-10
286.	0.	3.9740697064732465e-14	5.800532562328935e-9	9.939609505341426e-10
287.	0.	3.712765107508342e-14	5.773100304494597e-9	9.913632207419182e-10
288.	0.	3.474857170928289e-14	5.7562819803827055e-9	9.905777716235075e-10
289.	0.	3.257853296586127e-14	5.749687664508683e-9	9.91548955029015e-10
290.	0.	3.059530377576014e-14	5.752931507281976e-9	9.94221318208301e-10
291.	0.	2.877907129628081e-14	5.76563192531836e-9	9.98539640621313e-10
292.	0.	2.7112191062269692e-14	5.78741178236301e-9	1.0044489695830329e-9
292.99999999999994	0.	2.557896092518855e-14	5.81789856092266e-9	1.0118946547401235e-9
294.	0.	2.4165417241007944e-14	5.856724524557537e-9	1.0208223813506778e-9
294.99999999999994	0.	2.285915077982973e-14	5.903526871084275e-9	1.031178202390596e-9
296.	0.	2.1649140915492784e-14	5.957947876901967e-9	1.0429085695037803e-9
297.	0.	2.0525606295990407e-14	6.019635032382106e-9	1.0559603627661318e-9
298.	0.	1.9479870462481785e-14	6.08824116860308e-9	1.0702809192926887e-9
299.	0.	1.8504241011730778e-14	6.163424575623634e-9	1.0858180607026524e-9
300.	0.	1.759190107168414e-14	6.244849112261294e-9	1.1025201194170723e-9
301.	0.	1.6736811947688077e-14	6.332184307795913e-9	1.120335963844028e-9
301.99999999999994	0.	1.5933625868289825e-14	6.425105455489144e-9	1.1392150224132788e-9
303.	0.	1.5177607693745002e-14	6.5232936983010315e-9	1.1591073065089853e-9
303.99999999999994	0.	1.4464565083138945e-14	6.6264361068971876e-9	1.1799634322988078e-9
305.	0.	1.3790785939386886e-14	6.734225750056801e-9	1.201734641460736e-9
306.	0.	1.3152982558268026e-14	6.8463617577765616e-9	1.2243728208421906e-9
307.	0.	1.2548242003779808e-14	6.9625493771837195e-9	1.24783052105409e-9
308.	0.	1.1973981581657739e-14	7.08250002138115e-9	1.2720609740043803e-9
309.	0.	1.1427909616578807e-14	7.20593131153514e-9	1.2970181094095732e-9
310.	0.	1.0907990298426331e-14	7.3325671123003796e-9	1.322656570284587e-9
310.99999999999994	0.	1.0412412557365385e-14	7.462137560747885e-9	1.3489317274241638e-9
312.	0.	9.939562664341942e-15	7.594379089070861e-9	1.3757996929092523e-9
312.99999999999994	0.	9.487999827014729e-15	7.729034441145602e-9	1.4032173326365017e-9
314.	0.	9.056434464126854e-15	7.86585268318888e-9	1.4311422778990035e-9
314.99999999999994	0.	8.643709516088922e-15	8.00458920873129e-9	1.4595329360429145e-9
316.	0.	8.248783443920718e-15	8.145005737987045e-9	1.4883485001998159e-9
317.	0.	7.870715687302863e-15	8.286870311904085e-9	1.5175489581319273e-9
318.	0.	7.508653671620423e-15	8.42995728099131e-9	1.5470951001937036e-9
319.	0.	7.161821594069826e-15	8.574047289187973e-9	1.5769485264445216e-9
320.	0.	6.829510272154937e-15	8.71892725289289e-9	1.6070716529205045e-9
321.	0.	6.511068919217477e-15	8.864390335346279e-9	1.6374277170878527e-9
321.99999999999994	0.	6.205897213518034e-15	9.010235916585056e-9	1.6679807825055487e-9
323.	0.	5.913438991403772e-15	9.156269559016216e-9	1.6986957426932837e-9
323.99999999999994	0.	5.6331766164951e-15	9.302302968991651e-9	1.7295383242633341e-9
325.	0.	5.3646259442144804e-15	9.44815395438713e-9	1.7604750893054282e-9
326.	0.	5.107332208210052e-15	9.593646378347971e-9	1.791473437043253e-9
327.	0.	4.860866170331473e-15	9.738610109508423e-9	1.8225016048087276e-9
328.	0.	4.6248213950366085e-15	9.882880968786004e-9	1.8535286683425048e-9
329.	0.	4.398811265147856e-15	1.002630067277491e-8	1.8845245414148262e-9
330.	0.	4.182466838691288e-15	1.0168716774167775e-8	1.915459974837117e-9
330.99999999999994	0.	3.9754347071984046e-15	1.0309982599102145e-8	1.946306554835512e-9
332.	0.	3.77737589629711e-15	1.0449957181753027e-8	1.9770367008373494e-9
332.99999999999994	0.	3.587963758344549e-15	1.0588505196298854e-8	2.0076236626859046e-9
334.	0.	3.4068834610220857e-15	1.0725496886305237e-8	2.038041517283212e-9
335.	0.	3.2338306341742364e-15	1.0860807991818726e-8	2.0682651647080017e-9
336.	0.	3.068510706709059e-15	1.0994319674242656e-8	2.0982703238147376e-9
337.	0.	2.9106382232762492e-15	1.1125918439091239e-8	2.128033527324455e-9
338.	0.	2.7599361697118882e-15	1.1255496056882233e-8	2.1575321164498194e-9
339.	0.	2.61613578496629e-15	1.1382949482152479e-8	2.1867442350446047e-9
339.99999999999994	0.	2.4789757900137438e-15	1.1508180770896669e-8	2.215648823328483e-9
341.	0.	2.348202588433935e-15	1.163109699639988e-8	2.2442256111754e-9
341.99999999999994	0.	2.2235695563147275e-15	1.1751610163662991e-8	2.2724551109977686e-9
343.	0.	2.104837001830962e-15	1.1869637122592632e-8	2.300318610254007e-9
343.99999999999994	0.	1.9917720765141286e-15	1.1985099479987667e-8	2.327798163580488e-9
345.	0.	1.884148458363723e-15	1.2097923510446215e-8	2.354876584566632e-9
346.	0.	1.781746509767635e-15	1.220804006640135e-8	2.381537437209122e-9
347.	0.	1.6843527922608568e-15	1.231538448725816e-8	2.4077650270352927e-9
348.	0.	1.5917602140249261e-15	1.2419896507883153e-8	2.433544391940664e-9
349.	0.	1.5037679335274976e-15	1.252152016639852e-8	2.4588612927274532e-9
350.	0.	1.4201814247255745e-15	1.2620203711547213e-8	2.48370220339254e-9
350.99999999999994	0.	1.3408119192805457e-15	1.2715899509543958e-8	2.5080543011449883e-9
352.	0.	1.2654767819191325e-15	1.280856395069421e-8	2.531905456205526e-9
352.99999999999994	0.	1.1939993632895068e-15	1.28981573557316e-8	2.5552442213754605e-9
354.	0.	1.126208829683451e-15	1.2984643882004915e-8	2.578059821398483e-9
355.	0.	1.0619400626881562e-15	1.3067991429658563e-8	2.6003421421414343e-9
356.	0.	1.0010335415706209e-15	1.3148171547789415e-8	2.6220817195887758e-9
357.	0.	9.43335595228269e-16	1.32251593407314e-8	2.643269728678981e-9
358.	0.	8.886977833606997e-16	1.3298933374518555e-8	2.663897971991437e-9
359.	0.	8.369771150147696e-16	1.3369475583603414e-8	2.683958868297801e-9
359.99999999999994	0.	7.880361786145411e-16	1.343677117790639e-8	2.7034454409919705e-9
361.	0.	7.417423578106419e-16	1.350080855027544e-8	2.7223513064135372e-9
361.99999999999994	0.	6.979684286599027e-16	1.3561579184337548e-8	2.7406706620604166e-9
363.	0.	6.565919446565359e-16	1.3619077562999395e-8	2.7583982747419463e-9
363.99999999999994	0.	6.174956309411215e-16	1.3673301077398156e-8	2.7755294686320175e-9
365.	0.	5.805664144576817e-16	1.3724249936580092e-8	2.792060113278258e-9
366.	0.	5.456965489794955e-16	1.377192707784637e-8	2.8079866115551425e-9
367.	0.	5.127821925074692e-16	1.3816338077838513e-8	2.8233058875759256e-9
368.	0.	4.817241000131312e-16	1.3857491064436058e-8	2.8380153745786407e-9
368.99999999999994	0.	4.524275823946606e-16	1.389539662948596e-8	2.8521130027907313e-9
370.	0.	4.2480156039086523e-16	1.3930067742443785e-8	2.8655971872895047e-9
370.99999999999994	0.	3.9875927221097377e-16	1.3961519664895115e-8	2.87846681585277e-9
372.	0.	3.7421787707114896e-16	1.398976986611031e-8	2.890721236832212e-9
372.99999999999994	0.	3.5109803751815054e-16	1.4014837939573748e-8	2.902360247038592e-9
374.	0.	3.2932430306156445e-16	1.403674552055078e-8	2.913384079653225e-9
375.	0.	3.0882457280260973e-16	1.4055516204743608e-8	2.923793392177676e-9
376.	0.	2.8953024917765826e-16	1.407117546805288e-8	2.9335892544268677e-9
377.	0.	2.713756819472388e-16	1.4083750587495374e-8	2.94277313657775e-9
378.	0.	2.5429892501297036e-16	1.4093270563229186e-8	2.9513468972653326e-9
379.	0.	2.382403313148882e-16	1.4099766041840376e-8	2.9593127717600058e-9
379.99999999999994	0.	2.2314380017961556e-16	1.4103269240787272e-8	2.966673360206707e-9
381.	0.	2.0895572605203728e-16	1.4103813874096176e-8	2.973431615947629e-9
381.99999999999994	0.	1.95625030713828e-16	1.410143507932375e-8	2.979590833933933e-9
383.	0.	1.8310358265993356e-16	1.4096169345741442e-8	2.9851546392195577e-9
384.	0.	1.7134536741316319e-16	1.4088054443877866e-8	2.990126975568036e-9
385.	0.	1.603067805311205e-16	1.407712935628104e-8	2.9945120941459333e-9
386.	0.	1.4994668104446858e-16	1.4063434209669137e-8	2.9983145423409395e-9
387.	0.	1.4022593218517025e-16	1.404701020832769e-8	3.0015391526774377e-9
388.	0.	1.3110732107670507e-16	1.4027899568911384e-8	3.0041910318657207e-9
388.99999999999994	0.	1.2255587588110437e-16	1.4006145456515886e-8	3.006275549959098e-9
390.	0.	1.1453827296058001e-16	1.3981791922170643e-8	3.007798329654025e-9
390.99999999999994	0.	1.0702315942547556e-16	1.3954883841599816e-8	3.0087652357034275e-9
392.	0.	9.998068840102812e-17	1.3925466855419702e-8	3.0091823644823796e-9
392.99999999999994	0.	9.338285117339295e-17	1.3893587310625672e-8	3.0090560336775067e-9
394.	0.	8.720314792344463e-17	1.385929220348692e-8	3.0083927721288328e-9
395.	0.	8.14161157113321e-17	1.3822629123762027e-8	3.0071993098082076e-9
396.	0.	7.599848860255039e-17	1.3783646200302711e-8	3.005482567952229e-9
397.	0.	7.092764689831464e-17	1.3742392047979408e-8	3.0032496493384088e-9
397.99999999999994	0.	6.618237283297125e-17	1.3698915715997597e-8	3.000507828722766e-9
399.	0.	6.174307742234045e-17	1.3653266637529455e-8	2.9972645434257052e-9
399.99999999999994	0.	5.75907820840426e-17	1.3605494580690156e-8	2.9935273840758738e-9
401.	0.	5.3707756462721624e-17	1.355564960086976e-8	2.9893040855176504e-9
401.99999999999994	0.	5.007747383469337e-17	1.3503781994364077e-8	2.984602517873172e-9
403.	0.	4.668414501812633e-17	1.3449942253354125e-8	2.9794306777732038e-9
404.	0.	4.3512952441284185e-17	1.3394181022173823e-8	2.9737966797467763e-9
405.	0.	4.0550008538692173e-17	1.3336549054887138e-8	2.96770874777777e-9
406.	0.	3.778231594765548e-17	1.327709717416791e-8	2.9611752070301754e-9
407.	0.	3.519730032360248e-17	1.3215876231416736e-8	2.9542044757309028e-9
408.	0.	3.2783628171434017e-17	1.3152937068207977e-8	2.9468050572341645e-9
408.99999999999994	0.	3.0530315555577004e-17	1.3088330478944065e-8	2.9389855322434674e-9
410.	0.	2.8427121688674285e-17	1.302210717476043e-8	2.9307545512041746e-9
410.99999999999994	0.	2.6464517704521757e-17	1.2954317748678957e-8	2.9221208268694973e-9
412.	0.	2.4633221663046998e-17	1.2885012641944933e-8	2.9130931270288665e-9
412.99999999999994	0.	2.292503727391316e-17	1.2814242111594029e-8	2.9036802674121152e-9
414.	0.	2.1331957779371045e-17	1.2742056199181634e-8	2.8938911047578727e-9
415.	0.	1.9846427400424403e-17	1.2668504700685642e-8	2.883734530051831e-9
416.	0.	1.8461315602028644e-17	1.2593637137563961e-8	2.8732194619337868e-9
417.	0.	1.7170332471120162e-17	1.251750272895584e-8	2.8623548402745952e-9
417.99999999999994	0.	1.5967128410107427e-17	1.2440150364983083e-8	2.8511496199158203e-9
419.	0.	1.4846003622500136e-17	1.2361628581186269e-8	2.8396127645837988e-9
419.99999999999994	0.	1.3801595078142292e-17	1.2281985533989572e-8	2.8277532409565585e-9
421.	0.	1.2828709220526147e-17	1.220126897730827e-8	2.815580012913115e-9
421.99999999999994	0.	1.1922745257241767e-17	1.2119526240133182e-8	2.803102035930253e-9
423.	0.	1.107908804176701e-17	1.2036804205200977e-8	2.790328251654819e-9
424.	0.	1.0293681510659862e-17	1.195314928864236e-8	2.777267582629783e-9
425.	0.	9.562570155221818e-18	1.1868607420646795e-8	2.7639289271861296e-9
426.	0.	8.882179755733887e-18	1.1783224027091848e-8	2.7503211544913893e-9
426.99999999999994	0.	8.249007323324387e-18	1.169704401212471e-8	2.7364530997549793e-9
428.	0.	7.659903975124787e-18	1.1610111741700774e-8	2.722333559594539e-9
428.99999999999994	0.	7.112062740647555e-18	1.1522471028028185e-8	2.707971287554031e-9
430.	0.	6.602413328083989e-18	1.1434165114909965e-8	2.693374989774735e-9
430.99999999999994	0.	6.128500894688657e-18	1.1345236663974499e-8	2.67855332081964e-9
432.	0.	5.6878822628374426e-18	1.1255727741768547e-8	2.663514879648026e-9
432.99999999999994	0.	5.278264306182364e-18	1.1165679807694551e-8	2.648268205738708e-9
434.	0.	4.897494628730895e-18	1.1075133702753376e-8	2.63282177535551e-9
435.	0.	4.543552801269448e-18	1.0984129639125081e-8	2.6171839979651612e-9
436.	0.	4.214838590142041e-18	1.0892707190510031e-8	2.6013632127921922e-9
437.	0.	3.909274505493993e-18	1.0800905283238196e-8	2.5853676855148377e-9
437.99999999999994	0.	3.625484591070293e-18	1.07087621881344e-8	2.5692056051019085e-9
439.	0.	3.3618980186580303e-18	1.0616315513120552e-8	2.5528850807884635e-9
439.99999999999994	0.	3.1171871075265123e-18	1.0523602196497154e-8	2.5364141391789754e-9
441.	0.	2.8898175642102283e-18	1.0430658500958867e-8	2.519800721493484e-9
441.99999999999994	0.	2.678781911972242e-18	1.0337520008244587e-8	2.503052680935219e-9
443.	0.	2.4828550095972083e-18	1.0244221614458626e-8	2.486177780190858e-9
444.	0.	2.3010321972581373e-18	1.015079752603506e-8	2.4691836890587905e-9
445.	0.	2.132229701832512e-18	1.0057281256301377e-8	2.452077982197292e-9
446.	0.	1.975721572487393e-18	9.963705622659163e-9	2.434868136998755e-9
446.99999999999994	0.	1.8304005606221633e-18	9.870102744332983e-9	2.417561531580509e-9
448.	0.	1.6956555911608341e-18	9.77650404070013e-9	2.4001654428972828e-9
448.99999999999994	0.	1.5706341796808609e-18	9.682940230146499e-9	2.382687044963966e-9
450.	0.	1.4546789507860826e-18	9.589441329461653e-9	2.3651334071939794e-9
450.99999999999994	0.	1.347177615919662e-18	9.496036653755324e-9	2.3475114928506978e-9
452.	0.	1.2474146498600578e-18	9.402754816851121e-9	2.32982815760309e-9
453.	0.	1.1550049439477825e-18	9.309623732174627e-9	2.3120901481916286e-9
454.	0.	1.0693094213535361e-18	9.2166706140922e-9	2.294304101195446e-9
455.	0.	9.898687640336645e-19	9.123921979698211e-9	2.2764765419019594e-9
455.99999999999994	0.	9.162555176413296e-19	9.031403651041057e-9	2.258613883278425e-9
457.	0.	8.480719265130419e-19	8.939140757746842e-9	2.240722425036612e-9
457.99999999999994	0.	7.848045004569646e-19	8.84715774005849e-9	2.222808352796915e-9
459.	0.	7.262530535137695e-19	8.755478352238844e-9	2.2048777373404743e-9
459.99999999999994	0.	6.719546355380668e-19	8.664125666363348e-9	2.1869365339573734e-9
461.	0.	6.217548032641989e-19	8.573122076445214e-9	2.16899058187789e-9
461.99999999999994	0.	5.752345745155031e-19	8.482489302911027e-9	2.151045603793113e-9
463.	0.	5.321374691876051e-19	8.392248397401461e-9	2.133107205459509e-9
464.	0.	4.92225105261844e-19	8.302419747865824e-9	2.1151808753812992e-9
465.	0.	4.552759448596898e-19	8.213023083971486e-9	2.0972719845770065e-9
466.	0.	4.21084124456796e-19	8.124077482790933e-9	2.079385786422252e-9
466.99999999999994	0.	3.8931840634079685e-19	8.035601374747187e-9	2.0615274165648687e-9
468.	0.	3.600814129506381e-19	7.947612549827752e-9	2.043701892916387e-9
468.99999999999994	0.	3.32928567359577e-19	7.860128164030008e-9	2.0259141157113604e-9
470.	0.	3.078464828016755e-19	7.77316474605498e-9	2.0081688676400932e-9
470.99999999999994	0.	2.8455449102163515e-19	7.68673820419155e-9	1.9904708140409346e-9
472.	0.	2.630594227189325e-19	7.600863833440518e-9	1.9728245031659263e-9
473.	0.	2.431010914859133e-19	7.515556322796745e-9	1.9552343664996156e-9
474.	0.	2.2470365351973507e-19	7.430829762752842e-9	1.937704719148531e-9
475.	0.	2.0776117094493877e-19	7.346697652933556e-9	1.9202397602785913e-9
475.99999999999994	0.	1.9203931790695642e-19	7.263172909926143e-9	1.9028435736182712e-9
477.	0.	1.774481550466203e-19	7.180267875239153e-9	1.8855201280109155e-9
477.99999999999994	0.	1.6390429245394114e-19	7.097994323409062e-9	1.8682732780218976e-9
479.	0.	1.5146494732707485e-19	7.0163634702315795e-9	1.8511067645955097e-9
479.99999999999994	0.	1.4005701181187564e-19	6.935385981117027e-9	1.834024215761966e-9
481.	0.	1.2934548570437837e-19	6.855071979551301e-9	1.8170291473905304e-9
481.99999999999994	0.	1.1953640132957206e-19	6.775431055658465e-9	1.8001249639883464e-9
483.	0.	1.10438662214948e-19	6.6964722748525224e-9	1.7833149595422218e-9
484.	0.	1.0199940708921984e-19	6.618204186573695e-9	1.7666023184028769e-9
484.99999999999994	0.	9.416966431743829e-20	6.540634833095282e-9	1.7499901162083918e-9
486.	0.	8.703516013034621e-20	6.463771758394773e-9	1.733481320845799e-9
486.99999999999994	0.	8.042178901714724e-20	6.387622017085146e-9	1.7170787934502074e-9
488.	0.	7.4290634169185e-20	6.312192183392118e-9	1.7007852894381169e-9
488.99999999999994	0.	6.860565811847832e-20	6.237488360169557e-9	1.6846034595733149e-9
490.	0.	6.333349309838476e-20	6.163516187952477e-9	1.6685358510654893e-9
491.	0.	5.844324633951802e-20	6.0902808540335085e-9	1.6525849086983995e-9
491.99999999999994	0.	5.403439241169467e-20	6.017787101558413e-9	1.6367529759864386e-9
492.99999999999994	0.	4.982380765755463e-20	5.9460392386342894e-9	1.6210422963585114e-9
494.	0.	4.604263139451415e-20	5.87504114744433e-9	1.605455014367593e-9
495.	0.	4.2540115088494287e-20	5.804796293358537e-9	1.5899931769235678e-9
496.	0.	3.929527585677083e-20	5.73530773403749e-9	1.5746587345487135e-9
496.99999999999994	0.	3.628869874222261e-20	5.666578128529325e-9	1.5594535426560543e-9
497.99999999999994	0.	3.3502421129893505e-20	5.598609746338626e-9	1.5443793628450909e-9
499.	0.	3.091982552510318e-20	5.531404476479761e-9	1.5294378642183509e-9
500.	0.	2.852554010207049e-20	5.464963836492013e-9	1.5146306247128142e-9
500.99999999999994	0.	2.6305346472831572e-20	5.399288981428169e-9	1.4999591324495222e-9
501.99999999999994	0.	2.4369141293787604e-20	5.334380712798005e-9	1.4854247870962454e-9
503.	0.	2.2458172940355653e-20	5.270239487472946e-9	1.471028901245201e-9
504.	0.	2.068473945268739e-20	5.206865426531109e-9	1.4567727018000376e-9
505.	0.	1.9160008469046234e-20	5.144258324062128e-9	1.4426573313773946e-9
505.99999999999994	0.	1.7630741376757888e-20	5.082417655909577e-9	1.428683849717129e-9
506.99999999999994	0.	1.6330699098822097e-20	5.021342588342183e-9	1.4148532350985343e-9
508.	0.	1.500999389363793e-20	4.961031986682987e-9	1.4011663857708084e-9
509.	0.	1.3901736651013492e-20	4.901484423841189e-9	1.3876241213821195e-9
509.99999999999994	0.	1.2878320483890973e-20	4.842698188795295e-9	1.3742271844211161e-9
510.99999999999994	0.	1.1814582625348498e-20	4.784671294988392e-9	1.360976241659399e-9
512.	0.	1.0942363988711575e-20	4.727401488649118e-9	1.3478718855991096e-9
513.	0.	1.0136975773725622e-20	4.670886257029837e-9	1.334914635922795e-9
514.	0.	9.276019526866988e-21	4.615122836557333e-9	1.3221049409443138e-9
514.9999999999999	0.	8.58979621303634e-21	4.56010822090483e-9	1.3094431790630086e-9
516.	0.	7.956194672653542e-21	4.505839168962944e-9	1.2969296602146878e-9
517.	0.	7.37118227373157e-21	4.452312212729587e-9	1.284564627325015e-9
518.	0.	6.83103394416071e-21	4.399523665100387e-9	1.272348257759676e-9
518.9999999999999	0.	6.217266845337331e-21	4.347469627562262e-9	1.2602806647720978e-9
520.	0.	5.7572213725461504e-21	4.2961459977868736e-9	1.2483618989474648e-9
521.	0.	5.332481034639372e-21	4.245548477133288e-9	1.2365919496454187e-9
522.	0.	4.940335048146681e-21	4.1956725780396615e-9	1.2249707464356374e-9
523.	0.	4.578280057302749e-21	4.1465136313129e-9	1.213498160528375e-9
524.	0.	4.2440043763613876e-21	4.098066793321394e-9	1.202174006201349e-9
525.	0.	3.822857682695879e-21	4.050327053067968e-9	1.1909980422160006e-9
526.	0.	3.5383021371737664e-21	4.003289239170518e-9	1.1799699732309233e-9
527.	0.	3.2755946477058823e-21	3.956948026725782e-9	1.169089451204961e-9
527.9999999999999	0.	3.033054919014889e-21	3.911297944061907e-9	1.1583560767913453e-9
529.	0.	2.8091316439817866e-21	3.866333379390825e-9	1.1477694007258337e-9
530.	0.	2.602392656761955e-21	3.8220485873380254e-9	1.1373289252019389e-9
531.	0.	2.411515830883599e-21	3.778437695368967e-9	1.1270341052385866e-9
532.	0.	2.235280666662654e-21	3.735494710100902e-9	1.1168843500366426e-9
533.	0.	2.072560516365961e-21	3.6932135235006952e-9	1.1068790243240186e-9
534.	0.	1.9223153993535455e-21	3.6515879189727062e-9	1.0970174496904246e-9
535.	0.	1.7835853629459456e-21	3.610611577328819e-9	1.087298905908827e-9
536.	0.	1.6554843480408952e-21	3.570278082651254e-9	1.0777226322467303e-9
536.9999999999999	0.	1.5371945215212132e-21	3.530580928034394e-9	1.0682878287625023e-9
538.	0.	1.4279610403234702e-21	3.491513521221731e-9	1.058993657591539e-9
539.	0.	1.2196188090567308e-21	3.4530691901196888e-9	1.0498392442161101e-9
540.	0.	1.126771198577978e-21	3.415241188206079e-9	1.040823678724159e-9
540.9999999999999	0.	1.0410395367521023e-21	3.378022699818893e-9	1.0319460170521551e-9
542.	0.	9.618760533392445e-22	3.3414068453370888e-9	1.0232052822152491e-9
543.	0.	8.887752090579899e-22	3.3053866862458406e-9	1.0146004655221374e-9
544.	0.	8.212704450812542e-22	3.2699552300898556e-9	1.006130527775178e-9
545.	0.	7.589311814732561e-22	3.2351054353134924e-9	9.97794400455176e-10
545.9999999999999	0.	7.013600456651021e-22	3.2008302159936373e-9	9.895909868921323e-10
547.	0.	6.481903134800469e-22	3.167122446455448e-9	9.81519163418687e-10
548.	0.	5.990835465392157e-22	3.1339749657832492e-9	9.735777805094875e-10
549.	0.	5.537274110894704e-22	3.1013805822192648e-9	9.657656639039196e-10
549.9999999999999	0.	5.118336644248669e-22	3.0693320774527014e-9	9.580816157126656e-10
551.	0.	4.731362961149174e-22	3.037822210803593e-9	9.505244155089147e-10
552.	0.	4.373898122171003e-22	3.0068437232949015e-9	9.430928214018487e-10
553.	0.	4.043676515468819e-22	2.9763893416225576e-9	9.357855710951785e-10
554.	0.	3.738607239027613e-22	2.9464517820170352e-9	9.286013829281332e-10
554.9999999999999	0.	3.456760609109025e-22	2.9170237540004178e-9	9.215389568998538e-10
556.	0.	3.196355708613006e-22	2.8880979640419006e-9	9.14596975677731e-10
557.	0.	2.9557488956179383e-22	2.859667119106728e-9	9.077741055876797e-10
558.	0.	2.7334231984357762e-22	2.831723930106877e-9	9.010689975886339e-10
558.9999999999999	0.	2.5279785291081748e-22	2.804261115249908e-9	8.944802882296082e-10
560.	0.	2.3381226524609453e-22	2.7772714032867595e-9	8.880066005894252e-10
561.	0.	2.162662852628593e-22	2.750747536663602e-9	8.816465452000779e-10
562.	0.	2.0004982433863653e-22	2.7246822745749533e-9	8.753987209526153e-10
563.	0.	1.8506126727295131e-22	2.6990683959188796e-9	8.692617159854088e-10
563.9999999999999	0.	1.7120681759306533e-22	2.6738987021619656e-9	8.632341085567936e-10
565.	0.	1.5839989347982723e-22	2.6491660201060966e-9	8.57314467899243e-10
566.	0.	1.4656057041065136e-22	2.6248632045650743e-9	8.515013550572514e-10
567.	0.	1.3561506691505933e-22	2.6009831409481055e-9	8.457933237075267e-10
567.9999999999999	0.	1.2549527011515556e-22	2.5775187477551266e-9	8.401889209628168e-10
569.	0.	1.1613829797847915e-22	2.5544629789836687e-9	8.346866881588567e-10
570.	0.	1.0748609544674086e-22	2.5318088264461303e-9	8.292851616236765e-10
571.	0.	9.948506182221118e-23	2.509549322001971e-9	8.239828734303961e-10
572.	0.	9.208570699483412e-23	2.487677539706641e-9	8.187783521337621e-10
572.9999999999999	0.	8.524233427900144e-23	2.4661865978746338e-9	8.13670123489115e-10
574.	0.	7.89127478011462e-23	2.4450696610621337e-9	8.086567111553815e-10
575.	0.	7.30579825377528e-23	2.424319941969858e-9	8.037366373817235e-10
576.	0.	6.764205524987084e-23	2.403930703260674e-9	7.989084236759121e-10
576.9999999999999	0.	6.263173469616279e-23	2.383895259308092e-9	7.941705914592699e-10
578.	0.	5.799632963058626e-23	2.364206977862142e-9	7.895216627033329e-10
579.	0.	5.370749320692694e-23	2.3448592816409814e-9	7.849601605509119e-10
580.	0.	4.973904251856927e-23	2.325845649847651e-9	7.804846099205866e-10
581.	0.	4.606679210047697e-23	2.30715961961861e-9	7.760935380969745e-10
582.	0.	4.2668400310740313e-23	2.2887947873955358e-9	7.717854753032901e-10
583.	0.	3.952322759328797e-23	2.2707448102303145e-9	7.675589552592306e-10
584.	0.	3.661220570044718e-23	2.253003407022938e-9	7.634125157239715e-10
585.	0.	3.3917717025340084e-23	2.235564359687855e-9	7.593446990221552e-10
585.9999999999999	0.	3.1423483260261067e-23	2.218421514258021e-9	7.553540525559337e-10
587.	0.	2.911446265773375e-23	2.2015687819265022e-9	7.514391293025663e-10
588.	0.	2.6976755226991735e-23	2.1850001400182704e-9	7.475984882947738e-10
589.	0.	2.4997515250692702e-23	2.1687096329071406e-9	7.43830695088701e-10
589.9999999999999	0.	2.3164870554082014e-23	2.152691372869401e-9	7.401343222162856e-10
591.	0.	2.1467848003081094e-23	2.136939540878595e-9	7.365079496231738e-10
592.	0.	1.9896304748382062e-23	2.121448387344141e-9	7.329501650929471e-10
593.	0.	1.844086477007624e-23	2.1062122327900807e-9	7.294595646560314e-10
594.	0.	1.7092860312061262e-23	2.09122546848384e-9	7.260347529864072e-10
594.9999999999999	0.	1.584427782722111e-23	2.0764825570074922e-9	7.226743437832403e-10
596.	0.	1.4687708083947103e-23	2.0619780327781705e-9	7.193769601395554e-10
597.	0.	1.361630011164441e-23	2.0477065025174922e-9	7.16141234897485e-10
598.	0.	1.2623718687940163e-23	2.033662645670934e-9	7.129658109903142e-10
598.9999999999999	0.	1.1704105093385819e-23	2.0198412147765455e-9	7.09849341770709e-10
600.	0.	1.0852040880819746e-23	2.006237035792528e-9	7.067904913283229e-10
601.	0.	1.006251442606417e-23	1.9928450083703546e-9	7.0378793479176e-10
602.	0.	9.330890044935133e-24	1.9796601060903636e-9	7.008403586207281e-10
603.	0.	8.652879478089755e-24	1.966677376649167e-9	6.979464608841728e-10
603.9999999999999	0.	8.024515560760083e-24	1.953891942005848e-9	6.951049515269347e-10
605.	0.	7.442127908591864e-24	1.9412989984897585e-9	6.923145526253525e-10
606.	0.	6.902320463892353e-24	1.9288938168631297e-9	6.895739986294012e-10
607.	0.	6.4019507587419805e-24	1.9166717423490776e-9	6.868820365948778e-10
607.9999999999999	0.	5.938110762509389e-24	1.9046281946199756e-9	6.84237426403538e-10
609.	0.	5.5081091916237194e-24	1.8927586677496726e-9	6.816389409722606e-10
610.	0.	5.109455168927287e-24	1.881058730130149e-9	6.790853664513051e-10
611.	0.	4.739843128669808e-24	1.8695240243536725e-9	6.765755024117115e-10
612.	0.	4.397138871276748e-24	1.858150267063072e-9	6.741081620227421e-10
612.9999999999999	0.	4.07936667943396e-24	1.8469332487663494e-9	6.716821722176055e-10
614.	0.	3.78469741392466e-24	1.8358688336250925e-9	6.692963738509469e-10
615.	0.	3.5114375139275896e-24	1.8249529592082696e-9	6.66949621844584e-10
616.	0.	3.258018832356294e-24	1.8141816362196662e-9	6.646407853245997e-10
616.9999999999999	0.	3.0229892421670954e-24	1.80355094819641e-9	6.623687477484005e-10
618.	0.	2.8050039545324807e-24	1.7930570511801192e-9	6.601324070223882e-10
619.	0.	2.6028174943470613e-24	1.7826961733634828e-9	6.57930675610885e-10
620.	0.	2.4152762827400375e-24	1.7724646147089336e-9	6.557624806350833e-10
621.	0.	2.2413117801714493e-24	1.7623587465465434e-9	6.536267639643637e-10
621.9999999999999	0.	2.0799341472575125e-24	1.7523750111462575e-9	6.515224822981419e-10
623.	0.	1.9302263837885362e-24	1.7425099212683262e-9	6.494486072394031e-10
624.	0.	1.791338909451203e-24	1.7327600596937434e-9	6.474041253605205e-10
625.	0.	1.6624845525712216e-24	1.7231220787314053e-9	6.453880382600005e-10
625.9999999999999	0.	1.5429339158011886e-24	1.713592699709474e-9	6.433993626126728e-10
627.	0.	1.4320110900537758e-24	1.7041687124432446e-9	6.414371302105762e-10
628.	0.	1.3290896902060312e-24	1.694846974689914e-9	6.395003879980022e-10
629.	0.	1.2335891881191261e-24	1.6856244115825374e-9	6.375881980978376e-10
629.9999999999999	0.	1.1449715204091126e-24	1.6764980150494816e-9	6.356996378315446e-10
630.9999999999999	0.	1.0627379501286516e-24	1.667464843217177e-9	6.338337997315369e-10
632.	0.	9.8642616312386e-25	1.6585220198003665e-9	6.319897915477098e-10
633.	0.	9.156075812976524e-25	1.6496667334750863e-9	6.301667362461247e-10
634.	0.	8.498848763797722e-25	1.6408962372408735e-9	6.283637720020683e-10
634.9999999999999	0.	7.888896690528821e-25	1.632207847769791e-9	6.265800521866846e-10
636.	0.	7.322803994439707e-25	1.623598944743161e-9	6.248147453472546e-10
637.	0.	6.797403560600815e-25	1.6150669701772646e-9	6.230670351815232e-10
638.	0.	6.309758512330062e-25	1.606609427739481e-9	6.213361205067066e-10
638.9999999999999	0.	5.857145320463363e-25	1.598223882053005e-9	6.196212152221265e-10
640.	0.	5.437038165610906e-25	1.5899079579942117e-9	6.179215482671245e-10
641.	0.	5.047094459284559e-25	1.5816593399799411e-9	6.162363635730834e-10
642.	0.	4.685141436960471e-25	1.5734757712481186e-9	6.145649200107357e-10
643.	0.	4.349163742731779e-25	1.5653550531300962e-9	6.129064913322113e-10
643.9999999999999	0.	4.03729193131269e-25	1.5572950443170658e-9	6.112603661083948e-10
645.	0.	3.7477918187799396e-25	1.5492936601196414e-9	6.096258476614625e-10
646.	0.	3.479054618639619e-25	1.5413488717224953e-9	6.080022539931441e-10
647.	0.	3.2295878046007067e-25	1.533458705433907e-9	6.063889177084472e-10
647.9999999999999	0.	2.9980066458714335e-25	1.5256212419298652e-9	6.047851859349756e-10
649.	0.	2.7830263648895077e-25	1.5178346154958246e-9	6.031904202385864e-10
650.	0.	2.5834548711693944e-25	1.510097013263438e-9	6.016039965347293e-10
651.	0.	2.3981860284459313e-25	1.5024066744447682e-9	6.000253049959932e-10
652.	0.	2.2261934155187443e-25	1.4947618895652197e-9	5.984537499565092e-10
652.9999999999999	0.	2.0665245441706809e-25	1.4871609996919521e-9	5.968887498119626e-10
654.	0.	1.9182955002993616e-25	1.4796023956629846e-9	5.953297369169717e-10
655.	0.	1.780685976929812e-25	1.4720845173143096e-9	5.937761574789772e-10
656.	0.	1.6529346701306573e-25	1.4646058527056657e-9	5.922274714487816e-10
656.9999999999999	0.	1.5343350110272274e-25	1.4571649373465188e-9	5.906831524082019e-10
658.	0.	1.424231209108569e-25	1.4497603534224826e-9	5.891426874550896e-10
659.	0.	1.3220145838788201e-25	1.442390729021503e-9	5.876055770853512e-10
660.	0.	1.2271201636166763e-25	1.435054737361277e-9	5.8607133507238e-10
661.	0.	1.1390235315917064e-25	1.4277510960174764e-9	5.845394883439662e-10
661.9999999999999	0.	1.0572379015478578e-25	1.4204785661538232e-9	5.83009576856867e-10
663.	0.	9.813114056200349e-26	1.41323595175419e-9	5.814811534692024e-10
664.	0.	9.108245790986634e-26	1.4060220988565824e-9	5.799537838105517e-10
665.	0.	8.453880276159529e-26	1.3988358947893822e-9	5.784270461498801e-10
665.9999999999999	0.	7.846402633975101e-26	1.3916762674110103e-9	5.769005312618257e-10
667.	0.	7.282456982111422e-26	1.3845421843523254e-9	5.753738422909166e-10
668.	0.	6.758927815618165e-26	1.3774326522628213e-9	5.738465946143727e-10
669.	0.	6.272922735259837e-26	1.3703467160594185e-9	5.723184157026815e-10
670.	0.	5.821756424050861e-26	1.3632834581805976e-9	5.707889449793269e-10
670.9999999999999	0.	5.402935780991315e-26	1.356241997844018e-9	5.692578336787899e-10
672.	0.	5.014146127739299e-26	1.3492214903082683e-9	5.67724744703154e-10
673.	0.	4.6532384101515456e-26	1.3422211261393721e-9	5.661893524774527e-10
674.	0.	4.3182173223729944e-26	1.3352401304833098e-9	5.646513428043189e-10
674.9999999999999	0.	4.007230286452288e-26	1.328277762341626e-9	5.631104127169632e-10
676.	0.	3.718557225400588e-26	1.3213333138539508e-9	5.615662703315809e-10
677.	0.	3.450601072148861e-26	1.3144061095854043e-9	5.600186346988893e-10
678.	0.	3.2018789610767335e-26	1.3074955058194943e-9	5.584672356546503e-10
678.9999999999999	0.	2.971014052692724e-26	1.3006008898572856e-9	5.569118136697653e-10
679.9999999999999	0.	2.7567279456516385e-26	1.2937216793222384e-9	5.553521196994941e-10
681.	0.	2.5578336336493257e-26	1.2868573214715712e-9	5.537879150324153e-10
682.	0.	2.373228967822782e-26	1.2800072925133103e-9	5.522189711385512e-10
683.	0.	2.201890588165612e-26	1.273171096930519e-9	5.506450695174377e-10
683.9999999999999	0.	2.0428682901167102e-26	1.266348266812238e-9	5.490660015459387e-10
685.	0.	1.8952797949453568e-26	1.2595383611898392e-9	5.474815683251962e-10
686.	0.	1.758305894843368e-26	1.2527409653820627e-9	5.458915805282763e-10
687.	0.	1.631185945736605e-26	1.2459556903458117e-9	5.44295858247083e-10
687.9999999999999	0.	1.5132136827966098e-26	1.2391821720341918e-9	5.426942308394228e-10
688.9999999999999	0.	1.4037333354426698e-26	1.2324200707623754e-9	5.410865367762377e-10
690.	0.	1.3021360203069093e-26	1.2256690705797886e-9	5.394726234886504e-10
691.	0.	1.207856392194645e-26	1.2189288786504226e-9	5.378523472154129e-10
692.	0.	1.1203695345151226e-26	1.2121992246403057e-9	5.36225572850393e-10
692.9999999999999	0.	1.0391880719986573e-26	1.2054798601123928e-9	5.345921737904764e-10
694.	0.	9.638594897552167e-27	1.1987705579293126e-9	5.329520317836027e-10
695.	0.	8.939636438826327e-27	1.1920711116635942e-9	5.313050367774688e-10
696.	0.	8.291104498969708e-27	1.1853813350152982e-9	5.296510867682184e-10
696.9999999999999	0.	7.689377362498677e-27	1.1787010612381612e-9	5.279900876501681e-10
698.	0.	7.13109251111699e-27	1.172030142572804e-9	5.263219530655367e-10
699.	0.	6.61312811453117e-27	1.1653684496883887e-9	5.246466042552145e-10
700.	0.	6.132585842442652e-27	1.158715871131364e-9	5.229639699097579e-10
701.	0.	5.686774903241926e-27	1.152072312783022e-9	5.212739860213287e-10
701.9999999999999	0.	5.2731972217099605e-27	1.1454376973244552e-9	5.195765957362611e-10
703.	0.	4.889533674328239e-27	1.1388119637095774e-9	5.178717492083925e-10
704.	0.	4.533631306644301e-27	1.1321950666458304e-9	5.161594034530971e-10
705.	0.	4.203491462554034e-27	1.1255869760836572e-9	5.144395222023229e-10
705.9999999999999	0.	3.8972587603914064e-27	1.118987676713167e-9	5.127120757604721e-10
707.	0.	3.6132108553775166e-27	1.112397167468941e-9	5.109770408609927e-10
708.	0.	3.349748932316949e-27	1.105815461043302e-9	5.092344005242073e-10
709.	0.	3.105388876436e-27	1.099242583407109e-9	5.074841439159503e-10
710.	0.	2.878753073991213e-27	1.0926785733383759e-9	5.057262662071701e-10
710.9999999999999	0.	2.6685627977360088e-27	1.0861234819595187e-9	5.039607684347408e-10
712.	0.	2.473631135537709e-27	1.079577372282031e-9	5.021876573632414e-10
713.	0.	2.292856423424988e-27	1.0730403187589748e-9	5.004069453478527e-10
714.	0.	2.1252161471046365e-27	1.0665124068459178e-9	4.98618650198359e-10
714.9999999999999	0.	1.969761278559194e-27	1.0599937325692694e-9	4.968227950443804e-10
716.	0.	1.8256110167157922e-27	1.053484402102533e-9	4.950194082016263e-10
717.	0.	1.6919479033942337e-27	1.0469845313507071e-9	4.932085230396406e-10
718.	0.	1.5680132877898706e-27	1.0404942455421091e-9	4.913901778504423e-10
719.	0.	1.4531031146596766e-27	1.03401367882784e-9	4.895644157186299e-10
719.9999999999999	0.	1.346564013146678e-27	1.0275429738894532e-9	4.877312843926151e-10
721.	0.	1.2477896648240141e-27	1.0210822815539196e-9	4.858908361574007e-10
722.	0.	1.1562174310635506e-27	1.0146317604160626e-9	4.840431277082157e-10
723.	0.	1.0713252212549111e-27	1.008191576469071e-9	4.821882200259752e-10
723.9999999999999	0.	9.926285847132365e-28	1.0017619027419534e-9	4.803261782536838e-10
725.	0.	9.196780103387348e-28	9.95342918944827e-10	4.784570715744565e-10
726.	0.	8.520564192241847e-28	9.889348111215028e-10	4.765809730907336e-10
727.	0.	7.893768364621171e-28	9.825377713094637e-10	4.746979597049926e-10
727.9999999999999	0.	7.312802293803507e-28	9.76151997206701e-10	4.728081120016994e-10
728.9999999999999	0.	6.7743350034576015e-28	9.697776918470056e-10	4.709115141309983e-10
730.	0.	6.275276231178729e-28	9.634150632805742e-10	4.690082536933422e-10
731.	0.	5.8127591252031225e-28	9.570643242634636e-10	4.670984216259313e-10
732.	0.	5.384124179249149e-28	9.507256919529444e-10	4.651821120904415e-10
732.9999999999999	0.	4.986904317203104e-28	9.443993876106645e-10	4.63259422362213e-10
734.	0.	4.618811045645855e-28	9.380856363118079e-10	4.613304527208307e-10
735.	0.	4.277721598060808e-28	9.317846666618402e-10	4.5939530634227793e-10
736.	0.	3.961666999970579e-28	9.254967105198536e-10	4.574540891924583e-10
736.9999999999999	0.	3.6688209892966667e-28	9.192220027282297e-10	4.5550690992216804e-10
737.9999999999999	0.	3.397489730907241e-28	9.12960780849579e-10	4.5355387976371463e-10
739.	0.	3.1461022686594868e-28	9.067132849095303e-10	4.5159511242873737e-10
740.	0.	2.913201662285108e-28	9.004797571463869e-10	4.4963072400768777e-10
741.	0.	2.6974367602101593e-28	8.942604417673948e-10	4.476608328708212e-10
741.9999999999999	0.	2.4975545628823443e-28	8.880555847108048e-10	4.4568555957051093e-10
743.	0.	2.3123931344169215e-28	8.818654334145856e-10	4.4370502674517524e-10
744.	0.	2.140875023372385e-28	8.756902365909956e-10	4.417193590246065e-10
745.	0.	1.9820011562602747e-28	8.69530244007626e-10	4.3972868293686894e-10
745.9999999999999	0.	1.8348451699849592e-28	8.633857062742916e-10	4.377331268165535e-10
746.9999999999999	0.	1.6985481518174634e-28	8.572568746355148e-10	4.357328207146286e-10
748.	0.	1.5723137577452352e-28	8.511440007695732e-10	4.337278963097205e-10
749.	0.	1.4554036821155858e-28	8.450473365926488e-10	4.317184868208439e-10
750.	0.	1.3471334534234103e-28	8.389671340689508e-10	4.297047269216005e-10
750.9999999999999	0.	1.246868532885298e-28	8.329036450267287e-10	4.2768675265594144e-10
752.	0.	1.1540206941073015e-28	8.268571209792656e-10	4.2566470135525593e-10
753.	0.	1.0680446637029116e-28	8.208278129517856e-10	4.236387115570118e-10
754.	0.	9.884350041524559e-29	8.148159713133904e-10	4.2160892292480616e-10
754.9999999999999	0.	9.147232215318011e-29	8.088218456146228e-10	4.1957547616987913e-10
756.	0.	8.464750819777262e-29	8.028456844300063e-10	4.175385129740153e-10
757.	0.	7.832881219093586e-29	7.968877352059851e-10	4.154981759140849e-10
758.	0.	7.247893380942025e-29	7.909482441131441e-10	4.134546083875992e-10
759.	0.	6.706330446427971e-29	7.850274559046796e-10	4.1140795454017176e-10
759.9999999999999	0.	6.204988849369126e-29	7.791256137786066e-10	4.0935835919407525e-10
761.	0.	5.740899873552817e-29	7.732429592453657e-10	4.0730596777825957e-10
762.	0.	5.31131254456624e-29	7.673797319999728e-10	4.052509262598234e-10
763.	0.	4.913677760191632e-29	7.615361697988781e-10	4.0319338107691083e-10
763.9999999999999	0.	4.54563357022714e-29	7.557125083412012e-10	4.0113347907278056e-10
765.	0.	4.204991522983588e-29	7.499089811549968e-10	3.9907136743152096e-10
766.	0.	3.889724001620923e-29	7.441258194869622e-10	3.9700719361489725e-10
767.	0.	3.59795247899843e-29	7.383632521976332e-10	3.9494110530072306e-10
768.	0.	3.327936624823149e-29	7.32621505659847e-10	3.928732503224164e-10
768.9999999999999	0.	3.078064203625996e-29	7.269008036620665e-10	3.9080377660996923e-10
770.	0.	2.846841706504484e-29	7.212013673151627e-10	3.8873283213228054e-10
771.	0.	2.6328856636629127e-29	7.155234149638298e-10	3.866605648406609e-10
772.	0.	2.43491458858423e-29	7.098671621016168e-10	3.8458712261377044e-10
772.9999999999999	0.	2.25174150819501e-29	7.042328212896811e-10	3.825126532037554e-10
774.	0.	2.082267036666493e-29	6.986206020797471e-10	3.8043730418368153e-10
775.	0.	1.9254729535347608e-29	6.930307109404096e-10	3.7836122289627244e-10
776.	0.	1.780416249650818e-29	6.874633511871883e-10	3.7628455640378727e-10
776.9999999999999	0.	1.6462236070969838e-29	6.819187229161198e-10	3.742074514392805e-10
777.9999999999999	0.	1.5220862816387207e-29	6.763970229410195e-10	3.7213005435897393e-10
779.	0.	1.4072553585471662e-29	6.708984447338106e-10	3.7005251109587984e-10
780.	0.	1.3010373547254722e-29	6.654231783685412e-10	3.6797496711464574e-10
781.	0.	1.2027901420222932e-29	6.599714104682309e-10	3.6589756736752834e-10
781.9999999999999	0.	1.1119191684269586e-29	6.545433241556306e-10	3.638204562516429e-10
783.	0.	1.0278739555202529e-29	6.491390990062151e-10	3.6174377756723206e-10
784.	0.	9.501448521153186e-30	6.437589110050012e-10	3.596676744772089e-10
785.	0.	8.782600254717502e-30	6.38402932505911e-10	3.5759228946780246e-10
785.9999999999999	0.	8.117826728091606e-30	6.330713321940435e-10	3.555177643102443e-10
786.9999999999999	0.	7.503084370957951e-30	6.277642750512943e-10	3.534442400236995e-10
788.	0.	6.934630122445497e-30	6.224819223239163e-10	3.513718568391885e-10
789.	0.	6.408999239250347e-30	6.172244314936962e-10	3.493007541646258e-10
790.	0.	5.9229847319699925e-30	6.119919562509763e-10	3.4723107055092587e-10
790.9999999999999	0.	5.4736183109752936e-30	6.067846464710045e-10	3.4516294365915973e-10
792.	0.	5.058152731728499e-30	6.016026481921797e-10	3.4309651022877143e-10
793.	0.	4.6740454374420754e-30	5.964461035970839e-10	3.410319060467748e-10
794.	0.	4.318943404365115e-30	5.913151509958339e-10	3.3896926591802366e-10
794.9999999999999	0.	3.9906691018588676e-30	5.862099248118456e-10	3.3690872363643353e-10
795.9999999999999	0.	3.687207485794949e-30	5.811305555696971e-10	3.348504119572041e-10
797.	0.	3.406693949724284e-30	5.760771698853651e-10	3.3279446257001647e-10
798.	0.	3.1474031637510584e-30	5.710498904585404e-10	3.307410060731926e-10
799.	0.	2.9077387361395485e-30	5.660488360670043e-10	3.2869017194878144e-10
799.9999999999999	0.	2.6862236374049424e-30	5.610741215631322e-10	3.266420885385915e-10
801.	0.	2.4814913310208097e-30	5.561258578723228e-10	3.245968830211366e-10
802.	0.	2.2922775589453393e-30	5.512041519933576e-10	3.225546813894657e-10
803.	0.	2.117412733935968e-30	5.463091070005189e-10	3.2051560842990773e-10
803.9999999999999	0.	1.955814894126113e-30	5.414408220478212e-10	3.184797877016871e-10
804.9999999999999	0.	1.8064831785785784e-30	5.36599392374779e-10	3.164473415173518e-10
806.	0.	1.6684917855466557e-30	5.317849093136096e-10	3.144183909241494e-10
807.	0.	1.5409843779613002e-30	5.26997460298733e-10	3.1239305568611577e-10
808.	0.	1.4231689032579983e-30	5.222371288774318e-10	3.1037145426708774e-10
808.9999999999999	0.	1.3143127970549126e-30	5.175039947221403e-10	3.0835370381444715e-10
810.	0.	1.2137385424262364e-30	5.127981336441443e-10	3.0633992014369544e-10
811.	0.	1.120819558577795e-30	5.081196176089542e-10	3.0433021772379957e-10
812.	0.	1.0349763946504343e-30	5.034685147529425e-10	3.0232470966331034e-10
812.9999999999999	0.	9.556732061523183e-31	4.988448894015928e-10	3.003235076972051e-10
814.	0.	8.82414493170201e-31	4.942488020881963e-10	2.9832672217450647e-10
815.	0.	8.147420810370656e-31	4.896803095752424e-10	2.963344620465873e-10
816.	0.	7.522323255503383e-31	4.851394648756255e-10	2.943468348562436e-10
816.9999999999999	0.	6.944935261487123e-31	4.806263172759906e-10	2.923639467273814e-10
817.9999999999999	0.	6.41163531673226e-31	4.761409123605682e-10	2.903859023554913e-10
819.	0.	5.919075244673838e-31	4.716832920367448e-10	2.884128049987074e-10
820.	0.	5.464159696178559e-31	4.672534945609584e-10	2.8644475646957345e-10
821.	0.	5.044027171076414e-31	4.628515545662512e-10	2.8448185712745206e-10
821.9999999999999	0.	4.656032455529428e-31	4.5847750309023017e-10	2.8252420587156174e-10
823.	0.	4.2977303702876375e-31	4.5413136760453806e-10	2.805719001346219e-10
824.	0.	3.966860732612355e-31	4.498131720444871e-10	2.7862503587712873e-10
825.	0.	3.6613344418073618e-31	4.455229368404193e-10	2.766837075822461e-10
825.9999999999999	0.	3.3792206049378644e-31	4.412606789491048e-10	2.7474800825121294e-10
826.9999999999999	0.	3.1187346254706304e-31	4.3702641188621884e-10	2.7281802939939264e-10
828.	0.	2.878227183270768e-31	4.32820145759752e-10	2.708938610528428e-10
829.	0.	2.656174039672391e-31	4.286418873037547e-10	2.6897559174545825e-10
830.	0.	2.4511666062392508e-31	4.2449163991301587e-10	2.670633085166461e-10
830.9999999999999	0.	2.261903220366888e-31	4.203694036783668e-10	2.6515709690947513e-10
832.	0.	2.087181075084647e-31	4.1627517542232755e-10	2.632570409694362e-10
833.	0.	1.9258887543061828e-31	4.1220894873558174e-10	2.613632232436048e-10
834.	0.	1.7769993283921433e-31	4.0817071401407565e-10	2.594757247803677e-10
834.9999999999999	0.	1.6395639682268526e-31	4.0416045849625023e-10	2.5759462512956447e-10
835.9999999999999	0.	1.5127060391124547e-31	4.0017816630113427e-10	2.557200023431649e-10
837.	0.	1.3956156386504625e-31	3.9622381846667134e-10	2.5385193297633297e-10
838.	0.	1.2875445454414988e-31	3.922973929885224e-10	2.519904920889924e-10
839.	0.	1.1878015478935469e-31	3.8839886485920557e-10	2.501357532477858e-10
839.9999999999999	0.	1.0957481247127247e-31	3.8452820610774883e-10	2.4828778852847816e-10
841.	0.	1.0107944507599204e-31	3.806853858394317e-10	2.464466685187948e-10
842.	0.	9.323957039159458e-32	3.7687037027630697e-10	2.4461246232157467e-10
843.	0.	8.600486504080123e-32	3.730831227973184e-10	2.42785237558442e-10
843.9999999999999	0.	7.932884877289606e-32	3.69323603979333e-10	2.4096506037375516e-10
844.9999999999999	0.	7.316859258354031e-32	3.655917716379388e-10	2.391519954389719e-10
846.	0.	6.748444887487232e-32	3.618875808687254e-10	2.373461059573651e-10
847.	0.	6.223980200164718e-32	3.58210984088853e-10	2.3554745366911754e-10
848.	0.	5.740083767251893e-32	3.5456193107816523e-10	2.3375609885669513e-10
848.9999999999999	0.	5.293632978979184e-32	3.5094036902146376e-10	2.319721003506198e-10
850.	0.	4.881744341677979e-32	3.473462425497222e-10	2.3019551553552104e-10
851.	0.	4.5017552659817705e-32	3.4377949378265117e-10	2.284264003565328e-10
852.	0.	4.1512072342614994e-32	3.402400623701702e-10	2.2666480932594108e-10
852.9999999999999	0.	3.827830243461738e-32	3.367278855347059e-10	2.2491079553020476e-10
853.9999999999999	0.	3.529528427265828e-32	3.3324289811341286e-10	2.2316441063718287e-10
855.	0.	3.2543667687188594e-32	3.2978503260011786e-10	2.2142570490369563e-10
856.	0.	3.0005588210851313e-32	3.2635421918762e-10	2.1969472718330802e-10
857.	0.	2.766455360884954e-32	3.229503858097305e-10	2.179715249344149e-10
857.9999999999999	0.	2.5505339027538445e-32	3.1957345818332114e-10	2.1625614422855833e-10
859.	0.	2.3513890110470428e-32	3.162233598506071e-10	2.145486297589578e-10
860.	0.	2.1677233479959815e-32	3.1290001222088587e-10	2.128490248493387e-10
861.	0.	1.998339402743492e-32	3.096033346127781e-10	2.1115737146292122e-10
861.9999999999999	0.	1.8421318497665877e-32	3.0633324429562184e-10	2.0947371021166664e-10
863.	0.	1.698080489067746e-32	3.0308965653168486e-10	2.0779808036571883e-10
864.	0.	1.5652437240950218e-32	2.998724846174147e-10	2.061305198630558e-10
865.	0.	1.442752536667225e-32	2.966816399249549e-10	2.044710653193267e-10
865.9999999999999	0.	1.3298049212442241e-32	2.935170319437371e-10	2.028197520378742e-10
866.9999999999999	0.	1.2256607437199751e-32	2.9037856832134383e-10	2.0117661401993807e-10
868.	0.	1.1296369925415528e-32	2.872661549045462e-10	1.9954168397505922e-10
869.	0.	1.0411033923813499e-32	2.841796957803289e-10	1.979149933315872e-10
870.	0.	9.594783528398444e-33	2.811190933160818e-10	1.9629657224739966e-10
870.9999999999999	0.	8.842252267303692e-33	2.7808424820056044e-10	1.9468644962076393e-10
872.	0.	8.148488544208628e-33	2.7507505948353186e-10	1.9308465310129906e-10
873.	0.	7.508923724838137e-33	2.720914246160877e-10	1.9149120910115873e-10
874.	0.	6.919342665501052e-33	2.6913323949003327e-10	1.8990614280623526e-10
874.9999999999999	0.	6.375856497828123e-33	2.662003984777892e-10	1.8832947818760617e-10
875.9999999999999	0.	5.874877497928618e-33	2.632927944713142e-10	1.867612380130061e-10
877.	0.	5.4130958811894836e-33	2.604103189209546e-10	1.8520144385843856e-10
878.	0.	4.9874583759693035e-33	2.575528618743287e-10	1.8365011611993304e-10
879.	0.	4.5951484405527046e-33	2.5472031201458283e-10	1.821072740253331e-10
879.9999999999999	0.	4.23356799802004e-33	2.5191255669864405e-10	1.8057293564623604e-10
881.	0.	3.900320573189555e-33	2.491294819947993e-10	1.790471179099925e-10
882.	0.	3.59319572458352e-33	2.463709727203352e-10	1.775298366117705e-10
883.	0.	3.310154672494166e-33	2.4363691247858584e-10	1.760211064267751e-10
883.9999999999999	0.	3.0493170317421975e-33	2.4092718369602533e-10	1.7452094092241703e-10
884.9999999999999	0.	2.808948564664689e-33	2.382416676584468e-10	1.730293525706667e-10
886.	0.	2.5874498762938134e-33	2.355802445475314e-10	1.7154635276038046e-10
887.	0.	2.3833459796212612e-33	2.329427934764926e-10	1.7007195180975056e-10
888.	0.	2.1952766643327383e-33	2.303291925256515e-10	1.686061589787433e-10
888.9999999999999	0.	2.021987607469709e-33	2.2773931877768216e-10	1.6714898248163933e-10
890.	0.	1.862322169160242e-33	2.2517304835218648e-10	1.657004294995749e-10
891.	0.	1.7152138208993198e-33	2.2263025644062317e-10	1.6426050619313298e-10
892.	0.	1.5796791578593398e-33	2.2011081734001267e-10	1.6282921771497974e-10
892.9999999999999	0.	1.4548114504146612e-33	2.1761460448679975e-10	1.6140656822250254e-10
893.9999999999999	0.	1.339774693484369e-33	2.1514149049038758e-10	1.5999256089049062e-10
895.	0.	1.2337981154590471e-33	2.1269134716592548e-10	1.5858719792383325e-10
896.	0.	1.136171111395685e-33	2.1026404556712165e-10	1.5719048057021103e-10
897.	0.	1.0462385678675296e-33	2.0785945601833424e-10	1.5580240913282914e-10
897.9999999999999	0.	9.633965493464848e-34	2.0547744814668665e-10	1.5442298298313505e-10
899.	0.	8.870883183011673e-34	2.031178909133183e-10	1.5305220057354388e-10
900.	0.	8.168006633236417e-34	2.0078065264469107e-10	1.5169005945017235e-10
901.	0.	7.520605115624283e-34	1.9846560106314836e-10	1.5033655626554625e-10
901.9999999999999	0.	6.92431803558984e-34	1.9617260331744185e-10	1.489916867913062e-10
902.9999999999999	0.	6.37512610262036e-34	1.9390152601255623e-10	1.4765544593094004e-10
904.	0.	5.869324735454764e-34	1.916522352393126e-10	1.4632782773243136e-10
905.	0.	5.403499529879907e-34	1.894245966035111e-10	1.450088254009425e-10
906.	0.	4.974503629957424e-34	1.8721847525477867e-10	1.4369843131144395e-10
906.9999999999999	0.	4.5794368557175415e-34	1.8503373591481642e-10	1.4239663702135407e-10
908.	0.	4.215626451644455e-34	1.8287024290560176e-10	1.41103433283095e-10
909.	0.	3.880609330704245e-34	1.8072786017672697e-10	1.3981881005668238e-10
910.	0.	3.5721156982974467e-34	1.7860645133285553e-10	1.3854275652221896e-10
910.9999999999999	0.	3.2880539494072473e-34	1.7650587966017414e-10	1.372752610924012e-10
911.9999999999999	0.	3.0264967404336477e-34	1.744260081532822e-10	1.3601631142495952e-10
913.	0.	2.785668144781168e-34	1.7236669954080234e-10	1.3476589443504097e-10
914.	0.	2.563931808275916e-34	1.7032781631105783e-10	1.3352399630759443e-10
914.9999999999999	0.	2.3597800269516e-34	1.683092207375462e-10	1.3229060250966696e-10
915.9999999999999	0.	2.1718236757170574e-34	1.66310774903472e-10	1.3106569780265355e-10
917.	0.	1.99878292193039e-34	1.6433234072626998e-10	1.2984926625451425e-10
918.	0.	1.8394786629946156e-34	1.623737799817213e-10	1.2864129125192888e-10
919.	0.	1.6928246317895696e-34	1.604349543276304e-10	1.2744175551236543e-10
919.9999999999999	0.	1.5578201180942277e-34	1.5851572532686623e-10	1.2625064109614822e-10
921.	0.	1.433543258157736e-34	1.5661595447043026e-10	1.250679294183954e-10
922.	0.	1.3191448482759612e-34	1.5473550319997008e-10	1.23893601260964e-10
923.	0.	1.2138426416428053e-34	1.5287423292962334e-10	1.2272763678424914e-10
923.9999999999999	0.	1.1169160908969314e-34	1.5103200506798417e-10	1.2157001553900147e-10
924.9999999999999	0.	1.0277015016919247e-34	1.492086810394353e-10	1.2042071647800967e-10
926.	0.	9.45587565302993e-35	1.474041223047682e-10	1.19279717967734e-10
927.	0.	8.700112407599842e-35	1.4561819038212005e-10	1.1814699779987752e-10
928.	0.	8.004539592837293e-35	1.4385074686706716e-10	1.170225332028829e-10
928.9999999999999	0.	7.364381259124928e-35	1.4210165345224427e-10	1.1590630085331323e-10
930.	0.	6.775238951530598e-35	1.403707719471803e-10	1.1479827688721765e-10
931.	0.	6.233061992883555e-35	1.3865796429677757e-10	1.1369843691137062e-10
932.	0.	5.734120096314542e-35	1.3696309260061112e-10	1.1260675601445065e-10
932.9999999999999	0.	5.274978125470517e-35	1.3528601913091693e-10	1.1152320877813533e-10
933.9999999999999	0.	4.852472834724321e-35	1.3362660635067076e-10	1.104477692881076e-10
935.	0.	4.46369143474457e-35	1.3198471693109422e-10	1.093804111449895e-10
936.	0.	4.1059518407987873e-35	1.3036021376908044e-10	1.0832110747516556e-10
937.	0.	3.7767844722654125e-35	1.2875296000385988e-10	1.0726983094156732e-10
937.9999999999999	0.	3.4739154820567026e-35	1.2716281903382472e-10	1.0622655375430989e-10
939.	0.	3.195251304102419e-35	1.2558965453240164e-10	1.0519124768128371e-10
940.	0.	2.9388644157478163e-35	1.240333304641507e-10	1.0416388405864475e-10
941.	0.	2.702980219958056e-35	1.2249371109997867e-10	1.0314443380121143e-10
941.9999999999999	0.	2.485964959633297e-35	1.209706610326419e-10	1.021328674127648e-10
942.9999999999999	0.	2.286314583173065e-35	1.1946404519134928e-10	1.0112915499627926e-10
944.	0.	2.1026444867370233e-35	1.1797372885607903e-10	1.0013326626402572e-10
945.	0.	1.9336800644667838e-35	1.1649957767210732e-10	9.914517054761188e-11
946.	0.	1.7782480032967984e-35	1.1504145766350696e-10	9.816483680791852e-11
946.9999999999999	0.	1.635268263931994e-35	1.135992352467739e-10	9.71922336449208e-11
948.	0.	1.5037466941327374e-35	1.1217277724391339e-10	9.622732930745745e-11
949.	0.	1.3827682246588658e-35	1.1076195089531845e-10	9.527009170286419e-11
950.	0.	1.2714906021021552e-35	1.0936662387226259e-10	9.432048840652399e-11
950.9999999999999	0.	1.169138616420267e-35	1.0798666428922466e-10	9.337848667132086e-11
951.9999999999999	0.	1.0749987842827614e-35	1.0662194071563337e-10	9.244405343700427e-11
953.	0.	9.884144523857e-36	1.0527232218741907e-10	9.151715533944706e-11
954.	0.	9.08781287696558e-36	1.0393767821845818e-10	9.059775871978548e-11
954.9999999999999	0.	8.355431241798028e-36	1.0261787881162299e-10	8.968582963352186e-11
955.9999999999999	0.	7.681881379389687e-36	1.0131279446908727e-10	8.878133385944256e-11
957.	0.	7.062453249116299e-36	1.0002229620310168e-10	8.788423690851219e-11
958.	0.	6.492812572811337e-36	9.87462555459199e-11	8.699450403263475e-11
959.	0.	5.968970966394859e-36	9.748454455959112e-11	8.611210023330744e-11
959.9999999999999	0.	5.487258436592061e-36	9.623703584566748e-11	8.52369902701929e-11
960.9999999999999	0.	5.0442980562136356e-36	9.500360255416847e-11	8.436913866958497e-11
962.	0.	4.6369826461202375e-36	9.378411839281332e-11	8.350850973278076e-11
963.	0.	4.26245330549246e-36	9.257845763553743e-11	8.265506754434274e-11
963.9999999999999	0.	3.918079644482913e-36	9.138649513106972e-11	8.180877598025551e-11
964.9999999999999	0.	3.6014415847926485e-36	9.020810631086574e-11	8.096959871601256e-11
966.	0.	3.310312604297366e-36	8.90431671973882e-11	8.013749923456917e-11
967.	0.	3.0426443115887624e-36	8.789155441125308e-11	7.931244083421162e-11
968.	0.	2.7965522452851137e-36	8.675314517902277e-11	7.849438663633026e-11
968.9999999999999	0.	2.5703028012427994e-36	8.562781734013852e-11	7.768329959308437e-11
969.9999999999999	0.	2.3623011984289266e-36	8.45154493538008e-11	7.687914249497043e-11
971.	0.	2.1710804012519214e-36	8.341592030571876e-11	7.608187797829337e-11
972.	0.	1.9952909226210095e-36	8.232910991427801e-11	7.529146853253474e-11
972.9999999999999	0.	1.833691437982129e-36	8.125489853695434e-11	7.45078765076261e-11
973.9999999999999	0.	1.6851401460766812e-36	8.019316717608409e-11	7.373106412112872e-11
975.	0.	1.548586817241911e-36	7.914379748450758e-11	7.296099346529625e-11
976.	0.	1.4230654747431518e-36	7.8106671771171e-11	7.219762651405782e-11
977.	0.	1.3076876589319114e-36	7.708167300620535e-11	7.144092512990251e-11
977.9999999999999	0.	1.2016362279907266e-36	7.606868482602565e-11	7.069085107065235e-11
979.	0.	1.1041596526798665e-36	7.506759153804467e-11	6.994736599615421e-11
980.	0.	1.0145667658661289e-36	7.407827812539654e-11	6.921043147486354e-11
980.9999999999999	0.	9.322219307175097e-37	7.310063025109927e-11	6.84800089903406e-11
982.	0.	8.5654059430266e-37	7.213453426234988e-11	6.775605994764007e-11
982.9999999999999	0.	7.869851959675791e-37	7.11798771944746e-11	6.703854567962033e-11
983.9999999999999	0.	7.230614022854114e-37	7.023654677454624e-11	6.632742745313709e-11
985.	0.	6.6431464261026324e-37	6.930443142506497e-11	6.562266647517498e-11
985.9999999999999	0.	6.103269213213081e-37	6.838342026723693e-11	6.492422389884269e-11
987.	0.	5.607138847401333e-37	6.747340312419836e-11	6.423206082930072e-11
988.	0.	5.151221224486024e-37	6.657427052403721e-11	6.354613832960818e-11
988.9999999999999	0.	4.7322668434282386e-37	6.568591370232348e-11	6.286641742643742e-11
990.	0.	4.347287962385077e-37	6.480822460496419e-11	6.219285911573377e-11
990.9999999999999	0.	3.9935375820814855e-37	6.3941095890661e-11	6.152542436827182e-11
992.	0.	3.6684901108427223e-37	6.308442093294415e-11	6.086407413510454e-11
993.	0.	3.3698235772158795e-37	6.223809382241567e-11	6.020876935294884e-11
993.9999999999999	0.	3.0954032667443806e-37	6.140200936855927e-11	5.955947094945987e-11
995.	0.	2.8432666692755252e-37	6.057606310157514e-11	5.891613984843118e-11
995.9999999999999	0.	2.6116096322090283e-37	5.976015127393208e-11	5.827873697489284e-11
997.	0.	2.3987736234132894e-37	5.895417086174782e-11	5.764722326013332e-11
998.	0.	2.203234015190922e-37	5.815801956609051e-11	5.70215596466257e-11
998.9999999999999	0.	2.0235893077300563e-37	5.7371595814078984e-11	5.640170709287105e-11
1000.	0.	1.8585512169657775e-37	5.659479875977248e-11	5.5787626578156695e-11