0.	0.	0.	0.	0.
1.	6.788938606006743e-19	1.144283627401105e-18	1.1861590263712618e-19	1.1882023959558111e-20
2.	8.45158798075824e-20	4.298393121549263e-18	4.621872153540129e-19	4.637840052069914e-20
3.	4.573109062653099e-21	9.078392433816145e-18	1.0132214352867068e-18	1.0184866653503067e-19
4.	1.673474416304556e-22	1.514303036783365e-17	1.755340716310189e-18	1.7675362592406957e-19
5.	4.834671617960878e-24	2.2190300261240414e-17	2.673153473719676e-18	2.6964321223371766e-19
6.	1.188364149896631e-25	2.9954200210161507e-17	3.752142549312531e-18	3.7914590442341106e-19
7.	2.5935036923343255e-27	3.820169359133588e-17	4.978568244633015e-18	5.039595426176351e-19
8.	5.164542732507332e-29	4.672986549953149e-17	6.3393846674540475e-18	6.428434024960758e-19
9.	9.491983994461441e-31	5.5363268030926234e-17	7.82216796464662e-18	7.946113981722611e-19
10.	0.	6.395144573298567e-17	9.415055133959189e-18	9.58126293852537e-19
11.	0.	7.236663171445816e-17	1.1106692218400961e-17	1.13229481431891e-18
12.	0.	8.05016046369904e-17	1.2886190790373026e-17	1.3160635533798576e-18
13.	0.	8.82676969168699e-17	1.4743091728875385e-17	1.5084155879199391e-18
14.	0.	9.559294481830766e-17	1.6667335382466872e-17	1.708367713087248e-18
14.999999999999998	0.	1.0242037161918293e-16	1.864923729357893e-17	1.9149682215210635e-18
16.	0.	1.0870639560382011e-16	2.0679468736671398e-17	2.127295156372319e-18
17.	0.	1.1441935523375264e-16	2.2749041393936695e-17	2.344454974236918e-18
18.	0.	1.1953814443145723e-16	2.4849295558157393e-17	2.5655815600352313e-18
18.999999999999996	0.	1.2405095146110048e-16	2.697189131323126e-17	2.789835541357418e-18
20.	0.	1.2795409539119367e-16	2.910880219911031e-17	3.0164038548793236e-18
21.	0.	1.312509545703732e-16	3.1252310919752145e-17	3.244499522162084e-18
22.	0.	1.3395098193794416e-16	3.339500670043353e-17	3.473361596503233e-18
23.	0.	1.3606880232736189e-16	3.5529783944691583e-17	3.702255246530063e-18
24.	0.	1.3762338720776743e-16	3.7649841881488094e-17	3.930471945937895e-18
24.999999999999996	0.	1.386373025515986e-16	3.974868493017408e-17	4.1573297421964785e-18
26.	0.	1.3913602572141007e-16	4.182012354468684e-17	4.382173580195301e-18
27.	0.	1.3914732744271678e-16	4.385827532935196e-17	4.604375659691019e-18
28.	0.	1.3870071507810668e-16	4.585756624688724e-17	4.823335808073765e-18
29.	0.	1.3782693354678176e-16	4.781273176490033e-17	5.0384818523996235e-18
29.999999999999996	0.	1.365575203482302e-16	4.9718817810514123e-17	5.2492699768587926e-18
31.	0.	1.3492441125340892e-16	5.157118142391154e-17	5.455185053876869e-18
32.	0.	1.329595933253992e-16	5.3365491020717797e-17	5.6557409388934406e-18
32.99999999999999	0.	1.3069480202711864e-16	5.5097726190383224e-17	5.850480720540224e-18
34.	0.	1.281612592687779e-16	5.676417697323132e-17	6.038976919461921e-18
35.	0.	1.2538944934421764e-16	5.836144257272374e-17	6.220831630398109e-18
36.	0.	1.2240892980436552e-16	5.988642947189124e-17	6.395676603383827e-18
37.	0.	1.1924817441866643e-16	6.133634893389731e-17	6.563173261040188e-18
37.99999999999999	0.	1.159344454818831e-16	6.270871387645444e-17	6.723012649923422e-18
39.	0.	1.12493692834245e-16	6.400133511839185e-17	6.874915324789703e-18
40.	0.	1.089504770773713e-16	6.521231700418528e-17	7.018631165422587e-18
41.	0.	1.0532791458629088e-16	6.634005241878004e-17	7.153939126366785e-18
42.	0.	1.0164764203870201e-16	6.738321721065941e-17	7.280646920524168e-18
42.99999999999999	0.	9.792979830565372e-17	6.834076404590636e-17	7.398590638101723e-18
44.	0.	9.41930216723688e-17	6.921191572004568e-17	7.507634302862935e-18
44.99999999999999	0.	9.045446048315138e-17	6.999615795781127e-17	7.607669368029894e-18
46.	0.	8.672979542945744e-17	7.069323173371377e-17	7.698614154518587e-18
47.	0.	8.303327182446195e-17	7.130312514845179e-17	7.78041323446977e-18
48.	0.	7.937774033007296e-17	7.182606489786586e-17	7.85303676326706e-18
49.	0.	7.577470472265193e-17	7.226250737233112e-17	7.916479763417222e-18
49.99999999999999	0.	7.223437540102828e-17	7.261312942526897e-17	7.970761363809262e-18
51.	0.	6.876572745420464e-17	7.287881884987064e-17	8.015923997972436e-18
52.	0.	6.537656221591597e-17	7.306066460321089e-17	8.052032565022833e-18
53.	0.	6.207357133852634e-17	7.315994681672297e-17	8.079173557026947e-18
54.	0.	5.886240251926427e-17	7.317812663154119e-17	8.097454156521546e-18
54.99999999999999	0.	5.574772610723566e-17	7.311683589652546e-17	8.107001307915664e-18
56.	0.	5.273330190981797e-17	7.297786676589803e-17	8.107960766464933e-18
56.99999999999999	0.	4.982204560178251e-17	7.276316123236262e-17	8.100496128453501e-18
58.	0.	4.7016094219744666e-17	7.247480063037812e-17	8.084787846146775e-18
59.	0.	4.4316870298286515e-17	7.211499514293393e-17	8.061032230991248e-18
59.99999999999999	0.	4.1725144272354776e-17	7.168607334374944e-17	8.029440448437883e-18
61.	0.	3.924109483340884e-17	7.119047180531527e-17	7.990237507654606e-18
62.	0.	3.6864366984363737e-17	7.06307248016184e-17	7.94366124927314e-18
63.	0.	3.45941275908329e-17	7.000945413277605e-17	7.88996133418746e-18
64.	0.	3.242911827366278e-17	6.932935909714372e-17	7.829398236286601e-18
65.	0.	3.0367705530510427e-17	6.859320663478534e-17	7.762242241865108e-18
65.99999999999999	0.	2.840792801243424e-17	6.780382166450396e-17	7.688772458310907e-18
67.	0.	2.6547540915408857e-17	6.696407763494091e-17	7.609275834524297e-18
68.	0.	2.4784057476569493e-17	6.607688730857197e-17	7.524046195373768e-18
69.	0.	2.3114787591096535e-17	6.514519379576315e-17	7.433383292345237e-18
70.	0.	2.15368735882287e-17	6.417196185441183e-17	7.337591872392602e-18
70.99999999999999	0.	2.004732322418938e-17	6.316016946908927e-17	7.236980766848808e-18
72.	0.	1.864303996608827e-17	6.211279972202932e-17	7.131862002109699e-18
73.	0.	1.7320850654360865e-17	6.10328329667772e-17	7.022549933657485e-18
74.	0.	1.6077530642285784e-17	5.992323931382987e-17	6.909360404848013e-18
75.	0.	1.4909826519787067e-17	5.878697143615962e-17	6.792609931745573e-18
75.99999999999999	0.	1.3814476535341782e-17	5.76269577011335e-17	6.672614915152452e-18
77.	0.	1.2788228834551742e-17	5.644609563400899e-17	6.549690880846905e-18
78.	0.	1.1827857637037858e-17	5.5247245716914826e-17	6.4241517489140044e-18
79.	0.	1.0930177474943001e-17	5.403322552601094e-17	6.29630913292823e-18
80.	0.	1.0092055616680714e-17	5.280680420836556e-17	6.1664716696260444e-18
80.99999999999999	0.	9.31042279880245e-18	5.157069729899022e-17	6.034944379589833e-18
82.	0.	8.582282387130874e-18	5.032756187743778e-17	5.902028059353018e-18
83.	0.	7.90471808576951e-18	4.907999206239302e-17	5.768018705229189e-18
84.	0.	7.274900309375118e-18	4.783051484176558e-17	5.633206969065352e-18
84.99999999999999	0.	6.6900913302945666e-18	4.658158623494083e-17	5.497877646022715e-18
85.99999999999999	0.	6.147649307925392e-18	4.533558778304395e-17	5.3623091943955006e-18
87.	0.	5.645031303065398e-18	4.4094823362328513e-17	5.2267732873907444e-18
88.	0.	5.179795375152155e-18	4.2861516315124344e-17	5.091534396710158e-18
89.	0.	4.749601855239854e-18	4.163780689213854e-17	4.956849407696176e-18
89.99999999999999	0.	4.352213882392912e-18	4.042574999933784e-17	4.822967265732431e-18
90.99999999999999	0.	3.9854972859453765e-18	3.922731324211634e-17	4.690128653520641e-18
92.	0.	3.647419890842931e-18	3.804437525897361e-17	4.5585656987914756e-18
93.	0.	3.336050318096499e-18	3.6878724336517075e-17	4.4285017119495364e-18
94.	0.	3.0495563472672843e-18	3.573205729722137e-17	4.3001509530973055e-18
94.99999999999999	0.	2.7862029029097692e-18	3.460597865104803e-17	4.173718427832953e-18
96.	0.	2.5443497220522998e-18	3.3502000001748744e-17	4.049399711171723e-18
97.	0.	2.322448755107381e-18	3.242153969843176e-17	3.927380798898875e-18
98.	0.	2.119041348106746e-18	3.136592272276712e-17	3.807837985624426e-18
99.	0.	1.932755249851749e-18	3.0336380802045275e-17	3.6909377687766535e-18
99.99999999999999	0.	1.7623014834749447e-18	2.933405273818017e-17	3.576836777741758e-18
101.	0.	1.6064711180299102e-18	2.8359984942649944e-17	3.465681727330233e-18
102.	0.	1.4641319720630046e-18	2.7415132167316133e-17	3.3576093947284818e-18
103.	0.	1.334225277682814e-18	2.6500358421030658e-17	3.2527466190744303e-18
104.	0.	1.2157623304200778e-18	2.5616438061947696e-17	3.1512103227804414e-18
104.99999999999999	0.	1.1078211471687275e-18	2.4764057055479025e-17	3.0531075537127503e-18
106.	0.	1.0095431517090946e-18	2.3943814387896687e-17	2.9585355473277883e-18
107.	0.	9.201299047318747e-19	2.3156223625657296e-17	2.867581807857233e-18
108.	0.	8.3883989290211905e-19	2.2401714610632744e-17	2.780324207629962e-18
109.	0.	7.649853893169228e-19	2.1680635281549608e-17	2.6968311036162463e-18
109.99999999999999	0.	6.979293957110855e-19	2.0993253612085315e-17	2.6171614702801547e-18
111.	0.	6.370826749440706e-19	2.033975965622438e-17	2.5413650478279294e-18
112.	0.	5.819008806489971e-19	1.9720267691663243e-17	2.4694825049457973e-18
113.	0.	5.318817894326314e-19	1.913481845223097e-17	2.401545615125606e-18
113.99999999999999	0.	4.865626396733891e-19	1.858338144050899e-17	2.337577445686515e-18
114.99999999999999	0.	4.455175797641633e-19	1.8065857312043755e-17	2.277592558610261e-18
116.	0.	4.083552275793009e-19	1.7582080322769384e-17	2.221597222318745e-18
117.	0.	3.7471634199991e-19	1.7131820831507126e-17	2.1695896335374443e-18
118.	0.	3.4427160650144857e-19	1.6714787849634794e-17	2.1215601484003292e-18
118.99999999999999	0.	3.1671952408331097e-19	1.633063163028942e-17	2.0774915219699852e-18
119.99999999999999	0.	2.9178442219247403e-19	1.5978946289711984e-17	2.03735915536197e-18
121.	0.	2.6921456575594524e-19	1.565927245361156e-17	2.0011313496810285e-18
122.	0.	2.4878037598033896e-19	1.5371099921694982e-17	1.9687695659958727e-18
122.99999999999999	0.	2.3027275219642224e-19	1.5113870343769362e-17	1.9402286905977917e-18
124.	0.	2.1350149371171692e-19	1.4886979901113643e-17	1.9154573048108573e-18
125.	0.	1.9829381838240943e-19	1.468978198707145e-17	1.8943979586403847e-18
126.	0.	1.8449297441758745e-19	1.4521589881107685e-17	1.8769874475699496e-18
127.	0.	1.7195694178062217e-19	1.4381679410828157e-17	1.8631570918371967e-18
128.	0.	1.6055721944846384e-19	1.426929159676425e-17	1.852833017544992e-18
129.	0.	1.501776947227943e-19	1.418363527495805e-17	1.845936438982429e-18
130.	0.	1.4071359075711109e-19	1.412388969269324e-17	1.8423839415584913e-18
131.	0.	1.3207048846095828e-19	1.4089207072950176e-17	1.842087764770126e-18
131.99999999999997	0.	1.24163418968448e-19	1.4078715143460487e-17	1.844956084654242e-18
133.	0.	1.169160229046111e-19	1.4091519626469575e-17	1.850893295193102e-18
134.	0.	1.1025977274992431e-19	1.4126706685590616e-17	1.859800288168651e-18
135.	0.	1.0413325468518808e-19	1.418334532637824e-17	1.8715747309838632e-18
136.	0.	9.848150639595458e-20	1.4260489747505454e-17	1.8861113419937134e-18
137.	0.	9.325540742157234e-20	1.435718163965514e-17	1.9033021629098787e-18
138.	0.	8.841111875026237e-20	1.4472452429502308e-17	1.923036827870057e-18
139.	0.	8.390956848425088e-20	1.4605325466352552e-17	1.945202828780304e-18
140.	0.	7.971598052584802e-20	1.4754818149282486e-17	1.9696857765687047e-18
140.99999999999997	0.	7.57994433673862e-20	1.491994399279494e-17	1.9963696580042636e-18
141.99999999999997	0.	7.21325162002699e-20	1.5099714629251408e-17	2.0251370877618494e-18
143.	0.	6.86908696925235e-20	1.5293141746535326e-17	2.0558695554337433e-18
144.	0.	6.545295891887865e-20	1.5499238959598124e-17	2.088447667209527e-18
145.	0.	6.239972605843978e-20	1.5717023614753122e-17	2.1227513819696535e-18
146.	0.	5.951433060780728e-20	1.5945518525737203e-17	2.15866024155437e-18
147.	0.	5.678190498446164e-20	1.6183753640771097e-17	2.1960535949939363e-18
148.	0.	5.4189333521035265e-20	1.6430767639999795e-17	2.2348108165027492e-18
149.	0.	5.172505297268892e-20	1.6685609462881343e-17	2.2748115170619322e-18
150.	0.	4.9378872777741064e-20	1.694733976522814e-17	2.3159357494304663e-18
150.99999999999997	0.	4.7141813424623036e-20	1.7215032305777438e-17	2.358064206445837e-18
151.99999999999997	0.	4.5005961389015923e-20	1.748777526230253e-17	2.4010784124913844e-18
153.	0.	4.2964339207112146e-20	1.776467247741756e-17	2.4448609080249997e-18
154.	0.	4.101078935366065e-20	1.8044844634358517e-17	2.489295427080089e-18
155.	0.	3.913987068622541e-20	1.8327430363155564e-17	2.5342670676667632e-18
156.	0.	3.7346766308981985e-20	1.8611587277719753e-17	2.5796624550152108e-18
157.	0.	3.562720179467659e-20	1.889649294447982e-17	2.6253698976182127e-18
158.	0.	3.397737278384363e-20	1.9181345783332472e-17	2.6712795360471784e-18
159.	0.	3.239388105795054e-20	1.9465365901722062e-17	2.7172834845234243e-18
160.	0.	3.087367825368247e-20	1.974779586281385e-17	2.7632759652472728e-18
160.99999999999997	0.	2.9414016454091664e-20	2.002790138876835e-17	2.809153435494278e-18
161.99999999999997	0.	2.801240495559969e-20	2.030497200022418e-17	2.854814707502537e-18
163.	0.	2.6666572568240497e-20	2.0578321593171713e-17	2.900161061186716e-18
164.	0.	2.5374434862649458e-20	2.084728895445898e-17	2.9450963497239096e-18
165.	0.	2.4134065828680125e-20	2.1111238217253063e-17	2.989527098069579e-18
166.	0.	2.294367345776298e-20	2.13695592578127e-17	3.033362594468034e-18
167.	0.	2.1801578806343848e-20	2.162166803499662e-17	3.0765149750336152e-18
168.	0.	2.070619813858893e-20	2.186700687399122e-17	3.118899301489143e-18
169.	0.	1.9656027784382793e-20	2.2105044695750883e-17	3.160433632151945e-18
169.99999999999997	0.	1.8649631384128078e-20	2.2335277193715253e-17	3.2010390862702403e-18
170.99999999999997	0.	1.768562922441777e-20	2.2557226959377613e-17	3.2406399018166535e-18
171.99999999999997	0.	1.6762689397417408e-20	2.277044355832346e-17	3.2791634868548532e-18
173.	0.	1.587952054591095e-20	2.297450355836809e-17	3.316540464599463e-18
174.	0.	1.5034865978586606e-20	2.3169010511464022e-17	3.352704712298518e-18
175.	0.	1.4227498965996348e-20	2.3353594891034193e-17	3.3875933940686177e-18
176.	0.	1.3456219045443437e-20	2.3527913986425052e-17	3.4211469878216324e-18
177.	0.	1.2719849184625097e-20	2.3691651756178114e-17	3.4533093064258043e-18
178.	0.	1.2017233669775037e-20	2.384451864181283e-17	3.484027513246558e-18
179.	0.	1.1347236600028774e-20	2.3986251343815443e-17	3.513252132216098e-18
179.99999999999997	0.	1.0708740884582579e-20	2.4116612561560614e-17	3.5409370525890084e-18
180.99999999999997	0.	1.0100647651015e-20	2.4235390698834677e-17	3.5670395285362524e-18
181.99999999999997	0.	9.521875985447039e-21	2.4342399536642934e-17	3.5915201737354355e-18
183.	0.	8.971362936364316e-21	2.4437477875033713e-17	3.6143429511264e-18
184.	0.	8.448063720416241e-21	2.452048914552629e-17	3.6354751579833634e-18
185.	0.	7.950952081637493e-21	2.4591320995865555e-17	3.6548874064785726e-18
186.	0.	7.479020757657457e-21	2.4649884848688737e-17	3.672553599895883e-18
187.	0.	7.031282017450249e-21	2.4696115435754083e-17	3.688450904665966e-18
188.	0.	6.606768238890002e-21	2.472997030929566e-17	3.702559718385858e-18
189.	0.	6.204532499879409e-21	2.4751429332093338e-17	3.714863633993013e-18
189.99999999999997	0.	5.823649161612515e-21	2.4760494147803115e-17	3.725349400261237e-18
190.99999999999997	0.	5.463214426883707e-21	2.4757187633050786e-17	3.734006878783297e-18
192.	0.	5.122346859953374e-21	2.474155333280432e-17	3.740828997610548e-18
193.	0.	4.800187855999582e-21	2.4713654880461044e-17	3.745811701711729e-18
194.	0.	4.4959020533512914e-21	2.4673575404102346e-17	3.748953900419192e-18
195.	0.	4.208677682328326e-21	2.4621416920288977e-17	3.750257412022491e-18
196.	0.	3.9377268462260515e-21	2.455729971679301e-17	3.74972690567623e-18
197.	0.	3.68228573359832e-21	2.4481361725578427e-17	3.747369840780012e-18
198.	0.	3.441614759652624e-21	2.4393757887334167e-17	3.743196403990403e-18
198.99999999999997	0.	3.2149986388645012e-21	2.429465950880508e-17	3.737219444019515e-18
199.99999999999997	0.	3.0017463882503976e-21	2.418425361419085e-17	3.729454404381926e-18
200.99999999999997	0.	2.8011912659584182e-21	2.4062742291746674e-17	3.71991925423409e-18
202.	0.	2.6126906451583222e-21	2.3930342036773747e-17	3.708634417462045e-18
203.	0.	2.43562582949711e-21	2.3787283092121374e-17	3.69562270016623e-18
204.	0.	2.2694018118757125e-21	2.3633808787221397e-17	3.680909216679762e-18
205.	0.	2.1134469807081948e-21	2.3470174876793502e-17	3.664521314277843e-18
206.	0.	1.9672127791301205e-21	2.3296648880108515e-17	3.6464884967000354e-18
207.	0.	1.8301733195455956e-21	2.3113509421866434e-17	3.626842346636345e-18
208.	0.	1.7018249593773682e-21	2.29210455755753e-17	3.605616447304469e-18
208.99999999999997	0.	1.5816858414586413e-21	2.2719556210289823e-17	3.582846303244003e-18
209.99999999999997	0.	1.4692954030739933e-21	2.2509349341643083e-17	3.558569260467807e-18
210.99999999999997	0.	1.3642138588111392e-21	2.2290741487884787e-17	3.532824426078896e-18
212.	0.	1.2660216592490376e-21	2.2064057031775182e-17	3.505652587485022e-18
213.	0.	1.1743189317248325e-21	2.1829627589035958e-17	3.477096131322434e-18
214.	0.	1.0887249043103796e-21	2.1587791384060092e-17	3.447198962202582e-18
215.	0.	1.0088773181983003e-21	2.1338892633572647e-17	3.4160064213965217e-18
216.	0.	9.344318309506842e-22	2.108328093883531e-17	3.383565205558045e-18
217.	0.	8.650614129496645e-22	2.0821310687001805e-17	3.3499232855910744e-18
218.	0.	8.004557415884338e-22	2.0553340462204225e-17	3.3151298257646117e-18
218.99999999999997	0.	7.403205938884356e-22	2.0279732466841682e-17	3.279235103163094e-18
219.99999999999997	0.	6.843772405792227e-22	2.0000851953627503e-17	3.2422904275755197e-18
220.99999999999997	0.	6.323618445374358e-22	1.97170666687924e-17	3.2043480619030207e-18
222.	0.	5.840248642079542e-22	1.9428746306905825e-17	3.165461143176708e-18
223.	0.	5.391304644584615e-22	1.9136261977686384e-17	3.1256836042644802e-18
224.	0.	4.974559364311641e-22	1.8839985685162712e-17	3.0850700963455717e-18
225.	0.	4.587911277799576e-22	1.854028981955721e-17	3.0436759122348913e-18
226.	0.	4.2293788370664613e-22	1.8237546662099134e-17	3.001556910613557e-18
227.	0.	3.897095012247184e-22	1.7932127903149657e-17	2.958769441252098e-18
227.99999999999997	0.	3.589301964582685e-22	1.7624404173791177e-17	2.9153702712764512e-18
228.99999999999997	0.	3.304345857477795e-22	1.731474459115755e-17	2.8714165125483604e-18
229.99999999999997	0.	3.0406718213455094e-22	1.7003516317653042e-17	2.826965550211716e-18
230.99999999999997	0.	2.7968190640165007e-22	1.6691084134229734e-17	2.7820749724610286e-18
232.	0.	2.571416139255036e-22	1.637781002790001e-17	2.7368025015903076e-18
233.	0.	2.363176376450514e-22	1.6064052793517227e-17	2.691205926357702e-18
234.	0.	2.1708934665718545e-22	1.5750167650000904e-17	2.645343035725844e-18
235.	0.	1.9934372134266309e-22	1.543650587099458e-17	2.5992715540072423e-18
236.	0.	1.829749441603158e-22	1.5123414430061824e-17	2.553049077464356e-18
237.	0.	1.6788400696297324e-22	1.4811235660400685e-17	2.5067330123935283e-18
237.99999999999997	0.	1.5397833406720015e-22	1.4500306929089427e-17	2.4603805147280496e-18
238.99999999999997	0.	1.411714214078827e-22	1.4190960325855124e-17	2.414048431192421e-18
239.99999999999997	0.	1.293824906773647e-22	1.3883522366316747e-17	2.3677932420336393e-18
240.99999999999997	0.	1.1853615939780685e-22	1.357831370964497e-17	2.321671005353956e-18
242.	0.	1.0856212575325776e-22	1.327564889057988e-17	2.2757373030698074e-18
243.	0.	9.939486808311115e-23	1.2975836065702656e-17	2.23004718851402e-18
244.	0.	9.097335861911089e-23	1.2679176773843296e-17	2.1846551356962723e-18
245.	0.	8.324079137880659e-23	1.238596571055549e-17	2.1396149902452216e-18
245.99999999999997	0.	7.61443232672434e-23	1.2096490516453533e-17	2.094979922032496e-18
247.	0.	6.963482878348566e-23	1.1811031579304459e-17	2.0508023794955073e-18
248.	0.	6.366666666112616e-23	1.1529861849732229e-17	2.007134045669895e-18
248.99999999999997	0.	5.819745934025102e-23	1.1253246670284987e-17	1.9640257959239153e-18
250.	0.	5.318788425059687e-23	1.0981443617762839e-17	1.9215276574123212e-18
250.99999999999997	0.	4.860147587985427e-23	1.0714702358569832e-17	1.8796887702439606e-18
252.	0.	4.440443934709303e-23	1.0453264516860394e-17	1.8385573503580724e-18
252.99999999999997	0.	4.0565474141868975e-23	1.0197363555333269e-17	1.798180654118595e-18
254.	0.	3.705560781161786e-23	9.947224668367871e-18	1.7586049446077383e-18
254.99999999999997	0.	3.384803951829309e-23	9.70306468732282e-18	1.7198754596215575e-18
256.	0.	3.091799253771236e-23	9.465091997740157e-18	1.6820363813566257e-18
257.	0.	2.8242575467949426e-23	9.233506468209408e-18	1.6451308077782138e-18
258.	0.	2.5800651905147554e-23	9.008499390613201e-18	1.6092007256542523e-18
259.	0.	2.3572717957041592e-23	8.790253431548216e-18	1.5742869852515977e-18
260.	0.	2.154078724745614e-23	8.578942594594505e-18	1.5404292766692277e-18
261.	0.	1.968828331030357e-23	8.374732193201649e-18	1.5076661077993102e-18
262.	0.	1.7999938304585688e-23	8.177778833906656e-18	1.4760347838970662e-18
263.	0.	1.6461698781590115e-23	7.988230409610959e-18	1.445571388741918e-18
263.99999999999994	0.	1.5060636895450008e-23	7.806226102614292e-18	1.4163107673664846e-18
265.	0.	1.3784867933389957e-23	7.631896397143947e-18	1.3882865103366322e-18
266.	0.	1.2623472893408906e-23	7.46536310109614e-18	1.3615309395612605e-18
267.	0.	1.1566426459011686e-23	7.306739376662606e-18	1.3360750956018436e-18
268.	0.	1.0604529623598945e-23	7.15612977960978e-18	1.3119487264681837e-18
269.	0.	9.729346928265015e-24	7.013630306873413e-18	1.2891802778670689e-18
270.	0.	8.933148179646489e-24	6.879328452202918e-18	1.267796884882836e-18
271.	0.	8.208853840121434e-24	6.753303269541825e-18	1.247824365059297e-18
272.	0.	7.54998468244332e-24	6.635625443887236e-18	1.2292872128620636e-18
272.99999999999994	0.	6.950614490541174e-24	6.526357369302377e-18	1.2122085954869534e-18
274.	0.	6.405326617141132e-24	6.4255532338169384e-18	1.196610349990423e-18
274.99999999999994	0.	5.909173232402306e-24	6.333259110914269e-18	1.1825129817107055e-18
276.	0.	5.4576378953897844e-24	6.249513057319783e-18	1.1699356639502225e-18
277.	0.	5.046600506173672e-24	6.17434521681702e-18	1.1588962388914082e-18
278.	0.	4.6723050999000144e-24	6.107777929789193e-18	1.1494112197117993e-18
279.	0.	4.331329987023589e-24	6.0498258482231915e-18	1.141495793870831e-18
280.	0.	4.020560042728699e-24	6.000496055902602e-18	1.135163827537945e-18
281.	0.	3.737161139417457e-24	5.959788193465488e-18	1.1304278711212241e-18
281.99999999999994	0.	3.478556555552549e-24	5.9276945881483645e-18	1.1272991658823869e-18
283.	0.	3.2424051768318153e-24	5.904200387852998e-18	1.1257876515883029e-18
283.99999999999994	0.	3.0265814045462494e-24	5.889283699322234e-18	1.1259019751765379e-18
285.	0.	2.8291565964146864e-24	5.8829157301732054e-18	1.1276495004045339e-18
286.	0.	2.6483820589268648e-24	5.885060934477014e-18	1.1310363184398883e-18
287.	0.	2.4826732349535572e-24	5.8956771616948726e-18	1.1360672593713575e-18
288.	0.	2.3305953286361473e-24	5.914715808681969e-18	1.1427459046006246e-18
289.	0.	2.190849971143018e-24	5.9421219745252395e-18	1.1510746000844874e-18
290.	0.	2.0622631361506658e-24	5.977834617994625e-18	1.161054470398929e-18
291.	0.	1.9437737580032647e-24	6.02178671732277e-18	1.1726854335832259e-18
292.	0.	1.83442364484841e-24	6.073905432140831e-18	1.1859662167432437e-18
292.99999999999994	0.	1.7333479174926706e-24	6.13411226731737e-18	1.2008943723766715e-18
294.	0.	1.6397665357098033e-24	6.202323238472777e-18	1.217466295387061e-18
294.99999999999994	0.	1.5529763089023665e-24	6.2784490389588114e-18	1.235677240756088e-18
296.	0.	1.4723437120406363e-24	6.362395208122734e-18	1.2555213418485651e-18
297.	0.	1.3972983207216258e-24	6.45406230060059e-18	1.276991629309304e-18
298.	0.	1.327326805511164e-24	6.553346056463147e-18	1.3000800505255644e-18
299.	0.	1.2619674256247724e-24	6.660137572059548e-18	1.3247774896325071e-18
300.	0.	1.2008050220995344e-24	6.7743234712779376e-18	1.351073788013374e-18
301.	0.	1.1434664895967208e-24	6.895786077129564e-18	1.3789577652824424e-18
301.99999999999994	0.	1.0896166794896074e-24	7.024403583449075e-18	1.4084172407156815e-18
303.	0.	1.0389545208586314e-24	7.160050226484247e-18	1.4394390550892801e-18
303.99999999999994	0.	9.912097193032483e-25	7.302596456313183e-18	1.4720090929184629e-18
305.	0.	9.461396101367725e-25	7.451909107816874e-18	1.506112305046407e-18
306.	0.	9.035262989372025e-25	7.60785157114046e-18	1.5417327315735006e-18
307.	0.	8.6317426165185e-25	7.77028396142603e-18	1.5788535250863167e-18
308.	0.	8.24907825244396e-25	7.939063287710976e-18	1.6174569741675023e-18
309.	0.	7.885693041364266e-25	8.114043620830304e-18	1.6575245271558356e-18
310.	0.	7.5401699033372415e-25	8.295076260211781e-18	1.6990368161354842e-18
310.99999999999994	0.	7.211234120672431e-25	8.482009899384716e-18	1.7419736811188842e-18
312.	0.	6.89773959890467e-25	8.67469079014775e-18	1.786314194412634e-18
312.99999999999994	0.	6.598654771765658e-25	8.872962905213088e-18	1.832036685129042e-18
314.	0.	6.313048130318041e-25	9.076668099249445e-18	1.8791187638268816e-18
314.99999999999994	0.	6.040080457933325e-25	9.285646268206274e-18	1.927537347256265e-18
316.	0.	5.778991916153968e-25	9.499735506794594e-18	1.9772686831805147e-18
317.	0.	5.529094976571935e-25	9.718772264066494e-18	2.0282883752612026e-18
318.	0.	5.289765554411177e-25	9.942591496963081e-18	2.0805714079771282e-18
319.	0.	5.060436988089837e-25	1.0171026821745514e-17	2.1340921715567405e-18
320.	0.	4.84059076708812e-25	1.0403910663252909e-17	2.188824486909256e-18
321.	0.	4.6297554636873565e-25	1.0641074401882469e-17	2.2447416305291326e-18
321.99999999999994	0.	4.427497028916865e-25	1.0882348518206057e-17	2.301816359352042e-18
323.	0.	4.233416852660484e-25	1.112756273517727e-17	2.3600209355484712e-18
323.99999999999994	0.	4.0471481716994045e-25	1.1376546157862852e-17	2.419327151236448e-18
325.	0.	3.868350955007084e-25	1.1629127410625648e-17	2.47970635309318e-18
326.	0.	3.696710058016428e-25	1.1885134771676837e-17	2.54112946684284e-18
327.	0.	3.5319299209409537e-25	1.2144396305019576e-17	2.6035670216197412e-18
328.	0.	3.3737367225280678e-25	1.2406739989647027e-17	2.6669891741718745e-18
329.	0.	3.221872497527025e-25	1.2671993845998156e-17	2.731365732899333e-18
330.	0.	3.076094763870932e-25	1.2939986059644502e-17	2.7966661817155747e-18
330.99999999999994	0.	2.9361723113757997e-25	1.3210545102122688e-17	2.8628597037065194e-18
332.	0.	2.8018902092199098e-25	1.3483499848904376e-17	2.9299152045787307e-18
332.99999999999994	0.	2.6730397144641243e-25	1.3758679694508835e-17	2.997801335890706e-18
334.	0.	2.5494250208752214e-25	1.4035914664655474e-17	3.0664865180376627e-18
335.	0.	2.430857624810615e-25	1.4315035525508404e-17	3.1359389629934982e-18
336.	0.	2.317157264394284e-25	1.4595873889952632e-17	3.2061266967889883e-18
337.	0.	2.2081510567695864e-25	1.4878262320890462e-17	3.2770175817157326e-18
338.	0.	2.103671363164068e-25	1.516203443156903e-17	3.348579338250102e-18
339.	0.	2.0035586658399915e-25	1.5447024982891548e-17	3.4207795666783755e-18
339.99999999999994	0.	1.9076560835980383e-25	1.5733069977746e-17	3.493585768422022e-18
341.	0.	1.815815500685678e-25	1.6020006752323265e-17	3.566965367048313e-18
341.99999999999994	0.	1.7278913742139342e-25	1.6307674064428867e-17	3.640885728958377e-18
343.	0.	1.6437425791785178e-25	1.6595912178797398e-17	3.7153141837458515e-18
343.99999999999994	0.	1.5632332658423843e-25	1.6884562949406364e-17	3.790218044216246e-18
345.	0.	1.4862303612802095e-25	1.717346989880287e-17	3.86556462606108e-18
346.	0.	1.4126071078662392e-25	1.7462478294456603e-17	3.9413212671803875e-18
347.	0.	1.3422378201042418e-25	1.775143522213943e-17	4.017455346644457e-18
348.	0.	1.2750009339369378e-25	1.80401896563593e-17	4.093934303291643e-18
349.	0.	1.2107787354145467e-25	1.8328592527856088e-17	4.1707256539544205e-18
350.	0.	1.1494592684815476e-25	1.8616496788200032e-17	4.2477970113135224e-18
350.99999999999994	0.	1.0909295769336096e-25	1.8903757471463688e-17	4.325116101363835e-18
352.	0.	1.0350818130863174e-25	1.9190231753061193e-17	4.402650780503882e-18
352.99999999999994	0.	9.818122167891419e-26	1.947577900572425e-17	4.480369052232321e-18
354.	0.	9.310197527450705e-26	1.9760260852659364e-17	4.558239083451823e-18
355.	0.	8.826057439043796e-26	2.0043541217928535e-17	4.6362292203805695e-18
356.	0.	8.364732944837114e-26	2.0325486374055894e-17	4.714308004062013e-18
357.	0.	7.925321689871604e-26	2.0605964986928608e-17	4.792444185479225e-18
358.	0.	7.506910956186536e-26	2.0884848157990424e-17	4.870606740263597e-18
359.	0.	7.108622473513626e-26	2.1162009463775202e-17	4.948764882999334e-18
359.99999999999994	0.	6.729646707075661e-26	2.1437324992824337e-17	5.026888081124297e-18
361.	0.	6.369141137423984e-26	2.1710673380038886e-17	5.104946068429411e-18
361.99999999999994	0.	6.026334880519072e-26	2.1981935838432072e-17	5.182908858139114e-18
363.	0.	5.700452642227725e-26	2.225099618843559e-17	5.2607467555992145e-18
363.99999999999994	0.	5.390791784159107e-26	2.2517740884707872e-17	5.338430370550672e-18
365.	0.	5.096590744409986e-26	2.278205904050693e-17	5.415930628994409e-18
366.	0.	4.8172209132685735e-26	2.304384244972612e-17	5.493218784661287e-18
367.	0.	4.551984383624923e-26	2.3302985606524014e-17	5.5702664300615224e-18
368.	0.	4.30024008189507e-26	2.3559385722727547e-17	5.647045507146957e-18
368.99999999999994	0.	4.0614180557967497e-26	2.3812942742933354e-17	5.723528317559172e-18
370.	0.	3.83488785249768e-26	2.4063559357434977e-17	5.799687532484913e-18
370.99999999999994	0.	3.62009095907649e-26	2.4311141012962344e-17	5.875496202106603e-18
372.	0.	3.416497772297224e-26	2.45555959213396e-17	5.950927764664561e-18
372.99999999999994	0.	3.22355897591479e-26	2.479683506604374e-17	6.025956055117998e-18
374.	0.	3.040788555628754e-26	2.5034772206777937e-17	6.1005553134235674e-18
375.	0.	2.8676954067965835e-26	2.5269323882027262e-17	6.1747001924151456e-18
376.	0.	2.703828906263462e-26	2.5500409409736056e-17	6.248365765310175e-18
377.	0.	2.548704943132459e-26	2.5727950886074272e-17	6.321527532826368e-18
378.	0.	2.4019546658596325e-26	2.595187318239816e-17	6.3941614299262105e-18
379.	0.	2.263104112959556e-26	2.617210394040742e-17	6.466243832181669e-18
379.99999999999994	0.	2.1318078092616906e-26	2.6388573565591367e-17	6.537751561774061e-18
381.	0.	2.0076871903583314e-26	2.660121521897349e-17	6.608661893123227e-18
381.99999999999994	0.	1.890353764176367e-26	2.6809964807236533e-17	6.6789525581589595e-18
383.	0.	1.7795024130441558e-26	2.7014760971238656e-17	6.748601751229322e-18
384.	0.	1.674782897399348e-26	2.7215545073014225e-17	6.8175881336620306e-18
385.	0.	1.5758693074614912e-26	2.7412261181258748e-17	6.885890837971072e-18
386.	0.	1.482488363091035e-26	2.7604856055392272e-17	6.953489471725357e-18
387.	0.	1.3943536832903547e-26	2.779327912821027e-17	7.020364121074323e-18
388.	0.	1.311167087794671e-26	2.797748248719038e-17	7.086495353940778e-18
388.99999999999994	0.	1.232694141972874e-26	2.815742085450278e-17	7.151864222886501e-18
390.	0.	1.1586704224765804e-26	2.8333051565761917e-17	7.21645226765332e-18
390.99999999999994	0.	1.0888774994822489e-26	2.8504334547560165e-17	7.280241517383545e-18
392.	0.	1.0230705698958363e-26	2.867123229386629e-17	7.34321449253442e-18
392.99999999999994	0.	9.610565779946301e-27	2.883370984126985e-17	7.405354206475848e-18
394.	0.	9.026462973413177e-27	2.89917347431902e-17	7.466644166795379e-18
395.	0.	8.475755076482773e-27	2.914527704303862e-17	7.527068376301958e-18
396.	0.	7.957457016682862e-27	2.9294309246398957e-17	7.58661133373923e-18
397.	0.	7.469336777281022e-27	2.943880629227861e-17	7.645258034216484e-18
397.99999999999994	0.	7.009515491744215e-27	2.957874552346757e-17	7.702993969361243e-18
399.	0.	6.577064443062967e-27	2.9714106656025747e-17	7.759805127193829e-18
399.99999999999994	0.	6.170077169705626e-27	2.984487174798949e-17	7.815677991742152e-18
401.	0.	5.787060349946274e-27	2.9971025167290894e-17	7.870599542390188e-18
401.99999999999994	0.	5.426967608833499e-27	3.0092553558945594e-17	7.924557252969902e-18
403.	0.	5.088347385695079e-27	3.020944581158358e-17	7.9775390906115e-18
404.	0.	4.769923187789092e-27	3.0321693023301435e-17	8.029533514341852e-18
405.	0.	4.4706104718584025e-27	3.042928846693801e-17	8.080529473453473e-18
406.	0.	4.18953349592602e-27	3.0532227554743883e-17	8.130516405632299e-18
407.	0.	3.925115942098608e-27	3.0630507802564216e-17	8.17948423487156e-18
408.	0.	3.676920008939665e-27	3.072412879350066e-17	8.227423369159083e-18
408.99999999999994	0.	3.443820943330358e-27	3.0813092141129615e-17	8.2743246979546e-18
410.	0.	3.2249300192032735e-27	3.0897401452291805e-17	8.320179589457532e-18
410.99999999999994	0.	3.019611313446543e-27	3.097706228950742e-17	8.364979887676466e-18
412.	0.	2.8265226627152615e-27	3.1052082133037895e-17	8.408717909302393e-18
412.99999999999994	0.	2.6455541878824306e-27	3.112247034262751e-17	8.451386440391762e-18
414.	0.	2.4759033307045357e-27	3.118823811896197e-17	8.492978732866323e-18
415.	0.	2.3167125064482887e-27	3.124939846489969e-17	8.53348850084167e-18
416.	0.	2.1670694788464863e-27	3.1305966146433234e-17	8.5729099167707e-18
417.	0.	2.0270317202060972e-27	3.135795765352833e-17	8.611237607439018e-18
417.99999999999994	0.	1.895607487440188e-27	3.140539116075677e-17	8.648466649787527e-18
419.	0.	1.7724467038449922e-27	3.144828648781621e-17	8.684592566584717e-18
419.99999999999994	0.	1.6571712715571184e-27	3.148666505996133e-17	8.719611321953797e-18
421.	0.	1.5490214549009552e-27	3.152054986835454e-17	8.753519316754418e-18
421.99999999999994	0.	1.4479114253529876e-27	3.1549965430372326e-17	8.786313383827318e-18
423.	0.	1.3530204832243219e-27	3.1574937749904996e-17	8.817990783110438e-18
424.	0.	1.2642147272007764e-27	3.159549427765232e-17	8.84854919662544e-18
425.	0.	1.1809797222399218e-27	3.1611663871465006e-17	8.877986723347254e-18
426.	0.	1.103143607398708e-27	3.162347675674197e-17	8.906301873957759e-18
426.99999999999994	0.	1.0301484289352435e-27	3.1630964486909307e-17	8.933493565489755e-18
428.	0.	9.617852916171935e-28	3.1634159904008526e-17	8.959561115867602e-18
428.99999999999994	0.	8.982092618405649e-28	3.1633097099404956e-17	8.984504238346831e-18
430.	0.	8.384315402567123e-28	3.162781137466217e-17	9.008323035864404e-18
430.99999999999994	0.	7.825773023552052e-28	3.161833920256749e-17	9.031017995294762e-18
432.	0.	7.303836926614484e-28	3.160471818836611e-17	9.052589981627361e-18
432.99999999999994	0.	6.815748502580439e-28	3.158698703119581e-17	9.073040232062688e-18
434.	0.	6.358621277633898e-28	3.156518548575239e-17	9.092370350034717e-18
435.	0.	5.929443223367124e-28	3.153935432421322e-17	9.110582299167711e-18
436.	0.	5.533023222826173e-28	3.15095352984104e-17	9.127678397164191e-18
437.	0.	5.158268045153379e-28	3.147577110229243e-17	9.143661309635354e-18
437.99999999999994	0.	4.809852085574661e-28	3.143810533469692e-17	9.158534043880334e-18
439.	0.	4.484440587026343e-28	3.139658246241354e-17	9.172299942608132e-18
439.99999999999994	0.	4.182659219343453e-28	3.135124778359653e-17	9.184962677619917e-18
441.	0.	3.8969176587676236e-28	3.130214739151105e-17	9.196526243446805e-18
441.99999999999994	0.	3.6317942264344536e-28	3.124932813863738e-17	9.20699495095098e-18
443.	0.	3.3836539209431796e-28	3.119283760114561e-17	9.216373420893863e-18
444.	0.	3.1529295293667627e-28	3.113272404375589e-17	9.224666577476305e-18
445.	0.	2.935844657158415e-28	3.106903638498143e-17	9.231879641850672e-18
446.	0.	2.736966388093096e-28	3.100182416279548e-17	9.23801812561749e-18
446.99999999999994	0.	2.5482065024312908e-28	3.093113750069677e-17	9.243087824299813e-18
448.	0.	2.3740933308086766e-28	3.085702707421386e-17	9.247094810808281e-18
448.99999999999994	0.	2.210654793671715e-28	3.0779544077838895e-17	9.250045428894684e-18
450.	0.	2.0581367103285355e-28	3.069874019239966e-17	9.251946286597828e-18
450.99999999999994	0.	1.9167789592501562e-28	3.0614667552905946e-17	9.252804249693314e-18
452.	0.	1.7824572705583415e-28	3.052737871682822e-17	9.252626435135957e-18
453.	0.	1.6597151495180965e-28	3.0436926632875255e-17	9.251420204515742e-18
454.	0.	1.5443751423933246e-28	3.0343364610217585e-17	9.249193157512762e-18
455.	0.	1.436592275428011e-28	3.0246746288216544e-17	9.245953125370462e-18
455.99999999999994	0.	1.336517377237374e-28	3.0147125606624564e-17	9.241708164377822e-18
457.	0.	1.2442970084486662e-28	3.004455677629344e-17	9.236466549373595e-18
457.99999999999994	0.	1.1555943467549328e-28	2.993909425036203e-17	9.230236767264715e-18
459.	0.	1.0749886415220698e-28	2.9830792695964624e-17	9.223027510573584e-18
459.99999999999994	0.	9.980981539643327e-29	2.9719706966436704e-17	9.214847671008129e-18
461.	0.	9.295331465097448e-29	2.9605892074025436e-17	9.205706333059008e-18
461.99999999999994	0.	8.6486834157925e-29	2.948940316313218e-17	9.195612767633476e-18
463.	0.	8.041740977384957e-29	2.937029548405006e-17	9.18457642571678e-18
464.	0.	7.475185206446681e-29	2.9248624367230634e-17	9.17260693207284e-18
465.	0.	6.949674360456461e-29	2.9124445198070345e-17	9.159714078983587e-18
466.	0.	6.465843644012178e-29	2.899781339221937e-17	9.145907820029038e-18
466.99999999999994	0.	5.977964163728501e-29	2.8868784371411753e-17	9.131198263910367e-18
468.	0.	5.57915379574423e-29	2.873741353981898e-17	9.115595668317718e-18
468.99999999999994	0.	5.177151635506167e-29	2.860375626092781e-17	9.099110433845613e-18
470.	0.	4.8188515573854847e-29	2.846786783495157e-17	9.08175309796053e-18
470.99999999999994	0.	4.457857777086692e-29	2.8329803476751267e-17	9.063534329015137e-18
472.	0.	4.141328487416173e-29	2.818961829429027e-17	9.044464920318856e-18
473.	0.	3.822564420191204e-29	2.804736726761373e-17	9.024555784264047e-18
474.	0.	3.5489712481772885e-29	2.790310522834126e-17	9.003817946505936e-18
475.	0.	3.3210052979096365e-29	2.775688683968807e-17	8.982262540203534e-18
475.99999999999994	0.	3.0915361621216236e-29	2.76087665770059e-17	8.959900800320977e-18
477.	0.	2.86062578805882e-29	2.7458798708829957e-17	8.936744057986583e-18
477.99999999999994	0.	2.628336298970542e-29	2.730703727845424e-17	8.912803734919261e-18
479.	0.	2.4426245685374543e-29	2.7153536086009064e-17	8.888091337916096e-18
479.99999999999994	0.	2.303860479176844e-29	2.699834867105816e-17	8.862618453408718e-18
481.	0.	2.1161981407995743e-29	2.6841528295686063e-17	8.836396742081229e-18
481.99999999999994	0.	1.9757717566354452e-29	2.6683127928108894e-17	8.809437933562614e-18
483.	0.	1.8346218069934643e-29	2.652320022676794e-17	8.781753821182822e-18
484.	0.	1.692785902034705e-29	2.6361797524931257e-17	8.75335625680267e-18
484.99999999999994	0.	1.550301674185015e-29	2.6198971815777574e-17	8.724257145711718e-18
486.	0.	1.4557311351965227e-29	2.603477473797795e-17	8.694468441601271e-18
486.99999999999994	0.	1.3607340991269064e-29	2.5869257561755563e-17	8.664002141608181e-18
488.	0.	1.265335688008302e-29	2.5702471175427206e-17	8.632870281433139e-18
488.99999999999994	0.	1.1695610111810157e-29	2.5534466072419453e-17	8.601084930533128e-18
490.	0.	1.0734351562281851e-29	2.5365292338754437e-17	8.568658187389066e-18
491.	0.	9.769831800270945e-30	2.5194999641004858e-17	8.535602174849887e-18
491.99999999999994	0.	9.291317721368312e-30	2.5023637214704053e-17	8.501929035551746e-18
492.99999999999994	0.	8.321509403131256e-30	2.4851253853213047e-17	8.467650927414191e-18
494.	0.	7.839090828995724e-30	2.4677897897044356e-17	8.43278001921613e-18
495.	0.	7.355170431277541e-30	2.4503617223617713e-17	8.397328486245336e-18
496.	0.	6.869873069403514e-30	2.4328459237465108e-17	8.361308506029244e-18
496.99999999999994	0.	6.383323265724436e-30	2.4152470860867565e-17	8.324732254143967e-18
497.99999999999994	0.	5.895645164145083e-30	2.3975698524914633e-17	8.287611900100101e-18
499.	0.	5.4069624894057866e-30	2.379818816099159e-17	8.249959603309554e-18
500.	0.	4.917398507020667e-30	2.3619985192678172e-17	8.211787509129953e-18
500.99999999999994	0.	4.427075983882399e-30	2.3441134528062026e-17	8.17310774498997e-18
501.99999999999994	0.	4.4281317932302185e-30	2.3261680552448577e-17	8.133932416591502e-18
503.	0.	3.936735609309219e-30	2.3081667121478067e-17	8.094273604194511e-18
504.	0.	3.444905976301118e-30	2.290113755462593e-17	8.054143358978268e-18
505.	0.	3.444890708618331e-30	2.2720134629090378e-17	8.01355369948298e-18
505.99999999999994	0.	2.9525135591012204e-30	2.253870057406468e-17	7.972516608132682e-18
506.99999999999994	0.	2.952027987894116e-30	2.2356877065371103e-17	7.93104402783327e-18
508.	0.	2.4594232870447983e-30	2.217470522047233e-17	7.88914785865396e-18
509.	0.	2.4586288850749857e-30	2.1992225593830803e-17	7.846839954583374e-18
509.99999999999994	0.	2.4576411776341888e-30	2.1809478172634588e-17	7.804132120368771e-18
510.99999999999994	0.	1.9651690055684655e-30	2.1626502372854944e-17	7.761036108428899e-18
512.	0.	1.9640721973044994e-30	2.1443337035657273e-17	7.717563615849157e-18
513.	0.	1.9628234407641602e-30	2.126002042413768e-17	7.67372628145209e-18
514.	0.	1.4710677626245877e-30	2.107659022038764e-17	7.6295356829455e-18
514.9999999999999	0.	1.469905422510436e-30	2.0893083522880716e-17	7.585003334148501e-18
516.	0.	1.4686313059574168e-30	2.0709536844171755e-17	7.540140682293472e-18
517.	0.	1.4672461756764085e-30	2.0525986108904933e-17	7.494959105404858e-18
518.	0.	1.4657508109969207e-30	2.0342466652119515e-17	7.449469909752895e-18
518.9999999999999	0.	9.760973383343106e-31	2.0159013217851908e-17	7.4036843273831e-18
520.	0.	9.749550511065171e-31	1.997565995802483e-17	7.357613513720435e-18
521.	0.	9.737408969754179e-31	1.979244043161824e-17	7.311268545248129e-18
522.	0.	9.72455437372318e-31	1.9609387604111415e-17	7.264660417258612e-18
523.	0.	9.71099243588797e-31	1.9426533847196915e-17	7.217800041679146e-18
524.	0.	9.696728965333868e-31	1.9243910938755513e-17	7.17069824496962e-18
525.	0.	4.840884932442094e-31	1.906155006308303e-17	7.123365766091009e-18
526.	0.	4.833060564336646e-31	1.887948181136747e-17	7.075813254545468e-18
527.	0.	4.824894419863796e-31	1.8697736182414636e-17	7.028051268489356e-18
527.9999999999999	0.	4.816389583771851e-31	1.8516342583593666e-17	6.980090272909996e-18
529.	0.	4.807549182842094e-31	1.833532983203465e-17	6.931940637879958e-18
530.	0.	4.798376384684916e-31	1.8154726156030066e-17	6.883612636872221e-18
531.	0.	4.788874396542347e-31	1.797455919666317e-17	6.835116445146832e-18
532.	0.	4.779046464093684e-31	1.7794856009644503e-17	6.786462138203109e-18
533.	0.	4.768895870266646e-31	1.7615643067357196e-17	6.737659690299568e-18
534.	0.	4.758425934051931e-31	1.743694626109647e-17	6.688718973037262e-18
535.	0.	4.747640009323329e-31	1.725879090350398e-17	6.639649754008517e-18
536.	0.	4.736541483663423e-31	1.7081201731190775e-17	6.590461695509834e-18
536.9999999999999	0.	4.725133777194357e-31	1.6904202907538393e-17	6.5411643533167965e-18
538.	0.	4.713420341415109e-31	1.672781802567863e-17	6.491767175522064e-18
539.	0.	0.	1.6552070111640605e-17	6.4422795014341376e-18
540.	0.	0.	1.6376981627663194e-17	6.392710560536726e-18
540.9999999999999	0.	0.	1.6202574475663587e-17	6.343069471507069e-18
542.	0.	0.	1.602887000086034e-17	6.2933652412936846e-18
543.	0.	0.	1.5855888995546538e-17	6.243606764252854e-18
544.	0.	0.	1.5683651702998835e-17	6.193802821340035e-18
545.	0.	0.	1.5512177821525676e-17	6.143962079358211e-18
545.9999999999999	0.	0.	1.5341486508650867e-17	6.09409309026324e-18
547.	0.	0.	1.5171596385412977e-17	6.044204290519261e-18
548.	0.	0.	1.5002525540800662e-17	5.994304000513715e-18
549.	0.	0.	1.4834291536287415e-17	5.9444004240184455e-18
549.9999999999999	0.	0.	1.466691141049062e-17	5.894501647707318e-18
551.	0.	0.	1.4500401683927784e-17	5.8446156407215664e-18
552.	0.	0.	1.4334778363881013e-17	5.794750254287639e-18
553.	0.	0.	1.4170056949348954e-17	5.7449132213802005e-18
554.	0.	0.	1.4006252436102247e-17	5.695112156438152e-18
554.9999999999999	0.	0.	1.384337932181374e-17	5.645354555122585e-18
556.	0.	0.	1.3681451611281034e-17	5.5956477941249416e-18
557.	0.	0.	1.352048282172275e-17	5.5459991310186145e-18
558.	0.	0.	1.3360485988148662e-17	5.496415704154929e-18
558.9999999999999	0.	0.	1.3201473668801168e-17	5.44690453260346e-18
560.	0.	0.	1.304345795066079e-17	5.397472516134141e-18
561.	0.	0.	1.2886450455012012e-17	5.3481264352408786e-18
562.	0.	0.	1.2730462343071345e-17	5.298872951207968e-18
563.	0.	0.	1.257550432166023e-17	5.2497186062128294e-18
563.9999999999999	0.	0.	1.2421586648935481e-17	5.200669823471221e-18
565.	0.	0.	1.2268719140161222e-17	5.151732907418786e-18
566.	0.	0.	1.2116911173522738e-17	5.102914043929924e-18
567.	0.	0.	1.1966171695978563e-17	5.054219300572893e-18
567.9999999999999	0.	0.	1.1816509229150279e-17	5.005654626901783e-18
569.	0.	0.	1.1667931875238798e-17	4.957225854780975e-18
570.	0.	0.	1.15204473229714e-17	4.908938698744754e-18
571.	0.	0.	1.1374062853571666e-17	4.8607987563890136e-18
572.	0.	0.	1.122878534675342e-17	4.812811508796152e-18
572.9999999999999	0.	0.	1.108462128672797e-17	4.764982320989316e-18
574.	0.	0.	1.0941576768230622e-17	4.7173164424185796e-18
575.	0.	0.	1.079965750255733e-17	4.6698190074760706e-18
576.	0.	0.	1.065886882360811e-17	4.6224950360386975e-18
576.9999999999999	0.	0.	1.0519215693940972e-17	4.5753494340406645e-18
578.	0.	0.	1.038070271082577e-17	4.528386994071682e-18
579.	0.	0.	1.0243334112300139e-17	4.4816123960017584e-18
580.	0.	0.	1.010711378321984e-17	4.435030207630288e-18
581.	0.	0.	9.972045261311788e-18	4.388644885362687e-18
582.	0.	0.	9.83813174321137e-18	4.342460774907236e-18
583.	0.	0.	9.705376090494746e-18	4.296482111997133e-18
584.	0.	0.	9.573780835699838e-18	4.2507130231349105e-18
585.	0.	0.	9.443348188329772e-18	4.2051575263572454e-18
585.9999999999999	0.	0.	9.314080040841187e-18	4.1598195320209154e-18
587.	0.	0.	9.185977974615999e-18	4.114702843609896e-18
588.	0.	0.	9.059043265907063e-18	4.069811158559484e-18
589.	0.	0.	8.933276891766965e-18	4.025148069101519e-18
589.9999999999999	0.	0.	8.808679535947228e-18	3.9807170631253046e-18
591.	0.	0.	8.68525159477411e-18	3.936521525057435e-18
592.	0.	0.	8.562993182994097e-18	3.892564736756977e-18
593.	0.	0.	8.44190413958761e-18	3.848849878425974e-18
594.	0.	0.	8.321984033555203e-18	3.805380029536948e-18
594.9999999999999	0.	0.	8.203232169664023e-18	3.762158169772294e-18
596.	0.	0.	8.085647594165092e-18	3.719187179979938e-18
597.	0.	0.	7.969229100469613e-18	3.676469843140449e-18
598.	0.	0.	7.853975234786924e-18	3.63400884534644e-18
598.9999999999999	0.	0.	7.739884301725322e-18	3.5918067767950864e-18
600.	0.	0.	7.626954369850828e-18	3.549866132791365e-18
601.	0.	0.	7.515183277201128e-18	3.50818931476082e-18
602.	0.	0.	7.40456863676019e-18	3.4667786312741888e-18
603.	0.	0.	7.295107841884046e-18	3.425636299079841e-18
603.9999999999999	0.	0.	7.18679807168356e-18	3.384764444146086e-18
605.	0.	0.	7.079636296357636e-18	3.344165102710835e-18
606.	0.	0.	6.973619282480602e-18	3.3038402223399945e-18
607.	0.	0.	6.86874359823883e-18	3.2637916629920346e-18
607.9999999999999	0.	0.	6.765005618618708e-18	3.224021198089998e-18
609.	0.	0.	6.662401530541873e-18	3.1845305155987e-18
610.	0.	0.	6.5609273379509964e-18	3.1453212191084386e-18
611.	0.	0.	6.460578866841087e-18	3.1063948289230327e-18
612.	0.	0.	6.361351770239465e-18	3.0677527831530963e-18
612.9999999999999	0.	0.	6.263241533127968e-18	3.029396438811841e-18
614.	0.	0.	6.166243477316104e-18	2.9913270729168516e-18
615.	0.	0.	6.0703527662535476e-18	2.953545883592635e-18
616.	0.	0.	5.975564409790786e-18	2.9160539911775113e-18
616.9999999999999	0.	0.	5.881873268880527e-18	2.8788524393315164e-18
618.	0.	0.	5.789274060224402e-18	2.841942196146876e-18
619.	0.	0.	5.69776136086022e-18	2.805324155259027e-18
620.	0.	0.	5.607329612694065e-18	2.768999136959547e-18
621.	0.	0.	5.517973126970892e-18	2.732967889308086e-18
621.9999999999999	0.	0.	5.429686088691037e-18	2.697231089246423e-18
623.	0.	0.	5.342462560962609e-18	2.6617893437096207e-18
624.	0.	0.	5.256296489300642e-18	2.6266431907393167e-18
625.	0.	0.	5.171181705861197e-18	2.5917931005930635e-18
625.9999999999999	0.	0.	5.0871119336210226e-18	2.5572394768548412e-18
627.	0.	0.	5.0040807904935676e-18	2.5229826575415803e-18
628.	0.	0.	4.922081793388787e-18	2.4890229162095192e-18
629.	0.	0.	4.841108362208827e-18	2.4553604630558763e-18
629.9999999999999	0.	0.	4.7611538237881366e-18	2.4219954460198566e-18
630.9999999999999	0.	0.	4.682211415769857e-18	2.388927951878839e-18
632.	0.	0.	4.6042742904246425e-18	2.356158007342203e-18
633.	0.	0.	4.527335518408105e-18	2.3236855801407788e-18
634.	0.	0.	4.451388092458285e-18	2.2915105801123447e-18
634.9999999999999	0.	0.	4.3764249310343155e-18	2.259632860283266e-18
636.	0.	0.	4.302438881892937e-18	2.2280522179444206e-18
637.	0.	0.	4.2294227256068555e-18	2.1967683957231248e-18
638.	0.	0.	4.1573691790247406e-18	2.1657810826504428e-18
638.9999999999999	0.	0.	4.086270898667462e-18	2.1350899152209777e-18
640.	0.	0.	4.0161204840694984e-18	2.1046944784493763e-18
641.	0.	0.	3.946910481058529e-18	2.0745943069194577e-18
642.	0.	0.	3.878633384976518e-18	2.044788885827551e-18
643.	0.	0.	3.811281643843431e-18	2.015277652019997e-18
643.9999999999999	0.	0.	3.744847661460295e-18	1.9860599950231675e-18
645.	0.	0.	3.679323800456107e-18	1.957135258067614e-18
646.	0.	0.	3.614702385275392e-18	1.9285027391044215e-18
647.	0.	0.	3.550975705109461e-18	1.9001616918152712e-18
647.9999999999999	0.	0.	3.488136016769445e-18	1.8721113266143754e-18
649.	0.	0.	3.4261755475027177e-18	1.8443508116433535e-18
650.	0.	0.	3.3650864977528615e-18	1.8168792737580635e-18
651.	0.	0.	3.304861043863104e-18	1.789695799507722e-18
652.	0.	0.	3.2454913407254057e-18	1.7627994361066422e-18
652.9999999999999	0.	0.	3.1869695243715437e-18	1.73618919239631e-18
654.	0.	0.	3.1292877145117835e-18	1.7098640398006659e-18
655.	0.	0.	3.0724380170171763e-18	1.6838229132718771e-18
656.	0.	0.	3.016412526349508e-18	1.6580647122284284e-18
656.9999999999999	0.	0.	2.961203327935248e-18	1.632588301483359e-18
658.	0.	0.	2.9068025004890184e-18	1.607392512165078e-18
659.	0.	0.	2.853202118281597e-18	1.582476142627657e-18
660.	0.	0.	2.8003942533580055e-18	1.5578379593535727e-18
661.	0.	0.	2.7483709777029585e-18	1.5334766978465961e-18
661.9999999999999	0.	0.	2.6971243653534606e-18	1.509391063514729e-18
663.	0.	0.	2.6466464944638534e-18	1.4855797325454565e-18
664.	0.	0.	2.596929449318026e-18	1.4620413527702298e-18
665.	0.	0.	2.547965322292882e-18	1.4387745445199681e-18
665.9999999999999	0.	0.	2.4997462157722067e-18	1.4157779014707685e-18
667.	0.	0.	2.4522642440125043e-18	1.3930499914803383e-18
668.	0.	0.	2.4055115349610456e-18	1.3705893574148836e-18
669.	0.	0.	2.3594802320235263e-18	1.348394517964698e-18
670.	0.	0.	2.314162495788923e-18	1.3264639684523233e-18
670.9999999999999	0.	0.	2.2695505057051747e-18	1.304796181629306e-18
672.	0.	0.	2.2256364617093555e-18	1.2833896084632374e-18
673.	0.	0.	2.1824125858126137e-18	1.2622426789149808e-18
674.	0.	0.	2.1398711236406684e-18	1.2413538027061387e-18
674.9999999999999	0.	0.	2.098004345929922e-18	1.2207213700762697e-18
676.	0.	0.	2.0568045499802762e-18	1.2003437525304598e-18
677.	0.	0.	2.016264061063656e-18	1.1802193035759611e-18
678.	0.	0.	1.976375233791466e-18	1.1603463594496988e-18
678.9999999999999	0.	0.	1.937130453439929e-18	1.1407232398354778e-18
679.9999999999999	0.	0.	1.898522137233258e-18	1.1213482485706893e-18
681.	0.	0.	1.8605427355869502e-18	1.1022196743433279e-18
682.	0.	0.	1.8231847333108673e-18	1.0833357913789324e-18
683.	0.	0.	1.7864406507720958e-18	1.0646948601170328e-18
683.9999999999999	0.	0.	1.7503030450200534e-18	1.0462951278781935e-18
685.	0.	0.	1.7147645108714831e-18	1.0281348295200282e-18
686.	0.	0.	1.6798176819596778e-18	1.0102121880842553e-18
687.	0.	0.	1.6454552317447569e-18	9.925254154327718e-19
687.9999999999999	0.	0.	1.6116698744885315e-18	9.750727128743258e-19
688.9999999999999	0.	0.	1.5784543661925344e-18	9.578522717808147e-19
690.	0.	0.	1.545801505501201e-18	9.408622741938575e-19
691.	0.	0.	1.513704134569543e-18	9.241008934211152e-19
692.	0.	0.	1.4821551398972962e-18	9.075662946231541e-19
692.9999999999999	0.	0.	1.4511474531284926e-18	8.91256635389801e-19
694.	0.	0.	1.4206740518186607e-18	8.751700663073207e-19
695.	0.	0.	1.3907279601691047e-18	8.593047315153073e-19
696.	0.	0.	1.3613022497293016e-18	8.436587692541167e-19
696.9999999999999	0.	0.	1.3323900400675088e-18	8.2823031240217815e-19
698.	0.	0.	1.3039844994111356e-18	8.130174890041585e-19
699.	0.	0.	1.2760788452563732e-18	7.980184227891007e-19
700.	0.	0.	1.2486663449481314e-18	7.83231233679055e-19
701.	0.	0.	1.2217403162310703e-18	7.6865403828842245e-19
701.9999999999999	0.	0.	1.1952941277718033e-18	7.542849504136205e-19
703.	0.	0.	1.1693211996528847e-18	7.401220815132958e-19
704.	0.	0.	1.143815003839556e-18	7.261635411793268e-19
705.	0.	0.	1.1187690646193882e-18	7.124074375985788e-19
705.9999999999999	0.	0.	1.0941769590154695e-18	6.988518780052598e-19
707.	0.	0.	1.0700323171736862e-18	6.854949691242591e-19
708.	0.	0.	1.0463288227245233e-18	6.723348176052927e-19
709.	0.	0.	1.023060213120371e-18	6.593695304482376e-19
710.	0.	0.	1.0002202799479037e-18	6.465972154191369e-19
710.9999999999999	0.	0.	9.778028692170695e-19	6.340159814576385e-19
712.	0.	0.	9.558018816268906e-19	6.216239390756612e-19
713.	0.	0.	9.342112728078193e-19	6.094192007468729e-19
714.	0.	0.	9.130250535427272e-19	5.973998812882233e-19
714.9999999999999	0.	0.	8.92237289965133e-19	5.8556409823215565e-19
716.	0.	0.	8.718421037367026e-19	5.739099721907508e-19
717.	0.	0.	8.518336722039384e-19	5.624356272114041e-19
718.	0.	0.	8.322062285342119e-19	5.511391911240102e-19
719.	0.	0.	8.129540618322558e-19	5.400187958799836e-19
719.9999999999999	0.	0.	7.940715172369604e-19	5.290725778830263e-19
721.	0.	0.	7.755529959996105e-19	5.182986783118887e-19
722.	0.	0.	7.573929555431886e-19	5.076952434349072e-19
723.	0.	0.	7.395859095042336e-19	4.972604249169038e-19
723.9999999999999	0.	0.	7.221264277565697e-19	4.869923801178835e-19
725.	0.	0.	7.050091364183944e-19	4.768892723842467e-19
726.	0.	0.	6.882287178425082e-19	4.669492713322325e-19
727.	0.	0.	6.717799105902522e-19	4.571705531236954e-19
727.9999999999999	0.	0.	6.556575093895107e-19	4.475513007342706e-19
728.9999999999999	0.	0.	6.398563650779326e-19	4.380897042146002e-19
730.	0.	0.	6.243713845303753e-19	4.28783960943556e-19
731.	0.	0.	6.091975305723863e-19	4.1963227587474017e-19
732.	0.	0.	5.943298218792277e-19	4.106328617755137e-19
732.9999999999999	0.	0.	5.797633328612191e-19	4.0178393945910476e-19
734.	0.	0.	5.654931935358696e-19	3.93083738009726e-19
735.	0.	0.	5.515145893868923e-19	3.845304950007649e-19
736.	0.	0.	5.3782276121064225e-19	3.7612245670618484e-19
736.9999999999999	0.	0.	5.244130049503405e-19	3.6785787830515053e-19
737.9999999999999	0.	0.	5.112806715185525e-19	3.5973502408013726e-19
739.	0.	0.	4.984211666081929e-19	3.5175216760848224e-19
740.	0.	0.	4.858299504922618e-19	3.439075919473792e-19
741.	0.	0.	4.735025378130373e-19	3.3619958981267894e-19
741.9999999999999	0.	0.	4.614344973607326e-19	3.2862646375131735e-19
743.	0.	0.	4.496214518422258e-19	3.2118652630766086e-19
744.	0.	0.	4.380590776399225e-19	3.1387810018365606e-19
745.	0.	0.	4.267431045612335e-19	3.0669951839300896e-19
745.9999999999999	0.	0.	4.156693155791222e-19	2.996491244095496e-19
746.9999999999999	0.	0.	4.0483354656391727e-19	2.9272527230972537e-19
748.	0.	0.	3.942316860064898e-19	2.8592632690930254e-19
749.	0.	0.	3.838596747336164e-19	2.7925066389456695e-19
750.	0.	0.	3.737135056151611e-19	2.7269666994773766e-19
750.9999999999999	0.	0.	3.6378922326426256e-19	2.662627428672982e-19
752.	0.	0.	3.5408292372980337e-19	2.599472916825537e-19
753.	0.	0.	3.4459075418228054e-19	2.537487367631657e-19
754.	0.	0.	3.353089125928623e-19	2.4766550992333173e-19
754.9999999999999	0.	0.	3.2623364740634697e-19	2.416960545210794e-19
756.	0.	0.	3.173612572074891e-19	2.3583882555211246e-19
757.	0.	0.	3.0868809038226235e-19	2.300922897392689e-19
758.	0.	0.	3.002105447727894e-19	2.2445492561654755e-19
759.	0.	0.	2.9192506732773885e-19	2.1892522360896743e-19
759.9999999999999	0.	0.	2.838281537469886e-19	2.1350168610718468e-19
761.	0.	0.	2.7591634812190067e-19	2.0818282753784786e-19
762.	0.	0.	2.681862425709496e-19	2.0296717442935512e-19
763.	0.	0.	2.606344768709749e-19	1.9785326547312489e-19
763.9999999999999	0.	0.	2.532577380844642e-19	1.9283965158062208e-19
765.	0.	0.	2.4605276018274646e-19	1.879248959359436e-19
766.	0.	0.	2.3901632366595934e-19	1.8310757404447902e-19
767.	0.	0.	2.3214525517901172e-19	1.7838627377708396e-19
768.	0.	0.	2.2543642712506965e-19	1.737595954107305e-19
768.9999999999999	0.	0.	2.188867572752827e-19	1.6922615166465836e-19
770.	0.	0.	2.1249320837638813e-19	1.6478456773312296e-19
771.	0.	0.	2.0625278775528594e-19	1.604334813140803e-19
772.	0.	0.	2.0016254692139646e-19	1.56171542634246e-19
772.9999999999999	0.	0.	1.942195811668195e-19	1.5199741447054068e-19
774.	0.	0.	1.8842102916430669e-19	1.479097721678583e-19
775.	0.	0.	1.8276407256377578e-19	1.4390730365362313e-19
776.	0.	0.	1.7724593558661368e-19	1.399887094485262e-19
776.9999999999999	0.	0.	1.71863884619088e-19	1.3615270267437806e-19
777.9999999999999	0.	0.	1.666152278039312e-19	1.323980090583188e-19
779.	0.	0.	1.6149731463108995e-19	1.287233669340714e-19
780.	0.	0.	1.5650753552744992e-19	1.2512752724006824e-19
781.	0.	0.	1.5164332144545287e-19	1.2160925351429705e-19
781.9999999999999	0.	0.	1.4690214345147546e-19	1.181673218865608e-19
783.	0.	0.	1.4228151231334353e-19	1.148005210675297e-19
784.	0.	0.	1.3777897808735712e-19	1.1150765233490888e-19
785.	0.	0.	1.3339212970566598e-19	1.0828752951730075e-19
785.9999999999999	0.	0.	1.2911859456279501e-19	1.0513897897478021e-19
786.9999999999999	0.	0.	1.2495603810263294e-19	1.0206083957720437e-19
788.	0.	0.	1.2090216340545372e-19	9.905196267982785e-20
789.	0.	0.	1.169547107753433e-19	9.611121209656067e-20
790.	0.	0.	1.1311145732765312e-19	9.323746407044703e-20
790.9999999999999	0.	0.	1.093702165775032e-19	9.042960724223725e-20
792.	0.	0.	1.0572883802848894e-19	8.768654261626542e-20
793.	0.	0.	1.0218520676232203e-19	8.50071835242533e-20
794.	0.	0.	9.873724302936863e-20	8.239045558695022e-20
794.9999999999999	0.	0.	9.538290184000972e-20	7.983529667353891e-20
795.9999999999999	0.	0.	9.212017255715894e-20	7.734065685904542e-20
797.	0.	0.	8.894707848989083e-20	7.49054983797007e-20
798.	0.	0.	8.586167648846202e-20	7.252879558646394e-20
799.	0.	0.	8.286205654043764e-20	7.020953489644491e-20
799.9999999999999	0.	0.	7.994634136850931e-20	6.794671474270506e-20
801.	0.	0.	7.711268602972093e-20	6.573934552217426e-20
802.	0.	0.	7.435927751628033e-20	6.358644954181978e-20
803.	0.	0.	7.168433435811624e-20	6.148706096318768e-20
803.9999999999999	0.	0.	6.908610622723028e-20	5.944022574535256e-20
804.9999999999999	0.	0.	6.656287354379825e-20	5.744500158621689e-20
806.	0.	0.	6.411294708439124e-20	5.550045786245634e-20
807.	0.	0.	6.173466759180039e-20	5.3605675567695577e-20
808.	0.	0.	5.942640538748417e-20	5.175974724974246e-20
808.9999999999999	0.	0.	5.718655998554739e-20	4.996177694595707e-20
810.	0.	0.	5.501355970930981e-20	4.8210880117652703e-20
811.	0.	0.	5.2905861309973693e-20	4.6506183583114756e-20
812.	0.	0.	5.0861949587598176e-20	4.484682544940108e-20
812.9999999999999	0.	0.	4.888033701442715e-20	4.3231955042976735e-20
814.	0.	0.	4.6959563360636416e-20	4.16607328392073e-20
815.	0.	0.	4.509819532254783e-20	4.013233039081861e-20
816.	0.	0.	4.3294826153372766e-20	3.8645930255300116e-20
816.9999999999999	0.	0.	4.154807529640246e-20	3.7200725921248085e-20
817.9999999999999	0.	0.	3.985658802093442e-20	3.579592173386332e-20
819.	0.	0.	3.821903506076469e-20	3.44307328194938e-20
820.	0.	0.	3.663411225530458e-20	3.3104385009243e-20
821.	0.	0.	3.510054019359561e-20	3.181611476193094e-20
821.9999999999999	0.	0.	3.361706386086463e-20	3.0565169086066245e-20
823.	0.	0.	3.2182452287969185e-20	2.935080546117658e-20
824.	0.	0.	3.079549820367326e-20	2.8172291758428655e-20
825.	0.	0.	2.9455017689708036e-20	2.7028906160534564e-20
825.9999999999999	0.	0.	2.815984983878668e-20	2.5919937081084108e-20
826.9999999999999	0.	0.	2.690885641543678e-20	2.4844683083205137e-20
828.	0.	0.	2.5700921519798086e-20	2.3802452797700792e-20
829.	0.	0.	2.453495125441156e-20	2.279256484069059e-20
830.	0.	0.	2.3409873393910334e-20	2.181434773069967e-20
830.9999999999999	0.	0.	2.232463705764975e-20	2.0867139805239515e-20
832.	0.	0.	2.1278212385600917e-20	1.9950289137192917e-20
833.	0.	0.	2.026959021688765e-20	1.9063153450453893e-20
834.	0.	0.	1.9297781771743946e-20	1.820510003555848e-20
834.9999999999999	0.	0.	1.8361818336194586e-20	1.737550566466811e-20
835.9999999999999	0.	0.	1.7460750950075916e-20	1.6573756506512323e-20
837.	0.	0.	1.6593650097902367e-20	1.5799248040837364e-20
838.	0.	0.	1.5759605403048578e-20	1.505138497282767e-20
839.	0.	0.	1.4957725324773058e-20	1.4329581147070653e-20
839.9999999999999	0.	0.	1.4187136858616288e-20	1.3633259461593637e-20
841.	0.	0.	1.3446985239620536e-20	1.2961851781463744e-20
842.	0.	0.	1.2736433648929154e-20	1.231479885251476e-20
843.	0.	0.	1.2054662923306762e-20	1.1691550214769543e-20
843.9999999999999	0.	0.	1.140087126788318e-20	1.1091564115888783e-20
844.9999999999999	0.	0.	1.0774273971966147e-20	1.0514307424507128e-20
846.	0.	0.	1.0174103127976062e-20	9.959255543539981e-21
847.	0.	0.	9.599607353548304e-21	9.425892323527773e-21
848.	0.	0.	9.050051516700085e-21	8.913709975937658e-21
848.9999999999999	0.	0.	8.524716464068707e-21	8.422208986465422e-21
850.	0.	0.	8.022898752428323e-21	7.950898028551383e-21
851.	0.	0.	7.54391038307194e-21	7.499293876747541e-21
852.	0.	0.	7.087078539504251e-21	7.066921320384054e-21
852.9999999999999	0.	0.	6.651745328085993e-21	6.653313077220474e-21
853.9999999999999	0.	0.	6.2372675218604945e-21	6.258009707331607e-21
855.	0.	0.	5.8430163073539455e-21	5.880559527046842e-21
856.	0.	0.	5.46837703452355e-21	5.520518523148157e-21
857.	0.	0.	5.112748969762363e-21	5.1774502672611015e-21
857.9999999999999	0.	0.	4.775545051894245e-21	4.8509258304010324e-21
859.	0.	0.	4.4561916512296564e-21	4.540523697775584e-21
860.	0.	0.	4.154128331657918e-21	4.2458296838438645e-21
861.	0.	0.	3.868807615764738e-21	3.966436847655728e-21
861.9999999999999	0.	0.	3.599694752874101e-21	3.701945408391253e-21
863.	0.	0.	3.3462674901695495e-21	3.451962661294883e-21
864.	0.	0.	3.108015846715448e-21	3.2161028938442978e-21
865.	0.	0.	2.884441890448937e-21	2.9939873022600655e-21
865.9999999999999	0.	0.	2.6750595181386477e-21	2.7852439083821037e-21
866.9999999999999	0.	0.	2.4793942381871355e-21	2.5895074768127374e-21
868.	0.	0.	2.2969829564801076e-21	2.4064194325709414e-21
869.	0.	0.	2.127373764957151e-21	2.235627778949142e-21
870.	0.	0.	1.970125733171974e-21	2.076787015879931e-21
870.9999999999999	0.	0.	1.8248087026660857e-21	1.929558058664008e-21
872.	0.	0.	1.6910030841507544e-21	1.7936081570796472e-21
873.	0.	0.	1.5682996575757229e-21	1.6686108149914632e-21
874.	0.	0.	1.4562993749049605e-21	1.5542457102969356e-21
874.9999999999999	0.	0.	1.3546131657408238e-21	1.4501986153932481e-21
875.9999999999999	0.	0.	1.2628617456766444e-21	1.3561613180667175e-21
877.	0.	0.	1.1806754273506052e-21	1.271831542807444e-21
878.	0.	0.	1.1076939343194981e-21	1.1969128727082255e-21
879.	0.	0.	1.0435662174836135e-21	1.1311146716894825e-21
879.9999999999999	0.	0.	9.879502743210183e-22	1.0741520073598256e-21
881.	0.	0.	9.405129706742282e-22	1.0257455742661025e-21
882.	0.	0.	9.009298652212205e-22	9.856216177072243e-22
883.	0.	0.	8.688850365580461e-22	9.535118580639574e-22
883.9999999999999	0.	0.	8.44070912808282e-22	9.291534155839902e-22
884.9999999999999	0.	0.	8.261881038924882e-22	9.122887357980396e-22
886.	0.	0.	8.149452362133325e-22	9.026655153318763e-22
887.	0.	0.	8.100587900278413e-22	9.000366284427347e-22
888.	0.	0.	8.112529391215331e-22	9.041600538873346e-22
888.9999999999999	0.	0.	8.182593931113881e-22	9.147988025133065e-22
890.	0.	0.	8.308172421221653e-22	9.31720845322475e-22
891.	0.	0.	8.486728039077497e-22	9.546990421170016e-22
892.	0.	0.	8.715794733680558e-22	9.83511070702673e-22
892.9999999999999	0.	0.	8.992975744466545e-22	1.0179393566649824e-21
893.9999999999999	0.	0.	9.315942144082189e-22	1.0577710037475403e-21
895.	0.	0.	9.68243140409658e-22	1.1027977247659034e-21
896.	0.	0.	1.0090245983738103e-21	1.1528157730977791e-21
897.	0.	0.	1.0537251942278065e-21	1.2076258748505056e-21
897.9999999999999	0.	0.	1.102137757282199e-21	1.267033161482209e-21
899.	0.	0.	1.154061205925525e-21	1.3308471031043502e-21
900.	0.	0.	1.2093004155347666e-21	1.3988814423843633e-21
901.	0.	0.	1.2676660885241322e-21	1.4709541289876176e-21
901.9999999999999	0.	0.	1.3289746265857615e-21	1.546887254651256e-21
902.9999999999999	0.	0.	1.393048005065529e-21	1.6265069888531456e-21
904.	0.	0.	1.4597136494842678e-21	1.7096435151188978e-21
905.	0.	0.	1.5288043140974045e-21	1.7961309678712272e-21
906.	0.	0.	1.6001579625326552e-21	1.8858073698972616e-21
906.9999999999999	0.	0.	1.673617650535837e-21	1.9785145704981056e-21
908.	0.	0.	1.7490314106438877e-21	2.074098184139057e-21
909.	0.	0.	1.8262521389162897e-21	2.1724075297806877e-21
910.	0.	0.	1.905137483614696e-21	2.2732955707932496e-21
910.9999999999999	0.	0.	1.9855497358346207e-21	2.3766188554834998e-21
911.9999999999999	0.	0.	2.0673557220718634e-21	2.4822374582470586e-21
913.	0.	0.	2.150426698656517e-21	2.5900149212883044e-21
914.	0.	0.	2.2346382481104304e-21	2.6998181970072932e-21
914.9999999999999	0.	0.	2.3198701773245195e-21	2.8115175909572144e-21
915.9999999999999	0.	0.	2.406006417573668e-21	2.9249867054178903e-21
917.	0.	0.	2.4929349263455287e-21	3.0401023835881085e-21
918.	0.	0.	2.5805475909559904e-21	3.1567446543900368e-21
919.	0.	0.	2.668740133892363e-21	3.2747966778409438e-21
919.9999999999999	0.	0.	2.7574120199528396e-21	3.394144691101345e-21
921.	0.	0.	2.84646636503554e-21	3.5146779550512435e-21
922.	0.	0.	2.9358098466766048e-21	3.636288701539523e-21
923.	0.	0.	3.0253526162054097e-21	3.758872081170113e-21
923.9999999999999	0.	0.	3.1150082125870232e-21	3.8823261117419466e-21
924.9999999999999	0.	0.	3.2046934778759356e-21	4.0065516272711575e-21
926.	0.	0.	3.2943284742600206e-21	4.131452227593553e-21
927.	0.	0.	3.3838364026867273e-21	4.256934228570231e-21
928.	0.	0.	3.473143523070528e-21	4.382906612912845e-21
928.9999999999999	0.	0.	3.562179076004779e-21	4.5092809815601836e-21
930.	0.	0.	3.6508752060024165e-21	4.635971505666012e-21
931.	0.	0.	3.739166886240537e-21	4.762894879180397e-21
932.	0.	0.	3.8269918447325956e-21	4.889970271969156e-21
932.9999999999999	0.	0.	3.9142904920228664e-21	5.017119283599254e-21
933.9999999999999	0.	0.	4.001005850228546e-21	5.144265897603063e-21
935.	0.	0.	4.087083483555836e-21	5.271336436401227e-21
936.	0.	0.	4.172471430159116e-21	5.398259516745181e-21
937.	0.	0.	4.257120135393361e-21	5.524966005759621e-21
937.9999999999999	0.	0.	4.340982386392267e-21	5.6513889775318726e-21
939.	0.	0.	4.424013248000725e-21	5.7774636702953424e-21
940.	0.	0.	4.506169999968358e-21	5.9031274441224296e-21
941.	0.	0.	4.587412075477232e-21	6.028319739231404e-21
941.9999999999999	0.	0.	4.667701000898462e-21	6.152982034807277e-21
942.9999999999999	0.	0.	4.74700033682566e-21	6.277057808405667e-21
944.	0.	0.	4.8252756203031675e-21	6.400492495862951e-21
945.	0.	0.	4.902494308288266e-21	6.523233451791066e-21
946.	0.	0.	4.978625722288343e-21	6.645229910585163e-21
946.9999999999999	0.	0.	5.053640994180564e-21	6.766432947991057e-21
948.	0.	0.	5.127513013167633e-21	6.886795443181382e-21
949.	0.	0.	5.200216373877815e-21	7.006272041378472e-21
950.	0.	0.	5.271727325575147e-21	7.124819116995417e-21
950.9999999999999	0.	0.	5.342023722465631e-21	7.24239473730023e-21
951.9999999999999	0.	0.	5.411084975081005e-21	7.35895862659205e-21
953.	0.	0.	5.478892002741445e-21	7.474472130916996e-21
954.	0.	0.	5.545427187021818e-21	7.588898183243849e-21
954.9999999999999	0.	0.	5.610674326293056e-21	7.702201269209647e-21
955.9999999999999	0.	0.	5.674618591232767e-21	7.814347393306388e-21
957.	0.	0.	5.737246481346586e-21	7.925304045603706e-21
958.	0.	0.	5.798545782465032e-21	8.035040168955553e-21
959.	0.	0.	5.858505525199934e-21	8.143526126701532e-21
959.9999999999999	0.	0.	5.917115944327771e-21	8.250733670835422e-21
960.9999999999999	0.	0.	5.9743684391106534e-21	8.356635910661782e-21
962.	0.	0.	6.030255534545841e-21	8.461207281966688e-21
963.	0.	0.	6.08477084346833e-21	8.56442351659461e-21
963.9999999999999	0.	0.	6.137909029567747e-21	8.666261612551348e-21
964.9999999999999	0.	0.	6.189665771251763e-21	8.766699804538193e-21
966.	0.	0.	6.240037726360146e-21	8.865717534965647e-21
967.	0.	0.	6.289022497716734e-21	8.963295425408767e-21
968.	0.	0.	6.336618599489682e-21	9.059415248521385e-21
968.9999999999999	0.	0.	6.382825424364672e-21	9.154059900397585e-21
969.9999999999999	0.	0.	6.427643211504522e-21	9.2472133733767e-21
971.	0.	0.	6.471073015277037e-21	9.338860729281217e-21
972.	0.	0.	6.513116674748804e-21	9.428988073088128e-21
972.9999999999999	0.	0.	6.5537767839285055e-21	9.517582527047344e-21
973.9999999999999	0.	0.	6.593056662733908e-21	9.604632205201889e-21
975.	0.	0.	6.630960328684672e-21	9.690126188342347e-21
976.	0.	0.	6.667492469297334e-21	9.774054499377845e-21
977.	0.	0.	6.702658415177905e-21	9.85640807911885e-21
977.9999999999999	0.	0.	6.736464113779045e-21	9.937178762453915e-21
979.	0.	0.	6.768916103851853e-21	1.0016359254965882e-20
980.	0.	0.	6.80002149051288e-21	1.0093943109898524e-20
980.9999999999999	0.	0.	6.82978792099068e-21	1.0169924705563288e-20
982.	0.	0.	6.858223560971085e-21	1.0244299223103396e-20
982.9999999999999	0.	0.	6.885337071578675e-21	1.0317062624668455e-20
983.9999999999999	0.	0.	6.911137586951118e-21	1.0388211631949652e-20
985.	0.	0.	6.935634692414248e-21	1.0457743705112155e-20
985.9999999999999	0.	0.	6.958838403235723e-21	1.0525657022091838e-20
987.	0.	0.	6.980759143935541e-21	1.0591950458245132e-20
988.	0.	0.	7.001407728178558e-21	1.0656623566399357e-20
988.9999999999999	0.	0.	7.02079533920398e-21	1.0719676557237105e-20
990.	0.	0.	7.038933510776803e-21	1.0781110280033817e-20
990.9999999999999	0.	0.	7.055834108680776e-21	1.0840926203764001e-20
992.	0.	0.	7.071509312727688e-21	1.089912639854844e-20
993.	0.	0.	7.085971599257896e-21	1.0955713517439424e-20
993.9999999999999	0.	0.	7.099233724145258e-21	1.1010690778551735e-20
995.	0.	0.	7.111308706275643e-21	1.1064061947520522e-20
995.9999999999999	0.	0.	7.122209811509441e-21	1.1115831320302264e-20
997.	0.	0.	7.131950537103234e-21	1.1166003706293896e-20
998.	0.	0.	7.140544596581291e-21	1.1214584411772417e-20
998.9999999999999	0.	0.	7.14800590505864e-21	1.1261579223661864e-20
1000.	0.	0.	7.154348564991277e-21	1.1306994393599858e-20