0.	2.1984156497542638e8	2.1984156497542635e7	2.198415649754264e6	219841.56497542636
1.	1.1908086995131463e7	2.007122139849768e7	2.0805733702749866e6	208415.7527414733
2.	359972.50658549176	1.8307841671608634e7	1.9685613023438712e6	197536.23963770346
3.	8404.519862640425	1.668438877917051e7	1.8621116534622505e6	187178.8162385312
4.	167.88393578440164	1.5191576955616627e7	1.76096811057035e6	177320.275082689
5.	3.01111558669466	1.3820495841295062e7	1.6648853792761199e6	167938.3716956168
6.	0.049839363930735577	1.2562633142864618e7	1.5736287404113598e6	159011.78704397942
7.	0.0007746145865545098	1.140988893688457e7	1.486973623306753e6	150520.0913724539
8.	0.000011443792083505782	1.0354583020503044e7	1.4047051951971732e6	142443.7093745756
9.	1.6098141280949252e-7	9.389456525179055e6	1.3266179661878066e6	134763.88665102734
10.	0.	8.507668843510067e6	1.2525154092302094e6	127462.65741030083
11.	0.	7.702790773134548e6	1.182209594575502e6	120522.81336815705
12.	0.	6.968794653213909e6	1.115520838189383e6	113927.87380376029
13.	0.	6.300042156254105e6	1.0522773636306843e6	107662.05673176672
14.	0.	5.691270299275235e6	992314.9769116221	101710.25115100475
14.999999999999998	0.	5.1375761520211985e6	935476.7538739361	96057.99033170457
16.	0.	4.634400644620995e6	881612.7396305813	90691.42610450552
17.	0.	4.177511811611731e6	830579.6596376946	85597.30411570669
18.	0.	3.7629877523832205e6	782240.6419761183	80762.94001441966
18.999999999999996	0.	3.387199538895925e6	736464.9504359189	76176.1965384403
20.	0.	3.0467942590545113e6	693127.7280110142	71825.4614667749
21.	0.	2.7386783475824487e6	652109.7504243193	67699.62640784195
22.	0.	2.4600013249191386e6	613297.1893166762	63788.06639341869
23.	0.	2.208140037909436e6	576581.3847453038	60080.62024941759
24.	0.	1.9806834733064675e6	541858.6266495866	56567.5717155617
24.999999999999996	0.	1.7754181958558427e6	509029.94495371665	53239.63128697788
26.	0.	1.5903144465241975e6	478000.9079870402	50087.9187516484
27.	0.	1.4235129228798249e6	448681.42891393916	47103.94639855193
28.	0.	1.2733122523765569e6	420985.57987570146	44279.60287218688
29.	0.	1.1381571600238564e6	394831.4135571367	41607.13765000393
29.999999999999996	0.	1.0166273243728236e6	370140.79190064856	39079.14612008192
31.	0.	907426.9096690214	346839.2217001291	36688.55523716099
32.	0.	809374.7572073536	324855.69681637705	34428.60973590319
32.99999999999999	0.	721395.2151866283	304122.54676477524	32292.858880979784
34.	0.	642509.5835398305	284575.29143471154	30275.143734292116
35.	0.	571828.1481691152	266152.5017086916	28369.584920315716
36.	0.	508542.7776188726	248795.66575727184	26570.570871218024
37.	0.	451920.05436900165	232449.06079387263	24872.746534039798
37.99999999999999	0.	401294.9125307015	217059.63008118255	23271.002522847422
39.	0.	356064.7536986672	202576.8649882815	21760.4646993618
40.	0.	315684.012987264	188952.69190477513	20336.484166146598
41.	0.	279659.14779466466	176141.36382516153	18994.62765699761
42.	0.	247544.02254725885	164099.35642335255	17730.668309714976
42.99999999999999	0.	218935.66353342342	152785.26844375036	16540.576806962126
44.	0.	193470.35890423998	142159.72624153842	15420.512871419673
44.99999999999999	0.	170820.079967777	132185.2923109039	14366.817101930921
46.	0.	150689.20100701685	122826.37764575041	13376.003137806241
47.	0.	132811.49598759855	114049.15778312109	12444.75013891019
48.	0.	116947.39167212052	105821.49238500684	11569.895569594759
49.	0.	102881.45780805242	98112.84821949452	10748.428274968088
49.99999999999999	0.	90420.11619419977	90894.22540730963	9977.48183839923
51.	0.	79389.55154653157	84138.08680472808	9254.328209556386
52.	0.	69633.80817037102	77818.29039859254	8576.37159266045
53.	0.	61013.057496584624	71910.02459375754	7941.142585005865
54.	0.	53402.022550097216	66389.74627772765	7346.292556159613
54.99999999999999	0.	46688.546386623944	61235.1215515322	6789.5882585947165
56.	0.	40772.292455869865	56424.969020017335	6268.906660849148
56.99999999999999	0.	35563.565725340966	51939.20553872495	5782.229994623488
58.	0.	30982.244227842886	47758.79431838502	5327.641007542959
59.	0.	26956.811477780848	43865.69529176148	4903.318413609815
59.99999999999999	0.	23423.48093708467	40242.81765118522	4507.532533663475
61.	0.	20325.404401908352	36873.974468565815	4138.641118445781
62.	0.	17611.95682743507	33743.839313019496	3795.085347140464
63.	0.	15238.090711643814	30837.90478446992	3475.385994516884
64.	0.	13163.753721402234	28142.442884691412	3178.139760061288
65.	0.	11353.363767527948	25644.46715025955	2902.0157527220645
65.99999999999999	0.	9775.336221354024	23331.696474770793	2645.7521251313337
67.	0.	8401.658415749347	21192.52055047937	2408.152851392059
68.	0.	7207.506990398769	19215.96686218809	2188.084642738891
69.	0.	6170.904026357899	17391.66916883055	1984.4739955933435
70.	0.	5272.408270340672	15709.837410668197	1796.304366736502
70.99999999999999	0.	4494.838076739714	14161.228982453094	1622.61347052134
72.	0.	3823.022996792401	12737.121315215574	1462.4906932351628
73.	0.	3243.5812213413883	11429.28571158037	1315.0746199066593
74.	0.	2744.7203379549387	10229.962381674948	1179.550669029278
75.	0.	2316.059096355728	9131.8366287649	1055.1488308423504
75.99999999999999	0.	1948.4680896864245	8128.016135762321	941.1415049769432
77.	0.	1633.9274545377684	7212.009305673689	836.8414334311167
78.	0.	1365.3998712544076	6377.704610919532	741.5997249931969
79.	0.	1136.717309084472	5619.350908243312	654.8039673787168
80.	0.	942.4801094628191	4931.538677652591	575.8764234892341
80.99999999999999	0.	777.96713624016	4309.182145494407	504.27230833835415
82.	0.	639.0558450476855	3747.502253363599	439.4781433224214
83.	0.	522.1512362064932	3242.010436086112	381.01018464144323
84.	0.	424.1227575669954	2788.493173493563	328.4129227979528
84.99999999999999	0.	342.2483162536803	2382.997282136081	281.2576502206245
85.99999999999999	0.	274.16464228282496	2021.8159144497997	239.1410941733547
87.	0.	217.82332315096946	1701.4752342155664	201.68411222058717
88.	0.	171.4518974377912	1418.721738418682	168.53044762605003
89.	0.	133.51945785393727	1170.5101968351237	139.34554216350855
89.99999999999999	0.	102.70627057332878	953.9921818545639	113.815403917666
90.99999999999999	0.	77.876968647917	766.5051621716706	91.64552774705616
92.	0.	58.05692330529093	605.5621350733743	72.55986617315497
93.	0.	42.411438421139685	468.84177308836877	56.29984854707653
94.	0.	30.227450855478253	354.1790617788594	42.62344643094217
94.99999999999999	0.	20.897453018344464	259.55640641205935	31.304283211516786
96.	0.	13.905384337097088	183.09518618768226	22.13078604341927
97.	0.	8.81426554651804	123.04773558533957	14.905378294209253
98.	0.	5.255374206202773	77.78973325756739	9.443710736899533
99.	0.	2.918781829572648	45.812979717322236	5.5739298053465625
99.99999999999999	0.	1.5450927266193741	25.718545863481193	3.1359812957179773
101.	0.	0.9182423368588153	16.210275152008563	1.9809479625225093
102.	0.	0.8592286586581686	16.088622944193023	1.9704195192634395
103.	0.	1.2206645492493418	24.24481727938263	2.9758936155748064
104.	0.	1.8820513380318837	39.655325982539026	4.878206419144098
104.99999999999999	0.	2.7456855163968705	61.376615673232465	7.566991487439279
106.	0.	3.7331203738311225	88.54018886400675	10.940165667743072
107.	0.	4.782113465683667	120.34788592911376	14.90344081502228
108.	0.	5.843998834501561	156.06743930888655	19.369860168085633
109.	0.	6.881430063007252	195.02826785328608	24.259358270683933
109.99999999999999	0.	7.866446605421225	236.6174997476358	29.498343371464827
111.	0.	8.778821505099682	280.2762129645061	35.019301280071886
112.	0.	9.604653635423352	325.4958826750859	40.76041969946604
113.	0.	10.335172063728072	371.81502552091905	46.66523209544585
113.99999999999999	0.	10.965724094838865	418.81603109223647	52.68228020327067
114.99999999999999	0.	11.494922055840156	466.1221713940033	58.764794309677725
116.	0.	11.923926985052574	513.3947794835541	64.8703904836875
117.	0.	12.25585013046801	560.3305888725603	70.96078396617756
118.	0.	12.495255584015979	606.6592256509913	77.00151795995828
118.99999999999999	0.	12.647749514505854	652.1408456626643	82.96170709537402
119.99999999999999	0.	12.719643344535749	696.5639094076062	88.8137948770771
121.	0.	12.717679873745592	739.7430876802276	94.53332444735204
122.	0.	12.648812807645406	781.5172912693813	100.09872202958294
122.99999999999999	0.	12.520031430782172	821.7478183582459	105.49109244357706
124.	0.	12.338223284910208	860.3166135499049	110.69402611009315
125.	0.	12.110068695707257	897.1246327272261	115.69341698741407
126.	0.	11.841961851197945	932.0903082281608	120.47729090751685
127.	0.	11.539953885739148	965.1481090665891	125.03564380156955
128.	0.	11.209714078372746	996.2471911890386	129.3602893285947
129.	0.	10.856505844164957	1025.3501329762669	133.44471544034175
130.	0.	10.48517469299956	1052.4317514444535	137.2839494385629
131.	0.	10.100145759934408	1077.477994796409	140.87443109798156
131.99999999999997	0.	9.705428883871553	1100.4849072001127	144.21389344979366
133.	0.	9.304629532887748	1121.457661852651	147.30125083649622
134.	0.	8.900964152258123	1140.4096585895923	150.13649386793108
135.	0.	8.497278749851592	1157.3616824710991	152.72059092387587
136.	0.	8.096069738689424	1172.341119960898	155.055395866096
137.	0.	7.6995062316526175	1185.381229463396	157.14356163600397
138.	0.	7.309453133177872	1196.5204631604033	158.98845943117888
139.	0.	6.927494500016679	1205.8018372255265	160.59410316621583
140.	0.	6.554956751019064	1213.2723476485014	161.96507893820336
140.99999999999997	0.	6.192931397057192	1218.9824290328531	163.1064792291925
141.99999999999997	0.	5.842297038705501	1222.985453867247	164.02384159114453
143.	0.	5.503740443311061	1225.337269894203	164.7230915704096
144.	0.	5.177776566373312	1226.0957733185144	165.21048963999624
145.	0.	4.864767425995051	1225.3205157189075	165.49258191968028
146.	0.	4.56493977532442	1223.0723426260176	165.5761544731256
147.	0.	4.278401547093318	1219.4130618442582	165.46819098254974
148.	0.	4.005157067887653	1214.405139687123	165.17583361000825
149.	0.	3.745121058423338	1208.1114233959215	164.70634686427275
150.	0.	3.4981314506198182	1200.5948880997626	164.06708430066567
150.99999999999997	0.	3.2639610632678924	1191.9184067621757	163.26545788976412
151.99999999999997	0.	3.0423281863630285	1182.1445416399856	162.3089098986151
153.	0.	2.832906129769973	1171.3353558641822	161.2048871365509
154.	0.	2.6353317958364344	1159.552243819681	159.96081742398442
155.	0.	2.4492133375758365	1146.8557790797818	158.58408815063024
156.	0.	2.274136964958858	1133.3055787119422	157.0820267953346
157.	0.	2.1096729616181804	1118.9601828436178	155.46188328714098
158.	0.	1.9553809731613625	1103.8769484317484	153.73081409242138
159.	0.	1.8108146266636764	1088.11195624081	151.895867919136
160.	0.	1.6755255386283892	1071.7199300934628	149.963972935346
160.99999999999997	0.	1.5490667661952133	1054.7541675037148	147.94192540345736
161.99999999999997	0.	1.4309957535706717	1037.2664808590025	145.8363796376073
163.	0.	1.320876822636353	1019.3071483641057	143.65383919628115
164.	0.	1.2182832536769683	1000.9248740025064	141.40064922648574
165.	0.	1.1227989990796878	982.1667558184884	139.0829898808517
166.	0.	1.0340200697559736	963.0782618613997	136.70687073284446
167.	0.	0.951555631068581	943.7032131732526	134.27812611938964
168.	0.	0.875028842109469	924.0837732393245	131.8024113442613
169.	0.	0.8040774693527097	904.2604433541719	129.28519967889963
169.99999999999997	0.	0.738354303038	884.2720633910901	126.73178010113041
170.99999999999997	0.	0.677527402098036	864.1558174940214	124.14725571548638
171.99999999999997	0.	0.621280190997132	843.9472442401864	121.53654280188975
173.	0.	0.5693114296646925	823.6802508510981	118.90437044260317
174.	0.	0.5213350755047783	803.3871310571274	116.25528068030633
175.	0.	0.4770800546151799	783.0985862451013	113.59362916271347
176.	0.	0.4362899574183103	762.8437495415918	110.92358623159531
177.	0.	0.39872267232830705	742.6502125129865	108.24913841735079
178.	0.	0.3641499694828121	722.5440541767404	105.57409030141308
179.	0.	0.3323570451739193	702.5498720463127	102.90206671211502
179.99999999999997	0.	0.3031420363404652	682.6908149464016	100.23651522100286
180.99999999999997	0.	0.2763155132830715	662.988617357754	97.58070890924063
181.99999999999997	0.	0.2516999577216685	643.4636350632262	94.93774937495026
183.	0.	0.22912923237403823	624.1348818882111	92.31056995490587
184.	0.	0.20844804729173777	605.0200673405164	89.7019391352219
185.	0.	0.18951142753822706	586.1356349688203	87.11446412724364
186.	0.	0.17218418595942464	567.4968012783548	84.5505945872639
187.	0.	0.15634040428557566	549.1175950455124	82.01262645870747
188.	0.	0.1418629251970781	531.0108968954835	79.50270591833798
189.	0.	0.1286428575040137	513.1884790112767	77.02283340830175
189.99999999999997	0.	0.11657909616389663	495.6610448564654	74.57486773755377
190.99999999999997	0.	0.10557785848870607	478.438268803506	72.1605302373078
192.	0.	0.0955522375597679	461.5288355688011	69.78140895624651
193.	0.	0.0864217735507921	444.9404793652347	67.4389628823865
194.	0.	0.07811204345843237	428.68002268944423	65.1345261792166
195.	0.	0.07055426949057576	412.75341467177054	62.86931242510443
196.	0.	0.06368494617574161	397.1657689218337	60.64441884550466
197.	0.	0.05744548613449804	381.92140081048814	58.46083052848902
198.	0.	0.051781884275036535	367.0238641360001	56.31942461501063
198.99999999999997	0.	0.04664440011723555	352.4759871254382	54.22097445563045
199.99999999999997	0.	0.04198725780241315	338.27990773392037	52.16615372706389
200.99999999999997	0.	0.03776836334056119	324.43710820083174	50.1555405012276
202.	0.	0.033949038511533296	310.94844883611006	48.18962126148971
203.	0.	0.03049377087557702	297.81420100697653	46.26879486030019
204.	0.	0.027369979246475388	285.03407930514317	44.39337641376775
205.	0.	0.024547793989523337	272.6072728735093	42.56360112850641
206.	0.	0.021999851505116665	260.53247587983935	40.77962805731175
207.	0.	0.019701102212609813	248.8079171241388	39.04154378004205
208.	0.	0.01762863139120515	237.43138877259327	37.3493660069788
208.99999999999997	0.	0.01576149220994594	226.40027421101215	35.70304710190491
209.99999999999997	0.	0.014080550297208073	215.71157501707074	34.102477523093526
210.99999999999997	0.	0.012568339224916831	205.36193704908564	32.547489180124664
212.	0.	0.011208926268823983	195.3476756527168	31.037858704992367
213.	0.	0.009987787867476677	185.66479999182752	29.57331063671374
214.	0.	0.008891694174922481	176.30903650603562	28.153520518051124
215.	0.	0.007908602164294773	167.27585150482645	26.778117904114946
216.	0.	0.007027556737642148	158.56047290530913	25.44668928216969
217.	0.	0.006238599323339219	150.15791112454048	24.158780902579462
218.	0.	0.005532683484115416	142.06297913858523	22.913901521037335
218.99999999999997	0.	0.004901597053888592	134.27031171862802	21.711525051935148
219.99999999999997	0.	0.004337890366070153	126.77438386087405	20.55109313377759
220.99999999999997	0.	0.0038348101577999534	119.5695284221529	19.432017606787852
222.	0.	0.003386238743933249	112.64995297711933	18.353682903513295
223.	0.	0.002986638091055733	106.00975591388261	17.31544835341785
224.	0.	0.002630998438206878	99.64294178317053	16.316650402195204
225.	0.	0.0023147911321508637	93.54343591927848	15.356604747077021
226.	0.	0.0020339253614052046	87.70509834863337	14.434608389047542
227.	0.	0.0017847085042707379	82.12173700627206	13.549941603641004
227.99999999999997	0.	0.0015638098113211446	76.78712027470337	12.701869831077778
228.99999999999997	0.	0.0013682271674218059	71.69498886740165	11.88964548780936
229.99999999999997	0.	0.0011952566987425838	66.83906707123813	11.112509700273634
230.99999999999997	0.	0.0010424649964812626	62.213073370110585	10.36969396301313
232.	0.	0.0009076637541178094	57.810730465659745	9.660421722297103
233.	0.	0.0007888866253281579	53.625774714308754	8.983909886981406
234.	0.	0.0006843681211340778	49.65196500037964	8.339370268471402
235.	0.	0.0005925243831275525	45.8830910612603	7.726010951063353
236.	0.	0.0005119356758832845	42.31298128520414	7.143037594752693
237.	0.	0.00044133045896135013	38.93550999906147	6.5896546720927205
237.99999999999997	0.	0.00037957090448244486	35.74460426325624	6.065066640730997
238.99999999999997	0.	0.0003256397398246113	32.73425019233255	5.568479053463837
239.99999999999997	0.	0.00027862830070977647	29.8984988195916	5.099099607728799
240.99999999999997	0.	0.00023772569391682772	27.23147152096315	4.656139135924795
242.	0.	0.00020220897167851684	24.727365017063924	4.23881253863876
243.	0.	0.00017143423031909736	22.380455968918366	3.8463396623102737
244.	0.	0.00014482855200123368	20.18510518460338	3.477946123212418
245.	0.	0.00012188271555261886	18.135761452268994	3.132864079360179
245.99999999999997	0.	0.00010214460699558855	16.22696501605853	2.810332952183646
247.	0.	0.0000852132682231853	14.453350708869271	2.509600099399422
248.	0.	0.0000707335244415189	12.809650759576067	2.2299214411908554
248.99999999999997	0.	0.000058391139509248226	11.29069728654171	1.9705620408456292
250.	0.	0.00004790844986926392	9.89142449387494	1.7307966418406513
250.99999999999997	0.	0.00003904043239856592	8.606870584230386	1.5099101629436535
252.	0.	0.00003157116696491018	7.432179400138641	1.307198152621592
252.99999999999997	0.	0.00002531065581444562	6.362601809143313	1.1219672046582791
254.	0.	0.000020091966401074834	5.393496844980346	0.9535353363909657
254.99999999999997	0.	0.000015768667115189532	4.52033261686702	0.8012323309803191
256.	0.	0.000012212527545703388	3.738686999294136	0.6644000452208189
257.	0.	9.31145793907106e-6	3.0442481142147386	0.5423926843456904
258.	0.	6.967664688756793e-6	2.43281461776319	0.43457704535852953
259.	0.	5.096000621541319e-6	1.9002958009470559	0.34033272997821895
260.	0.	3.6224909407057197e-6	1.4427115161922899	0.25905232874862216
261.	0.	2.4830174466726684e-6	1.0561919401092923	0.1901415776287425
262.	0.	1.6221450929491972e-6	0.7369771819310023	0.13301948824518836
263.	0.	9.920767276756684e-7	0.4814167474348955	0.08711845308264879
263.99999999999994	0.	5.5172284581693e-7	0.28596886773931185	0.05188432684202548
265.	0.	2.658747377293622e-7	0.14719970207718108	0.026776485172911764
266.	0.	1.0447030166743273e-7	0.06178242246122602	0.011267861798933021
267.	0.	4.1942953690967704e-8	0.026496189846825825	0.004844965388494986
268.	0.	5.66449258153758e-8	0.038225027877626015	0.007007876909409155
269.	0.	1.3033712306305872e-7	0.09395660399055836	0.0172702289028963
270.	0.	2.4773846325290207e-7	0.19078092344239464	0.035159167368711296
271.	0.	3.961283251695985e-7	0.32588894450170874	0.060215297465869407
272.	0.	5.649963797210059e-7	0.49657112042876256	0.09199261377569092
272.99999999999994	0.	7.457346173088569e-7	0.7002158761417082	0.1300584163147258
274.	0.	9.313669716738197e-7	0.9343080243080651	0.1739932129240199
274.99999999999994	0.	1.1163123179220444e-6	1.196427127798286	0.2233906090869048
276.	0.	1.296177177776909e-6	1.4842458133690746	0.2778571858643343
277.	0.	1.4675746837848672e-6	1.7955280427019822	0.33701236688934005
278.	0.	1.6279668911492796e-6	2.128127345194532	0.4004882750585705
279.	0.	1.7755277168813583e-6	2.4799850179983634	0.4679295797810826
280.	0.	1.9090240677539017e-6	2.849128297411524	0.5389933354018076
281.	0.	2.027713047420122e-6	3.233668506366338	0.613348811551958
281.99999999999994	0.	2.1312533338856312e-6	3.6317991820720223	0.690677316066145
283.	0.	2.219628999343989e-6	4.041794187986612	0.7706720111427884
283.99999999999994	0.	2.293084271504255e-6	4.4620058132442155	0.8530377232394178
285.	0.	2.3520678467948036e-6	4.890862864176218	0.9374907474958883
286.	0.	2.3971856509763473e-6	5.326868749808025	1.0237586469664601
287.	0.	2.42916078216522e-6	5.7685995659288825	1.1115800474718738
288.	0.	2.4487999657747776e-6	6.214702180126602	1.2007044284744453
289.	0.	2.456965434078205e-6	6.663892319777651	1.290891910310712
290.	0.	2.454551779911654e-6	7.114952667487447	1.3819130386103482
291.	0.	2.4424666253743766e-6	7.566730964251906	1.4735485659256946
292.	0.	2.4216152733765003e-6	8.018138124649063	1.5655892313857038
292.99999999999994	0.	2.3928880376831703e-6	8.46814636469622	1.6578355384866508
294.	0.	2.357150565365666e-6	8.915787345189518	1.7500975315629488
294.99999999999994	0.	2.3152360755675095e-6	9.360150332160321	1.842194571260567
296.	0.	2.26793965961155e-6	9.800380376281174	1.9339551093817429
297.	0.	2.2160141839599686e-6	10.235676512447165	2.0252164633577454
298.	0.	2.1601675173901183e-6	10.66528998179661	2.1158245908178532
299.	0.	2.1010608282458194e-6	11.088522476287157	2.2056338643057076
300.	0.	2.039307822573327e-6	11.50472440851773	2.2945068467085967
301.	0.	1.9754747914803317e-6	11.913293206882594	2.3823140674566288
301.99999999999994	0.	1.910081310431176e-6	12.313671637218937	2.468933799765432
303.	0.	1.8436011489591195e-6	12.705346152439999	2.554251839268253
303.99999999999994	0.	1.776463962409176e-6	13.087845270298908	2.638161284118978
305.	0.	1.7090569947756907e-6	13.460737980630636	2.720562316892328
306.	0.	1.6417269851472387e-6	13.823632182071329	2.80136198834086
307.	0.	1.574782575779876e-6	14.176173149438714	2.8804740033101264
308.	0.	1.508496159486756e-6	14.51804203201267	2.9578185089271845
309.	0.	1.4431065658609075e-6	14.84895438293174	3.0333218851747965
310.	0.	1.3788211267803672e-6	15.168658720504611	3.1069165380854398
310.99999999999994	0.	1.3158178775265848e-6	15.476935121234368	3.178540695588021
312.	0.	1.2542480823292772e-6	15.773593845250385	3.248138206225401
312.99999999999994	0.	1.1942383528364058e-6	16.058473993881677	3.315658340766543
314.	0.	1.1358923728110515e-6	16.331442199784753	3.381055596877818
314.99999999999994	0.	1.0792935229850358e-6	16.592391349426336	3.444289506893864
316.	0.	1.024506270978981e-6	16.8412393382096	3.5053244488304243
317.	0.	9.715783286621486e-7	17.077927857958763	3.5641294606643763
318.	0.	9.205422126340422e-7	17.302421216566785	3.6206780579249784
319.	0.	8.714170509441123e-7	17.51470519036052	3.6749480547980635
320.	0.	8.242095869713086e-7	17.714785907845716	3.7269213885506773
321.	0.	7.789163762795242e-7	17.902688765841944	3.7765839475741574
321.99999999999994	0.	7.355242867800698e-7	18.078457376861984	3.823925402893585
323.	0.	6.940121378182717e-7	18.242152547992095	3.8689390432849686
323.99999999999994	0.	6.543518620557661e-7	18.39385129068568	3.9116216139645292
325.	0.	6.165092541846753e-7	18.53364586132867	3.951973158908168
326.	0.	5.804451029086803e-7	18.661642832035273	3.9899968667743364
327.	0.	5.461156310473399e-7	18.77796219138411	4.025698920456239
328.	0.	5.134739788265244e-7	18.882736474992413	4.059088350329641
329.	0.	4.824702996198928e-7	18.97610992475001	4.090176891031348
330.	0.	4.5305261425447427e-7	19.058237677180923	4.118978841955086
330.99999999999994	0.	4.251669894006173e-7	19.1292849798	4.145510931308063
332.	0.	3.9875897691274073e-7	19.189426435267613	4.169792183770753
332.99999999999994	0.	3.737727646648526e-7	19.238845273145134	4.191843791802725
334.	0.	3.501526985068734e-7	19.2777326479446	4.211688990395245
335.	0.	3.278429507881392e-7	19.306286963990118	4.229352935466072
336.	0.	3.0678806881362585e-7	19.324713225782382	4.244862585694291
337.	0.	2.8693320888511823e-7	19.333222413746817	4.258246587849995
338.	0.	2.6822416178885603e-7	19.332030884826942	4.269535165581687
339.	0.	2.5060798373963143e-7	19.321359797144684	4.2787600115696405
339.99999999999994	0.	2.3403251310586567e-7	19.30143455846408	4.28595418306527
341.	0.	2.1844732193954654e-7	19.2724842979752	4.291152000787418
341.99999999999994	0.	2.0380309019204892e-7	19.234741360331803	4.294388951015018
343.	0.	1.9005196501316974e-7	19.188440822301608	4.295701591030659
343.99999999999994	0.	1.7714775362503244e-7	19.133820030473743	4.295127457642458
345.	0.	1.6504570713121877e-7	19.071118160330926	4.292704978924801
346.	0.	1.5370297371281424e-7	19.000575795684053	4.288473389024923
347.	0.	1.4307804948795898e-7	18.922434528020624	4.282472646004116
348.	0.	1.331311487496541e-7	18.83693657538554	4.274743352696155
349.	0.	1.2382418007825637e-7	18.744324420045213	4.265326680480873
350.	0.	1.1512093239170016e-7	18.644840464471688	4.25426429593351
350.99999999999994	0.	1.0698637724324799e-7	18.538726705362407	4.241598290349748
352.	0.	9.938728219355498e-8	18.426224424852894	4.227371112017836
352.99999999999994	0.	9.229207061720809e-8	18.307573898395184	4.211625501178547
354.	0.	8.567065706102638e-8	18.183014119230442	4.194404427716756
355.	0.	7.949438369546482e-8	18.052782538502225	4.175751031425275
356.	0.	7.373593815086952e-8	17.917114820608433	4.155708564805051
357.	0.	6.836974492060343e-8	17.776244613510674	4.1343203383931275
358.	0.	6.337123781991178e-8	17.630403333371714	4.1116296685275335
359.	0.	5.871722212073988e-8	17.47981996280515	4.087679827435866
359.99999999999994	0.	5.438610029262865e-8	17.324720862977554	4.062513995755466
361.	0.	5.035698569440191e-8	17.16532959821695	4.036175217221919
361.99999999999994	0.	4.661051852882222e-8	17.001866773264478	4.008706355606344
363.	0.	4.3128205832549905e-8	16.834549882675738	3.980150053833887
363.99999999999994	0.	3.989297222327332e-8	16.66359317167803	3.950548695166799
365.	0.	3.6888124211868284e-8	16.48920750817761	3.9199443664244216
366.	0.	3.4098732492419904e-8	16.31160026575415	3.888378823245759
367.	0.	3.151010283356265e-8	16.130975216700254	3.855893457213649
368.	0.	2.9108661402552478e-8	15.947532435277154	3.8225292649220277
368.99999999999994	0.	2.688198273779794e-8	15.761468210297936	3.788326818814515
370.	0.	2.481786324353139e-8	15.572974967089541	3.7533262398450202
370.99999999999994	0.	2.2905182550614853e-8	15.382241198096821	3.717567171821232
372.	0.	2.113356444025078e-8	15.189451401967514	3.681088757428142
372.99999999999994	0.	1.9493042951860022e-8	14.994786030722723	3.6439296158712846
374.	0.	1.7974547640621015e-8	14.79842144465646	3.6061278220873176
375.	0.	1.6569447070824274e-8	14.600529874491874	3.5677208874397213
376.	0.	1.526979229170879e-8	14.401279390799733	3.5287457419324397
377.	0.	1.4067865593638674e-8	14.200833879978063	3.489238717801075
378.	0.	1.2956988146885144e-8	13.999353026650756	3.4492355344755565
379.	0.	1.1930271290705964e-8	13.796992302280133	3.408771284892278
379.99999999999994	0.	1.098187001855046e-8	13.593902959415752	3.3678804230407327
381.	0.	1.010607865263602e-8	13.39023203164747	3.326596752787048
381.99999999999994	0.	9.297451964962812e-9	13.186122338652861	3.28495341784898
383.	0.	8.551246756204907e-9	12.981712496234943	3.242982892919883
384.	0.	7.862760180831172e-9	12.777136931121111	3.200716975908007
385.	0.	7.227662669732511e-9	12.57252590012659	3.15818678121395
386.	0.	6.642101017185259e-9	12.368005513545775	3.1154227340331486
387.	0.	6.102373418877012e-9	12.163697762478082	3.0724545656298026
388.	0.	5.604933171324703e-9	11.959720549907983	3.029311309556079
388.99999999999994	0.	5.146701402682235e-9	11.756187725192623	2.9860212987475068
390.	0.	4.724645230401147e-9	11.553209121948784	2.942612163509762
390.99999999999994	0.	4.336087675214727e-9	11.350890598863726	2.8991108302929884
392.	0.	3.97839739074999e-9	11.149334083485371	2.855543521283276
392.99999999999994	0.	3.649291146143528e-9	10.948637618586229	2.811935754723073
394.	0.	3.3466264537965867e-9	10.748895411058895	2.7683123459636416
395.	0.	3.068109221713789e-9	10.550197883048956	2.7246974091877187
396.	0.	2.8121715132517617e-9	10.35263172523575	2.681114359791797
397.	0.	2.5768937304367187e-9	10.156279952037249	2.637585917382473
397.99999999999994	0.	2.3605916478280186e-9	9.961221958659717	2.5941341093775105
399.	0.	2.1619932426930878e-9	9.767533579627164	2.550780275127619
399.99999999999994	0.	1.9795783051059504e-9	9.575287148930133	2.5075450706048406
401.	0.	1.8120490019974092e-9	9.384551561438771	2.464448473574637
401.99999999999994	0.	1.6583204299157837e-9	9.19539233547422	2.4215097892323674
403.	0.	1.5172466446972762e-9	9.007871676498793	2.3787476563018197
404.	0.	1.3878015937418538e-9	8.822048541665033	2.3361800535350605
405.	0.	1.269074631746406e-9	8.637978705273262	2.293824306633474
406.	0.	1.1602658347401258e-9	8.455714824748105	2.2516970954934767
407.	0.	1.0604309176728955e-9	8.275306507377547	2.2098144618470297
408.	0.	9.68987192969854e-10	8.096800377401687	2.1681918171929584
408.99999999999994	0.	8.85204534404447e-10	7.920240143488045	2.1268439510333446
410.	0.	8.084574034522746e-10	7.745666666501355	2.0857850393948234
410.99999999999994	0.	7.382195464504271e-10	7.573118027440995	2.04502865360482
412.	0.	6.738260006395925e-10	7.40262959545387	2.0045877693012253
412.99999999999994	0.	6.149434186229894e-10	7.234234095884068	1.9644747756682313
414.	0.	5.610958141822837e-10	7.067961678168702	1.9247014848493411
415.	0.	5.118246500279062e-10	6.9038399837536675	1.8852791415868926
416.	0.	4.666891004558729e-10	6.741894213543076	1.8462184329579447
417.	0.	4.254811904313253e-10	6.582147195289948	1.807529498318667
417.99999999999994	0.	3.877855452271624e-10	6.424619450513031	1.7692219393455033
419.	0.	3.5334363887562133e-10	6.269329261016698	1.7313048301945333
419.99999999999994	0.	3.2190594302368634e-10	6.116292734953106	1.6937867277629803
421.	0.	2.9316507823148815e-10	5.965523872389836	1.656675682042917
421.99999999999994	0.	2.6695911668803447e-10	5.817034630261917	1.6199792465336502
423.	0.	2.430014575093372e-10	5.670834986702425	1.5837044887105958
424.	0.	2.2114640902481906e-10	5.526933004757945	1.5478580005518239
425.	0.	2.011906533856283e-10	5.385334895373289	1.5124459090892823
426.	0.	1.8300141816241825e-10	5.246045079621634	1.4774738869767046
426.99999999999994	0.	1.6639064462004372e-10	5.109066250162089	1.442947163067793
428.	0.	1.5123854158926001e-10	4.97439943195547	1.4088705330118354
428.99999999999994	0.	1.3748792257376402e-10	4.842044042007819	1.3752483697999833
430.	0.	1.2491182683395007e-10	4.711997948406151	1.342084634334782
430.99999999999994	0.	1.134637675568267e-10	4.584257528318483	1.309382885928046
432.	0.	1.0304308792117875e-10	4.4588177251616505	1.277146292782292
432.99999999999994	0.	9.355387592754676e-11	4.335672104865265	1.2453776424330658
434.	0.	8.4904931319424e-11	4.2148129110623085	1.2140793521008821
435.	0.	7.70097244314586e-11	4.096231119444872	1.183253479018244
436.	0.	6.988668719263288e-11	3.9799164910434586	1.1529017306595293
437.	0.	6.335390414089367e-11	3.865857624535393	1.1230254749008717
437.99999999999994	0.	5.7434716842161736e-11	3.754042007586274	1.0936257501081117
439.	0.	5.2054540408864695e-11	3.644456067091514	1.0647032751109062
439.99999999999994	0.	4.718926085741741e-11	3.537085218474702	1.0362584591050776
441.	0.	4.2725138844853005e-11	3.4319139138990784	1.0082914114378758
441.99999999999994	0.	3.868874570885596e-11	3.3289256894801613	0.9808019512982504
443.	0.	3.501696199683707e-11	3.2281032114193224	0.9537896172849146
444.	0.	3.169291241549018e-11	3.129428321135195	0.927253676871025
445.	0.	2.865898555095292e-11	3.0328820793298794	0.9011931357431441
446.	0.	2.5941778887987414e-11	2.9384448090202504	0.8756067470194936
446.99999999999994	0.	2.344705455461383e-11	2.846096137511344	0.8504930203367148
448.	0.	2.1202827107911607e-11	2.755815037380387	0.8258502308215914
448.99999999999994	0.	1.9159147400508545e-11	2.6675798663630603	0.8016764279113917
450.	0.	1.730627721693691e-11	2.581368406259002	0.7779694440536604
450.99999999999994	0.	1.5634661764242017e-11	2.4971579007818767	0.754726903259042
452.	0.	1.4100459881533434e-11	2.4149250924269205	0.7319462295249448
453.	0.	1.2730745815308585e-11	2.3346462582741294	0.709624655101191
454.	0.	1.1483793651690618e-11	2.256297244863352	0.6877592286347101
455.	0.	1.035338040220568e-11	2.1798535019799425	0.6663468231402153
455.99999999999994	0.	9.333416592716804e-12	2.1052901155778483	0.6453841438616069
457.	0.	8.417949118904304e-12	2.0325818395898176	0.6248677359437387
457.99999999999994	0.	7.571815715254405e-12	1.961703126897081	0.6047939919934163
459.	0.	6.820314145064499e-12	1.89262815925853	0.585159159464408
459.99999999999994	0.	6.130139103094375e-12	1.8253308763655967	0.5659593479132281
461.	0.	5.525178865638229e-12	1.7597850039020297	0.5471905360844108
461.99999999999994	0.	4.973941431666753e-12	1.6959640807338674	0.5288485788597315
463.	0.	4.4735436963086545e-12	1.6338414852068548	0.5109292140604529
464.	0.	4.021175473566162e-12	1.5733904604748248	0.49342806907452313
465.	0.	3.614100281190136e-12	1.5145841390608592	0.47634066736763664
466.	0.	3.2496560112091566e-12	1.4573955664581109	0.45966243481383845
466.99999999999994	0.	2.9027535246244523e-12	1.4017977239507693	0.44338870589814217
468.	0.	2.616582079810889e-12	1.3477635505542587	0.42751472975553995
468.99999999999994	0.	2.344373320600093e-12	1.2952659641484658	0.4120356760656481
470.	0.	2.1062309420126282e-12	1.2442778818369096	0.39694664080961517
470.99999999999994	0.	1.88004294624607e-12	1.1947722394546874	0.38224265186091066
472.	0.	1.6846459143499018e-12	1.1467220103611884	0.3679186744493807
473.	0.	1.4993221761683534e-12	1.1001002234350366	0.3539696164685868
474.	0.	1.341692506912159e-12	1.0548799803231532	0.34039033363915155
475.	0.	1.2096640582529292e-12	1.0110344720045672	0.32717563454400483
475.99999999999994	0.	1.084534919252362e-12	0.9685369945568324	0.3143202854957579
477.	0.	9.661138921303107e-13	0.927360964322852	0.30181901529639404
477.99999999999994	0.	8.5421047215971e-13	0.8874799323072708	0.2896665198305941
479.	0.	7.63607672923645e-13	0.8488675979665873	0.2778574665423393
479.99999999999994	0.	6.924785602738178e-13	0.8114978223067044	0.26638649876338927
481.	0.	6.112851952048262e-13	0.7753446403475651	0.2552482399095915
481.99999999999994	0.	5.482214784041707e-13	0.7403822730063743	0.24443729755868696
483.	0.	4.887481495986581e-13	0.7065851383022246	0.2339482673743962
484.	0.	4.3275333663299825e-13	0.6739278620435742	0.22377573692665506
484.99999999999994	0.	3.8012598137955107e-13	0.6423852878726326	0.21391428936336518
486.	0.	3.4216127569482506e-13	0.6119324868030218	0.20435850697560842
486.99999999999994	0.	3.064210581625121e-13	0.5825447661698101	0.19510297462651086
488.	0.	2.728321706805799e-13	0.5541976780631854	0.1861422830643988
488.99999999999994	0.	2.413221139627513e-13	0.5268670272518774	0.17747103211943246
490.	0.	2.1181908246972146e-13	0.5005288785817527	0.16908383377594483
491.	0.	1.8425199777135103e-13	0.4751595639113127	0.1609753151383799
491.99999999999994	0.	1.6735890368871041e-13	0.4507356885369903	0.15314012127222915
492.99999999999994	0.	1.4306050354759926e-13	0.4272341371977656	0.14557291794747526
494.	0.	1.2853394716038972e-13	0.40463207960234254	0.13826839426275347
495.	0.	1.1493593124150725e-13	0.38290697553459124	0.1312212651664965
496.	0.	1.0223193024907791e-13	0.36203657952708257	0.12442627386907777
496.99999999999994	0.	9.038784628028093e-14	0.3419989451549897	0.11787819416140224
497.99999999999994	0.	7.937002158759765e-14	0.32277242888923946	0.11157183261655143
499.	0.	6.914525040621478e-14	0.3043356936228386	0.10550203071127395
500.	0.	5.96807900757501e-14	0.28666771177157035	0.09966366683101767
500.99999999999994	0.	5.094437150029308e-14	0.26974776808295725	0.09405165820251984
501.99999999999994	0.	4.8267235044047296e-14	0.25355546202601603	0.08866096270762151
503.	0.	4.060458182440759e-14	0.23807070992056012	0.08348658063128843
504.	0.	3.358597635043738e-14	0.22327374668542999	0.07852355629982262
505.	0.	3.1711172386731563e-14	0.2091451273244612	0.07376697964869741
505.99999999999994	0.	2.5631722350188002e-14	0.19566572809383104	0.06921198769841577
506.99999999999994	0.	2.413933544105895e-14	0.18281674737118642	0.06485376594354345
508.	0.	1.8919200853007125e-14	0.17057970628001953	0.06068754967197588
509.	0.	1.7768358312591648e-14	0.15893644901622325	0.05670862519389357
509.99999999999994	0.	1.6662906454854704e-14	0.1478691429517942	0.05291233100521709
510.99999999999994	0.	1.2481729924490708e-14	0.13736027846177445	0.04929405886472748
512.	0.	1.1668351712943388e-14	0.12739266854580036	0.04584925480862149
513.	0.	1.0889638727824568e-14	0.11794944820655835	0.04257342008749038
514.	0.	7.608777686981661e-15	0.10901407362800493	0.03946211203952585
514.9999999999999	0.	7.07549272038512e-15	0.10057032112995772	0.03651094489005025
516.	0.	6.566955947599757e-15	0.09260228595100728	0.03371559049467908
517.	0.	6.0827481883875e-15	0.085094380812579	0.031071779007651925
518.	0.	5.62244950647333e-15	0.07803133433770261	0.02857529950066393
518.9999999999999	0.	3.457092952088422e-15	0.07139818927835653	0.026222000514171385
520.	0.	3.1812647703093533e-15	0.06518030058516079	0.024007790552175508
521.	0.	2.9205345162232414e-15	0.059363333326537614	0.021928638521910092
522.	0.	2.6746216382056784e-15	0.053933260468611306	0.019980574121441264
523.	0.	2.4432457728253787e-15	0.048876360491648264	0.018159688165094213
524.	0.	2.2261268739200016e-15	0.04417921492210306	0.01646213287487534
525.	0.	1.011492667489752e-15	0.03982870567855194	0.014884122099166964
526.	0.	9.167710556034519e-16	0.035812012365769134	0.013421931507520617
527.	0.	8.287594178966697e-16	0.03211660941372658	0.012071898722263882
527.9999999999999	0.	7.47318966708288e-16	0.028730263127824587	0.010830423410634058
529.	0.	6.723113655580353e-16	0.025641028658275233	0.009693967339643932
530.	0.	6.035987822533584e-16	0.022837246854786913	0.00865905438010515
531.	0.	5.410439406493467e-16	0.020307541050187564	0.00772227047539499
532.	0.	4.845101707220989e-16	0.018040813764808383	0.006880263571162872
533.	0.	4.338614570787053e-16	0.01602624334121734	0.006129743508889783
534.	0.	3.889624856907562e-16	0.014253280506137634	0.005467481881396247
535.	0.	3.4967868915813e-16	0.01271164487564354	0.004890311855767071
536.	0.	3.1587629029036535e-16	0.01139132140013853	0.004395127961738608
536.9999999999999	0.	2.8742234419304146e-16	0.010282556760296482	0.003978885849235382
538.	0.	2.6418477920926606e-16	0.009375855730363092	0.00363860202085935
539.	0.	0.	0.008661977459215936	0.0033713535195906974
540.	0.	0.	0.008131931773383923	0.003174277611538934
540.9999999999999	0.	0.	0.007776975391637442	0.0030445714205141385
542.	0.	0.	0.007588608145511613	0.002979491550570787
543.	0.	0.	0.00755856916545897	0.002976353680502416
544.	0.	0.	0.007678833043954894	0.0030325321342830514
545.	0.	0.	0.00794160598506558	0.003145459430831123
545.9999999999999	0.	0.	0.00833932194034103	0.0033126258127239437
547.	0.	0.	0.00886463873001487	0.0035315787531346693
548.	0.	0.	0.009510434169750137	0.0037999224487447933
549.	0.	0.	0.010269802181739516	0.0041153172899685685
549.9999999999999	0.	0.	0.011136048911940763	0.004475479316895152
551.	0.	0.	0.01210268885052792	0.004878179659601096
552.	0.	0.	0.013163440956839599	0.005321243963153596
553.	0.	0.	0.014312224789018318	0.0058025517971947585
554.	0.	0.	0.01554315665502676	0.006320036056704073
554.9999999999999	0.	0.	0.016850545761286362	0.0068716823442006355
556.	0.	0.	0.01822889039759459	0.007455528348946505
557.	0.	0.	0.019672874117230142	0.008069663206368764
558.	0.	0.	0.021177361956084426	0.008712226855463735
558.9999999999999	0.	0.	0.022737396663188476	0.009381409382879208
560.	0.	0.	0.024348194964427028	0.01007545036255611
561.	0.	0.	0.026005143835664195	0.010792638181110944
562.	0.	0.	0.027703796824898222	0.011531309365296609
563.	0.	0.	0.029439870387990938	0.012289847896925235
563.9999999999999	0.	0.	0.031209240263695464	0.013066684525907467
565.	0.	0.	0.03300793787206069	0.01386029607482687
566.	0.	0.	0.03483214675816905	0.014669204744265963
567.	0.	0.	0.036678199061897544	0.015491977410887158
567.9999999999999	0.	0.	0.03854257202816552	0.01632722492439127
569.	0.	0.	0.04042188455258432	0.017173601401314464
570.	0.	0.	0.04231289376346091	0.01802980351614984
571.	0.	0.	0.04421249164907567	0.018894569793695273
572.	0.	0.	0.046117701719199794	0.01976667989806814
572.9999999999999	0.	0.	0.04802567571288654	0.020644953923637497
574.	0.	0.	0.049933690339624075	0.02152825168248928
575.	0.	0.	0.05183914407671172	0.022415471998384694
576.	0.	0.	0.053739553993664285	0.0233055519948277
576.9999999999999	0.	0.	0.05563255263257245	0.024197466389846052
578.	0.	0.	0.05751588492731664	0.025090226790308052
579.	0.	0.	0.05938740517016078	0.025982880989635825
580.	0.	0.	0.061245074018949894	0.026874512266157956
581.	0.	0.	0.06308695555414705	0.027764238686316386
582.	0.	0.	0.06491121438242524	0.028651212411520965
583.	0.	0.	0.06671611277886436	0.029534619005347786
584.	0.	0.	0.0685000078873431	0.030413676749922038
585.	0.	0.	0.07026134895388622	0.03128763596057817
585.9999999999999	0.	0.	0.07199867461845852	0.03215577831027886
587.	0.	0.	0.07371061024588377	0.03301741615547879
588.	0.	0.	0.0753958653075724	0.033871891868846496
589.	0.	0.	0.07705323080524978	0.0347185771751488
589.9999999999999	0.	0.	0.07868157674724041	0.03555687249526697
591.	0.	0.	0.08027984966865595	0.036386206294724895
592.	0.	0.	0.08184707019523951	0.03720603443683508
593.	0.	0.	0.08338233065854492	0.03801583954419226
594.	0.	0.	0.08488479275476266	0.038815130365295915
594.9999999999999	0.	0.	0.08635368525072083	0.03960344114815545
596.	0.	0.	0.08778830173183821	0.04038033101873975
597.	0.	0.	0.08918799840351838	0.04114538336980064
598.	0.	0.	0.09055219192974176	0.04189820525288651
598.9999999999999	0.	0.	0.09188035732117189	0.042638426779451226
600.	0.	0.	0.09317202586794196	0.04336570052911398
601.	0.	0.	0.09442678311505238	0.044079700964370576
602.	0.	0.	0.09564426688229813	0.044780123852902205
603.	0.	0.	0.09682416533108308	0.04546668569886484
603.9999999999999	0.	0.	0.09796621506682969	0.046139123178132596
605.	0.	0.	0.0990701992956109	0.046797192586495145
606.	0.	0.	0.10013594601169236	0.04744066929013855
607.	0.	0.	0.10116332623533257	0.04806934718775644
607.9999999999999	0.	0.	0.10215225228786054	0.04868303817845836
609.	0.	0.	0.10310267611135955	0.04928157163919978
610.	0.	0.	0.10401458762560847	0.04986479390851072
611.	0.	0.	0.10488801312612966	0.050432567778610285
612.	0.	0.	0.1057230137252473	0.050984771997092594
612.9999999999999	0.	0.	0.10651968382619979	0.05152130077367397
614.	0.	0.	0.10727814964170128	0.052042063297721375
615.	0.	0.	0.10799856774843157	0.052546983262744575
616.	0.	0.	0.10868112367853758	0.0530359983986102
616.9999999999999	0.	0.	0.10932603054930684	0.05350906001230556
618.	0.	0.	0.10993352772903714	0.05396613253654176
619.	0.	0.	0.11050387953883585	0.054407193086326064
620.	0.	0.	0.11103737399128223	0.054832231024206424
621.	0.	0.	0.1115343215606917	0.05524124753185678
621.9999999999999	0.	0.	0.11199505399296572	0.055634255192178544
623.	0.	0.	0.1124199231441905	0.05601127757682287
624.	0.	0.	0.11280929985571445	0.05637234884318837
625.	0.	0.	0.11316357286078298	0.05671751333870269
625.9999999999999	0.	0.	0.1134831477240411	0.057046825213279626
627.	0.	0.	0.11376844581125982	0.05736034803885657
628.	0.	0.	0.11401990329352459	0.05765815443838543
629.	0.	0.	0.11423797017612329	0.0579403257195898
629.9999999999999	0.	0.	0.11442310936330416	0.05820695151933963
630.9999999999999	0.	0.	0.11457579574901423	0.05845812945389531
632.	0.	0.	0.11469651533894333	0.058693964777927064
633.	0.	0.	0.11478576439740176	0.05891457004924279
634.	0.	0.	0.11484404862339441	0.059120064801654
634.9999999999999	0.	0.	0.11487188235661643	0.059310575226583
636.	0.	0.	0.11486978780812147	0.05948623386094128
637.	0.	0.	0.1148382943136139	0.059647179280406505
638.	0.	0.	0.11477793761850907	0.05979355580302679
638.9999999999999	0.	0.	0.11468925918312776	0.05992551319735411
640.	0.	0.	0.11457280551655068	0.0600432063997225
641.	0.	0.	0.11442912752933018	0.06014679523576167
642.	0.	0.	0.1142587799144822	0.06023644415125969
643.	0.	0.	0.11406232054911403	0.06031232194857278
643.9999999999999	0.	0.	0.11384030991785475	0.06037460152937854
645.	0.	0.	0.11359331056015669	0.060423459645043254
646.	0.	0.	0.11332188653658085	0.060459076652205956
647.	0.	0.	0.11302660291853275	0.060481636276132074
647.9999999999999	0.	0.	0.11270802529731537	0.06049132537981251
649.	0.	0.	0.11236671931139909	0.060488333738397085
650.	0.	0.	0.11200325019635196	0.060472853821493595
651.	0.	0.	0.11161818235006976	0.060445080579575934
652.	0.	0.	0.111212078921332	0.06040521123897166
652.9999999999999	0.	0.	0.1107855014100011	0.06035344509928427
654.	0.	0.	0.11033900929142126	0.06028998334020792
655.	0.	0.	0.10987315965328336	0.060215028831529835
656.	0.	0.	0.10938850685018948	0.060128785949300004
656.9999999999999	0.	0.	0.10888560217586093	0.0600314603983076
658.	0.	0.	0.10836499355062329	0.05992325903971299
659.	0.	0.	0.10782722522200373	0.05980438972277509
660.	0.	0.	0.10727283748322798	0.059675061123465094
661.	0.	0.	0.1067023664063023	0.059535482588274714
661.9999999999999	0.	0.	0.10611634358575739	0.05938586398117766
663.	0.	0.	0.10551529589932196	0.05922641553734341
664.	0.	0.	0.10489974528218178	0.0590573477218987
665.	0.	0.	0.1042702085114915	0.05887887109198212
665.9999999999999	0.	0.	0.10362719700567671	0.058691196164756716
667.	0.	0.	0.1029712166344563	0.05849453328921839
668.	0.	0.	0.10230276754371306	0.05828909252425283
669.	0.	0.	0.10162234398663417	0.05807508351819665
670.	0.	0.	0.10093043417062067	0.05785271539539669
670.9999999999999	0.	0.	0.1002275201140039	0.05762219664650867
672.	0.	0.	0.09951407751103161	0.05738373502174469
673.	0.	0.	0.09879057560854886	0.057137537429136895
674.	0.	0.	0.09805747709333593	0.056883809837336145
674.9999999999999	0.	0.	0.09731523798727826	0.05662275718140795
676.	0.	0.	0.09656430755221779	0.0563545832727986
677.	0.	0.	0.09580512820367847	0.056079490713087356
678.	0.	0.	0.09503813543311171	0.05579768081142346
678.9999999999999	0.	0.	0.09426375773902658	0.055509353505945214
679.9999999999999	0.	0.	0.09348241656493025	0.05521470728806195
681.	0.	0.	0.09269452624524582	0.0549139391303539
682.	0.	0.	0.09190049395948861	0.0546072444183536
683.	0.	0.	0.09110071969205785	0.05429481688472313
683.9999999999999	0.	0.	0.09029559620092081	0.05397684854784548
685.	0.	0.	0.08948550899045617	0.05365352965210218
686.	0.	0.	0.08867083629289065	0.05332504861253867
687.	0.	0.	0.08785194905426418	0.052991591961578176
687.9999999999999	0.	0.	0.08702921092714942	0.05265334429917171
688.9999999999999	0.	0.	0.0862029782682933	0.052310488245363274
690.	0.	0.	0.08537360014296796	0.05196320439640527
691.	0.	0.	0.08454141833245679	0.051611671282332953
692.	0.	0.	0.08370676734852653	0.05125606532838985
692.9999999999999	0.	0.	0.08286997445111116	0.05089656081806613
694.	0.	0.	0.0820313596716073	0.05053332985928563
695.	0.	0.	0.08119123584025598	0.050166542352843596
696.	0.	0.	0.08034990861691753	0.049796365962745705
696.9999999999999	0.	0.	0.07950767652665305	0.04942296608934774
698.	0.	0.	0.0786648309988619	0.049046505844596265
699.	0.	0.	0.07782165641007441	0.04866714602946492
700.	0.	0.	0.07697843012954897	0.048285045113110686
701.	0.	0.	0.07613542256903955	0.0479003592146495
701.9999999999999	0.	0.	0.07529289723497021	0.04751324208648641
703.	0.	0.	0.07445111078393096	0.047123845099821496
704.	0.	0.	0.07361031308026761	0.04673231723159315
705.	0.	0.	0.07277074725699025	0.04633880505368042
705.9999999999999	0.	0.	0.07193264977922968	0.04594345272390128
707.	0.	0.	0.07109625050894272	0.0455464019780325
708.	0.	0.	0.07026177277280692	0.04514779212410821
709.	0.	0.	0.06942943343218044	0.044747760038321066
710.	0.	0.	0.06859944295380467	0.044346440161705476
710.9999999999999	0.	0.	0.06777200548401832	0.04394396449941632
712.	0.	0.	0.06694731892275987	0.0435404626202294
713.	0.	0.	0.06612557500081977	0.043136061658524745
714.	0.	0.	0.0653069593571625	0.042730886316733406
714.9999999999999	0.	0.	0.06449165161858321	0.04232505886972485
716.	0.	0.	0.0636798254795175	0.041918699169751085
717.	0.	0.	0.06287164878390636	0.04151192465320342
718.	0.	0.	0.062067283607879935	0.0411048503484076
719.	0.	0.	0.061266886342464646	0.040697588883934176
719.9999999999999	0.	0.	0.06047060777821094	0.04029025049871453
721.	0.	0.	0.059678593190270746	0.03988294305299253
722.	0.	0.	0.0588909824230628	0.03947577203956817
723.	0.	0.	0.05810790997713251	0.039068840597072906
723.9999999999999	0.	0.	0.057329505095136235	0.03866224952325422
725.	0.	0.	0.056555891849087846	0.038256097289705915
726.	0.	0.	0.05578718922715268	0.03785048005691248
727.	0.	0.	0.05502351122118591	0.03744549169041856
727.9999999999999	0.	0.	0.05426496691435846	0.037041223777695385
728.9999999999999	0.	0.	0.05351166056853849	0.03663776564549425
730.	0.	0.	0.05276369171246252	0.0362352043783866
731.	0.	0.	0.052021155228766616	0.03583362483720149
732.	0.	0.	0.05128414144193387	0.03543310967875486
732.9999999999999	0.	0.	0.05055273620542427	0.03503373937570881
734.	0.	0.	0.04982702098921152	0.03463559223739087
735.	0.	0.	0.04910707296628083	0.03423874443059554
736.	0.	0.	0.04839296509959609	0.033843270001412094
736.9999999999999	0.	0.	0.04768476622811624	0.03344924089709219
737.9999999999999	0.	0.	0.04698254115287466	0.03305672698867538
739.	0.	0.	0.04628635072218148	0.03266579609371297
740.	0.	0.	0.04559625191684886	0.03227651399972577
741.	0.	0.	0.04491229793429316	0.03188894448759266
741.9999999999999	0.	0.	0.04423453827259953	0.031503149355633184
743.	0.	0.	0.04356301881380889	0.03111918844386534
744.	0.	0.	0.042897781906313014	0.03073711965835368
745.	0.	0.	0.04223886644718687	0.030356998996242657
745.9999999999999	0.	0.	0.041586307963066435	0.029978880570477755
746.9999999999999	0.	0.	0.04094013869110987	0.02960281663530799
748.	0.	0.	0.04030038765851895	0.029228857611489963
749.	0.	0.	0.039667080761684084	0.02885705211193837
750.	0.	0.	0.03904024084448933	0.0284874469674986
750.9999999999999	0.	0.	0.03841988777568108	0.02812008725276487
752.	0.	0.	0.037806038525564314	0.027755016312128167
753.	0.	0.	0.03719870724161901	0.0273922757857588
754.	0.	0.	0.03659790532342873	0.027031905635799488
754.9999999999999	0.	0.	0.0360036414967239	0.026673944172627598
756.	0.	0.	0.03541592188628157	0.026318428080984096
757.	0.	0.	0.03483475008845494	0.025965392446537883
758.	0.	0.	0.03426012724179761	0.025614870781741225
759.	0.	0.	0.03369205209804196	0.025266895052653594
759.9999999999999	0.	0.	0.03313052109083557	0.02492149570478642
761.	0.	0.	0.032575528404470325	0.024578701689636568
762.	0.	0.	0.03202706604105939	0.024238540490742966
763.	0.	0.	0.03148512388719261	0.023901038150032534
763.9999999999999	0.	0.	0.0309496897789823	0.02356621929363037
765.	0.	0.	0.030420749566962103	0.023234107158232258
766.	0.	0.	0.029898287179059523	0.022904723616675848
767.	0.	0.	0.029382284683369626	0.022578089204028966
768.	0.	0.	0.02887272234950511	0.022254223143241332
768.9999999999999	0.	0.	0.028369578708867537	0.021933143370621837
770.	0.	0.	0.02787283061423708	0.02161486656142927
771.	0.	0.	0.027382453298165955	0.02129940815518697
772.	0.	0.	0.026898420430274055	0.02098678238077203
772.9999999999999	0.	0.	0.026420704173761217	0.020677002281522795
774.	0.	0.	0.025949275240688456	0.02037007974000787
775.	0.	0.	0.025484102946541052	0.02006602550284245
776.	0.	0.	0.025025155263314038	0.019764849204953524
776.9999999999999	0.	0.	0.024572398872216447	0.01946655939414005
777.9999999999999	0.	0.	0.024125799214882417	0.01917116355505062
779.	0.	0.	0.023685320543836545	0.018878668133150707
780.	0.	0.	0.023250925971815644	0.018589078558360554
781.	0.	0.	0.02282257752029486	0.018302399268625733
781.9999999999999	0.	0.	0.022400236166968623	0.018018633733220556
783.	0.	0.	0.021983861892122942	0.0177377844757111
784.	0.	0.	0.021573413724227754	0.017459853096842518
785.	0.	0.	0.021168849784581806	0.017184840297199622
785.9999999999999	0.	0.	0.02077012733074414	0.016912745899418692
786.9999999999999	0.	0.	0.020377202799429527	0.01664356887048994
788.	0.	0.	0.01999003184807002	0.01637730734348699
789.	0.	0.	0.019608569395777493	0.016113958639321576
790.	0.	0.	0.019232769663105595	0.015853519288011087
790.9999999999999	0.	0.	0.018862586211206272	0.015595985049947155
792.	0.	0.	0.018497971979752118	0.01534135093662865
793.	0.	0.	0.018138879324324356	0.015089611231433845
794.	0.	0.	0.017785260052533773	0.014840759509811209
794.9999999999999	0.	0.	0.017437065459690117	0.014594788659557687
795.9999999999999	0.	0.	0.01709424636314561	0.014351690900445312
797.	0.	0.	0.016756753136286235	0.01411145780399958
798.	0.	0.	0.01642453574126939	0.013874080312666353
799.	0.	0.	0.016097543761130345	0.013639548758877093
799.9999999999999	0.	0.	0.01577572643099706	0.01340785288378603
801.	0.	0.	0.015459032668649102	0.013178981855867548
802.	0.	0.	0.015147411103961431	0.012952924288974777
803.	0.	0.	0.014840810107913813	0.012729668260427547
803.9999999999999	0.	0.	0.014539177820583978	0.012509201328626993
804.9999999999999	0.	0.	0.014242462178453076	0.012291510550465111
806.	0.	0.	0.01395061094104257	0.012076582498534936
807.	0.	0.	0.013663571716536592	0.011864403277841336
808.	0.	0.	0.013381291987029878	0.011654958542546178
808.9999999999999	0.	0.	0.013103719132777174	0.01144823351220532
810.	0.	0.	0.01283080045585014	0.01124421298783604
811.	0.	0.	0.012562483203091463	0.011042881367713952
812.	0.	0.	0.01229871458832613	0.010844222662851932
812.9999999999999	0.	0.	0.012039441813949416	0.010648220512259802
814.	0.	0.	0.011784612091866993	0.010454858197947024
815.	0.	0.	0.011534172663680483	0.010264118659580594
816.	0.	0.	0.011288070820306377	0.01007598450893571
816.9999999999999	0.	0.	0.011046253920999257	0.009890438044122504
817.9999999999999	0.	0.	0.010808669411616196	0.009707461263422644
819.	0.	0.	0.010575264842457873	0.009527035879036345
820.	0.	0.	0.010345987885278986	0.009349143330357242
821.	0.	0.	0.010120786350009738	0.009173764797262193
821.9999999999999	0.	0.	0.00989960820058296	0.009000881212855685
823.	0.	0.	0.009682401570421082	0.008830473276166638
824.	0.	0.	0.009469114777235194	0.008662521464468411
825.	0.	0.	0.009259696337420617	0.008497006045480607
825.9999999999999	0.	0.	0.009054094979776448	0.008333907089189104
826.9999999999999	0.	0.	0.00885225965871485	0.008173204479430948
828.	0.	0.	0.008654139567107515	0.008014877925373693
829.	0.	0.	0.008459684148440998	0.007858906972575855
830.	0.	0.	0.00826884310861248	0.007705271013930166
830.9999999999999	0.	0.	0.00808156642714123	0.007553949300273179
832.	0.	0.	0.007897804368033506	0.007404920950872626
833.	0.	0.	0.007717507490077781	0.007258164963582079
834.	0.	0.	0.007540626656710677	0.007113660224784006
834.9999999999999	0.	0.	0.0073671130455039355	0.00697138551916057
835.9999999999999	0.	0.	0.007196918157158005	0.00683131953918142
837.	0.	0.	0.007029993824073391	0.00669344089436541
838.	0.	0.	0.006866292218577048	0.006557728120384436
839.	0.	0.	0.006705765860620378	0.006424159687828313
839.9999999999999	0.	0.	0.006548367625263271	0.0062927140109242065
841.	0.	0.	0.006394050749610109	0.006163369455884236
842.	0.	0.	0.0062427688394346235	0.006036104349104675
843.	0.	0.	0.00609447587552185	0.005910896985232279
843.9999999999999	0.	0.	0.0059491262194269375	0.005787725634809356
844.9999999999999	0.	0.	0.005806674619214487	0.005666568552030486
846.	0.	0.	0.005667076214521652	0.0055474039819729945
847.	0.	0.	0.005530286541546862	0.005430210167878114
848.	0.	0.	0.00539626153758092	0.0053149653581024735
848.9999999999999	0.	0.	0.005264957545278235	0.005201647812933511
850.	0.	0.	0.005136331316594722	0.005090235811182206
851.	0.	0.	0.005010340016444822	0.00498070765661023
852.	0.	0.	0.004886941226093332	0.004873041684191434
852.9999999999999	0.	0.	0.004766092946194364	0.004767216266123603
853.9999999999999	0.	0.	0.004647753599657807	0.004663209817761367
855.	0.	0.	0.004531882034152107	0.0045610008032742
856.	0.	0.	0.004418437524423233	0.004460567741206707
857.	0.	0.	0.004307379774299184	0.00436188920980349
857.9999999999999	0.	0.	0.0041986689185336415	0.004264943852249486
859.	0.	0.	0.0040922655243390066	0.004169710381671753
860.	0.	0.	0.003988130592685874	0.004076167585971893
861.	0.	0.	0.0038862255594803176	0.003984294332603377
861.9999999999999	0.	0.	0.003786512296394453	0.0038940695730554694
863.	0.	0.	0.0036889531115765063	0.0038054723472762376
864.	0.	0.	0.0035935107501407814	0.003718481787923284
865.	0.	0.	0.0035001483944262167	0.0036330771244301356
865.9999999999999	0.	0.	0.0034088296641346474	0.0035492376869990616
866.9999999999999	0.	0.	0.003319518616168791	0.003466942910326861
868.	0.	0.	0.003232179744461806	0.0033861723373664184
869.	0.	0.	0.0031467779794698996	0.003306905622778542
870.	0.	0.	0.0030632786876019303	0.003229122536352394
870.9999999999999	0.	0.	0.002981647670449794	0.003152802966254777
872.	0.	0.	0.002901851163868509	0.003077926922149608
873.	0.	0.	0.002823855836918871	0.0030044745382035443
874.	0.	0.	0.0027476287906540255	0.0029324260759509514
874.9999999999999	0.	0.	0.0026731375567684676	0.0028617619270378644
875.9999999999999	0.	0.	0.002600350096144453	0.0027924626158761924
877.	0.	0.	0.002529234797194784	0.002724508802098825
878.	0.	0.	0.0024597604741873674	0.0026578812830120283
879.	0.	0.	0.002391896365354976	0.0025925609958299006
879.9999999999999	0.	0.	0.0023256121309502605	0.002528529019861257
881.	0.	0.	0.0022608778511751275	0.0024657665785689856
882.	0.	0.	0.002197664023997805	0.002404255041515151
883.	0.	0.	0.002135941562888107	0.002343975926220722
883.9999999999999	0.	0.	0.0020756817944327303	0.002284910899898213
884.9999999999999	0.	0.	0.002016856455873515	0.0022270417810983105
886.	0.	0.	0.001959437692566484	0.002170350541270262
887.	0.	0.	0.0019033980553462516	0.0021148193062128476
888.	0.	0.	0.0018487104978011897	0.002060430357422217
888.9999999999999	0.	0.	0.001795348373505031	0.0020071661333841127
890.	0.	0.	0.0017432854331275356	0.0019550092307221395
891.	0.	0.	0.0016924958215348014	0.0019039424053253178
892.	0.	0.	0.0016429540747805514	0.0018539485733395458
892.9999999999999	0.	0.	0.0015946351170399377	0.0018050108120816594
893.9999999999999	0.	0.	0.0015475142575300084	0.0017571123609231222
895.	0.	0.	0.0015015671873062385	0.0017102366220160827
896.	0.	0.	0.001456769976067307	0.001664367161010982
897.	0.	0.	0.001413099068878431	0.0016194877076611113
897.9999999999999	0.	0.	0.0013705312828545613	0.0015755821563609262
899.	0.	0.	0.0013290438038148385	0.0015326345666279223
900.	0.	0.	0.0012886141828931585	0.0014906291635113603
901.	0.	0.	0.0012492203330853326	0.0014495503379020748
901.9999999999999	0.	0.	0.0012108405258050927	0.0014093826468268176
902.9999999999999	0.	0.	0.0011734533873819521	0.0013701108136473456
904.	0.	0.	0.0011370378955289247	0.0013317197281961953
905.	0.	0.	0.0011015733758083708	0.001294194446880534
906.	0.	0.	0.0010670394980340026	0.0012575201926809346
906.9999999999999	0.	0.	0.0010334162726958248	0.0012216823551448035
908.	0.	0.	0.0010006840473354886	0.0011866664902898333
909.	0.	0.	0.0009688235029064558	0.0011524583204548184
910.	0.	0.	0.0009378156501353067	0.001119043734118433
910.9999999999999	0.	0.	0.0009076418258709255	0.0010864087856673978
911.9999999999999	0.	0.	0.0008782836893933653	0.0010545396950819735
913.	0.	0.	0.0008497232187404052	0.0010234228476040245
914.	0.	0.	0.0008219427070309293	0.0009930447933646372
914.9999999999999	0.	0.	0.0007949247587627229	0.0009633922469430391
915.9999999999999	0.	0.	0.000768652286116431	0.0009344520868929854
917.	0.	0.	0.0007431085052675802	0.0009062113552399424
918.	0.	0.	0.0007182769326815692	0.0008786572569174082
919.	0.	0.	0.000694141381421863	0.0008517771591784078
919.9999999999999	0.	0.	0.0006706859574558958	0.0008255585909624359
921.	0.	0.	0.0006478950559670495	0.0007999892422286358
922.	0.	0.	0.0006257533576791286	0.0007750569632617234
923.	0.	0.	0.000604245825172649	0.0007507497639246615
923.9999999999999	0.	0.	0.0005833576992242875	0.0007270558128972785
924.9999999999999	0.	0.	0.0005630744951577017	0.0007039634368851529
926.	0.	0.	0.0005433819991868075	0.0006814611197745975
927.	0.	0.	0.0005242662647905598	0.0006595375017833606
928.	0.	0.	0.0005057136090991399	0.0006381813785803726
928.9999999999999	0.	0.	0.0004877106092797325	0.000617381700359883
930.	0.	0.	0.0004702440989639868	0.0005971275709233838
931.	0.	0.	0.0004533011646593223	0.000577408246694531
932.	0.	0.	0.00043686914220807246	0.0005582131357500736
932.9999999999999	0.	0.	0.0004209356132528692	0.0005395317968118529
933.9999999999999	0.	0.	0.0004054884017091259	0.0005213539382019834
935.	0.	0.	0.00039051557028994604	0.0005036694168185751
936.	0.	0.	0.0003760054170117595	0.00048646823704052674
937.	0.	0.	0.0003619464717545157	0.0004697405496553029
937.9999999999999	0.	0.	0.00034832749283272786	0.00045347665075467266
939.	0.	0.	0.0003351374635847338	0.00043766698060652184
940.	0.	0.	0.0003223655889962339	0.00042230212252483234
941.	0.	0.	0.0003100012923340569	0.00040737280170546463
941.9999999999999	0.	0.	0.00029803421182408196	0.00039286988407324024
942.9999999999999	0.	0.	0.0002864541973422673	0.00037878437509870656
944.	0.	0.	0.00027525130712836014	0.0003651074185977482
945.	0.	0.	0.00026441580454497317	0.00035183029554444463
946.	0.	0.	0.0002539381548391215	0.0003389444228396662
946.9999999999999	0.	0.	0.0002438090219521529	0.0003264413520972754
948.	0.	0.	0.00023401926534876287	0.00031431276840873163
949.	0.	0.	0.00022455993687343372	0.0003025504890975949
950.	0.	0.	0.0002154222776402195	0.0002911464624719148
950.9999999999999	0.	0.	0.0002065977149457421	0.000280092766561263
951.9999999999999	0.	0.	0.00019807785922351285	0.0002693816078628362
953.	0.	0.	0.00018985450101160266	0.00025900532005929827
954.	0.	0.	0.00018191960796291192	0.0002489563627482442
954.9999999999999	0.	0.	0.0001742653218831734	0.00023922732016324485
955.9999999999999	0.	0.	0.00016688395579615454	0.00022981089988587884
957.	0.	0.	0.00015976799104258177	0.00022069993155855491
958.	0.	0.	0.0001529100744080976	0.00021188736559129805
959.	0.	0.	0.00014630301528633462	0.00020336627187166834
959.9999999999999	0.	0.	0.00013993978286672314	0.00019512983846373526
960.9999999999999	0.	0.	0.00013381350335872098	0.00018717137031230892
962.	0.	0.	0.00012791745724800084	0.00017948428794717098
963.	0.	0.	0.00012224507658010976	0.0001720621261808824
963.9999999999999	0.	0.	0.00011678994227936438	0.0001648985328117551
964.9999999999999	0.	0.	0.0001115457814955557	0.00015798726732160648
966.	0.	0.	0.00010650646498758748	0.00015132219958202884
967.	0.	0.	0.00010166600453690147	0.0001448973085588478
968.	0.	0.	0.0000970185503863177	0.00013870668100965264
968.9999999999999	0.	0.	0.00009255838872341532	0.00013274451020141526
969.9999999999999	0.	0.	0.00008827993918492895	0.00012700509461549238
971.	0.	0.	0.00008417775239395666	0.00012148283665710202
972.	0.	0.	0.0000802465075355622	0.00011617224137766213
972.9999999999999	0.	0.	0.00007648100995684157	0.00011106791519070302
973.9999999999999	0.	0.	0.00007287618880231985	0.00010616456459709712
975.	0.	0.	0.00006942709467835694	0.00010145699491113076
976.	0.	0.	0.00006612889735219499	0.00009694010899606366
977.	0.	0.	0.00006297688347685836	0.00009260890599667497
977.9999999999999	0.	0.	0.00005996645435389401	0.00008845848008695027
979.	0.	0.	0.000057093123722560304	0.00008448401921660113
980.	0.	0.	0.000054352515577031654	0.00008068080385920264
980.9999999999999	0.	0.	0.000051740362026131827	0.00007704420578377524
982.	0.	0.	0.00004925250116826464	0.00007356968681005075
982.9999999999999	0.	0.	0.00004688487500578438	0.0000702527975835937
983.9999999999999	0.	0.	0.00004463352739193953	0.00006708917636125932
985.	0.	0.	0.00004249460199804954	0.00006407454778902987
985.9999999999999	0.	0.	0.00004046434031969351	0.00006120472170071592
987.	0.	0.	0.00003853907970807481	0.00005847559191737953
988.	0.	0.	0.00003671525143173178	0.00005588313505567819
988.9999999999999	0.	0.	0.00003498937876918401	0.00005342340934650283
990.	0.	0.	0.0000333580751242132	0.00005109255345190875
990.9999999999999	0.	0.	0.00003181804218188424	0.00004888678530830007
992.	0.	0.	0.0000303660680801128	0.00004680240095793866
993.	0.	0.	0.000028999025619813797	0.000044835773404573085
993.9999999999999	0.	0.	0.000027713870494670894	0.00004298335146451188
995.	0.	0.	0.000026507639558007806	0.00004124165864062807
995.9999999999999	0.	0.	0.000025377449107007037	0.00003960729198923499
997.	0.	0.	0.000024320493205528173	0.000038076921013269597
998.	0.	0.	0.000023334042024442635	0.00003664728654957856
998.9999999999999	0.	0.	0.00002241544021368852	0.000035315199672829496
1000.	0.	0.	0.000021562105301073946	0.00003407754060886328