0.	7.344050102557514e-7	7.344050102557513e-8	7.344050102557513e-9	7.344050102557514e-10
1.	2.2189380672323397e-7	6.76426550749453e-8	6.728075626408205e-9	6.738670881017844e-10
2.	1.1997041213870004e-8	6.203239062842092e-8	6.149009642241118e-9	6.168409327719361e-10
3.	3.950079442464457e-10	5.6637814056328135e-8	5.6055272409399384e-9	5.632099935681273e-10
4.	9.995975809670352e-12	5.148190507399897e-8	5.096331502833188e-9	5.128598107799951e-10
5.	2.1346121201409715e-13	4.658279405921304e-8	4.620153287399999e-9	4.656780099288203e-10
6.	4.037264956152048e-15	4.19540853784634e-8	4.175751029212452e-9	4.2155429665085203e-10
7.	6.959973983316113e-17	3.7605211398238876e-8	3.761910538096242e-9	3.80380452020928e-10
8.	1.1144328701174565e-18	3.354180449325994e-8	3.377444801704486e-9	3.420503281363461e-10
9.	1.6735014523984344e-20	2.976607665599282e-8	3.0211937888975503e-9	3.064598437987875e-10
10.	1.271747553977976e-22	2.627719829743808e-8	2.692024252505859e-9	2.7350698014874316e-10
11.	1.7416243621253067e-24	2.3071669541567462e-8	2.38882953022332e-9	2.430917761224278e-10
12.	2.2916213448093143e-26	2.0143678785282176e-8	2.110529342537243e-9	2.1511632361566392e-10
13.	2.909420384472887e-28	1.7485444550008648e-8	1.8560695867469433e-9	1.8948476225269258e-10
14.	3.576190313075903e-30	1.5087537715069625e-8	1.6244221262585097e-9	1.6610327367041853e-10
14.999999999999998	4.267744961448118e-32	1.2939182119404642e-8	1.414584574467943e-9	1.448800752402454e-10
16.	4.956461266131485e-34	1.1028532267488601e-8	1.225580072659747e-9	1.2572541316046502e-10
17.	5.6138552062108096e-36	9.342927495797527e-9	1.0564570614537042e-9	1.0855155486217868e-10
18.	6.213651007081732e-38	7.869122464405313e-9	9.06289045429385e-10	9.327278068098684e-11
18.999999999999996	6.7351317488475134e-40	6.593494249058821e-9	7.741743506466896e-10	7.980537475523867e-11
20.	7.16653059696958e-42	5.5022266355878135e-9	6.592358748617134e-10	6.806761511951724e-11
21.	7.508212775934129e-44	4.581472472541758e-9	5.606208303109896e-10	5.7979762969289584e-11
22.	7.775408775876494e-46	3.817495129978805e-9	4.775004790042508e-10	4.9464051079317084e-11
23.	8.000287201721417e-48	3.1967902516416034e-9	4.090698605265115e-10	4.2444671364522236e-11
24.	8.233198011881659e-50	2.7061890825392317e-9	3.5454751240509246e-10	3.684776157759254e-11
24.999999999999996	8.542969693613782e-52	2.332944711433703e-9	3.131751831464552e-10	3.2601391142686824e-11
26.	9.016202811544518e-54	2.0648025942398676e-9	2.8421753809178783e-10	2.963554612923594e-11
27.	9.755562934070546e-56	1.8900567254289665e-9	2.669618582795614e-10	2.7882113374019178e-11
28.	1.0877134070638235e-57	1.797592805003338e-9	2.6071773253802946e-10	2.727486376348107e-11
29.	1.2506945875641642e-59	1.7769197126659707e-9	2.6481674306123035e-10	2.7749434691654595e-11
29.999999999999996	1.477683116259744e-61	1.81819055205367e-9	2.7861214474874753e-10	2.924331171210205e-11
31.	1.7819802737528622e-63	1.9122144694347873e-9	3.0147853861253836e-10	3.1695809404993103e-11
32.	2.1765159087935967e-65	2.0504603857361725e-9	3.3281153957389057e-10	3.504805148284083e-11
32.99999999999999	2.6733536778299225e-67	2.225053710399792e-9	3.720274389901473e-10	3.924295016051938e-11
34.	3.28321239853029e-69	2.428767032263189e-9	4.1856286226462145e-10	4.422518481702713e-11
35.	4.015023557079678e-71	2.6550057079805296e-9	4.718744219041615e-10	4.994117997803603e-11
36.	4.8755427041857647e-73	2.8977891937501272e-9	5.314383663975278e-10	5.6339082649620804e-11
37.	5.869029462362704e-75	3.1517288923457325e-9	5.967502252940813e-10	6.336873903468565e-11
37.99999999999999	6.997007359061083e-77	3.412003215510512e-9	6.673244508666474e-10	7.09816706645349e-11
39.	8.258110912383673e-79	3.674330492330438e-9	7.426940567448333e-10	7.913104997877122e-11
40.	9.648023535544693e-81	3.93494028776811e-9	8.224102539057668e-10	8.777167538726844e-11
41.	1.1159506081359647e-82	4.190543632485473e-9	9.060420844084082e-10	9.685994584837621e-11
42.	1.2782512380865544e-84	4.438302605675891e-9	9.931760532551719e-10	1.0635383499775947e-10
42.99999999999999	1.450438507117536e-86	4.675799657030692e-9	1.083415758761098e-9	1.1621286486240955e-10
44.	1.6310122453394626e-88	4.901007002265741e-9	1.1763815218059588e-9	1.2639807919435043e-10
44.99999999999999	1.8182705133679975e-90	5.11225637884997e-9	1.271710014338854e-9	1.3687201645844957e-10
46.	2.010346980821266e-92	5.3082094046723e-9	1.3690538874981229e-9	1.475986825085238e-10
47.	2.205251675476882e-94	5.487828742275363e-9	1.4680813997016835e-9	1.5854352298560633e-10
48.	2.400913736210636e-96	5.650350234856726e-9	1.5684760450546593e-9	1.6967339547185044e-10
49.	2.59522483151223e-98	5.795256147347052e-9	1.6699361824120106e-9	1.809565414330511e-10
49.99999999999999	2.786081979333483e-100	5.922249616354892e-9	1.772174665424435e-9	1.9236255798223103e-10
51.	2.97142861568851e-102	6.031230386439475e-9	1.8749184738855746e-9	2.0386236949610953e-10
52.	3.1492929005204904e-104	6.122271886846865e-9	1.9779083466882117e-9	2.154281991156188e-10
53.	3.317822411478296e-106	6.195599682324902e-9	2.0808984166861893e-9	2.2703354016090347e-10
54.	3.475314551164245e-108	6.2515713137218495e-9	2.1836558477477032e-9	2.386531274904834e-10
54.99999999999999	3.6202421734467177e-110	6.290657528574497e-9	2.2859604742742305e-9	2.502629088334585e-10
56.	3.7512741126254347e-112	6.313424888610508e-9	2.3876044434478433e-9	2.618400161228042e-10
56.99999999999999	3.86729046963461e-114	6.3205197298377215e-9	2.4883918604579577e-9	2.7336273685694423e-10
58.	3.967392667126847e-116	6.3126534414870455e-9	2.5881384369468617e-9	2.8481048551590946e-10
59.	4.050908426369228e-118	6.290589022341091e-9	2.6866711429015477e-9	2.961637750574801e-10
59.99999999999999	4.1173919406951446e-120	6.2551288667505324e-9	2.7838278622076188e-9	3.074041885178038e-10
61.	4.1666196210744417e-122	6.2071037277580155e-9	2.87945705206927e-9	3.185143507400441e-10
62.	4.198581868463592e-124	6.147362801065437e-9	2.9734174064876986e-9	3.2947790025368253e-10
63.	4.213471385140335e-126	6.076764870958508e-9	3.065577523978684e-9	3.402794613261522e-10
64.	4.211668573974171e-128	5.996170457611578e-9	3.155815579698643e-9	3.509046162075425e-10
65.	4.193724592029531e-130	5.906434904319085e-9	3.2440190021371462e-9	3.613398775881637e-10
65.99999999999999	4.160342624888177e-132	5.80840234302584e-9	3.330084154522763e-9	3.715726612878298e-10
67.	4.1123579327744193e-134	5.702900476957988e-9	3.413916021078113e-9	3.815912591947703e-10
68.	4.0507171914090286e-136	5.590736120097419e-9	3.495427898249338e-9	3.9138481247117067e-10
69.	3.9764576119035724e-138	5.472691434611351e-9	3.57454109102459e-9	4.0094328504140377e-10
70.	3.890686277435635e-140	5.349520809071645e-9	3.6511846144459315e-9	4.102574373781226e-10
70.99999999999999	3.794560082224481e-142	5.2219483223065155e-9	3.725294900408958e-9	4.193188006004798e-10
72.	3.689266602713449e-144	5.090665739961253e-9	3.796815509834712e-9	4.281196508978585e-10
73.	3.5760061737460468e-146	4.956330993249991e-9	3.865696850288905e-9	4.366529842916396e-10
74.	3.4559753857704284e-148	4.819567091911501e-9	3.931895899114274e-9	4.4491249174666977e-10
75.	3.330352164087143e-150	4.68096142599403e-9	3.995375932132892e-9	4.5289253464326404e-10
75.99999999999999	3.200282539187695e-152	4.5410654137550236e-9	4.056106257966624e-9	4.605881206197676e-10
77.	3.066869169194956e-154	4.400394455635634e-9	4.1140619580155145e-9	4.679948797948939e-10
78.	2.931161632086605e-156	4.259428156933512e-9	4.169223632125752e-9	4.751090413782835e-10
79.	2.7941484671638105e-158	4.118610784425824e-9	4.221577149971206e-9	4.81927410676975e-10
80.	2.6567509124204922e-160	3.9783519247687544e-9	4.271113408164795e-9	4.884473465047307e-10
80.99999999999999	2.519818257135751e-162	3.839027315005172e-9	4.317828093108948e-9	4.9466673900045e-10
82.	2.3841247070511864e-164	3.7009798179339115e-9	4.3617214495873644e-9	5.005839878612148e-10
83.	2.250367642684974e-166	3.5645205174236524e-9	4.402798055093668e-9	5.061979809948119e-10
84.	2.1191671393872492e-168	3.4299299109828715e-9	4.441066599886325e-9	5.115080735959666e-10
84.99999999999999	1.991066610191865e-170	3.297459179019253e-9	4.4765396727528806e-9	5.165140676498382e-10
85.99999999999999	1.86653442897734e-172	3.167331512233083e-9	4.509233552461155e-9	5.212161918657693e-10
87.	1.7459663913533026e-174	3.0397434804875914e-9	4.539168004869175e-9	5.256150820436556e-10
88.	1.629688873615708e-176	2.9148664282836014e-9	4.566366085660698e-9	5.297117618747534e-10
89.	1.517962555485351e-178	2.792847883636041e-9	4.59085394866808e-9	5.335076241782029e-10
89.99999999999999	1.4109865797146228e-180	2.6738129687082823e-9	4.61266065973958e-9	5.370044125740032e-10
90.99999999999999	1.308903030572545e-182	2.5578658020073575e-9	4.631818016103853e-9	5.402042035926905e-10
92.	1.2118016232097725e-184	2.445090883282754e-9	4.648360371180075e-9	5.431093892214808e-10
93.	1.1197245066553724e-186	2.3355544535068815e-9	4.662324464778417e-9	5.457226598861845e-10
94.	1.0326710943007641e-188	2.2293058234495653e-9	4.673749258631764e-9	5.480469878677526e-10
94.99999999999999	9.506028469243322e-191	2.126378665397115e-9	4.682675777196232e-9	5.500856111519022e-10
96.	8.734479443258581e-193	2.026792263512473e-9	4.689146953654756e-9	5.518420177098668e-10
97.	8.011057922866158e-195	1.930552719191094e-9	4.693207481055231e-9	5.533199302079357e-10
98.	7.334513216661536e-197	1.837654108543308e-9	4.694903668511657e-9	5.54523291143088e-10
99.	6.703390458761684e-199	1.7480795898314012e-9	4.694283302394525e-9	5.554562484016882e-10
99.99999999999999	6.116068516274117e-201	1.6618024593140063e-9	4.691395512434046e-9	5.561231412378751e-10
101.	5.570795056973473e-203	1.578787154506818e-9	4.686290642657938e-9	5.565284866679859e-10
102.	5.06571867447094e-205	1.498990204360536e-9	4.67902012708346e-9	5.566769662770649e-10
103.	4.5989180295033144e-207	1.4223611262903035e-9	4.669636370081511e-9	5.565734134332213e-10
104.	4.1684280187897196e-209	1.348843270369013e-9	4.6581926313293545e-9	5.562228009053742e-10
104.99999999999999	3.7722630275253556e-211	1.2783746113246496e-9	4.644742915266757e-9	5.556302288796625e-10
106.	3.40843735853242e-213	1.2108884892634408e-9	4.629341864969483e-9	5.548009133695874e-10
107.	3.0749829606892555e-215	1.146314300279207e-9	4.612044660352713e-9	5.537401750147453e-10
108.	2.7699646023079417e-217	1.0845781383098415e-9	4.592906920616228e-9	5.524534282628204e-10
109.	2.491492652092835e-219	1.0256033897668114e-9	4.5719846108424415e-9	5.50946170929334e-10
109.99999999999999	2.237733641909933e-221	9.693112825968514e-10	4.549333952657649e-9	5.492239741294725e-10
111.	2.006918792494324e-223	9.156213915397721e-10	4.525011338866484e-9	5.472924725761835e-10
112.	1.79735068598183e-225	8.644521014250102e-10	4.4990732519692164e-9	5.451573552385881e-10
113.	1.6074082684949968e-227	8.15721030405839e-10	4.471576186471203e-9	5.428243563546269e-10
113.99999999999999	1.435550362405901e-229	7.693454150656178e-10	4.44257657489392e-9	5.402992467917652e-10
114.99999999999999	1.2803178619864532e-231	7.252424593481295e-10	4.4121307173967584e-9	5.37587825749469e-10
116.	1.1403347783390292e-233	6.833296492660503e-10	4.380294714919125e-9	5.34695912797086e-10
117.	1.0143082903125068e-235	6.435250353296216e-10	4.347124405752425e-9	5.316293402406843e-10
118.	9.010279478653133e-238	6.057474846139069e-10	4.312675305451992e-9	5.28393945812348e-10
118.99999999999999	7.993641634589742e-240	5.699169043491837e-10	4.277002549999323e-9	5.249955656753558e-10
119.99999999999999	7.0826611580077e-242	5.359544388764023e-10	4.240160842125533e-9	5.214400277386458e-10
121.	6.267591788927082e-244	5.037826417600432e-10	4.202204400707548e-9	5.177331452739195e-10
122.	5.539419780792729e-246	4.733256247949108e-10	4.163186913149187e-9	5.138807108287154e-10
122.99999999999999	4.88983163814009e-248	4.4450918558337325e-10	4.123161490660024e-9	5.098884904287662e-10
124.	4.311179832942023e-250	4.172609152950569e-10	4.082180626345721e-9	5.057622180629489e-10
125.	3.7964472008791034e-252	3.9151028815448765e-10	4.0402961560245e-9	5.015075904441265e-10
126.	3.3392106243735807e-254	3.6718873413306617e-10	3.9975592216850805e-9	4.971302620391895e-10
127.	2.933604521598357e-256	3.442296962518969e-10	3.954020237502797e-9	4.926358403616266e-10
128.	2.574284579748905e-258	3.2256867383125355e-10	3.909728858331226e-9	4.880298815199613e-10
129.	2.2563920971593296e-260	3.021432529517641e-10	3.86473395058808e-9	4.833178860154241e-10
130.	1.9755192320140118e-262	2.8289312532233233e-10	3.819083565455026e-9	4.785052947822678e-10
131.	1.7276753955780922e-264	2.6476009668029213e-10	3.772824914312407e-9	4.735974854641577e-10
131.99999999999997	1.509254974630111e-266	2.4768808578146203e-10	3.726004346330934e-9	4.685997689201287e-10
133.	1.3170065209201986e-268	2.316231149710984e-10	3.6786673281437645e-9	4.635173859536371e-10
134.	1.1480035045892644e-270	2.1651329326217827e-10	3.6308584255235593e-9	4.5835550425829795e-10
135.	9.996166931792885e-273	2.0230879278455972e-10	3.582621286990512e-9	4.531192155739496e-10
136.	8.694881877237431e-275	1.889618194083638e-10	3.5339986292785156e-9	4.478135330467567e-10
137.	7.555071219561204e-277	1.764265782864603e-10	3.4850322245882078e-9	4.4244338878712785e-10
138.	6.557870095278254e-279	1.646592350052708e-10	3.4357628895567218e-9	4.37013631619287e-10
139.	5.686447068094771e-281	1.5361787297986977e-10	3.386230475875591e-9	4.3152902501642585e-10
140.	4.925809449617927e-283	1.4326244767829669e-10	3.3364738624895324e-9	4.2599424521542733e-10
140.99999999999997	4.262623741033858e-285	1.3355473821205651e-10	3.2865309493102154e-9	4.204138795052437e-10
141.99999999999997	3.685050541961752e-287	1.2445829678376097e-10	3.2364386523806453e-9	4.147924246830794e-10
143.	3.182593213618125e-289	1.159383964397097e-10	3.1862329004270938e-9	4.091342856726341e-10
144.	2.7459595441085826e-291	1.0796197753460506e-10	3.135948632737033e-9	4.034437742987331e-10
145.	2.366935641157546e-293	1.0049759327685848e-10	3.0856197983028726e-9	3.9772510821276623e-10
146.	2.0382712691681474e-295	9.351535468744744e-11	3.0352793561728073e-9	3.9198240996345517e-10
147.	1.7535758507577865e-297	8.69868752712603e-11	2.984959276951466e-9	3.8621970620755405e-10
148.	1.5072243657050702e-299	8.08852156685985e-11	2.934690545394468e-9	3.804409270551859e-10
149.	0.	7.518482852516141e-11	2.8845031640424785e-9	3.74649905544616e-10
150.	0.	6.986150379168824e-11	2.8344261578416905e-9	3.688503772413575e-10
150.99999999999997	0.	6.489231463906246e-11	2.784487579699105e-9	3.6304597995660386e-10
151.99999999999997	0.	6.025556415163732e-11	2.73471451692246e-9	3.5724025358008926e-10
153.	0.	5.5930732939598216e-11	2.6851330984958767e-9	3.514366400225615e-10
154.	0.	5.1898427791833175e-11	2.6357685031438073e-9	3.456384832631705e-10
155.	0.	4.8140331472208065e-11	2.5866449681372564e-9	3.398490294971664e-10
156.	0.	4.4639153745755476e-11	2.5377857987974635e-9	3.3407142737940453e-10
157.	0.	4.1378583706016185e-11	2.489213378653689e-9	3.283087283592559e-10
158.	0.	3.834324346088392e-11	2.4409491802130726e-9	3.2256388710262556e-10
159.	0.	3.551864322192766e-11	2.3930137763018e-9	3.168397619968834e-10
160.	0.	3.2891137830624003e-11	2.3454268519380164e-9	3.1113911573459564e-10
160.99999999999997	0.	3.044788474486896e-11	2.2982072166985184e-9	3.054646159720861e-10
161.99999999999997	0.	2.8176803499934643e-11	2.251372817542082e-9	2.998188360589097e-10
163.	0.	2.606653664975558e-11	2.204940752053872e-9	2.9420425583445335e-10
164.	0.	2.4106412187236327e-11	2.158927282076411e-9	2.8862326248796544e-10
165.	0.	2.228640743579415e-11	2.11334784769386e-9	2.830781514784159e-10
166.	0.	2.059711439859958e-11	2.0682170815375633e-9	2.775711275106954e-10
167.	0.	1.90297065470946e-11	2.023548823381837e-9	2.7210430556473623e-10
168.	0.	1.7575907026011248e-11	1.9793561350002977e-9	2.666797119742637e-10
169.	0.	1.62279582483858e-11	1.9356513152540815e-9	2.6129928555196556e-10
169.99999999999997	0.	1.497859285093277e-11	1.89244591538428e-9	2.5596487875795573e-10
170.99999999999997	0.	1.3821005977497367e-11	1.8497507544821863e-9	2.5067825890851963e-10
171.99999999999997	0.	1.2748828856018258e-11	1.8075759351118829e-9	2.454411094222056e-10
173.	0.	1.1756103632798152e-11	1.7659308590607505e-9	2.4025503110042695e-10
174.	0.	1.0837259426268748e-11	1.7248242431944947e-9	2.3512154343982483e-10
175.	0.	9.98708956160687e-12	1.6842641353942788e-9	2.3004208597372806e-10
176.	0.	9.200729946547068e-12	1.6442579305545214e-9	2.2501801964014754e-10
177.	0.	8.473638548443456e-12	1.6048123866208188e-9	2.2005062817380683e-10
178.	0.	7.80157593227445e-12	1.5659336406484282e-9	2.151411195198151e-10
179.	0.	7.180586819277327e-12	1.5276272248626059e-9	2.1029062726666228e-10
179.99999999999997	0.	6.606982626096893e-12	1.4898980827029906e-9	2.055002120962995e-10
180.99999999999997	0.	6.077324944590666e-12	1.4527505848350515e-9	2.0077086324915025e-10
181.99999999999997	0.	5.5884099229571635e-12	1.4161885451124913e-9	1.9610350000197505e-10
183.	0.	5.13725350949023e-12	1.3802152364752512e-9	1.9149897315659334e-10
184.	0.	4.72107752080943e-12	1.3448334067686176e-9	1.8695806653753712e-10
185.	0.	4.3372964974931545e-12	1.310045294469635e-9	1.824814984967935e-10
186.	0.	3.983505310614148e-12	1.2758526443077942e-9	1.7806992342385425e-10
187.	0.	3.657467483870355e-12	1.2422567227677166e-9	1.7372393325938035e-10
188.	0.	3.3571041968744273e-12	1.209258333462213e-9	1.6944405901083902e-10
189.	0.	3.08048393622264e-12	1.1768578323648573e-9	1.652307722685642e-10
189.99999999999997	0.	2.825812762043971e-12	1.1450551428916818e-9	1.610844867207209e-10
190.99999999999997	0.	2.5914251588378958e-12	1.113849770822576e-9	1.570055596657754e-10
192.	0.	2.375775440513441e-12	1.0832408190532008e-9	1.5299429352107402e-10
193.	0.	2.1774296805882825e-12	1.0532270021691802e-9	1.4905093732625118e-10
194.	0.	1.9950581397354737e-12	1.0238066608346575e-9	1.4517568824021173e-10
195.	0.	1.8274281638980186e-12	9.949777759880115e-10	1.413686930305084e-10
196.	0.	1.673397527285211e-12	9.667379828380282e-10	1.3763004955399518e-10
197.	0.	1.5319081957342573e-12	9.390845846543726e-10	1.339598082276885e-10
198.	0.	1.4019804868769461e-12	9.120145663465826e-10	1.3035797348881273e-10
198.99999999999997	0.	1.2827076047290258e-12	8.855246078265967e-10	1.26824505243098e-10
199.99999999999997	0.	1.1732505272040362e-12	8.596110971498766e-10	1.2335932030039534e-10
200.99999999999997	0.	1.0728332262278695e-12	8.342701434310827e-10	1.1996229379678133e-10
202.	0.	9.807382009070477e-13	8.09497589530316e-10	1.166332606023279e-10
203.	0.	8.963023053660633e-13	7.852890245066617e-10	1.1337201671379663e-10
204.	0.	8.189128536095826e-13	7.616397958359216e-10	1.1017832063153359e-10
205.	0.	7.480039847351907e-13	7.385450213900599e-10	1.0705189471991554e-10
206.	0.	6.830532727149851e-13	7.159996011760161e-10	1.0399242655071471e-10
207.	0.	6.235785656867358e-13	6.939982288320797e-10	1.0099957022881083e-10
208.	0.	5.691350406048375e-13	6.725354028802998e-10	9.807294769971723e-11
208.99999999999997	0.	5.193124597871501e-13	6.516054377337018e-10	9.521215003841979e-11
209.99999999999997	0.	4.737326166497966e-13	6.312024744574463e-10	9.241673871907525e-11
210.99999999999997	0.	4.3204695866109186e-13	6.113204912833247e-10	8.968624686514725e-11
212.	0.	3.9393437613074183e-13	5.919533138773335e-10	8.702018047960053e-11
213.	0.	3.590991462190864e-13	5.730946253602658e-10	8.441801965480255e-11
214.	0.	3.2726902202385184e-13	5.54737976081567e-10	8.187921976181769e-11
215.	0.	2.9819345730678855e-13	5.368767931469774e-10	7.940321261881878e-11
216.	0.	2.7164195790738925e-13	5.195043897006083e-10	7.69894076383551e-11
217.	0.	2.4740255142606245e-13	5.026139739625202e-10	7.46371929532752e-11
218.	0.	2.2528036732271074e-13	4.861986580227855e-10	7.234593652108698e-11
218.99999999999997	0.	2.0509631996179357e-13	4.702514663936152e-10	7.01149872066276e-11
219.99999999999997	0.	1.8668588765428285e-13	4.547653443209318e-10	6.794367584288004e-11
220.99999999999997	0.	1.698979811753306e-13	4.397331658571732e-10	6.583131626983777e-11
222.	0.	1.5459389559410555e-13	4.251477416972914e-10	6.377720635134078e-11
223.	0.	1.4064633968573234e-13	4.110018267799303e-10	6.178062896981193e-11
224.	0.	1.2793853754123993e-13	3.9728812765601424e-10	5.984085299885988e-11
225.	0.	1.1636339733492841e-13	3.8399930962717687e-10	5.795713425374435e-11
226.	0.	1.0582274251586736e-13	3.7112800365641016e-10	5.612871641969375e-11
227.	0.	9.622660104250877e-14	3.586668130536148e-10	5.4354831958112836e-11
227.99999999999997	0.	8.74925485138899e-14	3.4660831993876875e-10	5.2634702990724556e-11
228.99999999999997	0.	7.954510134694333e-14	3.349450914855427e-10	5.0967542161709476e-11
229.99999999999997	0.	7.231515642268167e-14	3.236696859483052e-10	4.935255347792682e-11
230.99999999999997	0.	6.573947381806704e-14	3.1277465847548274e-10	4.77889331273064e-11
232.	0.	5.976019951055877e-14	3.0225256671252925e-10	4.62758702755484e-11
233.	0.	5.432442513630282e-14	2.920959761974792e-10	4.4812547841229256e-11
234.	0.	4.93837820689176e-14	2.8229746555255357e-10	4.339814324948935e-11
235.	0.	4.489406730057672e-14	2.7284963147498127e-10	4.2031829164437294e-11
236.	0.	4.0814898750104384e-14	2.637450935304861e-10	4.071277420045295e-11
237.	0.	3.710939781986691e-14	2.5497649875285354e-10	3.9440143612569074e-11
237.99999999999997	0.	3.374389714774202e-14	2.4653652605302546e-10	3.8213099966123396e-11
238.99999999999997	0.	3.068767166510369e-14	2.384178904412804e-10	3.70308037858925e-11
239.99999999999997	0.	2.79126911816158e-14	2.3061334706598127e-10	3.589241418491378e-11
240.99999999999997	0.	2.5393392879784692e-14	2.231156950725246e-10	3.479708947322839e-11
242.	0.	2.3106472182826507e-14	2.159177812860603e-10	3.374398774677554e-11
243.	0.	2.103069058850769e-14	2.0901250372156967e-10	3.273226745667518e-11
244.	0.	1.9146699158661906e-14	2.0239281492501917e-10	3.176108795916137e-11
245.	0.	1.7436876455185304e-14	1.9605172514910498e-10	3.0829610046405103e-11
245.99999999999997	0.	1.588517978828974e-14	1.899823053673572e-10	2.993699645850726e-11
247.	0.	1.4477008747942325e-14	1.8417769013019174e-10	2.908241237692336e-11
248.	0.	1.3199080033015088e-14	1.7863108026652836e-10	2.826502589958934e-11
248.99999999999997	0.	1.2039312706382692e-14	1.7333574543469782e-10	2.748400849804266e-11
250.	0.	1.098672303974484e-14	1.6828502652618725e-10	2.6738535456809385e-11
250.99999999999997	0.	1.0031328174545054e-14	1.634723379259012e-10	2.602778629535605e-11
252.	0.	9.164057910728496e-15	1.5889116963252674e-10	2.535094517289648e-11
252.99999999999997	0.	8.37667395595574e-15	1.5453508924255078e-10	2.4707201276342904e-11
254.	0.	7.661696035609555e-15	1.5039774380158314e-10	2.4095749191715057e-11
254.99999999999997	0.	7.012334312124457e-15	1.4647286152641154e-10	2.3515789259290202e-11
256.	0.	6.422427591771968e-15	1.4275425340141472e-10	2.2966527912815217e-11
257.	0.	5.886386847588093e-15	1.3923581465275508e-10	2.2447178003075655e-11
258.	0.	5.399143623736749e-15	1.3591152610381002e-10	2.1956959106129437e-11
259.	0.	4.95610291461789e-15	1.3277545541528672e-10	2.1495097816516025e-11
260.	0.	4.553100147954019e-15	1.298217582134405e-10	2.1060828025755466e-11
261.	0.	4.186361934073519e-15	1.2704467910963007e-10	2.065339118642652e-11
262.	0.	3.8524702554621416e-15	1.2443855261467267e-10	2.027203656215802e-11
263.	0.	3.5483298237181364e-15	1.2199780395119605e-10	1.991602146382981e-11
263.99999999999994	0.	3.2711383174157856e-15	1.1971694976720988e-10	1.958461147229049e-11
265.	0.	3.0183592746380984e-15	1.1759059875410678e-10	1.9277080647903294e-11
266.	0.	2.7876973997783052e-15	1.1561345217225646e-10	1.8992711727230662e-11
267.	0.	2.577076087884235e-15	1.1378030428727764e-10	1.8730796307160118e-11
268.	0.	2.3846169691403955e-15	1.1208604272005676e-10	1.8490635016779495e-11
269.	0.	2.2086213027508043e-15	1.1052564871345424e-10	1.8271537677292888e-11
270.	0.	2.0475530622460828e-15	1.0909419731880665e-10	1.8072823450303697e-11
271.	0.	1.900023556242515e-15	1.0778685750495344e-10	1.7893820974733786e-11
272.	0.	1.7647774635519534e-15	1.0659889219283429e-10	1.7733868492706794e-11
272.99999999999994	0.	1.6406801429381997e-15	1.0552565821830932e-10	1.7592313964663977e-11
274.	0.	1.5267061213888117e-15	1.0456260622608134e-10	1.7468515174024598e-11
274.99999999999994	0.	1.421928641411568e-15	1.0370528049736067e-10	1.7361839821669345e-11
276.	0.	1.3255101863748231e-15	1.0294931871398333e-10	1.7271665610542515e-11
277.	0.	1.2366938844044596e-15	1.0229045166156521e-10	1.719738032065256e-11
278.	0.	1.1547957222632521e-15	1.0172450287424027e-10	1.7138381874751606e-11
279.	0.	1.0791974911325265e-15	1.0124738822352345e-10	1.7094078394977706e-11
280.	0.	1.009340397266908e-15	1.0085511545371e-10	1.7063888250728056e-11
281.	0.	9.447192794157312e-16	1.0054378366626342e-10	1.7047240098043606e-11
281.99999999999994	0.	8.848773772824777e-16	1.00309582755467e-10	1.7043572910760713e-11
283.	0.	8.294015996527096e-16	1.0014879279773002e-10	1.705233600371059e-11
283.99999999999994	0.	7.77918246834432e-16	1.0005778339671045e-10	1.707298904821366e-11
285.	0.	7.300891444094526e-16	1.0003301298649195e-10	1.7105002080133904e-11
286.	0.	6.856081523108893e-16	1.0007102809494363e-10	1.714785550074438e-11
287.	0.	6.441980098817148e-16	1.00168462569365e-10	1.7201040070656717e-11
288.	0.	6.056074911686615e-16	1.0032203676641092e-10	1.7264056897052128e-11
289.	0.	5.69608836137361e-16	1.0052855670837141e-10	1.733641741447158e-11
290.	0.	5.359954367087335e-16	1.0078491320762917e-10	1.7417643359383554e-11
291.	0.	5.045797454419283e-16	1.0108808096128379e-10	1.7507266738780736e-11
292.	0.	4.751913968962969e-16	1.0143511761771052e-10	1.7604829793024126e-11
292.99999999999994	0.	4.476755095846232e-16	1.0182316281690399e-10	1.7709884953170828e-11
294.	0.	4.2189116158473244e-16	1.0224943720625398e-10	1.7821994792992314e-11
294.99999999999994	0.	3.977100140278851e-16	1.0271124143354597e-10	1.794073197591761e-11
296.	0.	3.75015074291925e-16	1.0320595511874839e-10	1.806567919710189e-11
297.	0.	3.536995831443012e-16	1.037310358062505e-10	1.819642912084142e-11
298.	0.	3.336660135041873e-16	1.0428401789901087e-10	1.833258431352476e-11
299.	0.	3.148251695942181e-16	1.0486251157622537e-10	1.8473757172340434e-11
300.	0.	2.970953772437553e-16	1.0546420169585362e-10	1.861956984991659e-11
301.	0.	2.8040175660704585e-16	1.0608684668353511e-10	1.8769654175107532e-11
301.99999999999994	0.	2.646755689203344e-16	1.0672827740916807e-10	1.8923651570098577e-11
303.	0.	2.498536270648652e-16	1.073863960524947e-10	1.908121296401734e-11
303.99999999999994	0.	2.3587776955975764e-16	1.0805917495902748e-10	1.9241998703241986e-11
305.	0.	2.226943855969377e-16	1.0874465548746311e-10	1.9405678458565987e-11
306.	0.	2.1025398832330078e-16	1.0944094684986765e-10	1.9571931129407566e-11
307.	0.	1.9851083440079715e-16	1.1014622494570631e-10	1.97404447452172e-11
308.	0.	1.874225769768695e-16	1.1085873119091719e-10	1.9910916364262558e-11
309.	0.	1.7694996012194402e-16	1.1157677134301104e-10	2.008305196993421e-11
310.	0.	1.6705653935436168e-16	1.1229871432331833e-10	2.025656636474359e-11
310.99999999999994	0.	1.577084316078674e-16	1.1302299103729316e-10	2.0431183062149487e-11
312.	0.	1.4887409319316334e-16	1.1374809319393726e-10	2.0606634176379812e-11
312.99999999999994	0.	1.405241175714599e-16	1.1447257212515562e-10	2.078266031037271e-11
314.	0.	1.3263105103673772e-16	1.1519503760601294e-10	2.095901044199253e-11
314.99999999999994	0.	1.2516923392183982e-16	1.1591415667671248e-10	2.113544180865158e-11
316.	0.	1.181146494557422e-16	1.1662865246709407e-10	2.1311719790466914e-11
317.	0.	1.1144479361452763e-16	1.173373030244703e-10	2.1487617792087862e-11
318.	0.	1.0513855429805355e-16	1.1803894014551128e-10	2.1662917123312366e-11
319.	0.	9.9176104685184e-17	1.1873244821294183e-10	2.183740687862264e-11
320.	0.	9.353880198537951e-17	1.1941676303767258e-10	2.2010883815746216e-11
321.	0.	8.820910476210862e-17	1.20090870707103e-10	2.2183152233372704e-11
321.99999999999994	0.	8.317048719324526e-17	1.2075380644012306e-10	2.2354023848118924e-11
323.	0.	7.840736959726205e-17	1.2140465344946764e-10	2.2523317670861832e-11
323.99999999999994	0.	7.39050528718114e-17	1.220425418119915e-10	2.269085988254261e-11
325.	0.	6.964965664473155e-17	1.226666473473917e-10	2.2856483709542273e-11
326.	0.	6.562806606013978e-17	1.2327619050582567e-10	2.3020029298713846e-11
327.	0.	6.182787908268e-17	1.238704352650367e-10	2.3181343592189503e-11
328.	0.	5.823736588926081e-17	1.244486880373133e-10	2.33402802020298e-11
329.	0.	5.4845422936355376e-17	1.2501029658678053e-10	2.3496699284815356e-11
330.	0.	5.1641536230217076e-17	1.2555464895743598e-10	2.3650467416266056e-11
330.99999999999994	0.	4.861574342285168e-17	1.260811724122728e-10	2.3801457465963452e-11
332.	0.	4.5758607863968695e-17	1.2658933238385053e-10	2.394954847225376e-11
332.99999999999994	0.	4.306117960960143e-17	1.2707863143673325e-10	2.4094625517424694e-11
334.	0.	4.051497553001063e-17	1.2754860824194334e-10	2.4236579603196428e-11
335.	0.	3.811194886520919e-17	1.2799883656391526e-10	2.437530752663338e-11
336.	0.	3.584446703568307e-17	1.2842892426007043e-10	2.4510711756516148e-11
337.	0.	3.3705289191534663e-17	1.288385122933248e-10	2.4642700310249045e-11
338.	0.	3.168754403670162e-17	1.2922727375778732e-10	2.4771186631370048e-11
339.	0.	2.978471351079931e-17	1.2959491291778706e-10	2.489608946770888e-11
339.99999999999994	0.	2.7990610048689624e-17	1.2994116426050747e-10	2.5017332750265294e-11
341.	0.	2.6299365315731785e-17	1.302657915623182e-10	2.5134845472845722e-11
341.99999999999994	0.	2.4705408956904287e-17	1.3056858696904805e-10	2.524856157252622e-11
343.	0.	2.3203455420557973e-17	1.3084937009027206e-10	2.5358419810977478e-11
343.99999999999994	0.	2.1788490630827925e-17	1.3110798710778076e-10	2.5464363656707852e-11
345.	0.	2.0455756626009103e-17	1.3134430989831722e-10	2.55663411682624e-11
346.	0.	1.9200741893999424e-17	1.3155823517069516e-10	2.5664304878426686e-11
347.	0.	1.8019165192121598e-17	1.317496836173669e-10	2.575821167947034e-11
348.	0.	1.6906966766831588e-17	1.3191859908051442e-10	2.584802270947192e-11
349.	0.	1.5860297384367557e-17	1.3206494773271103e-10	2.5933703239759066e-11
350.	0.	1.4875509549542032e-17	1.321887172722051e-10	2.6015222563499963e-11
350.99999999999994	0.	1.394914266335515e-17	1.3228991613282576e-10	2.609255388547362e-11
352.	0.	1.307791849760022e-17	1.323685727085774e-10	2.6165674213058073e-11
352.99999999999994	0.	1.2258731571250703e-17	1.32424734592868e-10	2.6234564248453608e-11
354.	0.	1.1488639765155469e-17	1.3245846783239472e-10	2.629920828217375e-11
355.	0.	1.0764856110440676e-17	1.3246985619569406e-10	2.63595940878329e-11
356.	0.	1.008474082177048e-17	1.3245900045625857e-10	2.641571281823982e-11
357.	0.	9.44579743828191e-18	1.3242601769025996e-10	2.6467558902833833e-11
358.	0.	8.845660553334581e-18	1.3237104058878627e-10	2.6515129946474324e-11
359.	0.	8.282092383133703e-18	1.3229421678452926e-10	2.655842662959922e-11
359.99999999999994	0.	7.752978698101813e-18	1.32195708192901e-10	2.65974526097785e-11
361.	0.	7.256316065651022e-18	1.3207569036747928e-10	2.6632214424671736e-11
361.99999999999994	0.	6.790213072463713e-18	1.3193435186967618e-10	2.6662721396397637e-11
363.	0.	6.352879885162063e-18	1.3177189365260906e-10	2.6688985537342467e-11
363.99999999999994	0.	5.942627968583658e-18	1.3158852845901207e-10	2.671102145740279e-11
365.	0.	5.557856856061758e-18	1.313844802331169e-10	2.672884627267954e-11
366.	0.	5.197061382979295e-18	1.3115998354640805e-10	2.6742479515633623e-11
367.	0.	4.858814650473645e-18	1.3091528303709724e-10	2.6751943046701265e-11
368.	0.	4.541771539995719e-18	1.3065063286326152e-10	2.6757260967388193e-11
368.99999999999994	0.	4.2446653215008886e-18	1.3036629616942535e-10	2.6758459534828006e-11
370.	0.	3.966295993805015e-18	1.3006254456657437e-10	2.6755567077831505e-11
370.99999999999994	0.	3.7055344040854495e-18	1.2973965762534726e-10	2.6748613914405692e-11
372.	0.	3.4613161098991826e-18	1.2939792238237524e-10	2.6737632270765815e-11
372.99999999999994	0.	3.2326352868513492e-18	1.290376328595317e-10	2.6722656201820897e-11
374.	0.	3.0185462115636914e-18	1.2865908959601246e-10	2.6703721513146913e-11
375.	0.	2.8181563612000237e-18	1.28262599193057e-10	2.668086568443713e-11
376.	0.	2.6306260326969234e-18	1.2784847387118054e-10	2.66541277944328e-11
377.	0.	2.455161604523265e-18	1.2741703103973516e-10	2.662354844732507e-11
378.	0.	2.291020848183893e-18	1.2696859287866663e-10	2.6589169700630293e-11
379.	0.	2.1374987578913714e-18	1.2650348593227183e-10	2.655103499452607e-11
379.99999999999994	0.	1.993937475870586e-18	1.260220407148356e-10	2.6509189082652583e-11
381.	0.	1.859715560092953e-18	1.2552459132792367e-10	2.646367796435998e-11
381.99999999999994	0.	1.7342471540196344e-18	1.2501147508922127e-10	2.6414548818407678e-11
383.	0.	1.6169846298048115e-18	1.2448303217268087e-10	2.6361849938093956e-11
384.	0.	1.5074102165700818e-18	1.2393960525988284e-10	2.63056306678227e-11
385.	0.	1.4050376909891334e-18	1.2338153920235925e-10	2.624594134108414e-11
386.	0.	1.3094119666950135e-18	1.2280918069475415e-10	2.6182833219846965e-11
387.	0.	1.2201042600469308e-18	1.2222287795863103e-10	2.6116358435352912e-11
388.	0.	1.1367106720498872e-18	1.2162298043674077e-10	2.60465699302972e-11
388.99999999999994	0.	1.0588542574646552e-18	1.2100983849757323e-10	2.5973521402386506e-11
390.	0.	9.861792381110433e-19	1.20383803150052e-10	2.5897267249269137e-11
390.99999999999994	0.	9.18353211197326e-19	1.1974522576809942e-10	2.5817862514806282e-11
392.	0.	8.550625987421853e-19	1.1909445782502638e-10	2.5735362836699546e-11
392.99999999999994	0.	7.960149985027456e-19	1.184318506374389e-10	2.564982439543403e-11
394.	0.	7.40935885322704e-19	1.1775775511856085e-10	2.556130386454118e-11
395.	0.	6.89564183126027e-19	1.170725215407729e-10	2.5469858362162344e-11
396.	0.	6.416617147360695e-19	1.1637649930718149e-10	2.537554540389735e-11
397.	0.	5.969996703195279e-19	1.1567003673204266e-10	2.5278422856925073e-11
397.99999999999994	0.	5.553646934148005e-19	1.1495348082986902e-10	2.51785488953814e-11
399.	0.	5.165604413554617e-19	1.1422717711304309e-10	2.5075981956980504e-11
399.99999999999994	0.	4.803987421199385e-19	1.1349146939774281e-10	2.4970780700859913e-11
401.	0.	4.467046923868753e-19	1.1274669961803023e-10	2.4863003966640165e-11
401.99999999999994	0.	4.153160150239372e-19	1.1199320764790378e-10	2.4752710734676474e-11
403.	0.	3.8607895076961296e-19	1.1123133113117166e-10	2.4639960087495305e-11
404.	0.	3.588500012268455e-19	1.1046140531892196e-10	2.4524811172386305e-11
405.	0.	3.334953820837563e-19	1.0968376291448728e-10	2.4407323165150043e-11
406.	0.	3.0989050675055346e-19	1.0889873392566748e-10	2.4287555234969602e-11
407.	0.	2.8791598853226967e-19	1.0810664552408558e-10	2.41655665103994e-11
408.	0.	2.674641956537715e-19	1.0730782191149519e-10	2.4041416046451146e-11
408.99999999999994	0.	2.4843180023027977e-19	1.06502584192876e-10	2.391516279276114e-11
410.	0.	2.30722877038104e-19	1.0569125025613446e-10	2.378686556281734e-11
410.99999999999994	0.	2.1424851908499253e-19	1.0487413465829701e-10	2.365658300424022e-11
412.	0.	1.989229603611269e-19	1.0405154851796129e-10	2.3524373570085228e-11
412.99999999999994	0.	1.8467026208112245e-19	1.0322379941391881e-10	2.3390295491164065e-11
414.	0.	1.7141696249249692e-19	1.0239119128974788e-10	2.3254406749359164e-11
415.	0.	1.5909411721310207e-19	1.0155402436422968e-10	2.3116765051916844e-11
416.	0.	1.476370155786345e-19	1.007125950474456e-10	2.2977427806702e-11
417.	0.	1.369884227745335e-19	9.98671958623823e-11	2.2836452098395983e-11
417.99999999999994	0.	1.2709130651030896e-19	9.901811537192742e-11	2.269389466562413e-11
419.	0.	1.1789445132011338e-19	9.816563811107026e-11	2.2549811878991005e-11
419.99999999999994	0.	1.0934989524633672e-19	9.731004452418376e-11	2.2404259720008353e-11
421.	0.	1.014115558374856e-19	9.645161090725314e-11	2.2257293760902333e-11
421.99999999999994	0.	9.403853432394335e-20	9.559060935487581e-11	2.2108969145275874e-11
423.	0.	8.719026779936382e-20	9.472730771192593e-11	2.1959340569615318e-11
424.	0.	8.083101758130973e-20	9.3861969529727e-11	2.1808462265621338e-11
425.	0.	7.492621368173731e-20	9.299485402660632e-11	2.165638798334957e-11
426.	0.	6.944462816918492e-20	9.212621605269347e-11	2.1503170975142804e-11
426.99999999999994	0.	6.435591216024386e-20	9.125630605882807e-11	2.1348863980337283e-11
428.	0.	5.963278139704736e-20	9.0385370069454e-11	2.1193519210729055e-11
428.99999999999994	0.	5.525088246897858e-20	8.95136496593717e-11	2.1037188336782532e-11
430.	0.	5.118406421638449e-20	8.864138193422269e-11	2.087992247456584e-11
430.99999999999994	0.	4.7411189583980735e-20	8.776879951457526e-11	2.0721772173394242e-11
432.	0.	4.391141744480564e-20	8.689613052350974e-11	2.0562787404170006e-11
432.99999999999994	0.	4.0665261558766606e-20	8.602359857756812e-11	2.040301754839962e-11
434.	0.	3.765450123593829e-20	8.515142278095261e-11	2.0242511387872448e-11
435.	0.	3.4862097816221605e-20	8.427981772287284e-11	2.0081317094987687e-11
436.	0.	3.227438673665126e-20	8.340899347791516e-11	1.9919482223712734e-11
437.	0.	2.9874182604793177e-20	8.253915560932436e-11	1.97570537011552e-11
437.99999999999994	0.	2.7649802363280114e-20	8.167050517510867e-11	1.95940778197399e-11
439.	0.	2.5588185267740055e-20	8.080323873683323e-11	1.9430600229967738e-11
439.99999999999994	0.	2.3678232086004213e-20	7.993754837102737e-11	1.9266665933748917e-11
441.	0.	2.190737437952479e-20	7.907362168307979e-11	1.9102319278290113e-11
441.99999999999994	0.	2.0267136726746044e-20	7.821164182354566e-11	1.893760395052571e-11
443.	0.	1.8747473487038797e-20	7.73517875067419e-11	1.8772562972074037e-11
444.	0.	1.7340085117327864e-20	7.649423303156974e-11	1.8607238694710803e-11
445.	0.	1.6036146800108066e-20	7.563914830443194e-11	1.8441672796338016e-11
446.	0.	1.4829592510748753e-20	7.478669886418645e-11	1.8275906277440787e-11
446.99999999999994	0.	1.3711550303804417e-20	7.393704590903241e-11	1.8109979458016135e-11
448.	0.	1.2676929696989166e-20	7.30903463252466e-11	1.7943931974960674e-11
448.99999999999994	0.	1.171888047352073e-20	7.224675271767538e-11	1.7777802779901712e-11
450.	0.	1.0832060285508979e-20	7.140641344191356e-11	1.7611630137462462e-11
450.99999999999994	0.	1.0011504522540771e-20	7.056947263808587e-11	1.7445451623947347e-11
452.	0.	9.251522279167915e-21	6.973607026613853e-11	1.7279304126431264e-11
453.	0.	8.548913267996618e-21	6.890634214258563e-11	1.711322384224642e-11
454.	0.	7.898626037642077e-21	6.808041997861576e-11	1.6947246278848485e-11
455.	0.	7.29697388121053e-21	6.725843141949707e-11	1.678140625405383e-11
455.99999999999994	0.	6.7405330500207345e-21	6.644050008520712e-11	1.6615737896634944e-11
457.	0.	6.226124198111358e-21	6.562674561221333e-11	1.6450274647260908e-11
457.99999999999994	0.	5.749744431701505e-21	6.481728369634338e-11	1.628504925977357e-11
459.	0.	5.30971271056674e-21	6.401222613667554e-11	1.6120093802786876e-11
459.99999999999994	0.	4.902442972708498e-21	6.321168088038299e-11	1.5955439661598163e-11
461.	0.	4.526623242020915e-21	6.241575206847148e-11	1.5791117540399482e-11
461.99999999999994	0.	4.17902868227866e-21	6.1624540082355e-11	1.5627157464782326e-11
463.	0.	3.857637806150296e-21	6.08381415912033e-11	1.546358878451981e-11
464.	0.	3.560575298380076e-21	6.005664960000058e-11	1.5300440176618512e-11
465.	0.	3.2861015510872615e-21	5.928015349827409e-11	1.5137739648630752e-11
466.	0.	3.032602930382091e-21	5.850873910942412e-11	1.497551454221587e-11
466.99999999999994	0.	2.7975770133760562e-21	5.774248874061021e-11	1.4813791536940364e-11
468.	0.	2.5816523070054514e-21	5.698148123313718e-11	1.465259665430796e-11
468.99999999999994	0.	2.3815352616400076e-21	5.622579201330505e-11	1.4491955262012292e-11
470.	0.	2.1970376293168444e-21	5.5475493143652594e-11	1.4331892078397559e-11
470.99999999999994	0.	2.026067858768718e-21	5.473065337456919e-11	1.4172431177123545e-11
472.	0.	1.8685942241503913e-21	5.399133819622107e-11	1.4013595992024149e-11
473.	0.	1.72269124710029e-21	5.3257609890745476e-11	1.3855409322149198e-11
474.	0.	1.5884601239431304e-21	5.2529527584677284e-11	1.3697893336983676e-11
475.	0.	1.4650818769426262e-21	5.180714730156409e-11	1.3541069581834448e-11
475.99999999999994	0.	1.3508406203313776e-21	5.109052201472792e-11	1.3384958983375815e-11
477.	0.	1.2450489694567918e-21	5.037970170014731e-11	1.322958185534959e-11
477.99999999999994	0.	1.1470708002930315e-21	4.967473338940282e-11	1.3074957904405592e-11
479.	0.	1.0572565088557812e-21	4.8975661222669316e-11	1.2921106236081148e-11
479.99999999999994	0.	9.750439850023641e-22	4.8282526501714824e-11	1.27680453609089e-11
481.	0.	8.98057084789739e-22	4.759536774286721e-11	1.2615793200645804e-11
481.99999999999994	0.	8.276900866039085e-22	4.6914220729927685e-11	1.2464367094618029e-11
483.	0.	7.625785916733674e-22	4.623911856699041e-11	1.2313783806172262e-11
484.	0.	7.0232380363965365e-22	4.557009173114665e-11	1.2164059529229063e-11
484.99999999999994	0.	6.465569559676153e-22	4.490716812504063e-11	1.2015209894929897e-11
486.	0.	5.958345150616165e-22	4.4250373129253205e-11	1.1867249978372824e-11
486.99999999999994	0.	5.489317073081724e-22	4.3599729654487107e-11	1.1720194305430206e-11
488.	0.	5.055570678748009e-22	4.2955258193523714e-11	1.1574056859640919e-11
488.99999999999994	0.	4.654411968911692e-22	4.231697687293387e-11	1.1428851089173095e-11
490.	0.	4.28335116066371e-22	4.168490150452342e-11	1.1284589913851844e-11
491.	0.	3.94008745427337e-22	4.105904563647243e-11	1.114128573224251e-11
491.99999999999994	0.	3.6311014081269314e-22	4.043942060417724e-11	1.0998950428790255e-11
492.99999999999994	0.	3.337153787424167e-22	3.9826035580747945e-11	1.0857595381005216e-11
494.	0.	3.0735805959959593e-22	3.921889762715478e-11	1.0717231466689323e-11
495.	0.	2.8300987338238844e-22	3.861801174201065e-11	1.0577869071203014e-11
496.	0.	2.6051596726638232e-22	3.802338091095733e-11	1.0439518094761796e-11
496.99999999999994	0.	2.397333328832812e-22	3.743500615565577e-11	1.0302187959762546e-11
497.99999999999994	0.	2.205299140454653e-22	3.685288658235211e-11	1.0165887618131708e-11
499.	0.	2.0278378052377358e-22	3.62770194300101e-11	1.0030625558692184e-11
500.	0.	1.8638236308266386e-22	3.5707400117999883e-11	9.896409814545644e-12
500.99999999999994	0.	1.712217453176913e-22	3.5144022293320464e-11	9.763247970463705e-12
501.99999999999994	0.	1.5800381699080099e-22	3.458687787735308e-11	9.6311471702857e-12
503.	0.	1.450380789775529e-22	3.403595711212889e-11	9.500114124318675e-12
504.	0.	1.330469859721121e-22	3.34912486061001e-11	9.370155116735794e-12
505.	0.	1.2273387645298215e-22	3.2952739379404616e-11	9.241276012968074e-12
505.99999999999994	0.	1.1246536378537307e-22	3.242041490862049e-11	9.113482267089497e-12
506.99999999999994	0.	1.0372834363274261e-22	3.189425917098992e-11	8.986778929187659e-12
508.	0.	9.492528420501332e-23	3.137425468811482e-11	8.861170652719635e-12
509.	0.	8.752713960255914e-23	3.08603825691116e-11	8.73666170184836e-12
509.99999999999994	0.	8.071756395460621e-23	3.035262255321965e-11	8.61325595875805e-12
510.99999999999994	0.	7.370967189448302e-23	2.985095305185548e-11	8.49095693094294e-12
512.	0.	6.794788606592959e-23	2.935535119010958e-11	8.3697677584697e-12
513.	0.	6.264589345242458e-23	2.8865792847677153e-11	8.249691221207908e-12
514.	0.	5.704600713311394e-23	2.838225269922092e-11	8.130729746028058e-12
514.9999999999999	0.	5.2563604045505565e-23	2.790470425416159e-11	8.012885413963292e-12
516.	0.	4.844008722578921e-23	2.743311989588958e-11	7.896159967332704e-12
517.	0.	4.4646946152485e-23	2.6967470920395255e-11	7.7805548168236e-12
518.	0.	4.115790722508181e-23	2.6507727574321284e-11	7.666071048531622e-12
518.9999999999999	0.	3.7259327426114324e-23	2.6053859092425835e-11	7.552709430955242e-12
520.	0.	3.4314116259970716e-23	2.560583373445486e-11	7.440470421941858e-12
521.	0.	3.160593286142647e-23	2.5163618821436814e-11	7.329354175587185e-12
522.	0.	2.9115846276012955e-23	2.4727180771375618e-11	7.2193605490811126e-12
523.	0.	2.682641931119513e-23	2.4296485134358488e-11	7.110489109501294e-12
524.	0.	2.472159222019318e-23	2.387149662707587e-11	7.002739140553382e-12
525.	0.	2.213508739637041e-23	2.345217916674279e-11	6.896109649252278e-12
526.	0.	2.0362545503415683e-23	2.3038495904438567e-11	6.790599372548414e-12
527.	0.	1.8733641922950778e-23	2.263040925785012e-11	6.686206783892423e-12
527.9999999999999	0.	1.7236831506816e-23	2.2227880943431062e-11	6.582930099740415e-12
529.	0.	1.5861486156418938e-23	2.183087200797118e-11	6.480767285996264e-12
530.	0.	1.459782290795999e-23	2.1439342859582418e-11	6.379716064391366e-12
531.	0.	1.3436837580302705e-23	2.1053253298098184e-11	6.279773918798567e-12
532.	0.	1.2370243561590984e-23	2.0672562544897067e-11	6.180938101482543e-12
533.	0.	1.1390415342461363e-23	2.029722927214163e-11	6.0832056392811955e-12
534.	0.	1.0490336433164833e-23	1.9927211631445066e-11	5.986573339720983e-12
535.	0.	9.66355132917224e-24	1.9562467281964342e-11	5.891037797062926e-12
536.	0.	8.904121215096073e-24	1.920295341792157e-11	5.796595398279324e-12
536.9999999999999	0.	8.206583120152065e-24	1.8848626795563323e-11	5.703242328960683e-12
538.	0.	7.56591226003717e-24	1.8499443759553152e-11	5.610974579151295e-12
539.	0.	6.4124457547490356e-24	1.8155360268806524e-11	5.519787949112706e-12
540.	0.	5.878041569387964e-24	1.7816331921774785e-11	5.429678055016873e-12
540.9999999999999	0.	5.387702116178477e-24	1.7482313981171122e-11	5.34064033456376e-12
542.	0.	4.937833714736753e-24	1.7153261398159054e-11	5.2526700525283306e-12
543.	0.	4.52513243358587e-24	1.682912883599349e-11	5.165762306232354e-12
544.	0.	4.146561007199665e-24	1.6509870693128032e-11	5.079912030942511e-12
545.	0.	3.799327568711677e-24	1.61954411257889e-11	4.995114005194001e-12
545.9999999999999	0.	3.48086605740802e-24	1.5885794070023703e-11	4.9113628560394636e-12
547.	0.	3.1888181708888283e-24	1.5580883263226832e-11	4.828653064223017e-12
548.	0.	2.921016741748569e-24	1.528066226514956e-11	4.746978969278818e-12
549.	0.	2.6754704278324622e-24	1.4985084478400053e-11	4.666334774554666e-12
549.9999999999999	0.	2.4503496136459097e-24	1.4694103168435185e-11	4.586714552159738e-12
551.	0.	2.243973428362638e-24	1.4407671483054885e-11	4.508112247837081e-12
552.	0.	2.0547977931567255e-24	1.4125742471401718e-11	4.4305216857602515e-12
553.	0.	1.8814044173074504e-24	1.3848269102471136e-11	4.3539365732546085e-12
554.	0.	1.7224906687420194e-24	1.3575204283140124e-11	4.2783505054429435e-12
554.9999999999999	0.	1.5768602504240383e-24	1.3306500875718851e-11	4.203756969815604e-12
556.	0.	1.4434146193007496e-24	1.3042111715031076e-11	4.1301493507252275e-12
557.	0.	1.3211450894251928e-24	1.2781989625031026e-11	4.057520933806456e-12
558.	0.	1.2091255653959046e-24	1.2526087434960499e-11	3.985864910320348e-12
558.9999999999999	0.	1.1065058564391374e-24	1.2274357995054756e-11	3.915174381424017e-12
560.	0.	1.012505525320658e-24	1.202675419180077e-11	3.845442362365658e-12
561.	0.	9.264082298399799e-25	1.1783228962757107e-11	3.776661786605374e-12
562.	0.	8.475565179523071e-25	1.1543735310939279e-11	3.708825509861775e-12
563.	0.	7.753470406035123e-25	1.1308226318776794e-11	3.641926314084672e-12
563.9999999999999	0.	7.092261491689275e-25	1.1076655161651329e-11	3.5759569113549388e-12
565.	0.	6.486858469767745e-25	1.084897512101842e-11	3.510909947710843e-12
566.	0.	5.932600667869353e-25	1.0625139597120956e-11	3.4467780069019066e-12
567.	0.	5.425212483014931e-25	1.0405102121301327e-11	3.3835536140706065e-12
567.9999999999999	0.	4.960771918183387e-25	1.0188816367917172e-11	3.3212292393622198e-12
569.	0.	4.535681660167677e-25	9.976236165868805e-12	3.2597973014636044e-12
570.	0.	4.146642495958901e-25	9.767315509741766e-12	3.1992501710705223e-12
571.	0.	3.7906288808438426e-25	9.562008570576089e-12	3.1395801742856422e-12
572.	0.	3.464866486132652e-25	9.360269706261813e-12	3.0807795959456993e-12
572.9999999999999	0.	3.1668115680257097e-25	9.162053471573289e-12	3.022840682880021e-12
574.	0.	2.8941320116548393e-25	8.967314627844179e-12	2.965755647100048e-12
575.	0.	2.6446899158881114e-25	8.776008152293208e-12	2.9095166689209358e-12
576.	0.	2.416525595137171e-25	8.58808924700231e-12	2.854115900015058e-12
576.9999999999999	0.	2.207842884224549e-25	8.403513347559365e-12	2.7995454663994416e-12
578.	0.	2.0169956414153623e-25	8.222236131365209e-12	2.7457974713554935e-12
579.	0.	1.8424753530618717e-25	8.044213525617793e-12	2.6928639982847168e-12
580.	0.	1.6828997509890132e-25	7.869401714973097e-12	2.6407371134974048e-12
581.	0.	1.5370023608366317e-25	7.697757148894314e-12	2.5894088689382687e-12
582.	0.	1.403622906094881e-25	7.529236548693096e-12	2.5388713048479117e-12
583.	0.	1.281698498581348e-25	7.36379691426781e-12	2.489116452360521e-12
584.	0.	1.1702555516464375e-25	7.201395530547693e-12	2.440136336040084e-12
585.	0.	1.0684023574913487e-25	7.041989973646207e-12	2.3919229763539637e-12
585.9999999999999	0.	9.753222746821003e-26	6.8855381167309496e-12	2.3444683920858096e-12
587.	0.	8.902674762666827e-26	6.73199813561589e-12	2.2977646026880243e-12
588.	0.	8.125532128858785e-26	6.581328514081357e-12	2.2518036305743086e-12
589.	0.	7.415525489350556e-26	6.4334880489281165e-12	2.206577503353559e-12
589.9999999999999	0.	6.766915332095665e-26	6.288435854770208e-12	2.162078256005214e-12
591.	0.	6.174447685743584e-26	6.14613136857412e-12	2.1182979329972375e-12
592.	0.	5.633313480578042e-26	6.006534353947367e-12	2.075228590347039e-12
593.	0.	5.1391112740287746e-26	5.869604905184761e-12	2.032862297626639e-12
594.	0.	4.687813065302853e-26	5.735303451076079e-12	1.9911911399123656e-12
594.9999999999999	0.	4.275732945976059e-26	5.603590758480607e-12	1.950207219679618e-12
596.	0.	3.8994983538921244e-26	5.474427935675165e-12	1.9099026586442463e-12
597.	0.	3.556023716580187e-26	5.347776435480077e-12	1.8702695995505142e-12
598.	0.	3.2424862877606084e-26	5.223598058168499e-12	1.8313002079068294e-12
598.9999999999999	0.	2.9563039964677337e-26	5.101854954163565e-12	1.792986673669439e-12
600.	0.	2.695115143003718e-26	4.982509626531095e-12	1.7553212128759588e-12
601.	0.	2.4567597894346597e-26	4.8655249332694345e-12	1.7182960692280456e-12
602.	0.	2.2392627047583332e-26	4.750864089404124e-12	1.6819035156251943e-12
603.	0.	2.0408177362846642e-26	4.638490668890581e-12	1.6461358556492727e-12
603.9999999999999	0.	1.859773489267807e-26	4.528368606331516e-12	1.610985425001941e-12
605.	0.	1.694620206470951e-26	4.4204621985125576e-12	1.5764445928944048e-12
606.	0.	1.5439777482162801e-26	4.314736105760571e-12	1.5425057633906514e-12
607.	0.	1.4065845816204842e-26	4.211155353131231e-12	1.509161376705571e-12
607.9999999999999	0.	1.2812876952054651e-26	4.109685331428028e-12	1.4764039104575754e-12
609.	0.	1.167033361957684e-26	4.010291798059451e-12	1.4442258808773384e-12
610.	0.	1.0628586802326049e-26	3.9129408777372576e-12	1.4126198439729965e-12
611.	0.	9.678838277103593e-27	3.81759906302157e-12	1.3815783966527247e-12
612.	0.	8.813049689469977e-27	3.724233214716243e-12	1.3510941778053736e-12
612.9999999999999	0.	8.023877619669683e-27	3.632810562118054e-12	1.3211598693392748e-12
614.	0.	7.304614138477699e-27	3.5432987031272744e-12	1.291768197181641e-12
615.	0.	6.64913239380625e-27	3.455665604219124e-12	1.2629119322369648e-12
616.	0.	6.051836806912535e-27	3.369879600284126e-12	1.2345838913072284e-12
616.9999999999999	0.	5.5076174919017324e-27	3.285909394338972e-12	1.2067769379731343e-12
618.	0.	5.011808544250204e-27	3.2037240571129228e-12	1.1794839834379794e-12
619.	0.	4.560149873460716e-27	3.123293026513835e-12	1.1526979873345077e-12
620.	0.	4.148752281945406e-27	3.044586106976915e-12	1.1264119584955193e-12
621.	0.	3.7740655169984496e-27	2.967573468700162e-12	1.100618955688749e-12
621.9999999999999	0.	3.432849045454551e-27	2.892225646770467e-12	1.075312088317021e-12
623.	0.	3.1221453214847267e-27	2.8185135401841234e-12	1.0504845170841947e-12
624.	0.	2.8392553371276877e-27	2.7464084107648656e-12	1.026129454627588e-12
625.	0.	2.581716262713209e-27	2.6758818819824674e-12	1.002240166117295e-12
625.9999999999999	0.	2.3472810004551615e-27	2.6069059376778906e-12	9.788099698239356e-13
627.	0.	2.1338994892644215e-27	2.5394529206938493e-12	9.558322376540988e-13
628.	0.	1.939701612401422e-27	2.473495531419014e-12	9.333003956555936e-13
629.	0.	1.762981572016902e-27	2.4090068262456833e-12	9.112079244921207e-13
629.9999999999999	0.	1.6021836060394773e-27	2.3459602159451474e-12	8.895483598884707e-13
630.9999999999999	0.	1.455888933327131e-27	2.284329463964347e-12	8.683152930467191e-13
632.	0.	1.3228038225910369e-27	2.2240886846467945e-12	8.475023710343855e-13
633.	0.	1.2017486893912848e-27	2.1652123413792545e-12	8.271032971444731e-13
634.	0.	1.0916481335691198e-27	2.1076752446694404e-12	8.071118312287644e-13
634.9999999999999	0.	9.915218368676736e-28	2.0514525501563545e-12	7.875217900047547e-13
636.	0.	9.004762472664902e-28	1.9965197565553812e-12	7.68327047336343e-13
637.	0.	8.176969827656269e-28	1.9428527035426485e-12	7.495215344895948e-13
638.	0.	7.4244189304187965e-28	1.8904275695796012e-12	7.310992403637109e-13
638.9999999999999	0.	6.740347226147056e-28	1.839220869682251e-12	7.130542116981182e-13
640.	0.	6.118593239347384e-28	1.7892094531352172e-12	6.953805532555946e-13
641.	0.	5.553543731863566e-28	1.7403705011564602e-12	6.780724279832107e-13
642.	0.	5.040085456018049e-28	1.6926815245111097e-12	6.611240571500248e-13
643.	0.	4.573561107601355e-28	1.6461203610803182e-12	6.445297204636167e-13
643.9999999999999	0.	4.149729117053233e-28	1.6006651733861758e-12	6.282837561652086e-13
645.	0.	3.764726947994303e-28	1.5562944460740911e-12	6.123805611038762e-13
646.	0.	3.415037600478078e-28	1.5129869833561336e-12	5.968145907907321e-13
647.	0.	3.0974590421595985e-28	1.4707219064173594e-12	5.815803594333992e-13
647.9999999999999	0.	2.8090763142294376e-28	1.4294786507869092e-12	5.66672439951503e-13
649.	0.	2.5472360806090323e-28	1.3892369636756219e-12	5.520854639731212e-13
650.	0.	2.3095234087307374e-28	1.3499769012832113e-12	5.378141218135563e-13
651.	0.	2.093740588357537e-28	1.311678826076188e-12	5.238531624362038e-13
652.	0.	1.897887811508534e-28	1.2743234040391079e-12	5.101973933964642e-13
652.9999999999999	0.	1.7201455517451494e-28	1.2378916018999371e-12	4.968416807688154e-13
654.	0.	1.5588584949814722e-28	1.2023646843326483e-12	4.837809490577862e-13
655.	0.	1.4125208867010893e-28	1.1677242111384985e-12	4.710101810933897e-13
656.	0.	1.2797631721008442e-28	1.1339520344067236e-12	4.585244179109904e-13
656.9999999999999	0.	1.1593398163324756e-28	1.1010302956578089e-12	4.4631875861656934e-13
658.	0.	1.050118201749124e-28	1.0689414229702776e-12	4.343883602376697e-13
659.	0.	9.510685079728749e-29	1.037668128092399e-12	4.2272843756036163e-13
660.	0.	8.612544887447502e-29	1.0071934035409597e-12	4.113342629527432e-13
661.	0.	7.798250669696691e-29	9.775005196880815e-13	4.002011661754234e-13
661.9999999999999	0.	7.060066761782741e-29	9.48573021837833e-13	3.893245341792983e-13
663.	0.	6.390962828572986e-29	9.20394727294261e-13	3.786998108912574e-13
664.	0.	5.784550297911837e-29	8.929497224218467e-13	3.683224969879764e-13
665.	0.	5.23502445763157e-29	8.66222359699902e-13	3.581881496582799e-13
665.9999999999999	0.	4.737111717201591e-29	8.401972547723052e-13	3.482923823545517e-13
667.	0.	4.286021578528318e-29	8.148592834936712e-13	3.3863086453339057e-13
668.	0.	3.877402900152513e-29	7.901935789737622e-13	3.29199321386289e-13
669.	0.	3.507304075371885e-29	7.661855286200317e-13	3.1999353355995836e-13
670.	0.	3.1721367780067536e-29	7.428207711812583e-13	3.1100933686757395e-13
670.9999999999999	0.	2.868642959800265e-29	7.20085193791968e-13	3.02242621990631e-13
672.	0.	2.5938648111361976e-29	6.979649290191792e-13	2.936893341719851e-13
673.	0.	2.345117422030447e-29	6.764463519126365e-13	2.8534547290040255e-13
674.	0.	2.1199639034443525e-29	6.555160770601071e-13	2.77207091587213e-13
674.9999999999999	0.	1.916192750041064e-29	6.351609556467884e-13	2.692702972346944e-13
676.	0.	1.7317972447736433e-29	6.153680725226418e-13	2.6153125009748267e-13
677.	0.	1.564956723254054e-29	5.961247432757829e-13	2.5398616333640715e-13
678.	0.	1.4140195319118763e-29	5.774185113150051e-13	2.466313026657799e-13
678.9999999999999	0.	1.277487528590074e-29	5.592371449606449e-13	2.394629859938888e-13
679.9999999999999	0.	1.1540019876013142e-29	5.415686345457878e-13	2.3247758305737616e-13
681.	0.	1.0423307834680808e-29	5.244011895282598e-13	2.256715150497664e-13
682.	0.	9.413567387013736e-30	5.077232356133462e-13	2.1904125424396563e-13
683.	0.	8.500670311416023e-30	4.915234118897209e-13	2.1258332360983018e-13
683.9999999999999	0.	7.675435656453563e-30	4.757905679775137e-13	2.0629429642629176e-13
685.	0.	6.929542233661891e-30	4.605137611902792e-13	2.001707958887555e-13
686.	0.	6.255449095881491e-30	4.4568225371109307e-13	1.9420949471190407e-13
687.	0.	5.6463232810777755e-30	4.3128550978374345e-13	1.8840711472822914e-13
687.9999999999999	0.	5.095974165768221e-30	4.1731319291907066e-13	1.8276042648240244e-13
688.9999999999999	0.	4.598793830700536e-30	4.0375516311766074e-13	1.7726624882189437e-13
690.	0.	4.1497028947751616e-30	3.906014741088676e-13	1.7192144848394262e-13
691.	0.	3.7441013218533855e-30	3.7784237060732096e-13	1.667229396792938e-13
692.	0.	3.377823749427913e-30	3.6546828558670113e-13	1.6166768367264975e-13
692.9999999999999	0.	3.0470989285680897e-30	3.5346983757177227e-13	1.5675268836033668e-13
694.	0.	2.748512901379455e-30	3.418378279493128e-13	1.519750078453484e-13
695.	0.	2.4789755757910812e-30	3.305632382974341e-13	1.4733174200975084e-13
696.	0.	2.2356903880865433e-30	3.196372277348836e-13	1.428200360849924e-13
696.9999999999999	0.	2.0161267714559737e-30	3.090511302899047e-13	1.3843708022010523e-13
698.	0.	1.8179951742468292e-30	2.9879645228938816e-13	1.3418010904803622e-13
699.	0.	1.6392243947203183e-30	2.88864869768523e-13	1.3004640125035504e-13
700.	0.	1.4779410201898863e-30	2.7924822590139163e-13	1.2603327912049661e-13
701.	0.	1.3324507776033207e-30	2.699385284527219e-13	1.2213810812566858e-13
701.9999999999999	0.	1.2012216201066468e-30	2.6092794725116175e-13	1.1835829646770146e-13
703.	0.	1.0828683900338224e-30	2.5220881168445385e-13	1.1469129464300835e-13
704.	0.	9.761389132500658e-31	2.437736082162309e-13	1.1113459500160429e-13
705.	0.	8.79901392966034e-31	2.356149779256757e-13	1.0768573130574933e-13
705.9999999999999	0.	7.931329831349284e-31	2.277257140692407e-13	1.0434227828802527e-13
707.	0.	7.149094324713905e-31	2.200987596653591e-13	1.011018512091996e-13
708.	0.	6.443957000675654e-31	2.1272720510180379e-13	9.796210541585591e-14
709.	0.	5.808374526286165e-31	2.0560428576657305e-13	9.49207358982532e-14
710.	0.	5.235533615720118e-31	1.9872337970129183e-13	9.197547684801344e-14
710.9999999999999	0.	4.71928125728399e-31	1.9207800527895437e-13	8.912410121651524e-14
712.	0.	4.254061521797205e-31	1.8566181890452324e-13	8.63644202734397e-14
713.	0.	3.8348583396978595e-31	1.7946861273930662e-13	8.369428316594831e-14
714.	0.	3.4571436904926654e-31	1.7349231244938272e-13	8.111157647864199e-14
714.9999999999999	0.	3.116830699367263e-31	1.6772697497766888e-13	7.861422379428903e-14
716.	0.	2.8102311823165884e-31	1.621667863397636e-13	7.620018525538301e-14
717.	0.	2.534017223484586e-31	1.568060594443992e-13	7.386745712705516e-14
718.	0.	2.2851864068117338e-31	1.5163923193725495e-13	7.16140713607978e-14
719.	0.	2.0610303590916143e-31	1.4666086406946452e-13	6.943809515977522e-14
719.9999999999999	0.	1.8591062932473522e-31	1.4186563658982139e-13	6.733763054524423e-14
721.	0.	1.6772112695315661e-31	1.3724834866161316e-13	6.531081392473672e-14
722.	0.	1.5133589185335482e-31	1.3280391580332804e-13	6.335581566161655e-14
723.	0.	1.3657583937111365e-31	1.285273678536749e-13	6.147083964640574e-14
723.9999999999999	0.	1.232795342779694e-31	1.244138469608125e-13	5.965412286987252e-14
725.	0.	1.1130147069302734e-31	1.204586055957197e-13	5.790393499796951e-14
726.	0.	1.0051051746824767e-31	1.1665700458977858e-13	5.621857794872999e-14
727.	0.	9.078851333658223e-32	1.1300451119647958e-13	5.4596385471203724e-14
727.9999999999999	0.	8.20289975917115e-32	1.0949669717703486e-13	5.303572272641994e-14
728.9999999999999	0.	7.413606340260206e-32	1.0612923691034375e-13	5.153498587066078e-14
730.	0.	6.702332207584489e-32	1.0289790552669506e-13	5.0092601640922276e-14
731.	0.	6.061296767751238e-32	9.97985770653355e-14	4.870702694263158e-14
732.	0.	5.483493242319859e-32	9.682722265612513e-14	4.7376748439924415e-14
732.9999999999999	0.	4.962612414810802e-32	9.397990872471604e-14	4.610028214822809e-14
734.	0.	4.492973798984722e-32	9.125279522153515e-14	4.4876173029473177e-14
735.	0.	4.069463515969193e-32	8.864213387422907e-14	4.370299458980406e-14
736.	0.	3.687478235273346e-32	8.614426646369769e-14	4.257934847998352e-14
736.9999999999999	0.	3.342874595849713e-32	8.375562312336692e-14	4.15038640984424e-14
737.9999999999999	0.	3.031923578802713e-32	8.147272066193458e-14	4.047519819716566e-14
739.	0.	2.751269353547306e-32	7.92921609089561e-14	3.949203449023076e-14
740.	0.	2.49789216478818e-32	7.721062908367203e-14	3.8553083265298546e-14
741.	0.	2.2690748689073016e-32	7.52248921866937e-14	3.7657080997967594e-14
741.9999999999999	0.	2.062372765732629e-32	7.33317974142937e-14	3.6802789968990535e-14
743.	0.	1.875586405531217e-32	7.152827059562078e-14	3.598899788460758e-14
744.	0.	1.7067370816986637e-32	6.981131465194179e-14	3.521451749966669e-14
745.	0.	1.554044747433479e-32	6.817800807867707e-14	3.447818624401166e-14
745.9999999999999	0.	1.4159081197813034e-32	6.662550344925873e-14	3.377886585176543e-14
746.9999999999999	0.	1.290886757233601e-32	6.515102594120487e-14	3.3115441993840216e-14
748.	0.	1.1776849176479446e-32	6.375187188403872e-14	3.248682391354457e-14
749.	0.	1.0751370219129829e-32	6.242540732884875e-14	3.1891944065349617e-14
750.	0.	9.821945656541706e-33	6.116906663930802e-14	3.132975775679532e-14
750.9999999999999	0.	8.979143365505134e-33	5.998035110438367e-14	3.079924279377336e-14
752.	0.	8.214478086248216e-33	5.885682757185395e-14	3.0299399128860185e-14
753.	0.	7.520315973842104e-33	5.779612710309131e-14	2.982924851302167e-14
754.	0.	6.889788709671177e-33	5.679594364860095e-14	2.93878341505591e-14
754.9999999999999	0.	6.316716226749041e-33	5.5854032744323204e-14	2.897422035738806e-14
756.	0.	5.795537194935589e-33	5.4968210228190297e-14	2.858749222251387e-14
757.	0.	5.321246495672296e-33	5.4136350977370936e-14	2.8226755273034822e-14
758.	0.	4.8893389911138064e-33	5.3356387665194406e-14	2.7891135142256138e-14
759.	0.	4.495758960855896e-33	5.2626309538343674e-14	2.7579777241315776e-14
759.9999999999999	0.	4.136854640900242e-33	5.194416121363343e-14	2.7291846434107533e-14
761.	0.	3.809337355163685e-33	5.1308041494334654e-14	2.702652671555166e-14
762.	0.	3.5102447800635455e-33	5.071610220594641e-14	2.6783020893296666e-14
763.	0.	3.23690792802694e-33	5.016654705100409e-14	2.656055027273383e-14
763.9999999999999	0.	2.986921476748881e-33	4.965763048294516e-14	2.635835434543429e-14
765.	0.	2.7581171079537925e-33	4.918765659875192e-14	2.6175690480974336e-14
766.	0.	2.548539552769177e-33	4.875497805008833e-14	2.6011833622123982e-14
767.	0.	2.3564250709165463e-33	4.8357994972916294e-14	2.5866075983448797e-14
768.	0.	2.1801821180652833e-33	4.799515393519681e-14	2.5737726753274218e-14
768.9999999999999	0.	2.018373980185274e-33	4.7664946902632806e-14	2.562611179904887e-14
770.	0.	1.8697031758142603e-33	4.7365910222188955e-14	2.5530573376115883e-14
771.	0.	1.7329974470560166e-33	4.709662362307105e-14	2.545046983976786e-14
772.	0.	1.6071971781013234e-33	4.685570923536507e-14	2.538517536084722e-14
772.9999999999999	0.	1.491344096193114e-33	4.6641830625472927e-14	2.533407964450864e-14
774.	0.	1.3845711245885865e-33	4.645369184880577e-14	2.529658765248063e-14
775.	0.	1.2860932701670426e-33	4.629003651925099e-14	2.5272119328695803e-14
776.	0.	1.195199440166516e-33	4.614964689493656e-14	2.526010932810322e-14
776.9999999999999	0.	1.1112450932161329e-33	4.603134298074174e-14	2.5260006749029485e-14
777.9999999999999	0.	1.0336456393829647e-33	4.5933981646682576e-14	2.527127486868701e-14
779.	0.	9.618705126270936e-34	4.5856455762445867e-14	2.5293390882107408e-14
780.	0.	8.954378468085284e-34	4.579769334759352e-14	2.5325845644309236e-14
781.	0.	8.339096933993004e-34	4.57566567373534e-14	2.5368143415773845e-14
781.9999999999999	0.	7.768877253451529e-34	4.573234176388121e-14	2.5419801611230295e-14
783.	0.	7.240093771805948e-34	4.5723776952513894e-14	2.5480350551624294e-14
784.	0.	6.7494437660228725e-34	4.573002273317614e-14	2.5549333219410076e-14
785.	0.	6.293916272775011e-34	4.57501706664604e-14	2.5626305017029045e-14
785.9999999999999	0.	5.8707640678603835e-34	4.578334268426818e-14	2.571083352858535e-14
786.9999999999999	0.	5.477478472959243e-34	4.582869034494567e-14	2.580249828476979e-14
788.	0.	5.1117666989499155e-34	4.5885394102484584e-14	2.5900890530919276e-14
789.	0.	4.7715314649321045e-34	4.595266258982248e-14	2.6005612998262394e-14
790.	0.	4.454852658916555e-34	4.602973191581099e-14	2.6116279678265286e-14
790.9999999999999	0.	4.15997083029282e-34	4.611586497596241e-14	2.6232515600165463e-14
792.	0.	3.885272325785907e-34	4.6210350776455234e-14	2.6353956611548163e-14
793.	0.	3.6292759001037122e-34	4.6312503771471594e-14	2.6480249162047883e-14
794.	0.	3.390620649883466e-34	4.642166321348585e-14	2.661105009007263e-14
794.9999999999999	0.	3.16805513524115e-34	4.6537192516523853e-14	2.6746026412632726e-14
795.9999999999999	0.	2.960427567239637e-34	4.665847863190991e-14	2.6884855118098547e-14
797.	0.	2.766676952244681e-34	4.678493143668444e-14	2.7027222962063778e-14
798.	0.	2.585825095391937e-34	4.6915983134129705e-14	2.7172826266081854e-14
799.	0.	2.4169693755767426e-34	4.705108766653479e-14	2.7321370719433547e-14
799.9999999999999	0.	2.2592762134361392e-34	4.718972013986002e-14	2.747257118380768e-14
801.	0.	2.111975161953901e-34	4.733137626007687e-14	2.762615150085113e-14
802.	0.	1.9743535566357336e-34	4.747557178115793e-14	2.778184430265076e-14
803.	0.	1.845751668732017e-34	4.762184196443012e-14	2.7939390825069546e-14
803.9999999999999	0.	1.7255583108617544e-34	4.7769741049134066e-14	2.8098540723900276e-14
804.9999999999999	0.	1.6132068496458472e-34	4.7918841734021674e-14	2.8259051893840014e-14
806.	0.	1.5081715846684695e-34	4.8068734669827226e-14	2.8420690290280412e-14
807.	0.	1.4099644572938446e-34	4.82190279623976e-14	2.858322975379977e-14
808.	0.	1.3181320566581559e-34	4.836934668643947e-14	2.874645183748048e-14
808.9999999999999	0.	1.2322528935190115e-34	4.851933240952548e-14	2.891014563687469e-14
810.	0.	1.1519349156887977e-34	4.866864272629292e-14	2.9074107622670905e-14
811.	0.	1.0768132414829556e-34	4.881695080275504e-14	2.923814147606458e-14
812.	0.	1.0065480900379136e-34	4.896394493035373e-14	2.940205792670773e-14
812.9999999999999	0.	9.408228895338597e-35	4.9109328089836836e-14	2.9565674593329017e-14
814.	0.	8.793425462937358e-35	4.9252817524500227e-14	2.972881582689458e-14
815.	0.	8.218318594774709e-35	4.9394144323007766e-14	2.989131255636266e-14
816.	0.	7.680340676435578e-35	4.9533053011281567e-14	3.005300213697333e-14
816.9999999999999	0.	7.177095148460567e-35	4.96693011535047e-14	3.021372820101073e-14
817.9999999999999	0.	6.706344251854058e-35	4.980265896203936e-14	3.037334051110264e-14
819.	0.	6.265997758448034e-35	4.9932908916120674e-14	3.0531694815939024e-14
820.	0.	5.854102596472777e-35	5.005984538909593e-14	3.06886527084355e-14
821.	0.	5.468833290629747e-35	5.018327428421573e-14	3.0844081486317124e-14
821.9999999999999	0.	5.108483143968468e-35	5.030301267861062e-14	3.0997854015041194e-14
823.	0.	4.771456096076227e-35	5.0418888475571883e-14	3.114984859311756e-14
824.	0.	4.4562591984918805e-35	5.0530740064726624e-14	3.129994881972877e-14
825.	0.	4.1614956540368553e-35	5.063841599020713e-14	3.144804346466482e-14
825.9999999999999	0.	3.885858371909294e-35	5.074177462646856e-14	3.1594026340520956e-14
826.9999999999999	0.	3.6281239950197064e-35	5.084068386172752e-14	3.173779617714544e-14
828.	0.	3.387147360198968e-35	5.093502078891178e-14	3.1879256498319427e-14
829.	0.	3.161856355623181e-35	5.1024671403868376e-14	3.2018315500620565e-14
830.	0.	2.951247143150644e-35	5.1109530310822946e-14	3.215488593447243e-14
830.9999999999999	0.	2.7543797162541377e-35	5.1189500434847636e-14	3.228888498729962e-14
832.	0.	2.5703737669418636e-35	5.126449274130559e-14	3.24202341688603e-14
833.	0.	2.3984048374576725e-35	5.1334425962050255e-14	3.254885919861041e-14
834.	0.	2.2377007347529943e-35	5.1399226328373337e-14	3.2674689895181694e-14
834.9999999999999	0.	2.0875381876607113e-35	5.1458827310399145e-14	3.2797660067857065e-14
835.9999999999999	0.	1.9472397284815298e-35	5.151316936300856e-14	3.291770741010329e-14
837.	0.	1.8161707822688933e-35	5.156219967798827e-14	3.30347733950527e-14
838.	0.	1.6937369485434258e-35	5.160587194240192e-14	3.314880317297407e-14
839.	0.	1.5793814614531856e-35	5.164414610302116e-14	3.3259745470679227e-14
839.9999999999999	0.	1.4725828155689677e-35	5.167698813669322e-14	3.3367552492824574e-14
841.	0.	1.372852545559608e-35	5.170436982653533e-14	3.3472179825121755e-14
842.	0.	1.2797331489490908e-35	5.1726268543895544e-14	3.3573586339389615e-14
843.	0.	1.1927961420239921e-35	5.174266703584598e-14	3.3671734100472506e-14
843.9999999999999	0.	1.1116402397443045e-35	5.1753553218219466e-14	3.376658827493319e-14
844.9999999999999	0.	1.0358896512292101e-35	5.175891997401725e-14	3.3858117041570046e-14
846.	0.	9.651924830323886e-36	5.17587649570814e-14	3.394629150366476e-14
847.	0.	8.992192430183296e-36	5.175309040101136e-14	3.403108560300907e-14
848.	0.	8.376614381846954e-36	5.17419029330074e-14	3.411247603560453e-14
848.9999999999999	0.	7.802302602705826e-36	5.172521339283959e-14	3.419044216907154e-14
850.	0.	7.266553534388942e-36	5.1703036656541384e-14	3.426496596173997e-14
851.	0.	6.766836587302106e-36	5.167539146500683e-14	3.4336031883359194e-14
852.	0.	6.300783303641524e-36	5.164230025710334e-14	3.4403626837436146e-14
852.9999999999999	0.	5.866177193085147e-36	5.1603789007453185e-14	3.446774008517008e-14
853.9999999999999	0.	5.460944198536735e-36	5.1559887068702425e-14	3.452836317097069e-14
855.	0.	5.0831437522133284e-36	5.151062701806912e-14	3.458548984949664e-14
856.	0.	4.730960385064918e-36	5.1456044508304545e-14	3.46391160142628e-14
857.	0.	4.4026958549734534e-36	5.139617812274207e-14	3.46892396277093e-14
857.9999999999999	0.	4.096761761489729e-36	5.1331069234519516e-14	3.473586065279092e-14
859.	0.	3.811672616960688e-36	5.1260761869816837e-14	3.4778980985987746e-14
860.	0.	3.5460393458763115e-36	5.118530257498968e-14	3.481860439178878e-14
861.	0.	3.298563186066546e-36	5.1104740287615736e-14	3.485473643856159e-14
861.9999999999999	0.	3.068029967071607e-36	5.10191262112058e-14	3.4887384435837094e-14
863.	0.	2.8533047425688687e-36	5.092851369373005e-14	3.4916557372950154e-14
864.	0.	2.6533267551968946e-36	5.083295810962494e-14	3.494226585904444e-14
865.	0.	2.467104713470229e-36	5.073251674536886e-14	3.496452206439221e-14
865.9999999999999	0.	2.2937123617411826e-36	5.0627248688553074e-14	3.498333966302985e-14
866.9999999999999	0.	2.1322843253409435e-36	5.051721472022659e-14	3.4998733776684014e-14
868.	0.	1.9820122141334717e-36	5.040247721057394e-14	3.5010720919957884e-14
869.	0.	1.8421409687379888e-36	5.028310001785945e-14	3.501931894676569e-14
870.	0.	1.7119654346404368e-36	5.0159148390388405e-14	3.502454699799162e-14
870.9999999999999	0.	1.5908271503091054e-36	5.003068887172177e-14	3.502642545036085e-14
872.	0.	1.4781113362723522e-36	4.989778920869652e-14	3.502497586648599e-14
873.	0.	1.373244072903149e-36	4.9760518262538484e-14	3.502022094609736e-14
874.	0.	1.2756896553942141e-36	4.9618945922706103e-14	3.501218447839187e-14
874.9999999999999	0.	1.1849481151016437e-36	4.9473143023688255e-14	3.500089129554557e-14
875.9999999999999	0.	1.1005528970825888e-36	4.9323181264382466e-14	3.498636722730217e-14
877.	0.	1.022068684265524e-36	4.9169133130193066e-14	3.4968639056671433e-14
878.	0.	9.49089359263573e-37	4.9011071817777246e-14	3.494773447669586e-14
879.	0.	8.812360953803155e-37	4.8849071162277276e-14	3.492368204826377e-14
879.9999999999999	0.	8.18155568864191e-37	4.8683205567077866e-14	3.489651115896019e-14
881.	0.	7.59518284943525e-37	4.851354993592795e-14	3.486625198294168e-14
882.	0.	7.050170106214286e-37	4.834017960747667e-14	3.483293544179204e-14
883.	0.	6.543653076315172e-37	4.81631702920746e-14	3.4796593166387724e-14
883.9999999999999	0.	6.072961593509602e-37	4.7982598010887865e-14	3.4757257459696005e-14
884.9999999999999	0.	5.6356068584009445e-37	4.7798539037082565e-14	3.4714961260542936e-14
886.	0.	5.229269415291104e-37	4.761106983930294e-14	3.4669738108299926e-14
887.	0.	4.851787904012492e-37	4.7420267027103e-14	3.4621622108489207e-14
888.	0.	4.5011485383353705e-37	4.72262072984739e-14	3.457064789927918e-14
888.9999999999999	0.	4.175475265480915e-37	4.702896738935288e-14	3.4516850618870266e-14
890.	0.	3.873020564015262e-37	4.682862402498646e-14	3.446026587372887e-14
891.	0.	3.5921568400037165e-37	4.662525387334251e-14	3.440092970768862e-14
892.	0.	3.3313683837259818e-37	4.6418933500159204e-14	3.433887857187383e-14
892.9999999999999	0.	3.08924385155596e-37	4.6209739325877205e-14	3.427414929542874e-14
893.9999999999999	0.	2.86446923976974e-37	4.599774758434924e-14	3.42067790570747e-14
895.	0.	2.6558213190714956e-37	4.5783034283135966e-14	3.413680535743263e-14
896.	0.	2.4621615005402845e-37	4.5565675165535725e-14	3.4064265992115364e-14
897.	0.	2.2824301055056203e-37	4.5345745674167964e-14	3.398919902559922e-14
897.9999999999999	0.	2.115641013541287e-37	4.512332091617114e-14	3.391164276580881e-14
899.	0.	1.960876664368149e-37	4.489847562983929e-14	3.383163573944914e-14
900.	0.	1.8172833909508e-37	4.467128415282454e-14	3.3749216668046596e-14
901.	0.	1.6840670624783182e-37	4.444182039169144e-14	3.366442444468231e-14
901.9999999999999	0.	1.5604890172492507e-37	4.421015779295945e-14	3.357729811141877e-14
902.9999999999999	0.	1.44586226672118e-37	4.397636931542054e-14	3.3487876837398603e-14
904.	0.	1.3395479531588944e-37	4.374052740383204e-14	3.33961998975984e-14
905.	0.	1.2409520444130762e-37	4.350270396386504e-14	3.330230665222944e-14
906.	0.	1.1495222503968454e-37	4.3262970338325244e-14	3.320623652676706e-14
906.9999999999999	0.	1.064745146798607e-37	4.302139728454592e-14	3.3108028992611395e-14
908.	0.	9.861434924815753e-38	4.2778054953027825e-14	3.3007723548335905e-14
909.	0.	9.132737278786331e-38	4.253301286712464e-14	3.290535970155162e-14
910.	0.	8.457236424956143e-38	4.2286339903948995e-14	3.280097695133434e-14
910.9999999999999	0.	7.83110200391851e-38	4.2038104276219997e-14	3.269461477123683e-14
911.9999999999999	0.	7.250775132174207e-38	4.178837351534766e-14	3.258631259285114e-14
913.	0.	6.712949510514498e-38	4.153721445532507e-14	3.247610978991274e-14
914.	0.	6.214553819119369e-38	4.1284693217715944e-14	3.236404566295487e-14
914.9999999999999	0.	5.752735313931924e-38	4.103087519763578e-14	3.225015942447003e-14
915.9999999999999	0.	5.324844544381151e-38	4.077582505053816e-14	3.2134490184593115e-14
917.	0.	4.928421117677144e-38	4.0519606679973e-14	3.2017076937278213e-14
918.	0.	4.56118043975046e-38	4.026228322623056e-14	3.189795854697865e-14
919.	0.	4.221001367434222e-38	4.000391705579551e-14	3.1777173735783664e-14
919.9999999999999	0.	3.905914710753682e-38	3.974456975157305e-14	3.1654761071053375e-14
921.	0.	3.614092528161122e-38	3.948430210399162e-14	3.153075895348184e-14
922.	0.	3.343838161299435e-38	3.9223174102840444e-14	3.140520560563651e-14
923.	0.	3.0935769593695474e-38	3.8961244929764415e-14	3.127813906090728e-14
923.9999999999999	0.	2.861847646460557e-38	3.869857295161085e-14	3.11495971529136e-14
924.9999999999999	0.	2.647294288265797e-38	3.8435215714395246e-14	3.1019617505304893e-14
926.	0.	2.4486588174876594e-38	3.817122993785812e-14	3.08882375219839e-14
927.	0.	2.2647740799196347e-38	3.790667151083509e-14	3.0755494377721776e-14
928.	0.	2.094557365717913e-38	3.764159548714763e-14	3.0621425009178493e-14
928.9999999999999	0.	1.9370043927260632e-38	3.7376056082047653e-14	3.0486066106275145e-14
930.	0.	1.7911837109273772e-38	3.71101066694172e-14	3.034945410397104e-14
931.	0.	1.656231499158545e-38	3.684379977926111e-14	3.021162517438493e-14
932.	0.	1.5313467271485702e-38	3.6577187096045654e-14	3.0072615219269266e-14
932.9999999999999	0.	1.4157866577544063e-38	3.631031945732954e-14	2.9932459862847214e-14
933.9999999999999	0.	1.3088626659456867e-38	3.604324685299351e-14	2.9791194444965776e-14
935.	0.	1.2099363526758135e-38	3.577601842491517e-14	2.9648854014597117e-14
936.	0.	1.1184159332441237e-38	3.5508682467178135e-14	2.9505473323648544e-14
937.	0.	1.0337528811353707e-38	3.524128642661499e-14	2.936108682109523e-14
937.9999999999999	0.	9.55438809608174e-39	3.4973876903926957e-14	2.9215728647407505e-14
939.	0.	8.830025745077383e-39	3.470649965505607e-14	2.906943262928948e-14
940.	0.	8.160075828992987e-39	3.4439199593101173e-14	2.892223227469611e-14
941.	0.	7.540492931696038e-39	3.4172020790479146e-14	2.877416076814264e-14
941.9999999999999	0.	6.967528932218461e-39	3.390500648162214e-14	2.862525096628234e-14
942.9999999999999	0.	6.437711443036103e-39	3.363819906586824e-14	2.847553539375897e-14
944.	0.	5.947823788612752e-39	3.3371640110708685e-14	2.8325046239314877e-14
945.	0.	5.4948864161041304e-39	3.310537035550679e-14	2.8173815352159984e-14
946.	0.	5.076139637546469e-39	3.2839429715326646e-14	2.802187423858377e-14
946.9999999999999	0.	4.689027609791009e-39	3.257385728519336e-14	2.786925405880962e-14
948.	0.	4.3311834649064143e-39	3.2308691344566434e-14	2.771598562409037e-14
949.	0.	4.000415509812711e-39	3.2043969362114804e-14	2.7562099394021102e-14
950.	0.	3.694694419523496e-39	3.1779728000735064e-14	2.740762547408243e-14
950.9999999999999	0.	3.41214135362653e-39	3.1516003122849285e-14	2.725259361339444e-14
951.9999999999999	0.	3.151016930516916e-39	3.125282979586705e-14	2.7097033202689764e-14
953.	0.	2.9097109984557033e-39	3.099024229789151e-14	2.6940973272480756e-14
954.	0.	2.6867331467742844e-39	3.072827412370019e-14	2.67844424914239e-14
954.9999999999999	0.	2.480703904501927e-39	3.0466957990898205e-14	2.6627469164894428e-14
955.9999999999999	0.	2.2903465773805048e-39	3.020632584612543e-14	2.647008123372051e-14
957.	0.	2.114479677667599e-39	2.994640887167236e-14	2.6312306273124864e-14
958.	0.	1.9520099043256174e-39	2.968723749209402e-14	2.6154171491826925e-14
959.	0.	1.8019256341774767e-39	2.942884138103607e-14	2.5995703731320927e-14
959.9999999999999	0.	1.6632908873811117e-39	2.917124946826488e-14	2.5836929465318772e-14
960.9999999999999	0.	1.5352397331605915e-39	2.8914489946701755e-14	2.5677874799354862e-14
962.	0.	1.4169711041360408e-39	2.865859027975411e-14	2.5518565470547873e-14
963.	0.	1.3077439898317176e-39	2.8403577208636822e-14	2.5359026847511843e-14
963.9999999999999	0.	1.206872982027032e-39	2.8149476759906102e-14	2.5199283930406876e-14
964.9999999999999	0.	1.1137241465523462e-39	2.7896314252992874e-14	2.503936135114879e-14
966.	0.	1.0277111979361622e-39	2.764411430801464e-14	2.4879283373736984e-14
967.	0.	9.482919549877971e-40	2.739290085341677e-14	2.4719073894725392e-14
968.	0.	8.749650569610067e-40	2.7142697133974458e-14	2.4558756443820306e-14
968.9999999999999	0.	8.072669213959768e-40	2.6893525718684728e-14	2.4398354184599692e-14
969.9999999999999	0.	7.447689260865187e-40	2.6645408508792917e-14	2.4237889915355065e-14
971.	0.	6.870747988761114e-40	2.6398366745915406e-14	2.4077386070045914e-14
972.	0.	6.3381820015223764e-40	2.615242102011758e-14	2.391686471936817e-14
972.9999999999999	0.	5.846604839948488e-40	2.5907591278195773e-14	2.3756347571930867e-14
973.9999999999999	0.	5.392886249423217e-40	2.5663896831873477e-14	2.3595855975535183e-14
975.	0.	4.9741329827671146e-40	2.5421356366075317e-14	2.3435410918553206e-14
976.	0.	4.587671026006362e-40	2.5179987947291342e-14	2.3275033031403818e-14
977.	0.	4.231029142878078e-40	2.4939809031877906e-14	2.3114742588124927e-14
977.9999999999999	0.	3.901923641412606e-40	2.470083647445797e-14	2.2954559508028142e-14
979.	0.	3.5982442729226086e-40	2.446308653628894e-14	2.2794503357446662e-14
980.	0.	3.3180411802124418e-40	2.422657489371468e-14	2.2634593351559646e-14
980.9999999999999	0.	3.059512817857517e-40	2.3991316646515818e-14	2.2474848356301368e-14
982.	0.	2.8209947729927285e-40	2.3757326326374876e-14	2.2315286890341512e-14
982.9999999999999	0.	2.600949420252554e-40	2.352461790529584e-14	2.2155927127143326e-14
983.9999999999999	0.	2.39795634932744e-40	2.329320480397807e-14	2.1996786897086224e-14
985.	0.	2.210703508086283e-40	2.306309990026844e-14	2.1837883689665393e-14
985.9999999999999	0.	2.0379790083677465e-40	2.2834315537532987e-14	2.1679234655741474e-14
987.	0.	1.8786635454087944e-40	2.260686353305681e-14	2.1520856609857817e-14
988.	0.	1.73172338545906e-40	2.2380755186427927e-14	2.1362766032627275e-14
988.9999999999999	0.	1.5962038794543893e-40	2.2156001287788522e-14	2.120497907315447e-14
990.	0.	1.4712234637072663e-40	2.1932612126233053e-14	2.1047511551525535e-14
990.9999999999999	0.	1.3559681114378748e-40	2.1710597498105294e-14	2.0890378961345962e-14
992.	0.	1.249686201618309e-40	2.1489966715181194e-14	2.073359647232124e-14
993.	0.	1.1516837740720642e-40	2.127072861294152e-14	2.0577178932888838e-14
993.9999999999999	0.	1.0613201420515172e-40	2.1052891558723496e-14	2.0421140872890993e-14
995.	0.	9.780038356362887e-41	2.08364634598913e-14	2.0265496506288495e-14
995.9999999999999	0.	9.011888512604303e-41	2.062145177192926e-14	2.011025973391294e-14
997.	0.	8.30371184497958e-41	2.0407863506480673e-14	1.995544414625562e-14
998.	0.	7.650856249255076e-41	2.0195705239371235e-14	1.980106302629195e-14
998.9999999999999	0.	7.049027934475335e-41	1.998498311856168e-14	1.9647129352334966e-14
1000.	0.	6.494264039205564e-41	1.9775702872030873e-14	1.949365580092178e-14