0.	0.	0.	0.	0.
1.	0.01663247242455414	0.028034228887823823	0.0029060149814582673	0.00029110211083715543
2.	0.0010032870979357997	0.05102617840013849	0.005486619450111367	0.00055055749252393
3.	0.000035055762183050454	0.06959159770828427	0.0077669806662282554	0.0007807341971943874
4.	9.314975032151818e-7	0.08428987525185815	0.00977066322977069	0.0009838546656487223
5.	2.0834589242152693e-8	0.09562713409229912	0.011519718195394863	0.0011620035470358532
6.	4.1283214806644373e-10	0.10405949066579424	0.01303476774033392	0.0013171351404981922
7.	7.46762835684077e-12	0.1099963925963162	0.014335085587106194	0.001451080475526396
8.	1.2577512260097282e-13	0.11380396807128555	0.01543867337460603	0.0015655540470843735
9.	1.985523772920754e-15	0.11580833352240032	0.0163623331630641	0.001662160220903681
10.	0.	0.1162988183399333	0.017121736250600574	0.0017423993237106058
11.	0.	0.1155310753862041	0.017731488471627775	0.0018076734325379728
12.	0.	0.11373005443190413	0.018205192140177653	0.0018592918766859017
13.	0.	0.11109282255343927	0.018555504794325297	0.0018984764653308239
14.	0.	0.1077912212070137	0.018794194891241546	0.0019263664532389259
14.999999999999998	0.	0.10397435431632632	0.018932194596027487	0.0019440232565182786
16.	0.	0.09977090543283472	0.018979649801351705	0.0019524349298422642
17.	0.	0.09529128498747912	0.018945967509019005	0.0019525204160949548
18.	0.	0.09062961096934985	0.018839860698938105	0.0019451335789259772
18.999999999999996	0.	0.08586552814290607	0.018669390805518275	0.0019310670282575186
20.	0.	0.0810658722398322	0.018442007916301757	0.0019110557483587509
21.	0.	0.07628618651095878	0.0181645888026238	0.0018857805376925087
22.	0.	0.0715720986635621	0.01784347288727632	0.0018558712693448169
23.	0.	0.06696056659601818	0.017484496249528976	0.0018219099804693663
24.	0.	0.062481001523194676	0.017093023763424184	0.0017844337988155484
24.999999999999996	0.	0.058156277102885186	0.01667397946100492	0.001743937714059749
26.	0.	0.054003633060541234	0.016231875208048606	0.0017008772013246416
27.	0.	0.05003548159562389	0.015770837775960885	0.0016556707039497456
28.	0.	0.046260124562474116	0.01529463438972395	0.0016087019822679633
29.	0.	0.04268238907203003	0.014806696828188535	0.0015603223348467567
29.999999999999996	0.	0.03930418877485636	0.014310144149541631	0.0015108526983685657
31.	0.	0.0361250176746662	0.013807804111468019	0.0014605856320525372
32.	0.	0.03314238289610995	0.013302233352346456	0.0014097871922582306
32.99999999999999	0.	0.03035218240022168	0.012795736396777129	0.0013586987026612668
34.	0.	0.027749033212817898	0.012290383545819301	0.0013075384251503975
35.	0.	0.02532655531106309	0.011788027709523419	0.00125650313636499
36.	0.	0.023077615905742664	0.011290320236664347	0.0012057696145708237
37.	0.	0.020994538464822948	0.010798725794018822	0.0011554960413602496
37.99999999999999	0.	0.019069280450000406	0.010314536345074508	0.0011058233224596238
39.	0.	0.01729358338378047	0.009838884275708074	0.001056876331732335
40.	0.	0.015659098531172536	0.009372754712119465	0.001008765082279182
41.	0.	0.014157491167840595	0.008916997074156488	0.0009615858283592136
42.	0.	0.012780526115593984	0.008472335905103223	0.0009154221016828838
42.99999999999999	0.	0.011520136956205717	0.00803938101703543	0.0008703456854655096
44.	0.	0.010368481085217998	0.007618636988959746	0.0008264175294718574
44.99999999999999	0.	0.009317982537958725	0.007210512053151579	0.0007836886091324387
46.	0.	0.008361364309624269	0.006815326403381672	0.0007422007316680078
47.	0.	0.007491671699064358	0.006433319957074471	0.0007019872920210639
48.	0.	0.0067022880308376	0.006064659601865095	0.0006630739812611152
49.	0.	0.005986943951171716	0.005709445955517521	0.0006254794500043197
49.99999999999999	0.	0.005339721349607592	0.005367719666728211	0.0005892159292672968
51.	0.	0.004755052828293857	0.0050394672829655925	0.0005542898110593149
52.	0.	0.00422771752409948	0.004724626710184406	0.0005207021909065637
53.	0.	0.0037528339839272033	0.004423092288000823	0.0004884493743964522
54.	0.	0.003325850699878439	0.004134719502719108	0.00045752334972883437
54.99999999999999	0.	0.002942534827316493	0.0038593293594585947	0.00042791222816433364
56.	0.	0.002598959534527968	0.0035967124335415457	0.00039960065416763636
56.99999999999999	0.	0.002291490366762348	0.0033466326202625666	0.00037257018695520573
58.	0.	0.002016770949164617	0.0031088306011702116	0.00034679965507259313
59.	0.	0.0017717083017780096	0.0028830270440455023	0.00032226548554579445
59.99999999999999	0.	0.0015534579947116837	0.0026689255528618695	0.0002989420090741668
61.	0.	0.0013594093321156507	0.0024662153831515508	0.00027680174265878394
62.	0.	0.0011871707192069889	0.0022745739373854997	0.0002558156509899189
63.	0.	0.001034555336717855	0.0020936690541940492	0.00023595338785025962
64.	0.	0.0008995672213002697	0.0019231611045125723	0.00021718351872642732
65.	0.	0.0007803878281833789	0.001762704907029377	0.00019947372576029377
65.99999999999999	0.	0.0006753631333301415	0.0016119514746395492	0.000182790996113285
67.	0.	0.0005829913161164778	0.0014705496029675847	0.00016710179476125348
68.	0.	0.0005019110498238482	0.0013381473114114162	0.00015237222268441465
69.	0.	0.0004308904156967553	0.0012143931465809525	0.00013856816136634945
70.	0.	0.0003688164466982904	0.001098937357450913	0.0001256554044676764
70.99999999999999	0.	0.000314685299158906	0.0009914329510248736	0.00011359977749424212
72.	0.	0.00026759304403620843	0.0008915366368072339	0.00010236724623570792
73.	0.	0.00022672706429426975	0.000798909667905715	0.00009192401470866629
74.	0.	0.00019135804079658793	0.0007132185861378831	0.00008223661329879822
75.	0.	0.00016083250593204576	0.0006341358780858689	0.00007327197775854103
75.99999999999999	0.	0.00013456594182398627	0.0005613405486386164	0.00006499751968083186
77.	0.	0.0001120363982862515	0.0004945186181740191	0.00005738118903501112
78.	0.	0.00009277860458269455	0.00043336354916901856	0.00005039152931848993
79.	0.	0.00007637854842317972	0.00037757660767722686	0.00004399772584654902
80.	0.	0.00006246849540953238	0.00032686716478553493	0.0000381696476732004
80.99999999999999	0.	0.000050722422256958464	0.00028095294284826957	0.00003287788360784073
82.	0.	0.00004085183749902596	0.000239560211001935	0.000028093772765729936
83.	0.	0.00003260196398372841	0.00020242393418437092	0.000023789430065050516
84.	0.	0.000025748258237584563	0.00016928787961469486	0.000019937767058929563
84.99999999999999	0.	0.000020093242675925178	0.00013990468444127966	0.00001651250846813397
85.99999999999999	0.	0.000015463627635238633	0.00011403588802599493	0.00001348820475823973
87.	0.	0.00001170770126989961	0.00009145193210793996	0.000010840241084408573
88.	0.	8.692966466474578e-6	0.0000719321318786042	8.544842907467775e-6
89.	0.	6.304005063107525e-6	0.00005526462079661608	6.579078566070716e-6
89.99999999999999	0.	4.440550803775809e-6	0.00004124627178343103	4.920859072453807e-6
90.99999999999999	0.	3.015753592030341e-6	0.000029682597259014453	3.5489353822465893e-6
92.	0.	1.9546187264319888e-6	0.000020387630309108807	2.442893373175402e-6
93.	0.	1.1926058902351772e-6	0.00001318378911418368	1.583146752295122e-6
94.	0.	6.743737247131853e-7	7.901726620918255e-6	9.509280973502256e-7
94.99999999999999	0.	3.526568328221115e-7	4.380167293287552e-6	5.282782242146412e-7
96.	0.	1.872630343232703e-7	2.4657326474621796e-6	2.9803405975580123e-7
97.	0.	1.4417962181226533e-7	2.012757147821377e-6	2.4381518733308335e-7
98.	0.	1.9477824788694482e-7	2.8830959229541803e-6	3.5000922079219235e-7
99.	0.	3.151089058489146e-7	4.945925648207007e-6	6.017561519829561e-7
99.99999999999999	0.	4.852742498189304e-7	8.07753983648718e-6	9.849318066854306e-7
101.	0.	6.888762352709024e-7	0.00001216113968086193	1.4861305342969501e-6
102.	0.	9.125277484126125e-7	0.00001708662149753168	2.0926472472993504e-6
103.	0.	1.145422534267435e-6	0.00002275036173376142	2.7924589183475154e-6
104.	0.	1.3789573295139025e-6	0.000029055000420482123	3.5742056343664763e-6
104.99999999999999	0.	1.6064006595542335e-6	0.00003590922387501717	4.427171299725322e-6
106.	0.	1.8226032712197767e-6	0.00004322754738614164	5.341264073210634e-6
107.	0.	2.023745645299797e-6	0.00005093009854697405	6.306996616834291e-6
108.	0.	2.2071184686204636e-6	0.000058942401838847386	7.315466228224185e-6
109.	0.	2.370932345730046e-6	0.00006719516500949317	8.358334922244725e-6
109.99999999999999	0.	2.5141533975982812e-6	0.00007562406773494835	9.427809521999264e-6
111.	0.	2.636361731020443e-6	0.00008416955300272613	0.000010516621814012883
112.	0.	2.737630069771562e-6	0.00009277662160681076	0.00001161800881754013
113.	0.	2.8184201188547828e-6	0.00010139463009991305	0.000012725693213218769
113.99999999999999	0.	2.8794944884077913e-6	0.00010997709250723608	0.00001383386397196253
114.99999999999999	0.	2.9218422357886454e-6	0.00011848148606841248	0.000014937157221019462
116.	0.	2.9466162947148953e-6	0.00012686906123663511	0.000016030637380065174
117.	0.	2.9550812509429787e-6	0.00013510465613403432	0.00001710977859702817
118.	0.	2.9485700961244075e-6	0.00014315651562827727	0.000018170446509582106
118.99999999999999	0.	2.9284487469756907e-6	0.00015099611516990985	0.000019208880355494965
119.99999999999999	0.	2.896087256869161e-6	0.00015859798950235133	0.00002022167545194504
121.	0.	2.8528367728691867e-6	0.0001659395663328964	0.00002120576606128642
122.	0.	2.800011404240541e-6	0.0001730010050305102	0.000022158408658188544
122.99999999999999	0.	2.7388742697472278e-6	0.0001797650403966846	0.000023077165610852553
124.	0.	2.670627081608507e-6	0.00018621683153635828	0.000023959889286769812
125.	0.	2.596402704848837e-6	0.00019234381583856515	0.000024804706591450347
126.	0.	2.5172602028437023e-6	0.00019813556806228978	0.000025610003946874413
127.	0.	2.434181943920983e-6	0.0002035836645068962	0.000026374412714459615
128.	0.	2.3480724007916627e-6	0.00020868155223605615	0.000027096795066069235
129.	0.	2.2597583249198142e-6	0.00021342442330983478	0.000027776230304794
130.	0.	2.1699900225214987e-6	0.00021780909397189636	0.000028412001636264968
131.	0.	2.0794434981075837e-6	0.00022183388872676436	0.000029003583389692098
131.99999999999997	0.	1.9887232660811348e-6	0.0002254985292362448	0.000029550628687038887
133.	0.	1.8983656612001759e-6	0.0002288040279546931	0.000030052957557467918
134.	0.	1.8088425052840623e-6	0.0002317525864172832	0.000030510545493404463
135.	0.	1.7205650107081e-6	0.00023434749808917476	0.00003092351244366028
136.	0.	1.6338878214357965e-6	0.00023659305567970393	0.00003129211223846637
137.	0.	1.549113109814464e-6	0.00023849446281902606	0.00003161672244026754
138.	0.	1.4664946625325658e-6	0.00024005774999378814	0.000031897834613891565
139.	0.	1.3862419021749042e-6	0.00024128969463310047	0.000032136045008866024
140.	0.	1.3085238020048052e-6	0.00024219774523538971	0.000032332045646415265
140.99999999999997	0.	1.2334726611822264e-6	0.00024278994942330737	0.00003248661580305854
141.99999999999997	0.	1.1611877157475102e-6	0.00024307488581292697	0.000032600613882438616
143.	0.	1.0917385675852315e-6	0.00024306159958341057	0.00003267496966682918
144.	0.	1.0251684193585434e-6	0.00024275954162995974	0.0000327106769391398
145.	0.	9.614971082124432e-7	0.00024217851118671512	0.000032708786466567116
146.	0.	9.00723935039028e-7	0.00024132860180159057	0.00003267039933622447
147.	0.	8.428302893526404e-7	0.00024022015054964393	0.00003259666063350892
148.	0.	7.877820724553151e-7	0.0002388636903689949	0.000032488753453420516
149.	0.	7.355319236774813e-7	0.00023726990540627181	0.00003234789323525117
150.	0.	6.860212561170632e-7	0.00023544958925885657	0.000032175322410901385
150.99999999999997	0.	6.391821095362597e-7	0.00023341360600257123	0.00003197230535706844
151.99999999999997	0.	5.949388290109235e-7	0.0002311728538944107	0.0000317401236414798
153.	0.	5.532095785307798e-7	0.0002287382316435741	0.00003148007155364322
154.	0.	5.139076991774972e-7	0.00022612060714288215	0.00003119345191022532
155.	0.	4.769429216855405e-7	0.00022333078855745912	0.000030881572125628263
156.	0.	4.422224432486211e-7	0.00022037949766774687	0.00003054574053816277
157.	0.	4.0965187834257136e-7	0.0002172773453667631	0.000030187262982411493
158.	0.	3.791360931369186e-7	0.00021403480921453128	0.000029807439598599792
159.	0.	3.505799328015611e-7	0.00021066221295236377	0.00002940756186956511
160.	0.	3.238888506651765e-7	0.00020716970788585605	0.00002898890987658377
160.99999999999997	0.	2.989694478008396e-7	0.00020356725604458607	0.000028552749765009664
161.99999999999997	0.	2.757299311941063e-7	0.00019986461503016675	0.00002810033141100382
163.	0.	2.540804981982163e-7	0.00019607132446797118	0.000027632886280968678
164.	0.	2.3393365452990744e-7	0.00019219669397785142	0.00002715162547512467
165.	0.	2.1520447259899485e-7	0.0001882497925839194	0.00002665773794716015
166.	0.	1.9781079649738764e-7	0.00018423943948504056	0.00002615238889194022
167.	0.	1.8167339952716634e-7	0.0001801741961101783	0.000025636718293445648
168.	0.	1.667160997016603e-7	0.00017606235938538392	0.000025111839625327622
169.	0.	1.5286583822396174e-7	0.00017191195614196689	0.000024578838696695366
169.99999999999997	0.	1.4005272553807448e-7	0.00016773073859735517	0.000024038772635881495
170.99999999999997	0.	1.282100591568028e-7	0.00016352618084304778	0.00002349266900519266
171.99999999999997	0.	1.1727431708948353e-7	0.000159305476276285	0.00002294152503982572
173.	0.	1.0718513035402725e-7	0.0001550755359145184	0.000022386307004340775
174.	0.	9.78852377083963e-8	0.00015084298753397936	0.000021827949660263777
175.	0.	8.932042544850734e-8	0.00014661417557679528	0.000021267355838712742
176.	0.	8.14394548070622e-8	0.00014239516177099858	0.000020705396111797255
177.	0.	7.419397923972425e-8	0.00013819172641428332	0.000020142908557359147
178.	0.	6.753845362350224e-8	0.00013400937026923583	0.000019580698611048428
179.	0.	6.143003716826514e-8	0.0001298533170247103	0.00001901953900062103
179.99999999999997	0.	5.582849163319773e-8	0.0001257285162770693	0.000018460169757095685
180.99999999999997	0.	5.0696076241969854e-8	0.00012163964698823899	0.00001790329829777026
181.99999999999997	0.	4.5997440518560114e-8	0.00011759112137955358	0.000017349599576290685
183.	0.	4.1699516108080935e-8	0.00011358708922145186	0.00001679971629502513
184.	0.	3.777140848861019e-8	0.00010963144248284302	0.000016254259175452652
185.	0.	3.4184289370409195e-8	0.0001057278203027679	0.000015713807282007495
186.	0.	3.091129043624762e-8	0.0001018796142526732	0.00001517890839557258
187.	0.	2.7927398989334718e-8	0.00009808997385530517	0.000014650079432389642
188.	0.	2.5209355970769047e-8	0.00009436181233115654	0.00001412780690480242
189.	0.	2.273555672446939e-8	0.00009069781254307895	0.00001361254742012524
189.99999999999997	0.	2.048595481341085e-8	0.00008710043311214297	0.00001310472821422287
190.99999999999997	0.	1.8441969125253188e-8	0.00008357191467903948	0.000012604747716498599
192.	0.	1.6586394446499585e-8	0.00008011428628648828	0.000012112976143094883
193.	0.	1.490331562799839e-8	0.00007672937186085116	0.00001162975611545827
194.	0.	1.3378025427893815e-8	0.00007341879677006953	0.000011155403301196173
195.	0.	1.1996946073788316e-8	0.00007018399443921182	0.000010690207074723872
196.	0.	1.0747554551603045e-8	0.00006702621300389396	0.000010234431194990884
197.	0.	9.618311606047278e-9	0.00006394652198455889	9.788314497936703e-6
198.	0.	8.598594405053094e-9	0.00006094581896476481	9.35207160130131e-6
198.99999999999997	0.	7.678632809079221e-9	0.00005802483625797313	8.925893619573162e-6
199.99999999999997	0.	6.8494491597279855e-9	0.00005518414754982627	8.50994888719651e-6
200.99999999999997	0.	6.10280149933124e-9	0.00005242417450057576	8.104383687760628e-6
202.	0.	5.4311301096679415e-9	0.000049745193297731024	7.709322987685124e-6
203.	0.	4.827507262666485e-9	0.00004714734114559359	7.324871172355404e-6
204.	0.	4.285590058487943e-9	0.00004463062268334352	6.951112783399578e-6
205.	0.	3.79957622666472e-9	0.00004219491631990028	6.588113255233201e-6
206.	0.	3.3641627652943844e-9	0.00003983998047900756	6.235919649778328e-6
207.	0.	2.974507285194285e-9	0.000037565459744992	5.894561387770343e-6
208.	0.	2.6261919324794033e-9	0.00003537089090325224	5.5640509756011574e-6
208.99999999999997	0.	2.315189758850941e-9	0.00003325570886769344	5.244384726335915e-6
209.99999999999997	0.	2.0378334120662743e-9	0.00003121925249089088	4.935543474077062e-6
210.99999999999997	0.	1.7907860228475893e-9	0.00002926077025064087	4.637493280496341e-6
212.	0.	1.5710141630592798e-9	0.00002737942580858169	4.350186132653691e-6
213.	0.	1.3757627595662407e-9	0.000025574303437383977	4.0735606313346605e-6
214.	0.	1.202531844979503e-9	0.000023844413312608108	3.8075426690589557e-6
215.	0.	1.049055036342924e-9	0.000022188696666516076	3.552046097086918e-6
216.	0.	9.132796335822859e-10	0.00002060603080156429	3.306973380808246e-6
217.	0.	7.933482343709723e-10	0.000019095233960902046	3.0722162428212787e-6
218.	0.	6.875817690145221e-10	0.000017655070055611353	2.847656293386967e-6
218.99999999999997	0.	5.944638596122031e-10	0.000016284253246044864	2.633165647551771e-6
219.99999999999997	0.	5.126264152098913e-10	0.000014981452377718204	2.4286075287230177e-6
220.99999999999997	0.	4.4083637881706204e-10	0.000013745295270816213	2.233836858250186e-6
222.	0.	3.779835449950135e-10	0.000012574372863135753	2.0487008306822095e-6
223.	0.	3.230693728684216e-10	0.000011467243206868146	1.8730394744603352e-6
224.	0.	2.7519672300147615e-10	0.000010422435319894787	1.706686197847055e-6
225.	0.	2.3356045072980254e-10	9.438452892214191e-6	1.5494683198799195e-6
226.	0.	1.974387921853224e-10	8.513777848015766e-6	1.4012075861194268e-6
227.	0.	1.661854843696183e-10	7.646873766222291e-6	1.2617206693376784e-6
227.99999999999997	0.	1.3922256284964894e-10	6.8361891587422945e-6	1.1308196547068015e-6
228.99999999999997	0.	1.1603378507674312e-10	6.080160610314009e-6	1.0083125098084158e-6
229.99999999999997	0.	9.615863092185176e-11	5.377215780029077e-6	8.940035391629635e-7
230.99999999999997	0.	7.918683442828682e-11	4.725776267656537e-6	7.876938234787872e-7
232.	0.	6.475340475671963e-11	4.124260346567294e-6	6.891816436060075e-7
233.	0.	5.253409680897743e-11	3.5710855652116414e-6	5.982628892072874e-7
234.	0.	4.2241294679438076e-11	3.0646712203932103e-6	5.147314523763902e-7
235.	0.	3.3620274076345836e-11	2.6034407036670934e-6	4.3837960611940405e-7
236.	0.	2.6445811944975596e-11	2.185823724765961e-6	3.689983680484662e-7
237.	0.	2.0519114213518348e-11	1.8102584138709867e-6	3.0637784929355356e-7
237.99999999999997	0.	1.5665034454611006e-11	1.4751933057509729e-6	2.503075888445953e-7
238.99999999999997	0.	1.1729558514227342e-11	1.1790892083906017e-6	2.0057687347383423e-7
239.99999999999997	0.	8.577531919484615e-12	9.204209598107119e-7	1.56975043577799e-7
240.99999999999997	0.	6.0906088763635186e-12	6.976790746903701e-7	1.192917849290994e-7
242.	0.	4.165403134811748e-12	5.093712850756529e-7	8.73174067884402e-8
243.	0.	2.7118226775450586e-12	3.540239771097254e-7	6.084310643434003e-8
244.	0.	1.6515716261029536e-12	2.3018352757203978e-7	3.966122049030407e-8
245.	0.	9.16804104857152e-13	1.3641754262500153e-7	2.356546319873344e-8
245.99999999999997	0.	4.489160510658562e-13	7.131600257767305e-8	1.235115204005845e-8
247.	0.	1.9746214088320265e-13	3.3492314441385925e-8	5.815420752202479e-9
248.	0.	1.1918607470776326e-13	2.158427710856486e-8	3.757420340364271e-9
248.99999999999997	0.	1.7715346546288392e-13	3.425496006096003e-8	5.978507995894234e-9
250.	0.	3.3997750270721306e-13	7.019350045391544e-8	1.2282424532473314e-8
250.99999999999997	0.	5.811284114079095e-13	1.2811582050999517e-7	2.247546045090256e-8
252.	0.	8.783185205212402e-13	2.0676526851964545e-7	3.636661098763923e-8
252.99999999999997	0.	1.2129554747208265e-12	3.0491318575255405e-7	5.376772033582686e-8
254.	0.	1.569656796846085e-12	4.213594036787971e-7	7.449361560344486e-8
254.99999999999997	0.	1.935819623495455e-12	5.54932672529346e-7	9.836223048913441e-8
256.	0.	2.3012399949710125e-12	7.044910252407789e-7	1.2519471919312978e-7
257.	0.	2.65777659560406e-12	8.689220788102389e-7	1.54815560733194e-7
258.	0.	2.9990543377934737e-12	1.0471432766021762e-6	1.8705265411107412e-7
259.	0.	3.320203587581534e-12	1.238102073437784e-6	2.217374044792271e-7
260.	0.	3.617631237756269e-12	1.4407760663802122e-6	2.587048006562991e-7
261.	0.	3.88882024846264e-12	1.6541730741618611e-6	2.977934843543459e-7
262.	0.	4.132154448486992e-12	1.8773311672219068e-6	3.388458113130286e-7
263.	0.	4.3467659905214656e-12	2.1093186511089965e-6	3.817079046836557e-7
263.99999999999994	0.	4.532402710018947e-12	2.3492340057145027e-6	4.262297009617309e-7
265.	0.	4.689313373194546e-12	2.596205782376427e-6	4.7226498869664565e-7
266.	0.	4.818148563245431e-12	2.8493924614384398e-6	5.196714403123161e-7
267.	0.	4.919875547514734e-12	3.1079822725451426e-6	5.683106373251077e-7
268.	0.	4.995705348785713e-12	3.3711929793703165e-6	6.180480891452675e-7
269.	0.	5.047030621062803e-12	3.6382716316517017e-6	6.687532458692606e-7
270.	0.	5.0753731061692146e-12	3.908494285851763e-6	7.20299505193486e-7
271.	0.	5.08233922242859e-12	4.181165696968961e-6	7.725642138061387e-7
272.	0.	5.069583169929001e-12	4.455618982977445e-6	8.254286634284485e-7
272.99999999999994	0.	5.038776075751905e-12	4.731215264348169e-6	8.787780818620695e-7
274.	0.	4.991580961876931e-12	5.007343279828362e-6	9.325016191700438e-7
274.99999999999994	0.	4.929632195812257e-12	5.283418980914171e-6	9.864923293570778e-7
276.	0.	4.854519341237948e-12	5.558885105900054e-6	1.0406471476328654e-6
277.	0.	4.7677742690875986e-12	5.833210736057264e-6	1.0948668636579223e-6
278.	0.	4.6708615170213484e-12	6.10589083477771e-6	1.1490560908574444e-6
279.	0.	4.565171208872685e-12	6.376445771563393e-6	1.203123232088206e-6
280.	0.	4.452014076383196e-12	6.644420832484225e-6	1.2569804419013319e-6
281.	0.	4.332618368955661e-12	6.909385717876395e-6	1.310543585488183e-6
281.99999999999994	0.	4.208128338373818e-12	7.170934029459805e-6	1.363732194666391e-6
283.	0.	4.079603979507491e-12	7.4286827476725805e-6	1.4164694210079168e-6
283.99999999999994	0.	3.948021841070813e-12	7.682271700427741e-6	1.468681986291445e-6
285.	0.	3.814276635909722e-12	7.93136302496011e-6	1.5203001305544687e-6
286.	0.	3.67918364617829e-12	8.175640623265709e-6	1.5712575578026342e-6
287.	0.	3.5434814406932215e-12	8.414809612742083e-6	1.6214913796486494e-6
288.	0.	3.407835229928785e-12	8.64859577301159e-6	1.6709420570381757e-6
289.	0.	3.272840340133381e-12	8.876744989558985e-6	1.719553340155889e-6
290.	0.	3.1390261322405603e-12	9.099022695582183e-6	1.7672722067562062e-6
291.	0.	3.0068595978680075e-12	9.315213312631645e-6	1.8140487990083289e-6
292.	0.	2.8767495603553735e-12	9.525119691201521e-6	1.859836359062187e-6
292.99999999999994	0.	2.749050376712978e-12	9.728562551747389e-6	1.9045911634116834e-6
294.	0.	2.62406605284694e-12	9.92537992721936e-6	1.948272456254037e-6
294.99999999999994	0.	2.502053895556758e-12	0.000010115426607560105	1.9908423819226264e-6
296.	0.	2.3832282604167096e-12	0.000010298573587088784	2.0322659165655635e-6
297.	0.	2.2677641676728677e-12	0.000010474707515336816	2.0725107991758376e-6
298.	0.	2.1558007496625465e-12	0.000010643730151958056	2.1115474620924164e-6
299.	0.	2.047444492645688e-12	0.000010805557826046845	2.1493489610369327e-6
300.	0.	1.942772333867044e-12	0.000010960120900938426	2.1858909048997626e-6
301.	0.	1.8418346386980123e-12	0.000011107363244539052	2.2211513852885623e-6
301.99999999999994	0.	1.7446580361114009e-12	0.000011247241705674568	2.2551109059412076e-6
303.	0.	1.6512478238808935e-12	0.000011379725597217692	2.2877523121618525e-6
303.99999999999994	0.	1.561590574864938e-12	0.000011504796186055111	2.319060720301217e-6
305.	0.	1.4756563114812274e-12	0.000011622446190520222	2.349023447417014e-6
306.	0.	1.3934005142157624e-12	0.000011732679285344298	2.377629941136995e-6
307.	0.	1.314766271576277e-12	0.000011835509614828594	2.4048717098796613e-6
308.	0.	1.2396857153184868e-12	0.00001193096131421573	2.4307422534434706e-6
309.	0.	1.1680819777616167e-12	0.000012019068039483022	2.455236994025344e-6
310.	0.	1.0998704730860023e-12	0.000012099872506275463	2.478353207832073e-6
310.99999999999994	0.	1.0349601833546972e-12	0.000012173426037463036	2.5000899571982602e-6
312.	0.	9.732551077751743e-13	0.000012239788120186821	2.5204480234067735e-6
312.99999999999994	0.	9.146553105862712e-13	0.000012299025972102118	2.539429840172969e-6
314.	0.	8.590576226533642e-13	0.000012351214117168532	2.5570394278858836e-6
314.99999999999994	0.	8.063569989025982e-13	0.000012396433971119419	2.5732823286563475e-6
316.	0.	7.564469044187637e-13	0.000012434773436565454	2.5881655421859146e-6
317.	0.	7.092202739089242e-13	0.000012466326508019639	2.6016974625400914e-6
318.	0.	6.645700156279325e-13	0.000012491192886627683	2.6138878158056694e-6
319.	0.	6.223896985465604e-13	0.000012509477605183433	2.6247475987783107e-6
320.	0.	5.825736680703644e-13	0.000012521290662655363	2.6342890185448e-6
321.	0.	5.450180277195059e-13	0.000012526746669059381	2.642525433160702e-6
321.99999999999994	0.	5.096204235287498e-13	0.000012525964500065097	2.6494712933220565e-6
323.	0.	4.762806583716654e-13	0.000012519066961836185	2.655142085163531e-6
323.99999999999994	0.	4.44900980524838e-13	0.000012506180465574496	2.659554274098872e-6
325.	0.	4.153861101385011e-13	0.000012487434712076074	2.662725249796314e-6
326.	0.	3.876435504600374e-13	0.00001246296238623857	2.6646732723045567e-6
327.	0.	3.6158345288366635e-13	0.000012432898861104069	2.6654174192689127e-6
328.	0.	3.371192001687225e-13	0.000012397381912116037	2.664977534410983e-6
329.	0.	3.141670816299129e-13	0.000012356551440459554	2.663374177058767e-6
330.	0.	2.9264649729632156e-13	0.000012310549206399817	2.6606285729514707e-6
330.99999999999994	0.	2.724797402629788e-13	0.000012259518571892305	2.6567625661921177e-6
332.	0.	2.5359261063862994e-13	0.000012203604252506467	2.651798572385175e-6
332.99999999999994	0.	2.3591357512875144e-13	0.000012142952078935531	2.6457595330472045e-6
334.	0.	2.1937446658362423e-13	0.000012077708767112502	2.638668871106653e-6
335.	0.	2.039100151080148e-13	0.000012008021697715023	2.6305504476908026e-6
336.	0.	1.8945795699651625e-13	0.00001193403870449892	2.6214285201070075e-6
337.	0.	1.759589589833022e-13	0.00001185590787115047	2.6113277009782362e-6
338.	0.	1.633564303782916e-13	0.000011773777337010297	2.600272918638273e-6
339.	0.	1.5159671978984028e-13	0.000011687795110987216	2.588289378664831e-6
339.99999999999994	0.	1.4062864412954418e-13	0.000011598108893887276	2.5754025266274464e-6
341.	0.	1.3040390165728865e-13	0.000011504865908954957	2.561638012033033e-6
341.99999999999994	0.	1.2087654138166209e-13	0.000011408212740134511	2.5470216533869374e-6
343.	0.	1.1200304076458467e-13	0.00001130829517853257	2.5315794045031734e-6
343.99999999999994	0.	1.0374228950662751e-13	0.000011205258076095757	2.515337321870753e-6
345.	0.	9.605534182270158e-14	0.000011099245207118838	2.4983215332393244e-6
346.	0.	8.890557043095113e-14	0.000010990399136896992	2.4805582072966e-6
347.	0.	8.225824347229905e-14	0.000010878861097596607	2.462073524479471e-6
348.	0.	7.608064646588593e-14	0.000010764770871068939	2.4428936488818276e-6
349.	0.	7.034197985352581e-14	0.000010648266678523354	2.4230447012649144e-6
350.	0.	6.501338222470467e-14	0.000010529485076709921	2.4025527331151148e-6
350.99999999999994	0.	6.006745967526085e-14	0.000010408560860726932	2.3814437017991318e-6
352.	0.	5.547856614287368e-14	0.00001028562697314533	2.3597434467703306e-6
352.99999999999994	0.	5.122265828809204e-14	0.000010160814418943613	2.3374776667331546e-6
354.	0.	4.727714405971991e-14	0.000010034252186748429	2.3146718979012393e-6
355.	0.	4.362079381962475e-14	9.906067175755128e-6	2.2913514932285603e-6
356.	0.	4.023364602082811e-14	9.776384128075162e-6	2.2675416025763058e-6
357.	0.	3.7097174516412335e-14	9.645325566734906e-6	2.2432671538884697e-6
358.	0.	3.4193847860044065e-14	9.513011738948635e-6	2.2185528353100695e-6
359.	0.	3.15072891032891e-14	9.37956056417415e-6	2.1934230781536485e-6
359.99999999999994	0.	2.9022358555251294e-14	9.245087587629927e-6	2.1679020408919107e-6
361.	0.	2.6724644521385668e-14	9.10970593809321e-6	2.1420135939207647e-6
361.99999999999994	0.	2.4600869952366532e-14	8.973526290592626e-6	2.1157813052544207e-6
363.	0.	2.26385117179089e-14	8.836656833450846e-6	2.089228427043678e-6
363.99999999999994	0.	2.082606492064951e-14	8.699203239667345e-6	2.062377882932789e-6
365.	0.	1.9152475395380946e-14	8.561268642337062e-6	2.0352522562004095e-6
366.	0.	1.7607839660596875e-14	8.422953614214112e-6	2.007873778727451e-6
367.	0.	1.6182587271888997e-14	8.284356150906795e-6	1.9802643206864673e-6
368.	0.	1.48679231902309e-14	8.145571657947325e-6	1.9524453810262444e-6
368.99999999999994	0.	1.3655820546706474e-14	8.006692941209691e-6	1.924438078641671e-6
370.	0.	1.2538531526810959e-14	7.867810200863438e-6	1.8962631442886124e-6
370.99999999999994	0.	1.1509012650571564e-14	7.729011028479543e-6	1.867940913166466e-6
372.	0.	1.0560736475482444e-14	7.590380407282719e-6	1.8394913181809866e-6
372.99999999999994	0.	9.687512027500552e-15	7.4520007153917825e-6	1.8109338838629168e-6
374.	0.	8.883716032586657e-15	7.313951731823763e-6	1.7822877209012797e-6
375.	0.	8.144053703657537e-15	7.176310645217133e-6	1.7535715212930395e-6
376.	0.	7.463669513589664e-15	7.039152065228957e-6	1.7248035541106343e-6
377.	0.	6.837916621555383e-15	6.90254803626772e-6	1.696001661816799e-6
378.	0.	6.262742420900766e-15	6.76656805356792e-6	1.6671832571392321e-6
379.	0.	5.734072811939241e-15	6.631279081530262e-6	1.6383653204975339e-6
379.99999999999994	0.	5.24841288415313e-15	6.496745574078676e-6	1.6095643979318573e-6
381.	0.	4.802401960931863e-15	6.363029497038733e-6	1.580796599544283e-6
381.99999999999994	0.	4.392868050680353e-15	6.230190352380311e-6	1.552077598424004e-6
383.	0.	4.017031003069889e-15	6.098285204140119e-6	1.5234226300196228e-6
384.	0.	3.672183314602716e-15	5.967368706124926e-6	1.4948464919926596e-6
385.	0.	3.3558436485316224e-15	5.837493131026353e-6	1.4663635444687401e-6
386.	0.	3.065798914474624e-15	5.708708401082604e-6	1.437987710728307e-6
387.	0.	2.7999483212390985e-15	5.581062119987038e-6	1.4097324782693623e-6
388.	0.	2.556302728092453e-15	5.45459960617647e-6	1.3816109002829204e-6
388.99999999999994	0.	2.333124090936564e-15	5.329363927140794e-6	1.3536355974579614e-6
390.	0.	2.12872880744788e-15	5.205395934939621e-6	1.3258187601691975e-6
390.99999999999994	0.	1.9416257582628683e-15	5.082734302619063e-6	1.29817215097639e-6
392.	0.	1.7703732417272029e-15	4.961415561545644e-6	1.2707071074451838e-6
392.99999999999994	0.	1.613712073356749e-15	4.841474139598726e-6	1.2434345452802293e-6
394.	0.	1.4704696037562847e-15	4.722942400095613e-6	1.2163649617437142e-6
395.	0.	1.3394301325814252e-15	4.6058506813388745e-6	1.1895084393358092e-6
396.	0.	1.2197178205305926e-15	4.490227336830984e-6	1.1628746497531844e-6
397.	0.	1.1103220424029734e-15	4.3760987759674715e-6	1.1364728580813885e-6
397.99999999999994	0.	1.0103537255247576e-15	4.263489505256484e-6	1.1103119272373915e-6
399.	0.	9.19117257060195e-16	4.152422169815586e-6	1.0844003226014534e-6
399.99999999999994	0.	8.358257916026407e-16	4.042917595345526e-6	1.0587461168935252e-6
401.	0.	7.598022567557114e-16	3.934994830251124e-6	1.0333569952115756e-6
401.99999999999994	0.	6.904722951385712e-16	3.82867118805076e-6	1.0082402602714729e-6
403.	0.	6.272479773588492e-16	3.723962289940845e-6	9.834028378162067e-7
404.	0.	5.696030729921023e-16	3.6208821074121174e-6	9.588512821696242e-7
405.	0.	5.170695585075077e-16	3.5194430050079254e-6	9.345917819605171e-7
406.	0.	4.692341042492426e-16	3.4196557829925214e-6	9.106301659577451e-7
407.	0.	4.256341207428952e-16	3.3215297200831787e-6	8.869719090586974e-7
408.	0.	3.859616040476202e-16	3.225072616013981e-6	8.636221383709799e-7
408.99999999999994	0.	3.498565182434026e-16	3.130290833989695e-6	8.405856394038709e-7
410.	0.	3.170079885637185e-16	3.037189342997449e-6	8.178668623620097e-7
410.99999999999994	0.	2.871507197812315e-16	2.9457717599379937e-6	7.954699285320273e-7
412.	0.	2.5997171002591497e-16	2.8560403914243257e-6	7.733986367216668e-7
412.99999999999994	0.	2.352925091676429e-16	2.767996275394307e-6	7.516564697912524e-7
414.	0.	2.1288408332159111e-16	2.681639222352602e-6	7.302466012279773e-7
415.	0.	1.925293991956126e-16	2.5969678563591455e-6	7.091719017947932e-7
416.	0.	1.7402333332745815e-16	2.513979655483304e-6	6.884349461774425e-7
417.	0.	1.5725199071423082e-16	2.432670992069385e-6	6.680380197234183e-7
417.99999999999994	0.	1.4202768115272934e-16	2.35303717241592e-6	6.479831251641401e-7
419.	0.	1.2822462402981293e-16	2.275072476105737e-6	6.282719893843533e-7
419.99999999999994	0.	1.157232368871284e-16	2.1987701947643758e-6	6.089060701770477e-7
421.	0.	1.0438623701524381e-16	2.124122670476022e-6	5.898865630461309e-7
421.99999999999994	0.	9.413138724980985e-17	2.0511213335584195e-6	5.712144079736127e-7
423.	0.	8.483473323117794e-17	1.9797567398394943e-6	5.528902961893553e-7
424.	0.	7.64246202802667e-17	1.9100186074271487e-6	5.349146769399722e-7
425.	0.	6.881136221050265e-17	1.8418958528858869e-6	5.172877642315459e-7
426.	0.	6.193169055071919e-17	1.7753766268515829e-6	5.000095435533667e-7
426.99999999999994	0.	5.570540475413786e-17	1.7104483490095265e-6	4.830797785601201e-7
428.	0.	5.007733372636894e-17	1.6470977425769096e-6	4.664980177505968e-7
428.99999999999994	0.	4.501427413457596e-17	1.585310868026908e-6	4.502636010671549e-7
430.	0.	4.0428641120002924e-17	1.5250731563436388e-6	4.3437566649568977e-7
430.99999999999994	0.	3.6293729232771005e-17	1.4663694415290253e-6	4.188331565853909e-7
432.	0.	3.2566182110673646e-17	1.4091839924963005e-6	4.0363482492425747e-7
432.99999999999994	0.	2.920544241733288e-17	1.3535005444044291e-6	3.887792425840379e-7
434.	0.	2.6173682521972884e-17	1.2993023291972154e-6	3.742648044649123e-7
435.	0.	2.3435731905670126e-17	1.2465721056360205e-6	3.600897356203902e-7
436.	0.	2.098913670006336e-17	1.1952921885550974e-6	3.462520974824999e-7
437.	0.	1.8771612065177392e-17	1.1454444775116106e-6	3.327497940342941e-7
437.99999999999994	0.	1.6783639191963864e-17	1.09701048479013e-6	3.1958057791592196e-7
439.	0.	1.4996964079339147e-17	1.0499713626823875e-6	3.0674205643882373e-7
439.99999999999994	0.	1.3398758008237343e-17	1.0043079301464937e-6	2.9423169753580517e-7
441.	0.	1.195139626942455e-17	9.600006988040667e-7	2.820468356325339e-7
441.99999999999994	0.	1.0657713583929026e-17	9.170298982461416e-7	2.701846774294033e-7
443.	0.	9.495666226442439e-18	8.753755006763177e-7	2.586423075994397e-7
444.	0.	8.456537646227678e-18	8.35017244925597e-7	2.4741669440989364e-7
445.	0.	7.521123247549648e-18	7.959346597725688e-7	2.3650469524538202e-7
446.	0.	6.692875889535505e-18	7.581070866396605e-7	2.259030620508088e-7
446.99999999999994	0.	5.94406172726812e-18	7.215137015910539e-7	2.1560844666936444e-7
448.	0.	5.279008407889298e-18	6.86133536762671e-7	2.0561740611174127e-7
448.99999999999994	0.	4.6824164889977464e-18	6.519455010636463e-7	1.9592640770609013e-7
450.	0.	4.149483834649419e-18	6.189284003011191e-7	1.86531834171279e-7
450.99999999999994	0.	3.675578340160971e-18	5.870609566410849e-7	1.77429988584738e-7
452.	0.	3.2482968660228323e-18	5.563218274663241e-7	1.6861709926049193e-7
453.	0.	2.872020417535983e-18	5.266896235901917e-7	1.6008932452227655e-7
454.	0.	2.5353798550781025e-18	4.98142926910969e-7	1.518427573947039e-7
455.	0.	2.235437013498443e-18	4.7066030736125946e-7	1.4387343016561043e-7
455.99999999999994	0.	1.9693691885926313e-18	4.442203394095767e-7	1.361773188951074e-7
457.	0.	1.7344692552316896e-18	4.188016177947259e-7	1.2875034777137263e-7
457.99999999999994	0.	1.5222454592466327e-18	3.94382772852346e-7	1.2158839342020218e-7
459.	0.	1.3367360439798222e-18	3.709424851291999e-7	1.1468728907260816e-7
459.99999999999994	0.	1.1702564349293793e-18	3.4845949953466114e-7	1.0804282866429011e-7
461.	0.	1.0264042477344805e-18	3.2691263885369936e-7	1.0165077081034376e-7
461.99999999999994	0.	8.98263625720883e-19	3.0628081676906553e-7	9.550684269812411e-8
463.	0.	7.845699036715662e-19	2.8654305036096576e-7	8.960674388609822e-8
464.	0.	6.841163292336984e-19	2.676784719660023e-7	8.394614996912061e-8
465.	0.	5.957537576133132e-19	2.49666340683246e-7	7.85207161974079e-8
466.	0.	5.183902831830175e-19	2.3248605323145643e-7	7.332608095435872e-8
466.99999999999994	0.	4.475216508518449e-19	2.161171543711998e-7	6.835786915744815e-8
468.	0.	3.8933213544399577e-19	2.005393468294316e-7	6.361169556030776e-8
468.99999999999994	0.	3.3616749879919887e-19	1.8573250071625357e-7	5.908316795021812e-8
470.	0.	2.906028499903217e-19	1.7167666252980098e-7	5.476789026901834e-8
470.99999999999994	0.	2.491760943098911e-19	1.5835206361197424e-7	5.066146561148339e-8
472.	0.	2.1410492234354607e-19	1.457391282563743e-7	4.67594991628394e-8
473.	0.	1.8238067067816222e-19	1.3381848127933605e-7	4.3057601012888535e-8
474.	0.	1.5589691267502933e-19	1.2257095521354216e-7	3.9551388895280724e-8
475.	0.	1.3397691007168307e-19	1.1197759709481675e-7	3.6236490840486486e-8
475.99999999999994	0.	1.1423817608358192e-19	1.020196747596845e-7	3.310854771357602e-8
477.	0.	9.655157640316581e-20	9.267868284421103e-8	3.016321569609255e-8
477.99999999999994	0.	8.07897791387434e-20	8.393634830991148e-8	2.7396168653650845e-8
479.	0.	6.816386127630019e-20	7.57746356426756e-8	2.4803100434364126e-8
479.99999999999994	0.	5.81766765593996e-20	6.817575163385066e-8	2.237972706652555e-8
481.	0.	4.8188977316035444e-20	6.112214982288105e-8	2.0121788879313216e-8
481.99999999999994	0.	4.042640405493241e-20	5.4596534617344267e-8	1.8025052549871142e-8
483.	0.	3.360429669032369e-20	4.858186500343641e-8	1.6085313046181545e-8
484.	0.	2.765124785694237e-20	4.306135799218512e-8	1.429839551156692e-8
484.99999999999994	0.	2.2497116194471625e-20	3.8018491686470015e-8	1.2660157051091634e-8
486.	0.	1.869626075659523e-20	3.3437008075996325e-8	1.1166488453392934e-8
486.99999999999994	0.	1.5412407866365237e-20	2.9300915513005393e-8	9.813315830565768e-9
488.	0.	1.260019805077617e-20	2.5594490874948256e-8	8.596602176291708e-9
488.99999999999994	0.	1.0215165182467342e-20	2.2302281478456563e-8	7.512348861997766e-9
490.	0.	8.213750186369365e-21	1.940910668575764e-8	6.556597049690921e-9
491.	0.	6.553313703613062e-21	1.690005926257035e-8	5.725429039574864e-9
491.99999999999994	0.	5.480600361764555e-21	1.4760506451756026e-8	5.014969538796423e-9
492.99999999999994	0.	4.3450790258197244e-21	1.2976090833026778e-8	4.4213868734950714e-9
494.	0.	3.663445141969439e-21	1.1532730917027409e-8	3.940894125173955e-9
495.	0.	3.126723122891274e-21	1.0416621515900721e-8	3.569750204129041e-9
496.	0.	2.7148684456116914e-21	9.614233865296009e-9	3.30426084990452e-9
496.99999999999994	0.	2.4083190664062674e-21	9.112315584482287e-9	3.140779587027047e-9
497.99999999999994	0.	2.1879989949654475e-21	8.897890360692145e-9	3.0757085956193535e-9
499.	0.	2.0353214252575822e-21	8.95825749508772e-9	3.1054995426777608e-9
500.	0.	1.9321914005929854e-21	9.280991200177832e-9	3.2266543348041697e-9
500.99999999999994	0.	1.8610080528799013e-21	9.853939775189403e-9	3.4357258348076878e-9
501.99999999999994	0.	2.030249694555979e-21	1.0665224532988994e-8	3.7293184971528034e-9
503.	0.	1.9960670975391582e-21	1.1703238639797334e-8	4.104088977071891e-9
504.	0.	1.9490047622275216e-21	1.2956645685383432e-8	4.556746648617295e-9
505.	0.	2.185548563458122e-21	1.4414378219882488e-8	5.084054113032813e-9
505.99999999999994	0.	2.104558252604368e-21	1.606563605776161e-8	5.6828276266337044e-9
506.99999999999994	0.	2.363521513032427e-21	1.7899884460757082e-8	6.349937486183361e-9
508.	0.	2.2078929744677573e-21	1.9906852197859425e-8	7.0823083701826254e-9
509.	0.	2.46805366734271e-21	2.2076529467043546e-8	7.876919629686264e-9
509.99999999999994	0.	2.7494648838058966e-21	2.4399165718534157e-8	8.730805541837081e-9
510.99999999999994	0.	2.4412080016013864e-21	2.6865267307629295e-8	9.641055499515834e-9
512.	0.	2.6988596052818702e-21	2.9465595107656757e-8	1.0604814182795146e-8
513.	0.	2.9720369981904617e-21	3.2191161961171036e-8	1.1619281667832098e-8
514.	0.	2.445189418940054e-21	3.5033230081991255e-8	1.268171351269342e-8
514.9999999999999	0.	2.6722657193049487e-21	3.798330832293587e-8	1.378942078874797e-8
516.	0.	2.909894520268055e-21	4.1033149392698634e-8	1.4939770086919417e-8
517.	0.	3.157715697562995e-21	4.4174746963759456e-8	1.6130183477097176e-8
518.	0.	3.415371268447138e-21	4.740033272486386e-8	1.735813843938919e-8
518.9999999999999	0.	2.4550036824221804e-21	5.070237335989283e-8	1.8621167760004314e-8
520.	0.	2.6391767692426462e-21	5.40735674446492e-8	1.9916859387967057e-8
521.	0.	2.829199583049932e-21	5.7506842313606335e-8	2.1242856271142407e-8
522.	0.	3.024840029700452e-21	6.099535084415224e-8	2.259685615176526e-8
523.	0.	3.2258678537741056e-21	6.453246819175062e-8	2.3976611333126943e-8
524.	0.	3.4320547141860285e-21	6.811178851430125e-8	2.5379928431160522e-8
525.	0.	1.821587126905865e-21	7.172712158697662e-8	2.680466807379237e-8
526.	0.	1.9295010852238456e-21	7.537248945792439e-8	2.824874460343255e-8
527.	0.	2.0396581408772435e-21	7.904212300155078e-8	2.971012572888925e-8
527.9999999999999	0.	2.151948294647488e-21	8.273045847480713e-8	3.118683216549725e-8
529.	0.	2.2662626704049943e-21	8.643213406157686e-8	3.267693725767283e-8
530.	0.	2.3824935439553013e-21	9.014198635411614e-8	3.417856656426946e-8
531.	0.	2.500534371536884e-21	9.385504684969911e-8	3.568989743578779e-8
532.	0.	2.6202798163330447e-21	9.756653840248213e-8	3.720915856049189e-8
533.	0.	2.741625774885527e-21	1.0127187170465445e-7	3.873462950722741e-8
534.	0.	2.864469401014281e-21	1.0496664170941389e-7	4.0264640231426164e-8
535.	0.	2.9887091296226937e-21	1.0864662408745527e-7	4.179757057892569e-8
536.	0.	3.1142446986168125e-21	1.123077716532994e-7	4.3331849763098396e-8
536.9999999999999	0.	3.2409771700186668e-21	1.1594621080384621e-7	4.4865955831259945e-8
538.	0.	3.3688089504306595e-21	1.1955823797620968e-7	4.639841512298648e-8
539.	0.	0.	1.2314031605653562e-7	4.7927801693712715e-8
540.	0.	0.	1.2668907086925173e-7	4.945273675354381e-8
540.9999999999999	0.	0.	1.302012876159186e-7	5.097188807049878e-8
542.	0.	0.	1.3367390735665475e-7	5.2483969374081204e-8
543.	0.	0.	1.3710402350484565e-7	5.398773974777251e-8
544.	0.	0.	1.4048887832274442e-7	5.548200300545629e-8
545.	0.	0.	1.4382585946076366e-7	5.696560706851957e-8
545.9999999999999	0.	0.	1.4711249649092246e-7	5.843744332409842e-8
547.	0.	0.	1.5034645747372774e-7	5.989644597985666e-8
548.	0.	0.	1.5352554556608158e-7	6.13415914183939e-8
549.	0.	0.	1.5664769562536778e-7	6.277189753343586e-8
549.9999999999999	0.	0.	1.5971097086030475e-7	6.418642306788916e-8
551.	0.	0.	1.6271355950759953e-7	6.558426694549296e-8
552.	0.	0.	1.656537715407947e-7	6.696456759864658e-8
553.	0.	0.	1.6853003539760638e-7	6.832650228691321e-8
554.	0.	0.	1.7134089476416622e-7	6.966928642176799e-8
554.9999999999999	0.	0.	1.7408500537113382e-7	7.099217287948363e-8
556.	0.	0.	1.7676113184127972e-7	7.229445131824524e-8
557.	0.	0.	1.7936814455725796e-7	7.357544748688359e-8
558.	0.	0.	1.819050165910759e-7	7.483452254226693e-8
558.9999999999999	0.	0.	1.8437082064131002e-7	7.6071072353407e-8
560.	0.	0.	1.8676472604296247e-7	7.728452681898998e-8
561.	0.	0.	1.8908599578177945e-7	7.847434917045489e-8
562.	0.	0.	1.9133398358458543e-7	7.964003529023649e-8
563.	0.	0.	1.9350813102262085e-7	8.078111301931525e-8
563.9999999999999	0.	0.	1.956079646777615e-7	8.189714147487263e-8
565.	0.	0.	1.976330933334007e-7	8.298771036234423e-8
566.	0.	0.	1.995832052228071e-7	8.405243929570836e-8
567.	0.	0.	2.014580653180004e-7	8.509097711914829e-8
567.9999999999999	0.	0.	2.0325751265386876e-7	8.61030012280157e-8
569.	0.	0.	2.0498145770903174e-7	8.708821689834458e-8
570.	0.	0.	2.0662987981809412e-7	8.804635661442343e-8
571.	0.	0.	2.082028246446801e-7	8.897717940707034e-8
572.	0.	0.	2.0970040168231329e-7	8.988047018884525e-8
572.9999999999999	0.	0.	2.1112278181824212e-7	9.075603910135614e-8
574.	0.	0.	2.124701949220382e-7	9.160372085856991e-8
575.	0.	0.	2.1374292750360768e-7	9.24233741054816e-8
576.	0.	0.	2.1494132039334719e-7	9.321488077207816e-8
576.9999999999999	0.	0.	2.1606576648724977e-7	9.397814544124394e-8
578.	0.	0.	2.1711670851988555e-7	9.47130947148462e-8
579.	0.	0.	2.1809463690135706e-7	9.541967659386887e-8
580.	0.	0.	2.1900008758331224e-7	9.609785985769803e-8
581.	0.	0.	2.1983363997797095e-7	9.674763345318716e-8
582.	0.	0.	2.2059591492496514e-7	9.736900589153392e-8
583.	0.	0.	2.2128757269254697e-7	9.796200464729513e-8
584.	0.	0.	2.2190931103831283e-7	9.852667557085339e-8
585.	0.	0.	2.224618632965311e-7	9.906308230008429e-8
585.9999999999999	0.	0.	2.229459965293885e-7	9.957130568796995e-8
587.	0.	0.	2.2336250970336473e-7	1.00051443229233e-7
588.	0.	0.	2.2371223192503534e-7	1.0050360850148703e-7
589.	0.	0.	2.2399602070634523e-7	1.0092793060780555e-7
589.9999999999999	0.	0.	2.2421476028371416e-7	1.0132455363185754e-7
591.	0.	0.	2.2436935997565638e-7	1.0169363609903611e-7
592.	0.	0.	2.2446075257909365e-7	1.020353504438747e-7
593.	0.	0.	2.2448989281250405e-7	1.0234988248770547e-7
594.	0.	0.	2.244577557996136e-7	1.0263743092398525e-7
594.9999999999999	0.	0.	2.24365335591939e-7	1.0289820681077801e-7
596.	0.	0.	2.2421364373021403e-7	1.0313243307063856e-7
597.	0.	0.	2.2400370785364372e-7	1.0334034400228678e-7
598.	0.	0.	2.2373657033921903e-7	1.0352218479617549e-7
598.9999999999999	0.	0.	2.2341328698570243e-7	1.0367821106091118e-7
600.	0.	0.	2.2303492573513116e-7	1.0380868835750812e-7
601.	0.	0.	2.2260256543218091e-7	1.0391389174188774e-7
602.	0.	0.	2.2211729461792187e-7	1.0399410531425175e-7
603.	0.	0.	2.215802103707266e-7	1.0404962178155738e-7
603.9999999999999	0.	0.	2.2099241716531624e-7	1.0408074201976778e-7
605.	0.	0.	2.2035502579240994e-7	1.0408777465602985e-7
606.	0.	0.	2.1966915228826572e-7	1.0407103564723756e-7
607.	0.	0.	2.1893591691781775e-7	1.0403084787574633e-7
607.9999999999999	0.	0.	2.181564431824736e-7	1.0396754074889009e-7
609.	0.	0.	2.1733185686741583e-7	1.0388144980954396e-7
610.	0.	0.	2.1646328511873284e-7	1.0377291635339182e-7
611.	0.	0.	2.1555185554844505e-7	1.036422870521897e-7
612.	0.	0.	2.1459869538530828e-7	1.0348991359182778e-7
612.9999999999999	0.	0.	2.1360493064109835e-7	1.033161523109303e-7
614.	0.	0.	2.1257168531863765e-7	1.0312136385278926e-7
615.	0.	0.	2.1150008064843817e-7	1.0290591282460788e-7
616.	0.	0.	2.1039123434936477e-7	1.026701674620069e-7
616.9999999999999	0.	0.	2.0924625992573566e-7	1.0241449930505745e-7
618.	0.	0.	2.0806626598827872e-7	1.0213928287994865e-7
619.	0.	0.	2.0685235560521102e-7	1.0184489538956739e-7
620.	0.	0.	2.0560562568083819e-7	1.0153171641192954e-7
621.	0.	0.	2.0432716635796935e-7	1.012001276048598e-7
621.9999999999999	0.	0.	2.0301806045347995e-7	1.0085051242173106e-7
623.	0.	0.	2.0167938291026462e-7	1.0048325583020056e-7
624.	0.	0.	2.0031220028425315e-7	1.0009874404338417e-7
625.	0.	0.	1.9891757024674105e-7	9.969736425387906e-8
625.9999999999999	0.	0.	1.9749654111966676e-7	9.927950437961048e-8
627.	0.	0.	1.96050151424256e-7	9.884555281191043e-8
628.	0.	0.	1.9457942946665174e-7	9.83958981778779e-8
629.	0.	0.	1.930853929293834e-7	9.793092910155474e-8
629.9999999999999	0.	0.	1.9156904849707533e-7	9.745103397838039e-8
630.9999999999999	0.	0.	1.9003139149970767e-7	9.695660075473965e-8
632.	0.	0.	1.884734055761985e-7	9.644801671415166e-8
633.	0.	0.	1.8689606235780185e-7	9.592566827002465e-8
634.	0.	0.	1.8530032117032668e-7	9.538994076463983e-8
634.9999999999999	0.	0.	1.8368712876127802e-7	9.48412182776711e-8
636.	0.	0.	1.8205741903964565e-7	9.427988343812419e-8
637.	0.	0.	1.8041211283542134e-7	9.370631724347716e-8
638.	0.	0.	1.7875211767778516e-7	9.312089888564331e-8
638.9999999999999	0.	0.	1.7707832759019034e-7	9.252400558301306e-8
640.	0.	0.	1.7539162290401975e-7	9.19160124196058e-8
641.	0.	0.	1.736928700834947e-7	9.129729218765515e-8
642.	0.	0.	1.7198292157122982e-7	9.066821523868543e-8
643.	0.	0.	1.7026261564783883e-7	9.002914933978453e-8
643.9999999999999	0.	0.	1.6853277630567987e-7	8.938045953526911e-8
645.	0.	0.	1.6679421313666616e-7	8.87225080138222e-8
646.	0.	0.	1.6504772123557546e-7	8.805565398200834e-8
647.	0.	0.	1.632940811149023e-7	8.738025354221567e-8
647.9999999999999	0.	0.	1.6153405863631208e-7	8.669665957783058e-8
649.	0.	0.	1.597684049490283e-7	8.600522164063761e-8
650.	0.	0.	1.5799785644708807e-7	8.53062858469199e-8
651.	0.	0.	1.5622313473148674e-7	8.460019477492201e-8
652.	0.	0.	1.5444494659178681e-7	8.388728737161564e-8
652.9999999999999	0.	0.	1.5266398398948445e-7	8.316789885933206e-8
654.	0.	0.	1.5088092406111886e-7	8.24423606521115e-8
655.	0.	0.	1.4909642912605231e-7	8.171100027371512e-8
656.	0.	0.	1.473111467027212e-7	8.097414127943654e-8
656.9999999999999	0.	0.	1.4552570954085e-7	8.02321031859424e-8
658.	0.	0.	1.4374073565787035e-7	7.948520140280975e-8
659.	0.	0.	1.4195682838382836e-7	7.873374716817934e-8
660.	0.	0.	1.4017457641720207e-7	7.797804748998283e-8
661.	0.	0.	1.383945538891569e-7	7.72184050914666e-8
661.9999999999999	0.	0.	1.366173204315114e-7	7.645511835848459e-8
663.	0.	0.	1.3484342125565244e-7	7.568848129265051e-8
664.	0.	0.	1.330733872398616e-7	7.491878346906055e-8
665.	0.	0.	1.3130773501823081e-7	7.414630999482952e-8
665.9999999999999	0.	0.	1.2954696708002458e-7	7.337134147347917e-8
667.	0.	0.	1.2779157187426994e-7	7.259415397234127e-8
668.	0.	0.	1.2604202392202722e-7	7.181501899443608e-8
669.	0.	0.	1.2429878392855389e-7	7.103420345047814e-8
670.	0.	0.	1.2256229890751944e-7	7.025196963797682e-8
670.9999999999999	0.	0.	1.2083300230797227e-7	6.946857522223763e-8
672.	0.	0.	1.1911131414333444e-7	6.8684273218884e-8
673.	0.	0.	1.1739764112714867e-7	6.789931198067014e-8
674.	0.	0.	1.1569237681565546e-7	6.711393518871635e-8
674.9999999999999	0.	0.	1.1399590174869833e-7	6.632838184330389e-8
676.	0.	0.	1.1230858359971549e-7	6.554288626051324e-8
677.	0.	0.	1.1063077732494631e-7	6.475767806903006e-8
678.	0.	0.	1.0896282531988957e-7	6.397298221185255e-8
678.9999999999999	0.	0.	1.0730505757594939e-7	6.318901894882902e-8
679.9999999999999	0.	0.	1.0565779184188975e-7	6.240600386277866e-8
681.	0.	0.	1.0402133378516653e-7	6.162414786633458e-8
682.	0.	0.	1.0239597716016993e-7	6.084365721370783e-8
683.	0.	0.	1.0078200397358407e-7	6.006473351163028e-8
683.9999999999999	0.	0.	9.917968465647962e-8	5.928757373519928e-8
685.	0.	0.	9.75892782349899e-8	5.851237024384264e-8
686.	0.	0.	9.60110325040525e-8	5.773931080008455e-8
687.	0.	0.	9.444518420319324e-8	5.6968578590559805e-8
687.9999999999999	0.	0.	9.289195919163487e-8	5.6200352247660675e-8
688.9999999999999	0.	0.	9.135157262719941e-8	5.5434805874546186e-8
690.	0.	0.	8.982422914477622e-8	5.46721090709914e-8
691.	0.	0.	8.831012303493898e-8	5.3912426960452674e-8
692.	0.	0.	8.680943842529939e-8	5.315592021994748e-8
692.9999999999999	0.	0.	8.532234946052449e-8	5.240274511029065e-8
694.	0.	0.	8.384902048423749e-8	5.1653053508688085e-8
695.	0.	0.	8.238960622045683e-8	5.090699294225232e-8
696.	0.	0.	8.094425195508483e-8	5.0164706622795545e-8
696.9999999999999	0.	0.	7.951309371752514e-8	4.942633348294378e-8
698.	0.	0.	7.809625846289371e-8	4.869200821389717e-8
699.	0.	0.	7.669386425392323e-8	4.7961861304284114e-8
700.	0.	0.	7.530602044080113e-8	4.723601907902695e-8
701.	0.	0.	7.393282784325988e-8	4.651460374092808e-8
701.9999999999999	0.	0.	7.257437893034713e-8	4.57977334121289e-8
703.	0.	0.	7.123075800102562e-8	4.50855221774298e-8
704.	0.	0.	6.990204136127414e-8	4.4378080126746445e-8
705.	0.	0.	6.858829750365673e-8	4.367551340048224e-8
705.9999999999999	0.	0.	6.728958728502594e-8	4.2977924235081956e-8
707.	0.	0.	6.600596410155917e-8	4.2285411008264785e-8
708.	0.	0.	6.473747406460624e-8	4.1598068286143044e-8
709.	0.	0.	6.348415617546719e-8	4.091598687104379e-8
710.	0.	0.	6.224604249699159e-8	4.023925384867454e-8
710.9999999999999	0.	0.	6.102315832702533e-8	3.95679526378694e-8
712.	0.	0.	5.981552236660791e-8	3.890216303833758e-8
713.	0.	0.	5.862314689101199e-8	3.824196128163872e-8
714.	0.	0.	5.744603791567165e-8	3.758742008024758e-8
714.9999999999999	0.	0.	5.628419536335987e-8	3.6938608678814836e-8
716.	0.	0.	5.513761322712897e-8	3.629559290405927e-8
717.	0.	0.	5.4006279734200847e-8	3.5658435216667114e-8
718.	0.	0.	5.289017750715733e-8	3.5027194762820325e-8
719.	0.	0.	5.1789283722410785e-8	3.440192742530859e-8
719.9999999999999	0.	0.	5.070357026852015e-8	3.378268587592969e-8
721.	0.	0.	4.9633003902168495e-8	3.3169519627715644e-8
722.	0.	0.	4.8577546401150364e-8	3.256247508654865e-8
723.	0.	0.	4.753715471779287e-8	3.196159560443189e-8
723.9999999999999	0.	0.	4.65117811280712e-8	3.136692153124896e-8
725.	0.	0.	4.550137338087178e-8	3.0778490267976214e-8
726.	0.	0.	4.450587484363695e-8	3.0196336318815865e-8
727.	0.	0.	4.352522464676643e-8	2.9620491343826794e-8
727.9999999999999	0.	0.	4.255935782666912e-8	2.905098421198033e-8
728.9999999999999	0.	0.	4.160820546487624e-8	2.8487841052871005e-8
730.	0.	0.	4.0671694827751735e-8	2.793108531014446e-8
731.	0.	0.	3.974974950162233e-8	2.7380737793116532e-8
732.	0.	0.	3.884228952731521e-8	2.6836816729273346e-8
732.9999999999999	0.	0.	3.794923153211592e-8	2.6299337816296594e-8
734.	0.	0.	3.7070488860337046e-8	2.5768314274404953e-8
735.	0.	0.	3.620597169992927e-8	2.524375689722846e-8
736.	0.	0.	3.535558720964506e-8	2.4725674104323004e-8
736.9999999999999	0.	0.	3.4519239641426346e-8	2.4214071991606305e-8
737.9999999999999	0.	0.	3.3696830462808895e-8	2.37089543830389e-8
739.	0.	0.	3.288825847552099e-8	2.321032288086295e-8
740.	0.	0.	3.2093419933559884e-8	2.271817691668311e-8
741.	0.	0.	3.131220865733066e-8	2.2232513800971926e-8
741.9999999999999	0.	0.	3.054451614744032e-8	2.1753328773512104e-8
743.	0.	0.	2.9790231695095057e-8	2.1280615052605375e-8
744.	0.	0.	2.9049242490759923e-8	2.0814363884199297e-8
745.	0.	0.	2.8321433731253518e-8	2.035456459104564e-8
745.9999999999999	0.	0.	2.760668872342457e-8	1.9901204620542957e-8
746.9999999999999	0.	0.	2.6904888987367062e-8	1.945426959335864e-8
748.	0.	0.	2.621591435616051e-8	1.901374335066114e-8
749.	0.	0.	2.553964307418326e-8	1.8579608001401174e-8
750.	0.	0.	2.4875951893344912e-8	1.815184396916287e-8
750.9999999999999	0.	0.	2.422471616695478e-8	1.7730430038356774e-8
752.	0.	0.	2.3585809942012253e-8	1.7315343400304955e-8
753.	0.	0.	2.2959106048820194e-8	1.69065596984008e-8
754.	0.	0.	2.2344476189083874e-8	1.650405307316905e-8
754.9999999999999	0.	0.	2.1741791021933918e-8	1.610779620680236e-8
756.	0.	0.	2.1150920247458687e-8	1.571776036684209e-8
757.	0.	0.	2.057173268939876e-8	1.5333915450208496e-8
758.	0.	0.	2.0004096374019484e-8	1.495623002534773e-8
759.	0.	0.	1.9447878609462828e-8	1.4584671375674429e-8
759.9999999999999	0.	0.	1.8902946060664205e-8	1.4219205540626505e-8
761.	0.	0.	1.8369164824242887e-8	1.3859797357603979e-8
762.	0.	0.	1.7846400500498026e-8	1.350641050262837e-8
763.	0.	0.	1.7334518264322092e-8	1.3159007531062332e-8
763.9999999999999	0.	0.	1.6833382932942693e-8	1.28175499167936e-8
765.	0.	0.	1.6342859033639875e-8	1.248199809224464e-8
766.	0.	0.	1.586281086779364e-8	1.2152311486421554e-8
767.	0.	0.	1.5393102574776322e-8	1.1828448563660512e-8
768.	0.	0.	1.49335981931223e-8	1.1510366861091836e-8
768.9999999999999	0.	0.	1.4484161719810522e-8	1.1198023025438088e-8
770.	0.	0.	1.4044657168600068e-8	1.0891372849847912e-8
771.	0.	0.	1.36149486263869e-8	1.0590371309963667e-8
772.	0.	0.	1.3194900307187665e-8	1.0294972598883874e-8
772.9999999999999	0.	0.	1.2784376605693716e-8	1.0005130162514669e-8
774.	0.	0.	1.2383242147853661e-8	9.720796733316126e-9
775.	0.	0.	1.1991361841441988e-8	9.441924364728162e-9
776.	0.	0.	1.1608600923053238e-8	9.168464463474691e-9
776.9999999999999	0.	0.	1.1234825005595936e-8	8.900367822918862e-9
777.9999999999999	0.	0.	1.0869900122737778e-8	8.637584654668043e-9
779.	0.	0.	1.051369277257648e-8	8.380064620194748e-9
780.	0.	0.	1.0166069959538428e-8	8.127756861671862e-9
781.	0.	0.	9.826899234905523e-9	7.880610032318118e-9
781.9999999999999	0.	0.	9.49604873616998e-9	7.638572326401245e-9
783.	0.	0.	9.173387224212844e-9	7.4015915080703764e-9
784.	0.	0.	8.858784120047593e-9	7.169614940400863e-9
785.	0.	0.	8.552109539561062e-9	6.942589613374102e-9
785.9999999999999	0.	0.	8.253234326998902e-9	6.720462171374241e-9
786.9999999999999	0.	0.	7.96203008749197e-9	6.503178940428249e-9
788.	0.	0.	7.67836921765971e-9	6.290685954385999e-9
789.	0.	0.	7.4021249356839785e-9	6.082928981162069e-9
790.	0.	0.	7.133171309411794e-9	5.879853547842404e-9
790.9999999999999	0.	0.	6.871383283940981e-9	5.681404965832997e-9
792.	0.	0.	6.616636707313914e-9	5.487528354902507e-9
793.	0.	0.	6.368808355675569e-9	5.298168667221754e-9
794.	0.	0.	6.1277759566702456e-9	5.113270710370669e-9
794.9999999999999	0.	0.	5.89341821241197e-9	4.932779170404603e-9
795.9999999999999	0.	0.	5.665614820505687e-9	4.756638633697393e-9
797.	0.	0.	5.444246494887319e-9	4.5847936090202405e-9
798.	0.	0.	5.229194984847227e-9	4.4171885484755505e-9
799.	0.	0.	5.020343093585816e-9	4.253767868399781e-9
799.9999999999999	0.	0.	4.817574695180862e-9	4.094475969278891e-9
801.	0.	0.	4.620774751313512e-9	3.939257255799123e-9
802.	0.	0.	4.429829326157262e-9	3.788056155668017e-9
803.	0.	0.	4.244625601156516e-9	3.640817138656572e-9
803.9999999999999	0.	0.	4.065051888282769e-9	3.4974847346493237e-9
804.9999999999999	0.	0.	3.89099764264358e-9	3.3580035514324958e-9
806.	0.	0.	3.722353474317215e-9	3.2223182921005815e-9
807.	0.	0.	3.5590111588788943e-9	3.090373771608516e-9
808.	0.	0.	3.4008636476533094e-9	2.9621149333465466e-9
808.9999999999999	0.	0.	3.2478050768415272e-9	2.837486864992622e-9
810.	0.	0.	3.099730775834134e-9	2.7164348138964103e-9
811.	0.	0.	2.95653727490574e-9	2.5989042021543934e-9
812.	0.	0.	2.8181223119172983e-9	2.4848406410365804e-9
812.9999999999999	0.	0.	2.6843848386484368e-9	2.374189945299369e-9
814.	0.	0.	2.555225026039221e-9	2.266898146738513e-9
815.	0.	0.	2.430544268965007e-9	2.1629115075220173e-9
816.	0.	0.	2.3102451901577527e-9	2.062176532946393e-9
816.9999999999999	0.	0.	2.1942316437375247e-9	1.9646399840205638e-9
817.9999999999999	0.	0.	2.0824087178202614e-9	1.870248889389533e-9
819.	0.	0.	1.9746827366638266e-9	1.7789505569997162e-9
820.	0.	0.	1.870961262094381e-9	1.6906925852634294e-9
821.	0.	0.	1.7711530946639104e-9	1.6054228741202638e-9
821.9999999999999	0.	0.	1.6751682736840967e-9	1.5230896352127528e-9
823.	0.	0.	1.5829180772300313e-9	1.443641402154009e-9
824.	0.	0.	1.494315021297346e-9	1.3670270401395847e-9
825.	0.	0.	1.4092728586482909e-9	1.2931957553806686e-9
825.9999999999999	0.	0.	1.3277065770371369e-9	1.2220971040670482e-9
826.9999999999999	0.	0.	1.2495323968485935e-9	1.1536810008801373e-9
828.	0.	0.	1.1746677685776156e-9	1.087897727441832e-9
829.	0.	0.	1.103031369533661e-9	1.0246979401229169e-9
830.	0.	0.	1.0345431003631118e-9	9.6403267774988e-10
830.9999999999999	0.	0.	9.691240808152074e-10	9.058533686694634e-10
832.	0.	0.	9.066966456698996e-10	8.501118380169135e-10
833.	0.	0.	8.47184339581865e-10	7.967603140203163e-10
834.	0.	0.	7.905119120369005e-10	7.457514344474745e-10
834.9999999999999	0.	0.	7.366053118219285e-10	6.970382526308696e-10
835.9999999999999	0.	0.	6.853916810461816e-10	6.505742430968687e-10
837.	0.	0.	6.3679934894014e-10	6.063133070053611e-10
838.	0.	0.	5.907578252570522e-10	5.642097772279447e-10
839.	0.	0.	5.471977933401224e-10	5.242184231167014e-10
839.9999999999999	0.	0.	5.060511031203752e-10	4.862944552110738e-10
841.	0.	0.	4.672507634564153e-10	4.5039352931339567e-10
842.	0.	0.	4.307309344894865e-10	4.1647175057043657e-10
843.	0.	0.	3.9642691972428315e-10	3.84485677279433e-10
843.9999999999999	0.	0.	3.6427515754846523e-10	3.5439232413370426e-10
844.9999999999999	0.	0.	3.3421321304816956e-10	3.2614916573162777e-10
846.	0.	0.	3.0617976905341383e-10	2.9971413931122643e-10
847.	0.	0.	2.801146173415432e-10	2.75045647604704e-10
848.	0.	0.	2.5595864947793426e-10	2.5210256130242536e-10
848.9999999999999	0.	0.	2.3365384746342816e-10	2.3084422128562717e-10
850.	0.	0.	2.1314327427567e-10	2.1123044070878677e-10
851.	0.	0.	1.9437106414760965e-10	1.9322150677318987e-10
852.	0.	0.	1.772824127572344e-10	1.7677818235817994e-10
852.9999999999999	0.	0.	1.6182356716735277e-10	1.6186170734633613e-10
853.9999999999999	0.	0.	1.4794181576401108e-10	1.4843379988538394e-10
855.	0.	0.	1.3558547790046816e-10	1.3645665729073909e-10
856.	0.	0.	1.2470389354552798e-10	1.2589295688291265e-10
857.	0.	0.	1.1524741268318251e-10	1.1670585650236355e-10
857.9999999999999	0.	0.	1.0716738479784097e-10	1.0885899503474857e-10
859.	0.	0.	1.0041614802101905e-10	1.0231649251507476e-10
860.	0.	0.	9.494701832287363e-11	9.704295019379789e-11
861.	0.	0.	9.071427867900107e-11	9.300345049330577e-11
861.9999999999999	0.	0.	8.767316795156894e-11	9.01635565844261e-11
863.	0.	0.	8.577986989547782e-11	8.848931199905935e-11
864.	0.	0.	8.499150206520614e-11	8.794724004800372e-11
865.	0.	0.	8.526610450078642e-11	8.850434291425487e-11
865.9999999999999	0.	0.	8.656262865765146e-11	9.012810089923757e-11
866.9999999999999	0.	0.	8.8840925940552e-11	9.278647115766282e-11
868.	0.	0.	9.206173658580127e-11	9.644788669036776e-11
869.	0.	0.	9.618667816823127e-11	1.0108125484102224e-10
870.	0.	0.	1.0117823429076092e-10	1.0665595587465373e-10
870.9999999999999	0.	0.	1.0699974318817849e-10	1.131418413568958e-10
872.	0.	0.	1.1361538632648813e-10	1.205092324165017e-10
873.	0.	0.	1.2099017698705714e-10	1.2872891787811094e-10
874.	0.	0.	1.290899488469636e-10	1.3777215227530934e-10
874.9999999999999	0.	0.	1.3788134459348619e-10	1.476106537829783e-10
875.9999999999999	0.	0.	1.4733180454995026e-10	1.5821660204344235e-10
877.	0.	0.	1.5740955518346316e-10	1.6956263574558828e-10
878.	0.	0.	1.6808359788938649e-10	1.8162185037919687e-10
879.	0.	0.	1.7932369749417304e-10	1.9436779556391733e-10
879.9999999999999	0.	0.	1.9110037104644783e-10	2.0777447256424372e-10
881.	0.	0.	2.03384876479254e-10	2.2181633154053996e-10
882.	0.	0.	2.1614920135392675e-10	2.3646826876170887e-10
883.	0.	0.	2.2936605167459855e-10	2.5170562376744247e-10
883.9999999999999	0.	0.	2.43008840700263e-10	2.675041763997388e-10
884.9999999999999	0.	0.	2.570516777909907e-10	2.838401437419196e-10
886.	0.	0.	2.714693573902317e-10	3.0069017707751806e-10
887.	0.	0.	2.8623734795104604e-10	3.180313586565673e-10
888.	0.	0.	3.013317809972607e-10	3.358411984793238e-10
888.9999999999999	0.	0.	3.167294402335672e-10	3.5409763100261165e-10
890.	0.	0.	3.324077506276734e-10	3.7277901168187073e-10
891.	0.	0.	3.4834476772623457e-10	3.918641136412039e-10
892.	0.	0.	3.645191669016396e-10	4.113321241328554e-10
892.9999999999999	0.	0.	3.809102326593545e-10	4.311626409300102e-10
893.9999999999999	0.	0.	3.974978481965818e-10	4.5133566886895905e-10
895.	0.	0.	4.142624847849782e-10	4.718316160581875e-10
896.	0.	0.	4.3118519143900895e-10	4.926312902759623e-10
897.	0.	0.	4.482475845452857e-10	5.137158951891766e-10
897.9999999999999	0.	0.	4.654318376181651e-10	5.35067026581163e-10
899.	0.	0.	4.827206711351079e-10	5.566666685356059e-10
900.	0.	0.	5.00097342479334e-10	5.784971896091813e-10
901.	0.	0.	5.175456358983817e-10	6.005413388872508e-10
901.9999999999999	0.	0.	5.350498526327382e-10	6.227822421011472e-10
902.9999999999999	0.	0.	5.525948011012103e-10	6.452033976767031e-10
904.	0.	0.	5.701657871634375e-10	6.677886727379941e-10
905.	0.	0.	5.877486045201275e-10	6.905222991373895e-10
906.	0.	0.	6.05329525145417e-10	7.133888693894125e-10
906.9999999999999	0.	0.	6.228952898795459e-10	7.363733326585955e-10
908.	0.	0.	6.404330990877502e-10	7.594609906928107e-10
909.	0.	0.	6.579306033816798e-10	7.826374936966066e-10
910.	0.	0.	6.753758945257998e-10	8.058888362917445e-10
910.9999999999999	0.	0.	6.927574963893427e-10	8.29201353399685e-10
911.9999999999999	0.	0.	7.100643559804751e-10	8.525617160913254e-10
913.	0.	0.	7.272858346148804e-10	8.759569274651354e-10
914.	0.	0.	7.444116992038127e-10	8.993743185390312e-10
914.9999999999999	0.	0.	7.61432113591782e-10	9.228015440725928e-10
915.9999999999999	0.	0.	7.783376300302151e-10	9.462265784231398e-10
917.	0.	0.	7.951191807729999e-10	9.696377114215867e-10
918.	0.	0.	8.117680697452063e-10	9.930235442096137e-10
919.	0.	0.	8.282759643032006e-10	1.0163729850607573e-9
919.9999999999999	0.	0.	8.446348871568897e-10	1.039675245272765e-9
921.	0.	0.	8.6083720834095e-10	1.0629198349954911e-9
922.	0.	0.	8.768756373199658e-10	1.0860965590981266e-9
923.	0.	0.	8.927432151984097e-10	1.10919551304148e-9
923.9999999999999	0.	0.	9.084333070142738e-10	1.1322070787314418e-9
924.9999999999999	0.	0.	9.239395941824805e-10	1.1551219204357795e-9
926.	0.	0.	9.392560669813596e-10	1.1779309806325679e-9
927.	0.	0.	9.543770171958717e-10	1.200625475934981e-9
928.	0.	0.	9.692970308627992e-10	1.2231968930237261e-9
928.9999999999999	0.	0.	9.84010981071887e-10	1.2456369845309497e-9
930.	0.	0.	9.98514020952276e-10	1.2679377650411207e-9
931.	0.	0.	1.0128015766762395e-9	1.2900915069953307e-9
932.	0.	0.	1.026869340635632e-9	1.3120907367012347e-9
932.9999999999999	0.	0.	1.0407132646956194e-9	1.3339282303249721e-9
933.9999999999999	0.	0.	1.0543295535272428e-9	1.3555970098707663e-9
935.	0.	0.	1.0677146581158425e-9	1.3770903392726912e-9
936.	0.	0.	1.0808652692778008e-9	1.3984017203865486e-9
937.	0.	0.	1.093778311347082e-9	1.4195248890882908e-9
937.9999999999999	0.	0.	1.1064509359593136e-9	1.4404538113910801e-9
939.	0.	0.	1.1188805158946342e-9	1.4611826795283365e-9
940.	0.	0.	1.1310646390670244e-9	1.4817059081215018e-9
941.	0.	0.	1.143001102579415e-9	1.502018130325895e-9
941.9999999999999	0.	0.	1.1546879069099701e-9	1.5221141940451416e-9
942.9999999999999	0.	0.	1.1661232501802384e-9	1.5419891581474072e-9
944.	0.	0.	1.1773055225014283e-9	1.561638288681831e-9
945.	0.	0.	1.1882333004736155e-9	1.5810570551968563e-9
946.	0.	0.	1.198905341715627e-9	1.6002411269966097e-9
946.9999999999999	0.	0.	1.2093205795405339e-9	1.6191863694926999e-9
948.	0.	0.	1.2194781177102662e-9	1.63788884056254e-9
949.	0.	0.	1.2293772252750558e-9	1.6563447869245226e-9
950.	0.	0.	1.2390173315233187e-9	1.6745506405650214e-9
950.9999999999999	0.	0.	1.2483980210006801e-9	1.6925030151641215e-9
951.9999999999999	0.	0.	1.2575190286677463e-9	1.7101987026140969e-9
953.	0.	0.	1.2663802350864617e-9	1.7276346694845702e-9
954.	0.	0.	1.2749816617464999e-9	1.7448080535872272e-9
954.9999999999999	0.	0.	1.2833234664614576e-9	1.7617161605450986e-9
955.9999999999999	0.	0.	1.2914059388566864e-9	1.7783564603965456e-9
957.	0.	0.	1.2992294959407056e-9	1.7947265842289182e-9
958.	0.	0.	1.3067946777688058e-9	1.8108243208499678e-9
959.	0.	0.	1.3141021431986843e-9	1.8266476135016962e-9
959.9999999999999	0.	0.	1.3211526657138986e-9	1.8421945565844425e-9
960.9999999999999	0.	0.	1.3279471293435809e-9	1.8574633924292627e-9
962.	0.	0.	1.3344865246765305e-9	1.8724525081224223e-9
963.	0.	0.	1.3407719449252435e-9	1.8871604323167497e-9
963.9999999999999	0.	0.	1.3468045821059707e-9	1.9015858321274594e-9
964.9999999999999	0.	0.	1.352585723277606e-9	1.915727510030142e-9
966.	0.	0.	1.358116746867941e-9	1.9295844008079437e-9
967.	0.	0.	1.3633991190810752e-9	1.943155568532706e-9
968.	0.	0.	1.3684343903677892e-9	1.956440203564945e-9
968.9999999999999	0.	0.	1.3732241919988975e-9	1.9694376196234793e-9
969.9999999999999	0.	0.	1.3777702326933727e-9	1.9821472508615324e-9
971.	0.	0.	1.3820742953138246e-9	1.9945686489681365e-9
972.	0.	0.	1.3861382336694093e-9	2.0067014803514753e-9
972.9999999999999	0.	0.	1.3899639693558541e-9	2.0185455233091994e-9
973.9999999999999	0.	0.	1.3935534886905159e-9	2.0301006652653672e-9
975.	0.	0.	1.3969088397014179e-9	2.041366900019246e-9
976.	0.	0.	1.4000321292073758e-9	2.0523443250615332e-9
977.	0.	0.	1.402925519935753e-9	2.0630331388787835e-9
977.9999999999999	0.	0.	1.4055912277446743e-9	2.0734336383483383e-9
979.	0.	0.	1.4080315188853457e-9	2.083546216128367e-9
980.	0.	0.	1.4102487073330946e-9	2.093371358088832e-9
980.9999999999999	0.	0.	1.4122451522040427e-9	2.1029096408060314e-9
982.	0.	0.	1.4140232552094342e-9	2.1121617290558332e-9
982.9999999999999	0.	0.	1.415585458178855e-9	2.12112837334958e-9
983.9999999999999	0.	0.	1.4169342406760066e-9	2.1298104075499643e-9
985.	0.	0.	1.4180721176180542e-9	2.1382087464374657e-9
985.9999999999999	0.	0.	1.4190016370143627e-9	2.146324383399264e-9
987.	0.	0.	1.4197253777205143e-9	2.1541583880877553e-9
988.	0.	0.	1.4202459472779096e-9	2.1617119041547923e-9
988.9999999999999	0.	0.	1.4205659798000897e-9	2.168986147002276e-9
990.	0.	0.	1.4206881339036966e-9	2.1759824015528865e-9
990.9999999999999	0.	0.	1.4206150907252782e-9	2.1827020200997495e-9
992.	0.	0.	1.4203495519619357e-9	2.189146420141456e-9
993.	0.	0.	1.4198942379849295e-9	2.1953170822833945e-9
993.9999999999999	0.	0.	1.419251885992466e-9	2.2012155481500037e-9
995.	0.	0.	1.41842524823065e-9	2.2068434183572604e-9
995.9999999999999	0.	0.	1.4174170902424523e-9	2.212202350482225e-9
997.	0.	0.	1.4162301891948875e-9	2.2172940571091504e-9
998.	0.	0.	1.4148673322308774e-9	2.222120303871389e-9
998.9999999999999	0.	0.	1.4133313148804772e-9	2.2266829075427445e-9
1000.	0.	0.	1.4116249395209322e-9	2.2309837341631363e-9