0.	3551.83290775631	355.18329077563095	35.51832907756309	3.5518329077563093
1.	190.69186670067208	321.41339553589177	33.31756141415944	3.3374956830888105
2.	5.721133519241003	290.97112900626985	31.286839537689758	3.1394931034481317
3.	0.13275771130423317	263.5464375161619	29.413896968163577	2.9566747005885667
4.	0.0026395967251372564	238.85332801116024	27.687256889795357	2.7879619048828075
5.	0.00004719762410714966	216.62887023473647	26.096186629228797	2.632344030724274
6.	7.800926115138011e-7	196.63206997438212	24.630654503671018	2.4888744645498435
7.	1.2128006653126234e-8	178.64265834894624	23.281288926797746	2.3566670461424732
8.	1.7954914785521433e-10	162.45983360769387	22.03933966512435	2.23489263426969
9.	2.535749477076939e-12	147.90098470520752	20.896641142183114	2.1227758480949808
10.	0.	134.80041983522122	19.845577692309053	2.0195919761649566
11.	0.	123.00811799753939	18.879050670123437	1.9246640451266888
12.	0.	112.38851740079772	17.99044732592031	1.8373600406671033
13.	0.	102.81935095214817	17.1736113611143	1.7570902734904046
14.	0.	94.19053615000351	16.422815081702712	1.6833048834606659
14.999999999999998	0.	86.40312428790594	15.732733071337057	1.6154914753354086
16.	0.	79.36831191816334	15.098417309094964	1.5531728798026945
17.	0.	73.0065159451868	14.515273660397492	1.4959050338094309
18.	0.	67.24651246155041	13.97903967273428	1.4432749744326108
18.999999999999996	0.	62.02463845376025	13.485763610945584	1.3948989407985735
20.	0.	57.28405474561901	13.03178466976988	1.3504205787984154
21.	0.	52.9740679771084	12.613714304203477	1.3095092435808193
22.	0.	49.04950900344607	12.228418620939278	1.2718583950271865
23.	0.	45.47016481465673	11.873001776759246	1.2371840816283703
24.	0.	42.20026089696475	11.544790332253893	1.2052235083879583
24.999999999999996	0.	39.2079908634547	11.241318511636276	1.1757336845741195
26.	0.	36.46509015572021	10.960314321711305	1.1484901473310345
27.	0.	33.946450646274435	10.699686485257681	1.123285757342008
28.	0.	31.62977304126013	10.457512146183193	1.0999295629099268
29.	0.	29.49525408440581	10.232025305827499	1.0782457289870149
29.999999999999996	0.	27.52530568785546	10.02160595171447	1.0580725278451706
31.	0.	25.704303256547522	9.82476984190035	1.0392613882307657
32.	0.	24.01836062457543	9.640158909829408	1.02167599999396
32.99999999999999	0.	22.455129179832074	9.466532256297024	1.0051914713225416
34.	0.	21.003618913529774	9.302757696735307	0.9896935358443418
35.	0.	19.654039290962864	9.147803833580525	0.9750778069905228
36.	0.	18.397657996850867	9.000732624958315	0.9612490771348943
37.	0.	17.226675761013336	8.860692422333866	0.9481206591418795
37.99999999999999	0.	16.134115616671373	8.72691145112334	0.9356137680682578
39.	0.	15.113725083410554	8.598691709551039	0.9236569408713298
40.	0.	14.159889899143192	8.47540326226873	0.912185492079139
41.	0.	13.267558049883267	8.35647890642869	0.9011410034767395
42.	0.	12.432172962617198	8.241409189025388	0.8904708459566599
42.99999999999999	0.	11.649614834984988	8.129737755392028	0.880127731771657
44.	0.	10.916149175986467	8.021057009762039	0.8700692955139161
44.99999999999999	0.	10.228381724687198	7.9150040697810775	0.8602577022270086
46.	0.	9.583218999194763	7.811256997787228	0.8506592811355121
47.	0.	8.977833806329851	7.709531292564919	0.8412441835522178
48.	0.	8.409635113789493	7.609576626125917	0.8319860635945839
49.	0.	7.8762417515794665	7.5111738108776915	0.8228617804104918
49.99999999999999	0.	7.37545946847499	7.414131983310209	0.8138511206788227
51.	0.	6.905260922658249	7.3182859910650215	0.8049365402127084
52.	0.	6.463768233876228	7.2234939709502015	0.7961029235529419
53.	0.	6.049237767855416	7.12963510612987	0.7873373604958501
54.	0.	5.660046862681156	7.036607551351373	0.7786289385541909
54.99999999999999	0.	5.294682241761827	6.944326515676489	0.7699685504013725
56.	0.	4.951729889200441	6.852722492757558	0.7613487153986466
56.99999999999999	0.	4.6298661912153385	6.761739629245841	0.752763414351975
58.	0.	4.32785017199701	6.671334222439682	0.7442079366901457
59.	0.	4.044516674347363	6.581473338773936	0.7356787392984334
59.99999999999999	0.	3.778770354889786	6.492133545222799	0.7271733162828843
61.	0.	3.529580380812293	6.403299746134623	0.7186900789790811
62.	0.	3.2959757302391792	6.314964118442047	0.7102282455562313
63.	0.	3.0770410116331823	6.227125138594008	0.7017877396026091
64.	0.	2.871912729299314	6.139786694939378	0.6933690971119153
65.	0.	2.679775932273175	6.052957279655525	0.6849733813219921
65.99999999999999	0.	2.499861192788258	5.9666492546601235	0.6766021048876771
67.	0.	2.331441868276209	5.880878186272317	0.6682571588984823
68.	0.	2.1738316075915205	5.795662243699685	0.6599407482792098
69.	0.	2.0263820679872193	5.711021656722237	0.6516553331377435
70.	0.	1.8884808144077392	5.626978228223377	0.6434035756490339
70.99999999999999	0.	1.7595493770052846	5.543554897483224	0.6351882920879548
72.	0.	1.6390414465122582	5.460775350399156	0.6270124096460002
73.	0.	1.5264411902920783	5.378663673036713	0.6188789276881638
74.	0.	1.4212616746124567	5.297244045138297	0.6107908831265118
75.	0.	1.3230433809982929	5.216540470429124	0.6027513196060708
75.99999999999999	0.	1.2313528064826171	5.136576540762152	0.594763260216972
77.	0.	1.1457811392274326	5.057375231332607	0.5868296834639294
78.	0.	1.0659430023774445	4.978958724373096	0.5789535022405501
79.	0.	0.9914752601730261	4.901348258910028	0.5711375455714978
80.	0.	0.9220358813181306	4.8245640043220845	0.5633845429001872
80.99999999999999	0.	0.8573028554023961	4.748624955593174	0.5556971107136486
82.	0.	0.7969731588388101	4.673548848294919	0.5480777413093688
83.	0.	0.7407617673212789	4.599352091468464	0.5405287935213979
84.	0.	0.6884007122485307	4.526049716702385	0.533052485234821
84.99999999999999	0.	0.6396381789184954	4.453655341823339	0.5256508875288903
85.99999999999999	0.	0.5942376445841913	4.382181147728346	0.5183259202996173
87.	0.	0.551977054691119	4.311637866993997	0.5110793492226516
88.	0.	0.5126480357964849	4.242034782997976	0.5039127839267262
89.	0.	0.47605514381159425	4.173379738381335	0.49682767725676097
89.99999999999999	0.	0.4420151463181861	4.105679151768892	0.4898253255142033
90.99999999999999	0.	0.4103563377928652	4.03893804174806	0.4829068695701252
92.	0.	0.38091788663698595	3.9731600571832053	0.4760732967539438
93.	0.	0.3535492129569629	3.908347513017113	0.46932544342786836
94.	0.	0.32810939607497563	3.8445014307781715	0.46266399816363996
94.99999999999999	0.	0.304466610776119	3.7816215830769813	0.45608950544449417
96.	0.	0.28249759131762164	3.719706541435279	0.44960236982106594
97.	0.	0.26208712224028363	3.6587537268473387	0.4432028604556058
98.	0.	0.24312755503431807	3.5987594625253987	0.43689111599394476
99.	0.	0.22551834972166365	3.53971902833014	0.4306671497095749
99.99999999999999	0.	0.20916564042617372	3.481626716433417	0.42453085486884196
101.	0.	0.19398182401260072	3.4244758878028576	0.41848201027050286
102.	0.	0.17988517088488867	3.3682590291370653	0.41252028591685586
103.	0.	0.1667994570456539	3.3129678099188	0.4066452487776083
104.	0.	0.154653616530487	3.2585931392861687	0.4008563686109666
104.99999999999999	0.	0.14338141334456153	3.2051252224553815	0.3951530238099143
106.	0.	0.13292113204397618	3.152553616457167	0.3895345072445917
107.	0.	0.12321528612079333	3.100867284977395	0.3840000320746783
108.	0.	0.11421034336868834	3.0500546521173497	0.3785487375082993
109.	0.	0.105856467425459	3.0001036549128277	0.3731796944864898
109.99999999999999	0.	0.09810727470912253	2.951001794473377	0.36789191127464055
111.	0.	0.09091960598596649	2.9027361856222607	0.362684338944403
112.	0.	0.08425331183140286	2.8552936049372626	0.35755587673168565
113.	0.	0.07807105126789286	2.8086605371082407	0.35250537725808395
113.99999999999999	0.	0.07233810288810014	2.7628232195441838	0.34753165160498367
114.99999999999999	0.	0.06702218779584349	2.7177676851756507	0.34263347423102386
116.	0.	0.06209330372226842	2.673479803412163	0.33780958772518005
117.	0.	0.057523569699473795	2.629945319225853	0.33305870738906
118.	0.	0.053287080698908126	2.5871498903435435	0.3283795256432806
118.99999999999999	0.	0.049359771666744656	2.545079122538624	0.32377071625386333
119.99999999999999	0.	0.045719290413181485	2.5037186030242213	0.3192309383758134
121.	0.	0.04234487883707172	2.4630539319555114	0.3147588404118049
122.	0.	0.039217261991319155	2.42307075205762	0.3103530636849657
122.99999999999999	0.	0.03631854451824702	2.383754776400894	0.30601224592542503
124.	0.	0.033632114007068656	2.345091814351632	0.3017350245710989
125.	0.	0.03114255084828758	2.307067795731217	0.29752003988382475
126.	0.	0.02883554418162126	2.2696687932207094	0.2933659378825228
127.	0.	0.02669781355535572	2.2328810430522354	0.2892713730956437
128.	0.	0.02471703593558169	2.196690964031828	0.2852350111356515
129.	0.	0.02288177772345506	2.1610851749403373	0.2812555310985945
130.	0.	0.021181431457860913	2.126050510363026	0.27733162779241116
131.	0.	0.01960615689898337	2.091574034998637	0.2734620137977084
131.99999999999997	0.	0.018146826205985213	2.0576430565017896	0.2696454213652357
133.	0.	0.016794972938709934	2.0242451369129015	0.2658806041544011
134.	0.	0.015542744629400855	1.991368102731151	0.26216633881744783
135.	0.	0.014382858685631553	1.9590000536862844	0.2585014264340351
136.	0.	0.013308561400348601	1.9271293702663561	0.25488469380123485
137.	0.	0.01231358985860588	1.895744720057107	0.25131499458387724
138.	0.	0.01139213654377144	1.8648350629500168	0.24779121033045146
139.	0.	0.010538816458469224	1.8343896552749641	0.24431225135972964
140.	0.	0.009748636587155118	1.8043980529133106	0.24087705752337213
140.99999999999997	0.	0.009016967538534329	1.7748501134464376	0.23748459884976678
141.99999999999997	0.	0.008339517216401906	1.7457359973937336	0.23413387607433508
143.	0.	0.0077123063774431405	1.7170461685941332	0.23082392106164593
144.	0.	0.007131645943957004	1.688771393782728	0.22755379712444723
145.	0.	0.006594115948052747	1.6609027414143194	0.22432259924487072
146.	0.	0.006096545992379249	1.6334315797839039	0.22112945420292257
147.	0.	0.005635997120029801	1.6063495744923972	0.21797352061724354
148.	0.	0.005209744993636442	1.5796486853056466	0.21485398890318985
149.	0.	0.004815264290477428	1.5533211624527028	0.21177008115310725
150.	0.	0.004450214226845548	1.5273595424073947	0.20872105094350338
150.99999999999997	0.	0.004112425130856789	1.501756643197201	0.20570618307391242
151.99999999999997	0.	0.003799885988636343	1.47650555928048	0.2027247932419448
153.	0.	0.003510732893836803	1.4515996560324884	0.19977622765901262
154.	0.	0.003243238335596895	1.4270325638786476	0.1968598626110462
155.	0.	0.002995801264411204	1.4027981721123235	0.19397510396843726
156.	0.	0.00276693787978416	1.3788906224324584	0.19112138664926226
157.	0.	0.002555273087487772	1.3553043022353408	0.1882981740397791
158.	0.	0.002359532577912388	1.3320338376926013	0.18550495737595965
159.	0.	0.002178535480554931	1.309074086646922	0.18274125508981953
160.	0.	0.0020111875527985775	1.2864201313544896	0.1800066121240323
160.99999999999997	0.	0.001856474864218087	1.2640672711024752	0.1773005992182872
161.99999999999997	0.	0.001713457940424214	1.242011014727979	0.17462281217065645
163.	0.	0.0015812663330052855	1.2202470730637711	0.17197287107714804
164.	0.	0.0014590935845943639	1.1987713513340468	0.1693504195523883
165.	0.	0.0013461925603223002	1.1775799415233525	0.16675512393442735
166.	0.	0.0012418711189632026	1.156669114738953	0.16418667247631016
167.	0.	0.001145488099061804	1.136035313586868	0.16164477452710801
168.	0.	0.0010564495971071394	1.115675144579746	0.15912915970485758
169.	0.	0.0009742055164765309	1.0955853705940917	0.1566395770638184
169.99999999999997	0.	0.0008982463674385284	1.0757629033923832	0.15417579425822084
170.99999999999997	0.	0.0008281002999499459	1.0562047962257088	0.1517375967047325
171.99999999999997	0.	0.0007633303522635344	1.036908236529747	0.14932478674551353
173.	0.	0.0007035318996877817	1.017870538727602	0.14693718281386597
174.	0.	0.0006483302888696482	0.9990891371506253	0.14457461860418055
175.	0.	0.0005973786441729221	0.9805615790879595	0.1422369422478563
176.	0.	0.0005503558335683254	0.9622855179744966	0.1399240154967537
177.	0.	0.000506964582479628	0.9442587067259782	0.13763571291563007
178.	0.	0.0004669297248136596	0.9264789912289574	0.13537192108488702
179.	0.	0.00042999658120042186	0.9089443039927898	0.1331325378149059
179.99999999999997	0.	0.00039592945521983654	0.8916526579696726	0.1309174713731014
180.99999999999997	0.	0.0003645102390252376	0.8746021405483368	0.12872663972478662
181.99999999999997	0.	0.0003355371204269083	0.8577909077255234	0.12655996978874326
183.	0.	0.00030882338410128225	0.8412171784599012	0.12441739670848863
184.	0.	0.00028419630002758157	0.824879229211318	0.12229886313998517
185.	0.	0.0002614960929177753	0.8087753886678353	0.12020431855648837
186.	0.	0.00024057498667922445	0.7929040326631107	0.11813371857125626
187.	0.	0.00022129631852685485	0.7772635792851389	0.11608702427862773
188.	0.	0.00020353371768065638	0.7618524841774762	0.11406420161399954
189.	0.	0.00018717034396162558	0.7466692360334676	0.11206522073315285
189.99999999999997	0.	0.00017209818194574743	0.7317123522831404	0.11009005541125647
190.99999999999997	0.	0.00015821738665964622	0.7169803749727846	0.10813868246193425
192.	0.	0.00014543567709309851	0.7024718668356944	0.10621108117655646
193.	0.	0.00013366777402985762	0.6881854075532751	0.10430723278402532
194.	0.	0.00012283487902210345	0.6741195902047039	0.10242711993117624
195.	0.	0.00011286419151620553	0.6602730179029787	0.10057072618386259
196.	0.	0.00010368846134785029	0.6466443006153837	0.0987380355488183
197.	0.	0.00009524557407729815	0.6332320521656365	0.09692903201628075
198.	0.	0.00008747816674584411	0.6200348874146954	0.09514369912330545
198.99999999999997	0.	0.0000803332718897986	0.607051419617467	0.09338201953774289
199.99999999999997	0.	0.00007376198771208062	0.594280257951952	0.09164397466273794
200.99999999999997	0.	0.00006771917257356211	0.5817200052172851	0.08992954426159282
202.	0.	0.00006216316196877783	0.5693692556969658	0.0882387061028065
203.	0.	0.00005705550642269507	0.5572265931837403	0.08657143562512139
204.	0.	0.00005236072874175198	0.5452905891616107	0.08492770562225109
205.	0.	0.00004804609921610776	0.5335598011415247	0.08330748594712173
206.	0.	0.00004408142749662685	0.5220327711458759	0.08171074323523099
207.	0.	0.000040438869890393945	0.5107080243380003	0.08013744064688527
208.	0.	0.00003709275098610157	0.49958406779211684	0.07858753762795202
208.99999999999997	0.	0.000034019398546100176	0.4886593893990957	0.07706098968874568
209.99999999999997	0.	0.0000311969906926512	0.47793245690397773	0.07555774820073954
210.99999999999997	0.	0.000028605414512825697	0.46740171707012335	0.0740777602106245
212.	0.	0.000026226135206739192	0.457065594966029	0.07262096827140609
213.	0.	0.000024042075057727433	0.4469224933698152	0.07118731029006013
214.	0.	0.00002203750145419934	0.43697079228707464	0.06977671939136294
215.	0.	0.00002019792333483345	0.4272088485771932	0.0683891237974131
216.	0.	0.000018509995423299708	0.4176349956838955	0.06702444672244999
217.	0.	0.000016961429666574576	0.40824754346548126	0.06568260628252018
218.	0.	0.000015540913380203076	0.3990447781198779	0.06436351541947634
218.99999999999997	0.	0.000014238033569707459	0.3900249622004857	0.06306708183891921
219.99999999999997	0.	0.000013043206984668578	0.38118633471809293	0.061793207961569625
220.99999999999997	0.	0.000011947615495483098	0.372527111324775	0.06054179088764951
222.	0.	0.000010943146373727306	0.36404548457508734	0.05931272237374221
223.	0.	0.000010022337125067564	0.3557396242607655	0.058105888821737166
224.	0.	9.178324536305249e-6	0.34760767781428714	0.056921171279314654
225.	0.	8.40479762288862e-6	0.3396477707777677	0.05575844545159643
226.	0.	7.695954171510177e-6	0.3318580073324554	0.05461758172338111
227.	0.	7.046460633682234e-6	0.32423647088562224	0.05349844519162182
227.99999999999997	0.	6.451415100243746e-6	0.31678122471040143	0.052400895707590225
228.99999999999997	0.	5.906313125797763e-6	0.3094903126352804	0.05132478792834954
229.99999999999997	0.	5.407016205571861e-6	0.3023617597790364	0.05026997137699738
230.99999999999997	0.	4.949722682052956e-6	0.29539357332828764	0.04923629051135844
232.	0.	4.5309409128652444e-6	0.288583743353362	0.04822358480055259
233.	0.	4.147464529573543e-6	0.2819302436595114	0.04723168880907443
234.	0.	3.7963496173675236e-6	0.2754310326705118	0.04626043228801275
235.	0.	3.4748936834860614e-6	0.2690840543405399	0.045309640272837216
236.	0.	3.180616263330469e-6	0.2628872390921258	0.04437913318748878
237.	0.	2.911241054627106e-6	0.25683850477684506	0.04346872695431093
237.99999999999997	0.	2.6646794520053398e-6	0.25093575765569937	0.042578233109398976
238.99999999999997	0.	2.439015383202501e-6	0.2451768933966714	0.04170745892302401
239.99999999999997	0.	2.2324913321567415e-6	0.23955979808656527	0.040856207524718816
240.99999999999997	0.	2.0434954779227353e-6	0.23408234925476384	0.040024278032690486
242.	0.	1.8705498491223042e-6	0.22874241690619893	0.03921146568716193
243.	0.	1.712299419254193e-6	0.22353786456119418	0.03841756198729569
244.	0.	1.5675020690399774e-6	0.21846655030001175	0.03764235483137742
245.	0.	1.4350193535538482e-6	0.213526327809839	0.0368856286599115
245.99999999999997	0.	1.313808002477467e-6	0.20871504743212077	0.03614716460130352
247.	0.	1.2029121099527926e-6	0.20403055720802774	0.03542674061977727
248.	0.	1.1014559394295974e-6	0.19947070392087105	0.03472413166534323
248.99999999999997	0.	1.008637317366018e-6	0.19503333413257834	0.03403910982533642
250.	0.	9.237215604430333e-7	0.19071629521347697	0.033371444477403464
250.99999999999997	0.	8.460358842659661e-7	0.18651743636321938	0.032720902443568414
252.	0.	7.749642750056781e-7	0.18243460962156313	0.03208724814515377
252.99999999999997	0.	7.099427727076051e-7	0.1784656708673499	0.031470243758262975
254.	0.	6.504551370847787e-7	0.1746084808045637	0.030869649369620014
254.99999999999997	0.	5.960288715520419e-7	0.17086090593388464	0.030285223132473477
256.	0.	5.462315686906244e-7	0.16722081950891182	0.029716721422402937
257.	0.	5.006675544265742e-7	0.16368610247555473	0.029163898992740668
258.	0.	4.589748099995871e-7	0.16025464439381748	0.028626509129445744
259.	0.	4.2082214563514684e-7	0.15692434434086275	0.028104303805203127
260.	0.	3.859066063286938e-7	0.15369311179467773	0.027597033832595375
261.	0.	3.539510959604952e-7	0.15055886749699868	0.027104449016069745
262.	0.	3.247021899187293e-7	0.14751954429555156	0.02662629830267228
263.	0.	2.9792813977008333e-7	0.1445730879641521	0.026162329931245062
263.99999999999994	0.	2.7341703258834094e-7	0.1417174580004158	0.025712291579996254
265.	0.	2.5097511314239455e-7	0.13895062840063055	0.025275930512314467
266.	0.	2.304252392922704e-7	0.13627058841089099	0.024852993720614037
267.	0.	2.1160547098129392e-7	0.13367534325449468	0.02444322806815848
268.	0.	1.9436777402324445e-7	0.13116291483489256	0.024046380428678522
269.	0.	1.785768334068631e-7	0.12873134241407985	0.023662197823706814
270.	0.	1.6410896967760698e-7	0.12637868326612084	0.02329042755751482
271.	0.	1.5085114005410413e-7	0.12410301330525612	0.02293081734948992
272.	0.	1.3870003206004963e-7	0.12190242768913727	0.022583115463990524
272.99999999999994	0.	1.2756122461960884e-7	0.11977504139617455	0.02224707083742926
274.	0.	1.1734842917458898e-7	0.11771898977770803	0.02192243320264979
274.99999999999994	0.	1.0798278739109419e-7	0.11573242908442219	0.02160895321042477
276.	0.	9.939223530915852e-8	0.11381353696724572	0.02130638254805144
277.	0.	9.151091516553517e-8	0.11196051295276152	0.02101447405498275
278.	0.	8.427864205992899e-8	0.11017157889309347	0.02073298183541783
279.	0.	7.764041527155526e-8	0.10844497939059468	0.020461661367844036
280.	0.	7.154596973744892e-8	0.10677898219719693	0.020200269611433536
281.	0.	6.594936680011306e-8	0.10517187858886543	0.019948565109307925
281.99999999999994	0.	6.080862051701712e-8	0.10362198371509128	0.019706308088586852
283.	0.	5.608535566330129e-8	0.1021276369240491	0.019473260557268657
283.99999999999994	0.	5.1744495425732417e-8	0.10068720206324885	0.019249186397839433
285.	0.	4.775397531529472e-8	0.09929906775633013	0.01903385145766228
286.	0.	4.4084483237038635e-8	0.09796164765593864	0.018827023636064456
287.	0.	4.070921933949368e-8	0.09667338067338127	0.01862847296818392
288.	0.	3.7603679482472624e-8	0.09543273118536062	0.018437971705562797
289.	0.	3.474545541361265e-8	0.0942381892176755	0.018255294393395387
290.	0.	3.21140548625013e-8	0.09308827060719649	0.01808021794461225
291.	0.	2.969073260710017e-8	0.09198151714152197	0.017912521710616903
292.	0.	2.745834176627248e-8	0.0909164966773659	0.01775198754880866
292.99999999999994	0.	2.540119305814959e-8	0.08989180323814075	0.017598399886913762
294.	0.	2.350493059357875e-8	0.0889060570907049	0.017451545784050986
294.99999999999994	0.	2.175641491883033e-8	0.08795790480207967	0.01731121498862157
296.	0.	2.0143618079038513e-8	0.08704601927677594	0.01717719999308247
297.	0.	1.8655527759941238e-8	0.0861690997746728	0.017049296085526747
298.	0.	1.7282059579102335e-8	0.08532587191038903	0.01692730139819074
299.	0.	1.601397665058437e-8	0.0845150876345628	0.016811016952907227
300.	0.	1.4842816350786173e-8	0.083735525197249	0.016700246703482947
301.	0.	1.3760823867529614e-8	0.08298598909445032	0.016594797575140367
301.99999999999994	0.	1.2760891775651291e-8	0.08226530999771255	0.016494479500949708
303.	0.	1.183650303961487e-8	0.08157234466772934	0.016399105455380116
303.99999999999994	0.	1.0981681665461786e-8	0.08090597585234746	0.016308491484989356
305.	0.	1.0190945814921492e-8	0.08026511216933796	0.01622245673626925
306.	0.	9.45926502219776e-9	0.07964868797467396	0.016140823480738798
307.	0.	8.782023162249305e-9	0.07905566321672934	0.016063417137314358
308.	0.	8.154980949167559e-9	0.07848502327679718	0.015990066291983934
309.	0.	7.57424605103843e-9	0.07793577879667882	0.01592060271488508
310.	0.	7.036242383014119e-9	0.07740696549371362	0.015854861374811607
310.99999999999994	0.	6.537682937514149e-9	0.07689764396369746	0.015792680451189808
312.	0.	6.075546770136895e-9	0.07640689947238295	0.015733901343618052
312.99999999999994	0.	5.647056259128482e-9	0.07593384173588319	0.015678368678988624
314.	0.	5.24965489497033e-9	0.07547760469053381	0.015625930316259782
314.99999999999994	0.	4.880991539262033e-9	0.07503734625283898	0.015576437348962992
316.	0.	4.5389008792159985e-9	0.07461224806973865	0.015529744105451323
317.	0.	4.221389432021799e-9	0.0742015152599054	0.015485708146993899
318.	0.	3.9266206081506085e-9	0.07380437614639053	0.015444190263742816
319.	0.	3.6529025538681187e-9	0.07342008198118034	0.015405054468650136
320.	0.	3.3986741523341894e-9	0.07304790666214979	0.015368167989399478
321.	0.	3.1624975136301095e-9	0.07268714644272804	0.01533340125838181
321.99999999999994	0.	2.943044708853988e-9	0.07233711963494296	0.01530062790082062
323.	0.	2.7390905307578116e-9	0.07199716630594225	0.015269724721033604
323.99999999999994	0.	2.5495043862566428e-9	0.0716666479689164	0.015240571686993906
325.	0.	2.3732416470783882e-9	0.0713449472684339	0.015213051913162887
326.	0.	2.209337512626134e-9	0.07103146766065953	0.0151870516416643
327.	0.	2.0568991114162715e-9	0.07072563308908136	0.015162460221905072
328.	0.	1.9151024147922795e-9	0.07042688765609596	0.015139170088690678
329.	0.	1.7831846244951823e-9	0.07013469529047352	0.015117076738814213
330.	0.	1.660440168621583e-9	0.06984853941170248	0.015096078706309092
330.99999999999994	0.	1.5462148343816007e-9	0.06956792259102175	0.015076077536301566
332.	0.	1.4399051035165031e-9	0.06929236620983387	0.015056977757590621
332.99999999999994	0.	1.3409496731114618e-9	0.06902141011584488	0.015038686854009694
334.	0.	1.2488301120905813e-9	0.06875461227699876	0.015021115234565919
335.	0.	1.1630652431770937e-9	0.06849154843390425	0.015004176202490315
336.	0.	1.0832091278221597e-9	0.06823181175089878	0.014987785923213879
337.	0.	1.0088482940636111e-9	0.06797501246594963	0.014971863391297635
338.	0.	9.395985812137116e-10	0.06772077754002595	0.014956330396441104
339.	0.	8.751044262464583e-10	0.06746875030584988	0.014941111488535556
339.99999999999994	0.	8.150345263092978e-10	0.06721859011671398	0.014926133941901445
341.	0.	7.590827838566234e-10	0.06696997199530165	0.014911327718684848
341.99999999999994	0.	7.06963978112475e-10	0.0667225862829201	0.014896625431493492
343.	0.	6.584130949153929e-10	0.06647613828953043	0.014881962305348868
343.99999999999994	0.	6.131842643816876e-10	0.06623034794464215	0.01486727613896152
345.	0.	5.710484592628018e-10	0.06598494944929013	0.01485250726537128
346.	0.	5.317936727547199e-10	0.06573969092960273	0.014837598512059964
347.	0.	4.952217728904654e-10	0.0654943340918185	0.0148224951605002
348.	0.	4.611486698252344e-10	0.06524865387931171	0.014807144905261816
349.	0.	4.294032382471085e-10	0.06500243813150966	0.014791497812646508
350.	0.	3.9982707727415536e-10	0.06475548724525516	0.014775506278973833
350.99999999999994	0.	3.7227130098309795e-10	0.06450761383838631	0.014759124988465183
352.	0.	3.465979616841272e-10	0.06425864241614648	0.01474231087086471
352.99999999999994	0.	3.226789436998118e-10	0.06400840904027719	0.014725023058764206
354.	0.	3.003948394489243e-10	0.06375676100106141	0.014707222844693526
355.	0.	2.796342378290898e-10	0.06350355649258743	0.01468887363804117
356.	0.	2.6029300169102576e-10	0.06324866429117151	0.014669940921792635
357.	0.	2.422752705022454e-10	0.06299196343724445	0.014650392209160944
358.	0.	2.2549056412933414e-10	0.06273334292076191	0.014630197000126572
359.	0.	2.09854763415544e-10	0.062472701370269695	0.014609326737922262
359.99999999999994	0.	1.9529067334907102e-10	0.06220994674578931	0.014587754765506536
361.	0.	1.8172463635820437e-10	0.06194499603560406	0.014565456282050422
361.99999999999994	0.	1.6908926006676226e-10	0.06167777495689669	0.01454240829943265
363.	0.	1.5732088291884606e-10	0.061408217660774395	0.014518589598875947
363.99999999999994	0.	1.4636143320620335e-10	0.0611362664411617	0.014493980687610592
365.	0.	1.3615452850805115e-10	0.06086187144818312	0.014468563755719279
366.	0.	1.2665044184786443e-10	0.06058499040580894	0.014442322633119243
367.	0.	1.178003973294852e-10	0.060305588333889965	0.014415242746720474
368.	0.	1.0955975419214504e-10	0.06002363727474658	0.014387311077809125
368.99999999999994	0.	1.0188808963148555e-10	0.0597391160242295	0.014358516119646614
370.	0.	9.474566379008453e-11	0.059452009867442555	0.014328847835340785
370.99999999999994	0.	8.80966239263219e-11	0.05916231031899524	0.014298297615968309
372.	0.	8.190771476128732e-11	0.058870014868065826	0.014266858239027281
372.99999999999994	0.	7.614696594417022e-11	0.05857512672810334	0.014234523827190732
374.	0.	7.078555525344958e-11	0.05827765459127693	0.014201289807399257
375.	0.	6.579603535001214e-11	0.05797761238771296	0.014167152870315
376.	0.	6.115328627463635e-11	0.05767501904952514	0.014132110930151345
377.	0.	5.68327201726813e-11	0.05736989827969881	0.014096163084906362
378.	0.	5.2813530917645006e-11	0.05706227832567613	0.014059309576975827
379.	0.	4.907366976658072e-11	0.056752191757919894	0.014021551754227377
379.99999999999994	0.	4.5594939096612856e-11	0.056439675253198617	0.013982892031487152
381.	0.	4.235933570102317e-11	0.0561247693827519	0.013943333852491371
381.99999999999994	0.	3.9349530387415506e-11	0.05580751840529399	0.013902881652307611
383.	0.	3.65507496920916e-11	0.05548797006474914	0.013861540820213169
384.	0.	3.39480127313852e-11	0.05516617539293928	0.013819317663100787
385.	0.	3.1527542024471165e-11	0.05484218851689475	0.0137762193693438
386.	0.	2.9277252517716724e-11	0.05451606647109393	0.013732253973212927
387.	0.	2.7185368952395013e-11	0.0541878690142893	0.01368743031977344
388.	0.	2.5240437276387572e-11	0.05385765845121227	0.013641758030351402
388.99999999999994	0.	2.3432746191487968e-11	0.05352549945881005	0.013595247468497385
390.	0.	2.1752464619926855e-11	0.053191458917322666	0.013547909706540613
390.99999999999994	0.	2.019106242317617e-11	0.052855605745783595	0.013499756492643575
392.	0.	1.873990996592926e-11	0.05251801074230905	0.013450800218465167
392.99999999999994	0.	1.739170150596071e-11	0.052178746428771544	0.013401053887345441
394.	0.	1.6139522897424506e-11	0.05183788690010477	0.013350531083090166
395.	0.	1.497543872968428e-11	0.05149550767798026	0.013299245939304628
396.	0.	1.3894758050867281e-11	0.05115168556897526	0.013247213109322826
397.	0.	1.2890836816045133e-11	0.050806498527044296	0.0131944477366996
397.99999999999994	0.	1.1957921958466154e-11	0.05046002552038616	0.01314096542630459
399.	0.	1.1092109734204625e-11	0.05011234640252438	0.01308678221598711
399.99999999999994	0.	1.0288028565179328e-11	0.04976354178761081	0.013031914548829368
401.	0.	9.54121594116304e-12	0.04941369292991895	0.01297637924599506
401.99999999999994	0.	8.84812479465566e-12	0.04906288160740321	0.012920193480156548
403.	0.	8.204700539167502e-12	0.0487111900093655	0.012863374749526648
404.	0.	7.607335358212466e-12	0.04835870062803713	0.012805940852460035
405.	0.	7.05287190815244e-12	0.048005496154157355	0.012747909862660682
406.	0.	6.5386065506002805e-12	0.04765165937639565	0.012689300104970252
407.	0.	6.0608619941441005e-12	0.04729727308453401	0.012630130131730121
408.	0.	5.617849229826835e-12	0.04694241997650717	0.01257041869975804
408.99999999999994	0.	5.206809958803447e-12	0.046587182569024596	0.01251018474788063
410.	0.	4.825448312819153e-12	0.04623164311183766	0.012449447375053116
410.99999999999994	0.	4.4719326691854e-12	0.04587588350559136	0.012388225819064989
412.	0.	4.143466750099599e-12	0.04551998522311711	0.012326539435806855
412.99999999999994	0.	3.839151756489107e-12	0.045164029234198565	0.012264407679121856
414.	0.	3.5571266815874026e-12	0.04480809593365346	0.012201850081213198
415.	0.	3.295523225818143e-12	0.04445226507271908	0.012138886233617991
416.	0.	3.0524670455202735e-12	0.04409661569366332	0.012075535768740465
417.	0.	2.8275072534801944e-12	0.04374122606757293	0.012011818341944671
417.99999999999994	0.	2.618759154224543e-12	0.0433861736351837	0.011947753614183468
419.	0.	2.4252864242545875e-12	0.04303153495081895	0.011883361235194706
419.99999999999994	0.	2.2461488784252126e-12	0.04267738562914425	0.011818660827198176
421.	0.	2.079928014698341e-12	0.04232380029499249	0.011753671969175362
421.99999999999994	0.	1.926153518379548e-12	0.04197085253585149	0.011688414181632995
423.	0.	1.7834029897780406e-12	0.04161861485721507	0.011622906911917818
424.	0.	1.6512022013223695e-12	0.041267158640560894	0.01155716952002949
425.	0.	1.5286009903573138e-12	0.04091655410400615	0.011491221264958091
426.	0.	1.4151221875371633e-12	0.040566870265474876	0.011425081291511454
426.99999999999994	0.	1.3098143028060468e-12	0.04021817490837366	0.011358768617643376
428.	0.	1.212198895598873e-12	0.03987053454972151	0.011292302122278745
428.99999999999994	0.	1.1222687331934888e-12	0.039524014410616634	0.0112257005336144
430.	0.	1.0385998347400098e-12	0.03917867838900082	0.011158982417895142
430.99999999999994	0.	9.611848278976643e-13	0.038834589034676056	0.011092166168663185
432.	0.	8.895440342435789e-13	0.038491807526488765	0.011025269996468044
432.99999999999994	0.	8.231981358247959e-13	0.03815039365164063	0.010958311919035235
434.	0.	7.616684237817673e-13	0.037810405786989194	0.01089130975186497
435.	0.	7.04477036752245e-13	0.03747190088242987	0.010824281099297643
436.	0.	6.520834176788332e-13	0.03713493444613506	0.010757243345991048
437.	0.	6.030733815838844e-13	0.03679956053166946	0.01069021364882475
437.99999999999994	0.	5.579065752109135e-13	0.03646583172693381	0.010623208929227109
439.	0.	5.161067311791124e-13	0.03613379914487095	0.010556245865915031
439.99999999999994	0.	4.776648518888811e-13	0.03580351241580212	0.010489340888017394
441.	0.	4.41641363810753e-13	0.03547501968148849	0.010422510168617912
441.99999999999994	0.	4.084940255935801e-13	0.035148367590690933	0.010355769618660717
443.	0.	3.7775022771004575e-13	0.03482360129628959	0.010289134881244055
444.	0.	3.494023808501448e-13	0.03450076445388734	0.010222621326288608
445.	0.	3.2298032442686606e-13	0.03417989922179301	0.010156244045557549
446.	0.	2.9893900758609775e-13	0.03386104626239771	0.01009001784803994
446.99999999999994	0.	2.763482674247959e-13	0.033544244744843486	0.010023957255675169
448.	0.	2.556630324297465e-13	0.033229532348979345	0.00995807649942444
448.99999999999994	0.	2.364167665096274e-13	0.032916945270487295	0.009892389515661272
450.	0.	2.1860399397101306e-13	0.03260651822718711	0.009826909942890623
450.99999999999994	0.	2.0221899185491018e-13	0.03229828446647671	0.009761651118790356
452.	0.	1.8679908643212894e-13	0.031992275773796625	0.009696626077548324
453.	0.	1.7279642410631603e-13	0.031688522482151336	0.00963184754751082
454.	0.	1.5974953936099157e-13	0.031387053482568573	0.009567327949112976
455.	0.	1.4765433334767506e-13	0.031087896235501334	0.009503079393098402
455.99999999999994	0.	1.3650657685077556e-13	0.030791076783132462	0.009439113679021182
457.	0.	1.263019222443562e-13	0.03049661976248422	0.009375442294006837
457.99999999999994	0.	1.165840392759157e-13	0.03020454841935779	0.009312076411784309
459.	0.	1.0780189956709574e-13	0.02991488462300381	0.009249026891964628
459.99999999999994	0.	9.950065015233341e-14	0.029627648881544347	0.009186304279576786
461.	0.	9.212747667931008e-14	0.029342860358034108	0.009123918804831778
461.99999999999994	0.	8.522905059826095e-14	0.02906053688719515	0.009061880383129188
463.	0.	7.88030526987596e-14	0.028780694992744785	0.009000198615286703
464.	0.	7.284712500349513e-14	0.028503349905262595	0.008938882787979286
465.	0.	6.735887658297844e-14	0.028228515580630553	0.008877941874403179
466.	0.	6.233588931269017e-14	0.02795620471895262	0.008817384535138997
466.99999999999994	0.	5.733129492484033e-14	0.027686428783921312	0.008757219119208008
468.	0.	5.3232321173322506e-14	0.027419198022630754	0.008697453665324295
468.99999999999994	0.	4.914846638988254e-14	0.027154521485773624	0.008638095903327108
470.	0.	4.552168021066905e-14	0.02689240704823376	0.00857915325580013
470.99999999999994	0.	4.1908341704182945e-14	0.026632861429956595	0.008520632839843334
472.	0.	3.874874231964327e-14	0.026375890217200867	0.008462541469033422
473.	0.	3.5600884553869376e-14	0.026121497883987148	0.008404885655516768
474.	0.	3.290342687649082e-14	0.025869687813878037	0.008347671612280535
475.	0.	3.065390279441015e-14	0.02562046232189998	0.008290905255543579
475.99999999999994	0.	2.8412747145935228e-14	0.025373822676726502	0.008234592207308213
477.	0.	2.617990188263306e-14	0.025129769122998556	0.008178737798034626
477.99999999999994	0.	2.3955299148020554e-14	0.024888300903797393	0.008123347069445118
479.	0.	2.2173638682948923e-14	0.024649416283243596	0.008068424777451736
479.99999999999994	0.	2.083253531804368e-14	0.024413112569196666	0.008013975395200592
481.	0.	1.9063136578164873e-14	0.024179386136026385	0.007960003116225184
481.99999999999994	0.	1.7732644170687182e-14	0.023948232447447877	0.007906511857707622
483.	0.	1.640698693194833e-14	0.023719646079382987	0.007853505263837034
484.	0.	1.5086099475435077e-14	0.023493620742845587	0.007800986709265478
484.99999999999994	0.	1.3769911156273905e-14	0.023270149306819875	0.00774895930265256
486.	0.	1.2887944334527596e-14	0.023049223821109535	0.007697425890292365
486.99999999999994	0.	1.200911790975575e-14	0.022830835539162105	0.007646389059825067
488.	0.	1.113337884156257e-14	0.022614974940823422	0.007595851144019216
488.99999999999994	0.	1.0260670817709244e-14	0.022401631755020145	0.0075458142246245695
490.	0.	9.390934336805456e-15	0.02219079498235488	0.007496280136291321
491.	0.	8.524106791919936e-15	0.021982452917598216	0.007447250470550241
491.99999999999994	0.	8.085684919202448e-15	0.02177659317205316	0.007398726579846889
492.99999999999994	0.	7.22384512866515e-15	0.02157320269579974	0.007350709581632028
494.	0.	6.789036456958044e-15	0.021372267799783354	0.007303200362496637
495.	0.	6.355662363211598e-15	0.021173774177744	0.0072561995823506725
496.	0.	5.923687253502718e-15	0.020977706927974637	0.007209707678641254
496.99999999999994	0.	5.493074160199257e-15	0.020784050574906992	0.007163724870610303
497.99999999999994	0.	5.063784785724599e-15	0.02059278909048583	0.007118251163577707
499.	0.	4.635779546550839e-15	0.020403905915355708	0.0070732863532582315
500.	0.	4.209017617379498e-15	0.02021738397981896	0.007028830030097784
500.99999999999994	0.	3.783456975485319e-15	0.020033205724585085	0.006984881583635546
501.99999999999994	0.	3.778936250833439e-15	0.019851353121274406	0.006941440206878868
503.	0.	3.355160848466704e-15	0.019671807692697267	0.006898504900697729
504.	0.	2.9324697725501583e-15	0.01949455053286006	0.006856074478221076
505.	0.	2.929286372658871e-15	0.01931956232674289	0.006814147569250596
505.99999999999994	0.	2.5081861053742074e-15	0.019146823369802737	0.0067727226246746455
506.99999999999994	0.	2.5056544638433895e-15	0.018976313587191596	0.006731797920877868
508.	0.	2.0860193448046943e-15	0.01880801255274297	0.006691371564164967
509.	0.	2.0840779577558293e-15	0.01864189950761866	0.006651441495159284
509.99999999999994	0.	2.0822221761792486e-15	0.018477953378724047	0.006612005493213369
510.99999999999994	0.	1.664362325306492e-15	0.01831615279680188	0.0065730611807994655
512.	0.	1.663016809263595e-15	0.018156476114240313	0.006534606027890578
513.	0.	1.6617418476297884e-15	0.01799890142258519	0.0064966373563283865
514.	0.	1.2454035451500325e-15	0.017843406569737947	0.006459152344169644
514.9999999999999	0.	1.244554523923821e-15	0.017689969176867115	0.0064221480300204565
516.	0.	1.2437597347034681e-15	0.01753856665498972	0.006385621317341086
517.	0.	1.2430195642459925e-15	0.017389176221262348	0.006349568978734589
518.	0.	1.2423343735444852e-15	0.01724177491494738	0.006313987660205903
518.9999999999999	0.	8.27802998650497e-16	0.017096339613065642	0.00627887388539351
520.	0.	8.274201649706925e-16	0.01695284704572661	0.006244224059769541
521.	0.	8.270746044044282e-16	0.016811273811160585	0.006210034474816034
522.	0.	8.267664899505939e-16	0.016671596390410992	0.00617630131216015
523.	0.	8.264959779797105e-16	0.016533791161713343	0.006143020647677106
524.	0.	8.262632083599265e-16	0.0163978344145678	0.006110188455561822
525.	0.	4.1303415229324165e-16	0.01626370236346216	0.00607780061235176
526.	0.	4.129556869587965e-16	0.016131371161307678	0.0060458529009227
527.	0.	4.1289625375703467e-16	0.016000816912537325	0.006014341014437261
527.9999999999999	0.	4.128558902915754e-16	0.015872015685879558	0.005983260560249414
529.	0.	4.1283462626387897e-16	0.015744943526834837	0.005952607063773773
530.	0.	4.128324835493179e-16	0.015619576469810008	0.005922375972300957
531.	0.	4.128494762757706e-16	0.015495890549955049	0.005892562658774722
532.	0.	4.1288561090395393e-16	0.015373861814677557	0.0058631624255194
533.	0.	4.129408863096476e-16	0.015253466334843984	0.005834170507919947
534.	0.	4.1301529386777916e-16	0.015134680215671572	0.0058055820780541015
535.	0.	4.131088175380966e-16	0.015017479607304887	0.0057773922482730776
536.	0.	4.132214339528646e-16	0.014901840715098365	0.00574959607473696
536.9999999999999	0.	4.133531125056406e-16	0.014787739809573824	0.005722188560891676
538.	0.	4.1350381544219013e-16	0.0146751532360979	0.005695164660902735
539.	0.	0.	0.014564057424237643	0.005668519283028582
540.	0.	0.	0.014454428896835247	0.00564224729294703
540.9999999999999	0.	0.	0.014346244278777264	0.005616343517024203
542.	0.	0.	0.0142394803054781	0.005590802745531774
543.	0.	0.	0.014134113831073755	0.0055656197358090855
544.	0.	0.	0.01403012183632863	0.005540789215370089
545.	0.	0.	0.013927481436257924	0.0055163058849539435
545.9999999999999	0.	0.	0.013826169887478288	0.0054921644215229805
547.	0.	0.	0.01372616459527432	0.005468359481201182
548.	0.	0.	0.013627443120399133	0.005444885702159059
549.	0.	0.	0.013529983185605582	0.005421737707441937
549.9999999999999	0.	0.	0.013433762681909722	0.005398910107740068
551.	0.	0.	0.013338759674597743	0.005376397504104364
552.	0.	0.	0.01324495240897059	0.005354194490603223
553.	0.	0.	0.013152319315841704	0.005332295656924991
554.	0.	0.	0.013060839016780667	0.005310695590922041
554.9999999999999	0.	0.	0.01297049032911124	0.005289388881097857
556.	0.	0.	0.012881252270674385	0.0052683701190400995
557.	0.	0.	0.012793104064344307	0.005247633901793152
558.	0.	0.	0.012706025142319893	0.0052271748341776985
558.9999999999999	0.	0.	0.012619995150182917	0.005206987531052454
560.	0.	0.	0.012534993950731026	0.00518706661951947
561.	0.	0.	0.0124510016275933	0.005167406741075067
562.	0.	0.	0.012367998488626308	0.005148002553703927
563.	0.	0.	0.01228596506909451	0.0051288487339163245
563.9999999999999	0.	0.	0.01220488213465363	0.005109939978734984
565.	0.	0.	0.012124730684118935	0.005091271007622478
566.	0.	0.	0.012045491952039165	0.005072836564356464
567.	0.	0.	0.011967147411071239	0.005054631418849193
567.9999999999999	0.	0.	0.011889678774169266	0.0050366503689157635
569.	0.	0.	0.011813067996583767	0.005018888241987808
570.	0.	0.	0.011737297277674839	0.005001339896773076
571.	0.	0.	0.011662349062551553	0.004984000224864587
572.	0.	0.	0.011588206043534827	0.004966864152296834
572.9999999999999	0.	0.	0.011514851161449038	0.004949926641050291
574.	0.	0.	0.011442267606749204	0.004933182690505416
575.	0.	0.	0.01137043882048959	0.004916627338847797
576.	0.	0.	0.011299348495119807	0.0049002556644169295
576.9999999999999	0.	0.	0.01122898057514743	0.004884062787014347
578.	0.	0.	0.011159319257638285	0.004868043869157581
579.	0.	0.	0.011090348992573338	0.0048521941172864425
580.	0.	0.	0.011022054483059825	0.00483650878292026
581.	0.	0.	0.010954420685417037	0.0048209831637730256
582.	0.	0.	0.010887432809113357	0.004805612604815581
583.	0.	0.	0.010821076316581477	0.004790392499295524
584.	0.	0.	0.010755336922909297	0.004775318289712271
585.	0.	0.	0.010690200595400424	0.004760385468744187
585.9999999999999	0.	0.	0.010625653553020784	0.0047455895801332805
587.	0.	0.	0.010561682265737785	0.004730926219529951
588.	0.	0.	0.0104982734537303	0.004716391035286916
589.	0.	0.	0.010435414086507794	0.004701979729218201
589.9999999999999	0.	0.	0.010373091381919029	0.004687688057313667
591.	0.	0.	0.010311292805059696	0.004673511830412675
592.	0.	0.	0.010250006067086023	0.004659446914838404
593.	0.	0.	0.01018921912392892	0.004645489232990176
594.	0.	0.	0.010128920174927286	0.004631634763900862
594.9999999999999	0.	0.	0.010069097661367151	0.00461787954375294
596.	0.	0.	0.010009740264940635	0.004604219666358127
597.	0.	0.	0.009950836906124983	0.004590651283600529
598.	0.	0.	0.009892376742484062	0.0045771706058431155
598.9999999999999	0.	0.	0.009834349166892457	0.0045637739022971495
600.	0.	0.	0.009776743805700438	0.004550457501362047
601.	0.	0.	0.009719550516815402	0.004537217790923773
602.	0.	0.	0.009662759387733508	0.00452405121862651
603.	0.	0.	0.009606360733498192	0.004510954292106504
603.9999999999999	0.	0.	0.009550345094606727	0.004497923579196556
605.	0.	0.	0.009494703234862279	0.004484955708100141
606.	0.	0.	0.009439426139164821	0.004472047367530924
607.	0.	0.	0.009384505011259628	0.0044591953068257705
607.9999999999999	0.	0.	0.00932993127143528	0.004446396336027268
609.	0.	0.	0.009275696554175488	0.0044336473259369985
610.	0.	0.	0.009221792705769945	0.004420945208141289
611.	0.	0.	0.009168211781884594	0.0044082869750095505
612.	0.	0.	0.009114946045097454	0.0043956696796670644
612.9999999999999	0.	0.	0.00906198796239099	0.004383090435938029
614.	0.	0.	0.009009330202624398	0.004370546418268893
615.	0.	0.	0.00895696563396349	0.004358034861621516
616.	0.	0.	0.008904887321290711	0.004345553061345874
616.9999999999999	0.	0.	0.00885308852358483	0.004333098373027481
618.	0.	0.	0.008801562691278544	0.004320668212312442
619.	0.	0.	0.008750303463596237	0.0043082600547115915
620.	0.	0.	0.008699304665866712	0.004295871435380044
621.	0.	0.	0.008648560306825289	0.004283499948879452
621.9999999999999	0.	0.	0.008598064575895495	0.004271143248917444
623.	0.	0.	0.008547811840457494	0.00425879904806766
624.	0.	0.	0.008497796643108235	0.004246465117472372
625.	0.	0.	0.008448013698905948	0.004234139286523811
625.9999999999999	0.	0.	0.008398457892612506	0.004221819442530822
627.	0.	0.	0.008349124275922593	0.00420950353036455
628.	0.	0.	0.0083000080646948	0.004197189552091087
629.	0.	0.	0.008251104636173894	0.004184875566585075
629.9999999999999	0.	0.	0.008202409526214741	0.004172559689129255
630.9999999999999	0.	0.	0.008153918426502281	0.004160240090997349
632.	0.	0.	0.008105627181779314	0.004147914999025516
633.	0.	0.	0.008057531787068844	0.004135582695165753
634.	0.	0.	0.008009628384906129	0.004123241516028868
634.9999999999999	0.	0.	0.00796191326257527	0.004110889852413914
636.	0.	0.	0.007914382849350204	0.0040985261488241664
637.	0.	0.	0.007867033713744956	0.004086148902971987
638.	0.	0.	0.007819862560774795	0.00407375666527298
638.9999999999999	0.	0.	0.0077728662292243745	0.0040613480383277015
640.	0.	0.	0.0077260416889298016	0.004048921676394321
641.	0.	0.	0.007679386038072199	0.004036476284850683
642.	0.	0.	0.007632896500485265	0.004024010619647354
643.	0.	0.	0.007586570422976651	0.00401152348675096
643.9999999999999	0.	0.	0.007540405272666302	0.003999013741580228
645.	0.	0.	0.007494398634339308	0.003986480288432611
646.	0.	0.	0.007448548207818474	0.003973922079904476
647.	0.	0.	0.0074028518053531975	0.003961338116303461
647.9999999999999	0.	0.	0.007357307349028294	0.0039487274450540595
649.	0.	0.	0.007311912868192195	0.003936089160097263
650.	0.	0.	0.007266666496906987	0.0039234224012841545
651.	0.	0.	0.007221566471417016	0.00391072635376321
652.	0.	0.	0.00717661112764369	0.003898000247364492
652.9999999999999	0.	0.	0.007131798898698147	0.003885243355976345
654.	0.	0.	0.00708712831242113	0.0038724549969201753
655.	0.	0.	0.007042597988945319	0.0038596345303203794
656.	0.	0.	0.006998206638281417	0.003846781358470155
656.9999999999999	0.	0.	0.006953953057929205	0.0038338949251943777
658.	0.	0.	0.006909836130515451	0.003820974715210175
659.	0.	0.	0.00686585482145704	0.003808020253484372
660.	0.	0.	0.0068220081766498545	0.003795031104588885
661.	0.	0.	0.00677829532018472	0.003782006872053833
661.9999999999999	0.	0.	0.006734715452090767	0.003768947197719668
663.	0.	0.	0.0066912678461069925	0.003755851761088074
664.	0.	0.	0.006647951847480622	0.0037427202786715504
665.	0.	0.	0.006604766870793421	0.0037295525033421385
665.9999999999999	0.	0.	0.006561712397817498	0.0037163482236803754
667.	0.	0.	0.006518787975399179	0.0037031072633238018
668.	0.	0.	0.006475993213373084	0.0036898294803162915
669.	0.	0.	0.006433327782502522	0.0036765147664563676
670.	0.	0.	0.00639079141245242	0.003663163046647989
670.9999999999999	0.	0.	0.006348383889790435	0.0036497742782515574
672.	0.	0.	0.006306105056017483	0.0036363484504358373
673.	0.	0.	0.0062639548056280915	0.00362288558353157
674.	0.	0.	0.00622193308420227	0.00360938572838772
674.9999999999999	0.	0.	0.006180039886525047	0.003595848965727948
676.	0.	0.	0.006138275254737781	0.0035822754055106847
677.	0.	0.	0.006096639276519282	0.0035686651862909297
678.	0.	0.	0.00605513208329684	0.003555018474584822
678.9999999999999	0.	0.	0.006013753848488007	0.0035413354642369957
679.9999999999999	0.	0.	0.005972504785771654	0.00352761637579065
681.	0.	0.	0.005931385147391031	0.003513861455861551
682.	0.	0.	0.005890395222484606	0.003500070976514142
683.	0.	0.	0.005849535335449036	0.003486245234642323
683.9999999999999	0.	0.	0.0058088058443325945	0.0034723845513540425
685.	0.	0.	0.005768207139255335	0.0034584892713580124
686.	0.	0.	0.0057277396408637665	0.0034445597623568793
687.	0.	0.	0.005687403798811864	0.003430596414442774
687.9999999999999	0.	0.	0.005647200090273624	0.003416599639497961
688.9999999999999	0.	0.	0.0056071290184846875	0.0034025698705999656
690.	0.	0.	0.005567191111313256	0.003388507561430856
691.	0.	0.	0.005527386919861144	0.0033744131856919377
692.	0.	0.	0.0054877170170928346	0.00336028723652268
692.9999999999999	0.	0.	0.00544818199649507	0.0033461302259251056
694.	0.	0.	0.005408782470763469	0.0033319426841929476
695.	0.	0.	0.005369519070520205	0.0033177251593465087
696.	0.	0.	0.005330392443057193	0.003303478216571905
696.9999999999999	0.	0.	0.005291403251110627	0.0032892024376669814
698.	0.	0.	0.005252552171660861	0.0032748984204915964
699.	0.	0.	0.005213839894762372	0.003260566778424445
700.	0.	0.	0.005175267122400041	0.0032462081398249047
701.	0.	0.	0.00513683456737274	0.003231823147500879
701.9999999999999	0.	0.	0.00509854295220498	0.00321741245818272
703.	0.	0.	0.00506039300808478	0.0032029767420028296
704.	0.	0.	0.005022385473828299	0.0031885166819811614
705.	0.	0.	0.004984521094870419	0.0031740329735169895
705.9999999999999	0.	0.	0.004946800622283015	0.003159526323887063
707.	0.	0.	0.004909224811816947	0.0031449974517491737
708.	0.	0.	0.004871794422970946	0.003130447086652622
709.	0.	0.	0.004834510218085737	0.0031158759685548806
710.	0.	0.	0.004797372961462396	0.003101284847344036
710.9999999999999	0.	0.	0.004760383418506254	0.0030866744823683755
712.	0.	0.	0.004723542354894735	0.0030720456419718583
713.	0.	0.	0.004686850535769803	0.0030573991030361488
714.	0.	0.	0.004650308724953307	0.0030427356505290976
714.9999999999999	0.	0.	0.004613917684186992	0.003028056077059873
716.	0.	0.	0.004577678172394343	0.0030133611824400427
717.	0.	0.	0.00454159094496726	0.002998651773252224
718.	0.	0.	0.0045056567530732256	0.0029839286624242377
719.	0.	0.	0.00446987634298649	0.002969192668810422
719.9999999999999	0.	0.	0.004434250455439395	0.0029544446167790424
721.	0.	0.	0.004398779824998015	0.0029396853358073
722.	0.	0.	0.00436346517945572	0.002924915660081274
723.	0.	0.	0.0043283072392508865	0.002910136428104146
723.9999999999999	0.	0.	0.004293306716903253	0.0028953484823098403
725.	0.	0.	0.004258464316471804	0.0028805526686838706
726.	0.	0.	0.004223780733031773	0.002865749836390351
727.	0.	0.	0.00418925665217232	0.0028509408374060565
727.9999999999999	0.	0.	0.0041548927495126	0.0028361265261602486
728.9999999999999	0.	0.	0.004120689690238	0.002821307759182245
730.	0.	0.	0.0040866481286543875	0.0028064853947542684
731.	0.	0.	0.004052768707760611	0.0027916602925714537
732.	0.	0.	0.004019052058840253	0.002776833313408438
732.9999999999999	0.	0.	0.00398549880106974	0.002762005318792128
734.	0.	0.	0.003952109541144898	0.002747177170680834
735.	0.	0.	0.003918884872924679	0.002732349731150288
736.	0.	0.	0.0038858253770908263	0.0027175238620855127
736.9999999999999	0.	0.	0.003852931620825014	0.0027027004248792973
737.9999999999999	0.	0.	0.0038202041575020338	0.0026878802801372234
739.	0.	0.	0.0037876435263982855	0.0026730642873884166
740.	0.	0.	0.003755250252416449	0.002658253304802992
741.	0.	0.	0.0037230248458253027	0.0026434481889157386
741.9999999999999	0.	0.	0.0036909678020142413	0.0026286497943556935
743.	0.	0.	0.003659079601262822	0.002613858973582127
744.	0.	0.	0.003627360708524325	0.002599076576626326
745.	0.	0.	0.003595811573223745	0.002584303450839906
745.9999999999999	0.	0.	0.0035644326290685947	0.002569540440648488
746.9999999999999	0.	0.	0.0035332242938748287	0.0025547883873120467
748.	0.	0.	0.0035021869694041325	0.002540048128690654
749.	0.	0.	0.003471321041215225	0.0025253204990162994
750.	0.	0.	0.0034406268785271274	0.0025106063286704063
750.9999999999999	0.	0.	0.0034101048340950788	0.002495906443967456
752.	0.	0.	0.0033797552440982034	0.0024812216669439107
753.	0.	0.	0.003349578428038944	0.0024665528151530955
754.	0.	0.	0.003319574688653918	0.002451900701465454
754.9999999999999	0.	0.	0.003289744311836029	0.0024372661338747685
756.	0.	0.	0.0032600875665667536	0.0024226499153092076
757.	0.	0.	0.00323060470486053	0.002408052843448889
758.	0.	0.	0.0032012959617175895	0.002393475710547406
759.	0.	0.	0.0031721615550882607	0.002378919303260116
759.9999999999999	0.	0.	0.0031432016858466104	0.002364384402476904
761.	0.	0.	0.003114416537773141	0.0023498717831601495
762.	0.	0.	0.0030858062775474277	0.002335382214188236
763.	0.	0.	0.003057371054749812	0.002320916458204103
763.9999999999999	0.	0.	0.003029111001870969	0.0023064752714683574
765.	0.	0.	0.003001026234330799	0.0022920594037180737
766.	0.	0.	0.0029731168505056967	0.002277669598030025
767.	0.	0.	0.0029453829317630507	0.002263306590688986
768.	0.	0.	0.002917824542504274	0.002248971111060788
768.9999999999999	0.	0.	0.0028904417302146987	0.002234663881470022
770.	0.	0.	0.002863234525521947	0.002220385617082691
771.	0.	0.	0.0028362029422597836	0.002206137025793064
772.	0.	0.	0.0028093469775402804	0.00219191880811556
772.9999999999999	0.	0.	0.002782666611831777	0.002177731657080661
774.	0.	0.	0.0027561618090434516	0.002163576258135598
775.	0.	0.	0.0027298325166163597	0.002149453289049255
776.	0.	0.	0.002703678665620012	0.0021353634198213083
776.9999999999999	0.	0.	0.002677700170855303	0.0021213073125958067
777.9999999999999	0.	0.	0.0026518969309623757	0.0021072856215787025
779.	0.	0.	0.0026262688285343732	0.0020932989929596233
780.	0.	0.	0.0026008157302361934	0.002079348064837743
781.	0.	0.	0.0025755374869281845	0.002065433467151328
781.9999999999999	0.	0.	0.0025504339337946358	0.0020515558216117453
783.	0.	0.	0.002525504890476969	0.002037715741640738
784.	0.	0.	0.002500750161211118	0.002023913832311874
785.	0.	0.	0.00247616953496956	0.0020101506902956926
785.9999999999999	0.	0.	0.00245176278560697	0.001996426903808298
786.9999999999999	0.	0.	0.002427529672009827	0.001982743052563845
788.	0.	0.	0.0024034699382501387	0.001969099707730308
789.	0.	0.	0.002379583313742068	0.001955497431888966
790.	0.	0.	0.002355869513402512	0.001941936778997079
790.9999999999999	0.	0.	0.002332328237814331	0.0019284182943541187
792.	0.	0.	0.00230895917339324	0.0019149425145711767
793.	0.	0.	0.002285761992557016	0.0019015099675435824
794.	0.	0.	0.0022627363538979483	0.001888121172426852
794.9999999999999	0.	0.	0.0022398819023574565	0.0018747766396156008
795.9999999999999	0.	0.	0.0022171982694033227	0.0018614768707254834
797.	0.	0.	0.0021946850732093314	0.0018482223585782962
798.	0.	0.	0.002172341918836831	0.0018350135871898062
799.	0.	0.	0.0021501683984186085	0.0018218510317606343
799.9999999999999	0.	0.	0.0021281640913443757	0.0018087351586698471
801.	0.	0.	0.0021063285644480883	0.0017956664254712808
802.	0.	0.	0.002084661372196976	0.0017826452808926453
803.	0.	0.	0.002063162056882029	0.0017696721648371963
803.9999999999999	0.	0.	0.002041830148809804	0.001756747508388088
804.9999999999999	0.	0.	0.0020206651664953124	0.0017438717338150664
806.	0.	0.	0.00199966661685681	0.0017310452545838673
807.	0.	0.	0.001978833995410431	0.0017182684753677604
808.	0.	0.	0.0019581667864667024	0.0017055417920617362
808.9999999999999	0.	0.	0.0019376644633273539	0.0016928655917987584
810.	0.	0.	0.0019173264884831832	0.0016802402529683983
811.	0.	0.	0.0018971523138120816	0.0016676661452375376
812.	0.	0.	0.0018771413807779625	0.001655143629573409
812.9999999999999	0.	0.	0.001857293120629501	0.0016426730582685108
814.	0.	0.	0.0018376069546003752	0.0016302547749676953
815.	0.	0.	0.0018180822941078736	0.001617889114697118
816.	0.	0.	0.0017987185409535534	0.0016055764038953408
816.9999999999999	0.	0.	0.0017795150875223303	0.0015933169604459636
817.9999999999999	0.	0.	0.0017604713169828011	0.0015811110937124868
819.	0.	0.	0.0017415866034861643	0.0015689591045745792
820.	0.	0.	0.0017228603123660554	0.0015568612854663087
821.	0.	0.	0.0017042918003373623	0.00154481792041608
821.9999999999999	0.	0.	0.0016858804156950234	0.0015328292850879783
823.	0.	0.	0.0016676254985119588	0.0015208956468248916
824.	0.	0.	0.001649526380837172	0.0015090172646931457
825.	0.	0.	0.00163158238689242	0.0014971943895285887
825.9999999999999	0.	0.	0.0016137928332688675	0.0014854272639841532
826.9999999999999	0.	0.	0.0015961570291227372	0.0014737161225787064
828.	0.	0.	0.0015786742763701114	0.0014620611917474638
829.	0.	0.	0.0015613438698811489	0.0014504626898935475
830.	0.	0.	0.0015441650976732305	0.0014389208274409638
830.9999999999999	0.	0.	0.0015271372411027472	0.0014274358068884821
832.	0.	0.	0.0015102595750568573	0.0014160078228652151
833.	0.	0.	0.0014935313681431685	0.0014046370621868098
834.	0.	0.	0.0014769518828787714	0.0013933237039131777
834.9999999999999	0.	0.	0.0014605203758780352	0.0013820679194069044
835.9999999999999	0.	0.	0.0014442360980392067	0.0013708698723930426
837.	0.	0.	0.0014280982947295659	0.0013597297190195354
838.	0.	0.	0.001412106205969558	0.0013486476079188786
839.	0.	0.	0.001396259066615387	0.001337623680270508
839.9999999999999	0.	0.	0.001380556106540174	0.0013266580698640992
841.	0.	0.	0.001364996550813959	0.0013157509031637086
842.	0.	0.	0.0013495796198816081	0.001304902299372688
843.	0.	0.	0.0013343045297401915	0.001294112370499414
843.9999999999999	0.	0.	0.001319170492113854	0.0012833812214236202
844.9999999999999	0.	0.	0.0013041767146277927	0.001272708949963519
846.	0.	0.	0.0012893224009802977	0.0012620956469435464
847.	0.	0.	0.0012746067511130938	0.0012515413962627061
848.	0.	0.	0.0012600289613806184	0.0012410462749635404
848.9999999999999	0.	0.	0.001245588224716563	0.0012306103533015757
850.	0.	0.	0.0012312837308000484	0.0012202336948154025
851.	0.	0.	0.0012171146662186072	0.0012099163563971233
852.	0.	0.	0.0012030802146307555	0.0011996583883633722
852.9999999999999	0.	0.	0.0011891795569259488	0.001189459834526662
853.9999999999999	0.	0.	0.0011754118713829067	0.0011793207322672156
855.	0.	0.	0.0011617763338263724	0.0011692411126050925
856.	0.	0.	0.0011482721177817742	0.0011592210002727356
857.	0.	0.	0.0011348983946282247	0.001149260413787771
857.9999999999999	0.	0.	0.0011216543337496784	0.001139359365526109
859.	0.	0.	0.0011085391026838679	0.001129517861795299
860.	0.	0.	0.001095551867269928	0.0011197359029081326
861.	0.	0.	0.0010826917917935274	0.0011100134832564893
861.9999999999999	0.	0.	0.001069958039130733	0.0011003505913852298
863.	0.	0.	0.0010573497708892621	0.0010907472100664308
864.	0.	0.	0.0010448661475484279	0.001081203316373599
865.	0.	0.	0.0010325063285968983	0.001071718881756061
865.9999999999999	0.	0.	0.0010202694726682757	0.0010622938721134847
866.9999999999999	0.	0.	0.0010081547376751814	0.0010529282478702873
868.	0.	0.	0.0009961612809413361	0.0010436219640503688
869.	0.	0.	0.0009842882593311543	0.0010343749703515526
870.	0.	0.	0.0009725348293782765	0.0010251872112202406
870.9999999999999	0.	0.	0.0009609001474111927	0.0010160586259259947
872.	0.	0.	0.0009493833696777561	0.00100698914863598
873.	0.	0.	0.0009379836524671874	0.0009979787084894985
874.	0.	0.	0.0009267001522305059	0.0009890272296723176
874.9999999999999	0.	0.	0.000915532025698492	0.000980134631490918
875.9999999999999	0.	0.	0.0009044784299982783	0.0009713008284467077
877.	0.	0.	0.0008935385227677859	0.0009625257303099364
878.	0.	0.	0.0008827114622681017	0.0009538092421936582
879.	0.	0.	0.000871996407493975	0.0009451512646272901
879.9999999999999	0.	0.	0.0008613925182824204	0.0009365516936302276
881.	0.	0.	0.0008508989554194516	0.0009280104207850121
882.	0.	0.	0.0008405148807447451	0.00091952733331047
883.	0.	0.	0.0008302394572546325	0.0009111023141345008
883.9999999999999	0.	0.	0.0008200718492027248	0.0009027352419666445
884.9999999999999	0.	0.	0.0008100112221993661	0.0008944259913704178
886.	0.	0.	0.0008000567433083465	0.0008861744328352898
887.	0.	0.	0.000790207581142455	0.0008779804328484601
888.	0.	0.	0.0007804629059567301	0.0008698438539662263
888.9999999999999	0.	0.	0.0007708218897400298	0.0008617645548851439
890.	0.	0.	0.000761283706304828	0.000853742390512718
891.	0.	0.	0.0007518475313747164	0.0008457772120378886
892.	0.	0.	0.0007425125426707545	0.0008378688670010653
892.9999999999999	0.	0.	0.0007332779199955223	0.0008300171993638081
893.9999999999999	0.	0.	0.0007241428453153989	0.000822222049578147
895.	0.	0.	0.0007151065028413641	0.0008144832546555388
896.	0.	0.	0.0007061680791075709	0.0008068006482353144
897.	0.	0.	0.0006973267630486241	0.0007991740606528657
897.9999999999999	0.	0.	0.0006885817460746104	0.0007916033190073021
899.	0.	0.	0.0006799322221448244	0.0007840882472286638
900.	0.	0.	0.0006713773878395022	0.0007766286661448421
901.	0.	0.	0.0006629164424299643	0.00076922439354784
901.9999999999999	0.	0.	0.0006545485879469369	0.0007618752442597923
902.9999999999999	0.	0.	0.0006462730292473346	0.0007545810301983357
904.	0.	0.	0.0006380889740792881	0.0007473415604416341
905.	0.	0.	0.0006299956331455607	0.0007401566412928683
906.	0.	0.	0.0006219922201652081	0.0007330260763442425
906.9999999999999	0.	0.	0.0006140779519338859	0.0007259496665405256
908.	0.	0.	0.000606252048382125	0.000718927210242062
909.	0.	0.	0.0005985137326325227	0.0007119585032872814
910.	0.	0.	0.0005908622310548705	0.0007050433390547424
910.9999999999999	0.	0.	0.0005832967733202415	0.0006981815085245669
911.9999999999999	0.	0.	0.0005758165924528336	0.0006913728003394472
913.	0.	0.	0.0005684209248810536	0.0006846170008650833
914.	0.	0.	0.0005611090104866923	0.0006779138942500841
914.9999999999999	0.	0.	0.0005538800926524031	0.0006712632624853146
915.9999999999999	0.	0.	0.000546733418308239	0.000664664885462764
917.	0.	0.	0.0005396682379763667	0.0006581185410338096
918.	0.	0.	0.000532683805814367	0.000651624005066962
919.	0.	0.	0.0005257793796571106	0.0006451810515050408
919.9999999999999	0.	0.	0.0005189542210575067	0.000638789452421802
921.	0.	0.	0.0005122075953254527	0.0006324489780780179
922.	0.	0.	0.0005055387715655705	0.0006261593969769631
923.	0.	0.	0.0004989470227138425	0.0006199204759193846
923.9999999999999	0.	0.	0.0004924316255724509	0.0006137319800578378
924.9999999999999	0.	0.	0.00048599186084356393	0.0006075936729505519
926.	0.	0.	0.00047962701316202973	0.0006015053166146136
927.	0.	0.	0.0004733363711262429	0.0005954666715786463
928.	0.	0.	0.0004671192273281467	0.0005894774969348995
928.9999999999999	0.	0.	0.0004609748783820261	0.000583537550390771
930.	0.	0.	0.0004549026249516201	0.0005776465883197287
931.	0.	0.	0.00044890177177681805	0.0005718043658116824
932.	0.	0.	0.00044297162769815903	0.0005660106367227285
932.9999999999999	0.	0.	0.00043711150568098863	0.0005602651537244115
933.9999999999999	0.	0.	0.00043132072283800414	0.0005545676683522729
935.	0.	0.	0.0004255986004508949	0.000548917931053933
936.	0.	0.	0.0004199444639905917	0.0005433156912365521
937.	0.	0.	0.00041435764313674597	0.0005377606973136697
937.9999999999999	0.	0.	0.00040883747179570407	0.0005322526967515445
939.	0.	0.	0.00040338328811789727	0.0005267914361148513
940.	0.	0.	0.0003979944345136912	0.000521376661111821
941.	0.	0.	0.00039267025766865623	0.0005160081166387885
941.9999999999999	0.	0.	0.00038741010855728445	0.0005106855468242025
942.9999999999999	0.	0.	0.0003822133424561843	0.0005054086950720039
944.	0.	0.	0.0003770793189561898	0.0005001773041044581
945.	0.	0.	0.00037200740197311017	0.0004949911160044105
946.	0.	0.	0.00036699695975807366	0.0004898498722569622
946.9999999999999	0.	0.	0.00036204736490655576	0.00048475331379060194
948.	0.	0.	0.0003571579943666562	0.0004797011810176903
949.	0.	0.	0.00035232822944639944	0.0004746932138744672
950.	0.	0.	0.0003475574558201844	0.0004697291518604439
950.9999999999999	0.	0.	0.0003428450635342454	0.0004648087340772299
951.9999999999999	0.	0.	0.0003381904470114772	0.0004599316992668138
953.	0.	0.	0.0003335930050553204	0.000455097785849259
954.	0.	0.	0.0003290521408526586	0.00045030673195987534
954.9999999999999	0.	0.	0.0003245672619760117	0.0004455582754857912
955.9999999999999	0.	0.	0.00032013778038524505	0.0004408521541020194
957.	0.	0.	0.00031576311242791484	0.0004361881053069219
958.	0.	0.	0.00031144267883931456	0.0004315658664571573
959.	0.	0.	0.00030717590474161016	0.0004269851748020865
959.9999999999999	0.	0.	0.00030296221964211894	0.0004224457675176158
960.9999999999999	0.	0.	0.00029880105743121247	0.00041794738173949717
962.	0.	0.	0.0002946918563791065	0.0004134897545961071
963.	0.	0.	0.0002906340591323039	0.0004090726232406893
963.9999999999999	0.	0.	0.0002866271127090851	0.00040469572488305576
964.9999999999999	0.	0.	0.0002826704684946744	0.00040035879682075745
966.	0.	0.	0.00027876358223525167	0.00039606157646974923
967.	0.	0.	0.00027490591403202	0.00039180380139451117
968.	0.	0.	0.00027109692833397097	0.0003875852093376547
968.9999999999999	0.	0.	0.0002673360939305093	0.00038340553824904046
969.9999999999999	0.	0.	0.0002636228839433244	0.00037926452631433953
971.	0.	0.	0.0002599567758176179	0.0003751619119831208
972.	0.	0.	0.0002563372513130172	0.00037109743399642845
972.9999999999999	0.	0.	0.0002527637964935777	0.0003670708314138503
973.9999999999999	0.	0.	0.0002492359017175542	0.00036308184364008196
975.	0.	0.	0.00024575306162656814	0.00035913021045102405
976.	0.	0.	0.000242314775134135	0.0003552156720193673
977.	0.	0.	0.0002389205454139134	0.0003513379689396977
977.9999999999999	0.	0.	0.000235569879887278	0.00034749684225311977
979.	0.	0.	0.00023226229021057262	0.0003436920334714134
980.	0.	0.	0.0002289972922616994	0.0003399232846006873
980.9999999999999	0.	0.	0.00022577440612655847	0.00033619033816460135
982.	0.	0.	0.00022259315608476777	0.0003324929372270916
982.9999999999999	0.	0.	0.00021945307059508798	0.00032883082541465075
983.9999999999999	0.	0.	0.00021635368228050991	0.00032520374693814196
985.	0.	0.	0.0002132945279127731	0.0003216114466141557
985.9999999999999	0.	0.	0.0002102751483966299	0.0003180536698859477
987.	0.	0.	0.0002072950887536238	0.00031453016284387444
988.	0.	0.	0.00020435389810554002	0.00031104067224543895
988.9999999999999	0.	0.	0.0002014511296577111	0.0003075849455348946
990.	0.	0.	0.0001985863406815816	0.00030416273086236647
990.9999999999999	0.	0.	0.00019575909249714348	0.0003007737771026099
992.	0.	0.	0.0001929689504551939	0.00029741783387330744
993.	0.	0.	0.00019021548391901213	0.0002940946515529432
993.9999999999999	0.	0.	0.00018749826624593396	0.00029080398129829215
995.	0.	0.	0.00018481687476847326	0.00028754557506145066
995.9999999999999	0.	0.	0.00018217089077526814	0.00028431918560651404
997.	0.	0.	0.00017955989949174856	0.00028112456652580424
998.	0.	0.	0.00017698349006048725	0.00027796147225572803
998.9999999999999	0.	0.	0.0001744412555213302	0.00027482965809222935
1000.	0.	0.	0.0001719327927913168	0.0002717288802058466