0.	0.	0.	0.	0.
1.	4.721247839900517e-7	7.957719045096383e-7	8.248934135416835e-8	8.263144389474273e-9
2.	2.724050960051039e-8	1.3854250746831325e-6	1.4896863531147446e-7	1.4948330035926296e-8
3.	9.090966526109839e-10	1.8047101128795443e-6	2.0142012852815154e-7	2.0246681317102083e-8
4.	2.3036877375310435e-11	2.0845740471176638e-6	2.416384047437278e-7	2.4331723068978452e-8
5.	4.90574483289616e-13	2.2516513932937685e-6	2.712450788285335e-7	2.7360716500927547e-8
6.	9.238689355727608e-15	2.328726852497399e-6	2.917025007403803e-7	2.9475907967847863e-8
7.	1.5853392694351587e-16	2.3351671018738285e-6	3.0432652812904285e-7	3.0805695610913636e-8
8.	2.527925895961989e-18	2.2873203539887383e-6	3.1029842321667184e-7	3.1465718619956035e-8
9.	3.769966250108028e-20	2.1988833113716064e-6	3.106759266197766e-7	3.1559873623981454e-8
10.	0.	2.0812358749170512e-6	3.0640355795757866e-7	3.118126248143098e-8
11.	0.	1.9437445155469126e-6	2.9832219040631746e-7	3.041307551799282e-8
12.	0.	1.7940356206593247e-6	2.871779438036012e-7	2.932941404661196e-8
13.	0.	1.6382404081014062e-6	2.7363043847554113e-7	2.7996055801340313e-8
14.	0.	1.481213184070499e-6	2.582604496467662e-7	2.6471166723389552e-8
14.999999999999998	0.	1.3267248271232686e-6	2.415770000942875e-7	2.480596235376513e-8
16.	0.	1.1776334247991894e-6	2.2402392661557722e-7	2.3045321911762707e-8
17.	0.	1.0360339859455207e-6	2.0598595389434002e-7	2.1228357972008253e-8
18.	0.	9.03389112016494e-7	1.8779430745966747e-7	1.9388944494241258e-8
18.999999999999996	0.	7.806424437597132e-7	1.69731895641161e-7	1.7556205809319286e-8
20.	0.	6.683166134454704e-7	1.5203808871992046e-7	1.5754969021613317e-8
21.	0.	5.665973333467418e-7	1.3491312185893903e-7	1.4006182151735551e-8
22.	0.	4.754051435306621e-7	1.1852214686251441e-7	1.2327300214077497e-8
23.	0.	3.9445623014637463e-7	1.0299895635900653e-7	1.0732641300629867e-8
24.	0.	3.2331361240575867e-7	8.844940262102864e-8	9.233714625714071e-9
24.999999999999996	0.	2.6142988475830464e-7	7.49545319285336e-8	7.839522375301476e-9
26.	0.	2.0818259217662438e-7	6.25734541398496e-8	6.556837099254545e-9
27.	0.	1.629032123290067e-7	5.1345965960450964e-8	5.390456284846284e-9
28.	0.	1.2490061965873237e-7	4.129494528598628e-8	4.3434356550455746e-9
29.	0.	9.347981363594554e-8	3.242853294193963e-8	3.4173026450635137e-9
29.999999999999996	0.	6.795660705960951e-8	2.474211714449319e-8	2.6122514253153816e-9
31.	0.	4.766889042388159e-8	1.822013506295323e-8	1.927320758041721e-9
32.	0.	3.198501502617274e-8	1.2837704971008495e-8	1.3605558981511267e-9
32.99999999999999	0.	2.0309770561927865e-8	8.562101629553828e-9	9.091556761874835e-10
34.	0.	1.2088372211823013e-8	5.354086745598788e-9	5.696058325079859e-10
35.	0.	6.8088174018328805e-9	3.1691055975082068e-9	3.377996065893109e-10
36.	0.	4.0029231816691415e-9	1.958360204468336e-9	2.0914652369774283e-10
37.	0.	3.2463111688236737e-9	1.6697687454727881e-9	1.7867026278688686e-10
37.99999999999999	0.	4.157567874788766e-9	2.248820298388448e-9	2.4109643427317756e-10
39.	0.	6.396773591958908e-9	3.639333370793323e-9	3.909310441196659e-10
40.	0.	9.663562502576076e-9	5.784126129711427e-9	6.225303713119453e-10
41.	0.	1.3694849910892714e-8	8.625605705044476e-9	9.301629391607437e-10
42.	0.	1.8262339147355844e-8	1.2106283440126138e-8	1.3080642168181291e-9
42.99999999999999	0.	2.3169900415422696e-8	1.616922249053723e-8	1.7504846457893589e-9
44.	0.	2.825089633401637e-8	2.0758423727893517e-8	2.25173154696771e-9
44.99999999999999	0.	3.336551387746804e-8	2.5819155487039955e-8	2.8062054266684905e-9
46.	0.	3.83981495579264e-8	3.1298232301863896e-8	3.408431165209117e-9
47.	0.	4.3254883780955263e-8	3.7144247405250024e-8	4.05308453864454e-9
48.	0.	4.786107110334404e-8	4.330776342152651e-8	4.735014493244573e-9
49.	0.	5.2159065422665425e-8	4.9741465353576256e-8	5.449261563058914e-9
49.99999999999999	0.	5.610609274109384e-8	5.6400279660993604e-8	6.191072793420236e-9
51.	0.	5.967227889897007e-8	6.324146293854251e-8	6.955913507328297e-9
52.	0.	6.283883541308458e-8	7.0224663435332e-8	7.739476227324259e-9
53.	0.	6.5596403142242e-8	7.731195840307966e-8	8.537687042568388e-9
54.	0.	6.794355081605546e-8	8.446787002597538e-8	9.346709689334268e-9
54.99999999999999	0.	6.988542339328549e-8	9.165936246398472e-8	1.0162947592943524e-8
56.	0.	7.143253366750733e-8	9.88558223350568e-8	1.0983044100212199e-8
56.99999999999999	0.	7.259968942639039e-8	1.0602902476896487e-7	1.1803881113712469e-8
58.	0.	7.340504772270511e-8	1.1315308698552581e-7	1.262257632249515e-8
59.	0.	7.386928736630948e-8	1.2020441118197298e-7	1.3436479208307232e-8
59.99999999999999	0.	7.401489054148281e-8	1.2716161835782407e-7	1.4243165991740863e-8
61.	0.	7.386552444509907e-8	1.3400547455971298e-7	1.5040433669076057e-8
62.	0.	7.344551398748074e-8	1.407188108930091e-7	1.5826293277808443e-8
63.	0.	7.277939686440612e-8	1.4728643852085278e-7	1.6598962516916097e-8
64.	0.	7.189155266615419e-8	1.5369505975408914e-7	1.7356857836786276e-8
65.	0.	7.080589811280265e-8	1.5993317622674528e-7	1.8098586103326048e-8
65.99999999999999	0.	6.954564097360045e-8	1.6599099505087637e-7	1.8822935931101647e-8
67.	0.	6.813308572499653e-8	1.7186033375123577e-7	1.9528868771339608e-8
68.	0.	6.65894845127746e-8	1.7753452469379683e-7	2.0215509832233958e-8
69.	0.	6.493492749747475e-8	1.8300831964236743e-7	2.088213890121585e-8
70.	0.	6.318826716979184e-8	1.8827779500375295e-7	2.1528181131594305e-8
70.99999999999999	0.	6.136707171706547e-8	1.9334025825427052e-7	2.2153197849295015e-8
72.	0.	5.948760299764801e-8	1.9819415597765214e-7	2.275687742917667e-8
73.	0.	5.75648151332704e-8	2.0283898388718845e-7	2.3339026284680478e-8
74.	0.	5.561237015748935e-8	2.0727519915227102e-7	2.3899560009252698e-8
75.	0.	5.364266755910286e-8	2.1150413530106058e-7	2.44384947030552e-8
75.99999999999999	0.	5.1666884932357115e-8	2.1552791992726875e-7	2.49559385140019e-8
77.	0.	4.969502729004996e-8	2.19349395388511e-7	2.5452083417968294e-8
78.	0.	4.773598291188049e-8	2.2297204264724176e-7	2.5927197259222857e-8
79.	0.	4.579758388893233e-8	2.2639990837202666e-7	2.6381616068629767e-8
80.	0.	4.388666978702236e-8	2.2963753538674163e-7	2.681573667396373e-8
80.99999999999999	0.	4.200915308796946e-8	2.3268989652814388e-7	2.723000961376098e-8
82.	0.	4.01700852799111e-8	2.3556233194775314e-7	2.762493236346403e-8
83.	0.	3.837372265710919e-8	2.3826048987198592e-7	2.8001042880194734e-8
84.	0.	3.6623591057735985e-8	2.4079027081489445e-7	2.8358913470301397e-8
84.99999999999999	0.	3.492254891645185e-8	2.4315777522038933e-7	2.869914498184312e-8
85.99999999999999	0.	3.327284813870249e-8	2.4536925449527353e-7	2.902236132237992e-8
87.	0.	3.1676192417155826e-8	2.4743106538083177e-7	2.9329204300839517e-8
88.	0.	3.013379270898824e-8	2.493496275989349e-7	2.962032879081455e-8
89.	0.	2.864641967720182e-8	2.511313846979816e-7	2.989639821133663e-8
89.99999999999999	0.	2.7214452971290153e-8	2.527827680153499e-7	3.015808032007413e-8
90.99999999999999	0.	2.5837927283506268e-8	2.543101636654875e-7	3.040604331291379e-8
92.	0.	2.4516575167950302e-8	2.5571988245608347e-7	3.064095222297888e-8
93.	0.	2.324986665192385e-8	2.570181326300603e-7	3.086346561145152e-8
94.	0.	2.203704570330232e-8	2.5821099532641917e-7	3.107423254186511e-8
94.99999999999999	0.	2.0877163645219302e-8	2.593044026500652e-7	3.127388982903441e-8
96.	0.	1.97691096308665e-8	2.6030411823797505e-7	3.146305955329966e-8
97.	0.	1.87116383075588e-8	2.612157202078566e-7	3.164234683044677e-8
98.	0.	1.7703394811051722e-8	2.620445863740232e-7	3.181233782731892e-8
99.	0.	1.6742937239128386e-8	2.6279588161506894e-7	3.197359801293836e-8
99.99999999999999	0.	1.5828756758250498e-8	2.6347454727824804e-7	3.212667063481124e-8
101.	0.	1.495929549911645e-8	2.6408529250613935e-7	3.22720754099832e-8
102.	0.	1.4132962396696677e-8	2.64632587372032e-7	3.2410307420328035e-8
103.	0.	1.334814712828504e-8	2.651206577127204e-7	3.254183620163658e-8
104.	0.	1.2603232299428309e-8	2.6555348154856116e-7	3.266710501602367e-8
104.99999999999999	0.	1.189660402284482e-8	2.659347869835346e-7	3.2786530297336e-8
106.	0.	1.1226661029683866e-8	2.6626805148002473e-7	3.290050125929657e-8
107.	0.	1.0591822446079619e-8	2.6655650240619734e-7	3.300937965632414e-8
108.	0.	9.990534361035744e-9	2.6680311875648705e-7	3.3113499687106315e-8
109.	0.	9.421275304463186e-9	2.670106339488725e-7	3.321316803121572e-8
109.99999999999999	0.	8.882560746802962e-9	2.671815396060223e-7	3.3308664009301874e-8
111.	0.	8.372946724214422e-9	2.6731809023035124e-7	3.340023985758512e-8
112.	0.	7.891032685925295e-9	2.6742230868692795e-7	3.3488121107694956e-8
113.	0.	7.435463653071787e-9	2.6749599241113253e-7	3.357250706309828e-8
113.99999999999999	0.	7.004931771299971e-9	2.675407202620188e-7	3.3653571363710386e-8
114.99999999999999	0.	6.5981773325695484e-9	2.6755785994542097e-7	3.373146263051263e-8
116.	0.	6.2139893350862505e-9	2.67548575934667e-7	3.380630518233061e-8
117.	0.	5.85120564406067e-9	2.675138378202218e-7	3.387819981721765e-8
118.	0.	5.5087128101216865e-9	2.674544290232139e-7	3.394722465120684e-8
118.99999999999999	0.	5.185445596670473e-9	2.6737095581091145e-7	3.401343600745563e-8
119.99999999999999	0.	4.880386262292873e-9	2.6726385655634726e-7	3.4076869349201425e-8
121.	0.	4.59256363950637e-9	2.671334111868798e-7	3.413754025015433e-8
122.	0.	4.321052046644496e-9	2.669797507704797e-7	3.4195445396345e-8
122.99999999999999	0.	4.064970065551375e-9	2.6680286719134326e-7	3.425056361369405e-8
124.	0.	3.823479213934778e-9	2.666026228698422e-7	3.4302856915899525e-8
125.	0.	3.5957825377539626e-9	2.663787604849007e-7	3.4352271567534275e-8
126.	0.	3.3811231458162857e-9	2.661309126597516e-7	3.439873915751884e-8
127.	0.	3.1787827058693416e-9	2.6585861157510707e-7	3.444217767844318e-8
128.	0.	2.988079918852389e-9	2.655612984766868e-7	3.448249260750285e-8
129.	0.	2.808368985582706e-9	2.6523833304629294e-7	3.4519577985028076e-8
130.	0.	2.6390380780497374e-9	2.6488900260906753e-7	3.455331748695716e-8
131.	0.	2.4795078255510437e-9	2.645125311512428e-7	3.458358548775688e-8
131.99999999999997	0.	2.3292298242249642e-9	2.6410808812577036e-7	3.461024811062912e-8
133.	0.	2.1876851770097884e-9	2.63674797025226e-7	3.4633164262047896e-8
134.	0.	2.0543830697272685e-9	2.632117437036918e-7	3.4652186647919554e-8
135.	0.	1.9288593877982965e-9	2.627179844313569e-7	3.466716276887659e-8
136.	0.	1.8106753770882302e-9	2.621925536680048e-7	3.4677935892491e-8
137.	0.	1.6994163514558348e-9	2.616344715427984e-7	3.4684346000316565e-8
138.	0.	1.594690448813041e-9	2.6104275103022525e-7	3.468623070795615e-8
139.	0.	1.49612743683538e-9	2.604164048134972e-7	3.4683426156508465e-8
140.	0.	1.4033775688698933e-9	2.597544518284298e-7	3.4675767873949643e-8
140.99999999999997	0.	1.3161104901243774e-9	2.5905592348234066e-7	3.466309160518088e-8
141.99999999999997	0.	1.2340141937931023e-9	2.583198695438254e-7	3.46452341096289e-8
143.	0.	1.1567940264409463e-9	2.5754536370111293e-7	3.462203392551323e-8
144.	0.	1.084171741698781e-9	2.567315087872423e-7	3.459333209995238e-8
145.	0.	1.0158846010698287e-9	2.5587744167218197e-7	3.4558972884320856e-8
146.	0.	9.516845205030991e-10	2.5498233782282986e-7	3.451880439437014e-8
147.	0.	8.913372612253258e-10	2.540454155326023e-7	3.447267923472406e-8
148.	0.	8.346216632353846e-10	2.530659398238853e-7	3.442045508756643e-8
149.	0.	7.813289197893274e-10	2.520432260271098e-7	3.436199526540425e-8
150.	0.	7.31261891162541e-10	2.509766430407731e-7	3.4297169227866167e-8
150.99999999999997	0.	6.842344559448661e-10	2.4986561627823315e-7	3.4225853062703455e-8
151.99999999999997	0.	6.400708981434446e-10	2.4870963030698744e-7	3.4147929931150866e-8
153.	0.	5.986053283447355e-10	2.4750823118724723e-7	3.406329047796107e-8
154.	0.	5.596811372536957e-10	2.462610285169395e-7	3.39718332064791e-8
155.	0.	5.231504799293172e-10	2.44967697190944e-7	3.387346481922649e-8
156.	0.	4.888737891016814e-10	2.436279788825315e-7	3.3768100524497816e-8
157.	0.	4.567193160018011e-10	2.4224168325577673e-7	3.365566430959703e-8
158.	0.	4.2656269718297206e-10	2.408086889174704e-7	3.353608918132082e-8
159.	0.	3.982865458901244e-10	2.393289441180278e-7	3.340931737444574e-8
160.	0.	3.7178006657511015e-10	2.3780246721049235e-7	3.327530052893835e-8
160.99999999999997	0.	3.469386912343411e-10	2.3622934687735122e-7	3.313399983670931e-8
161.99999999999997	0.	3.2366373630746053e-10	2.3460974213487462e-7	3.298538615875082e-8
163.	0.	3.0186207893033645e-10	2.3294388212492028e-7	3.2829440113547986e-8
164.	0.	2.8144585140899745e-10	2.312320657038056e-7	3.2666152137625515e-8
165.	0.	2.623321528422442e-10	2.294746608387923e-7	3.249552251924513e-8
166.	0.	2.4444277687271586e-10	2.276721038216475e-7	3.23175614061362e-8
167.	0.	2.2770395461454571e-10	2.2582489830961444e-7	3.2132288788286393e-8
168.	0.	2.1204611185744267e-10	2.2393361420358733e-7	3.193973445676376e-8
169.	0.	1.9740363969941657e-10	2.2199888637349757e-7	3.1739937939593784e-8
169.99999999999997	0.	1.8371467781490875e-10	2.200214132404912e-7	3.1532948415675164e-8
170.99999999999997	0.	1.7092090961660208e-10	2.180019552259888e-7	3.131882460781337e-8
171.99999999999997	0.	1.5896736860467787e-10	2.159413330766426e-7	3.109763465581893e-8
173.	0.	1.478022552600131e-10	2.1384042607510612e-7	3.086945597076726e-8
174.	0.	1.373767638547968e-10	2.1170017014557485e-7	3.0634375071402964e-8
175.	0.	1.2764491862205054e-10	2.0952155586325423e-7	3.0392487403720094e-8
176.	0.	1.1856341873254285e-10	2.073056263765539e-7	3.0143897144720336e-8
177.	0.	1.1009149158598185e-10	2.0505347525078934e-7	2.9888716991370094e-8
178.	0.	1.0219075394217384e-10	2.0276624424169057e-7	2.9627067935727993e-8
179.	0.	9.482508045070659e-11	2.004451210070301e-7	2.9359079027237625e-8
179.99999999999997	0.	8.796047917074031e-11	1.980913367643459e-7	2.908488712315116e-8
180.99999999999997	0.	8.156497368973296e-11	1.9570616390249074e-7	2.880463662803445e-8
181.99999999999997	0.	7.560849148035817e-11	1.93290913554293e-7	2.8518479223257945e-8
183.	0.	7.006275816300044e-11	1.908469331379007e-7	2.822657358743946e-8
184.	0.	6.490119733955063e-11	1.8837560387360591e-7	2.7929085108710222e-8
185.	0.	6.009883572128205e-11	1.8587833828266059e-7	2.762618558965088e-8
186.	0.	5.563221324974195e-11	1.8335657767493027e-7	2.7318052945812246e-8
187.	0.	5.147929796020126e-11	1.8081178963117956e-7	2.700487089859736e-8
188.	0.	4.7619405335756855e-11	1.7824546548607776e-7	2.668682866334119e-8
189.	0.	4.4033121916962254e-11	1.7565911781755104e-7	2.6364120633372958e-8
189.99999999999997	0.	4.0702232946875116e-11	1.7305427794770655e-7	2.6036946060801053e-8
190.99999999999997	0.	3.760965384619842e-11	1.7043249346073027e-7	2.57055087348035e-8
192.	0.	3.473936532476351e-11	1.677953257421996e-7	2.5370016658076265e-8
193.	0.	3.2076351936007125e-11	1.651443475446261e-7	2.5030681722163345e-8
194.	0.	2.9606543908477606e-11	1.6248114058360492e-7	2.4687719382339177e-8
195.	0.	2.7316762085954943e-11	1.598072931682799e-7	2.4341348332627093e-8
196.	0.	2.5194665815317492e-11	1.5712439787035257e-7	2.3991790181627488e-8
197.	0.	2.3228703642143448e-11	1.5443404923492224e-7	2.363926912969991e-8
198.	0.	2.1408066663678143e-11	1.5173784153644916e-7	2.3284011648054173e-8
198.99999999999997	0.	1.972264441618598e-11	1.4903736658305576e-7	2.2926246160305027e-8
199.99999999999997	0.	1.8162983157186393e-11	1.4633421157198403e-7	2.2566202726994998e-8
200.99999999999997	0.	1.672024643727253e-11	1.4362995699864385e-7	2.220411273354024e-8
202.	0.	1.5386177829237243e-11	1.4092617462177986e-7	2.1840208582077616e-8
203.	0.	1.4153065723381968e-11	1.3822442548697972e-7	2.1474723387653677e-8
204.	0.	1.3013710073317577e-11	1.3552625801021826e-7	2.1107890679121554e-8
205.	0.	1.1961390994882455e-11	1.328332061235444e-7	2.0739944105183973e-8
206.	0.	1.0989839131757312e-11	1.301467874840864e-7	2.037111714588259e-8
207.	0.	1.0093207687487523e-11	1.2746850174797645e-7	2.000164282990645e-8
208.	0.	9.266046047741913e-12	1.2479982891035757e-7	1.9631753458030235e-8
208.99999999999997	0.	8.503274906801719e-12	1.221422277122155e-7	1.9261680332932704e-8
209.99999999999997	0.	7.80016281995596e-12	1.194971341152713e-7	1.8891653495727515e-8
210.99999999999997	0.	7.152304113818435e-12	1.1686595984503411e-7	1.8521901469365143e-8
212.	0.	6.555598073950268e-12	1.1425009100304952e-7	1.815265100921539e-8
213.	0.	6.006229355842466e-12	1.116508867482851e-7	1.7784126860971605e-8
214.	0.	5.500649542302684e-12	1.0906967804807647e-7	1.7416551526096235e-8
215.	0.	5.035559795786584e-12	1.0650776649842807e-7	1.7050145034930875e-8
216.	0.	4.607894543686531e-12	1.0396642321380499e-7	1.6685124727649986e-8
217.	0.	4.214806138139031e-12	1.0144688778619861e-7	1.6321705043183666e-8
218.	0.	3.853650446434556e-12	9.895036731289931e-8	1.5960097316179843e-8
218.99999999999997	0.	3.5219733125152084e-12	9.647803549272623e-8	1.560050958212833e-8
219.99999999999997	0.	3.2174978453161798e-12	9.40310317900395e-8	1.5243146390701616e-8
220.99999999999997	0.	2.9381124920270796e-12	9.161046066605335e-8	1.4888208627398731e-8
222.	0.	2.6818598466649156e-12	8.921739087631871e-8	1.4535893343473874e-8
223.	0.	2.4469261562556242e-12	8.685285483393146e-8	1.4186393594241771e-8
224.	0.	2.2316314854527727e-12	8.451784803719299e-8	1.3839898285717373e-8
225.	0.	2.034420502384299e-12	8.221332856101897e-8	1.3496592029638638e-8
226.	0.	1.8538538468329484e-12	7.994021661057599e-8	1.3156655006787044e-8
227.	0.	1.6886000533751581e-12	7.769939413647551e-8	1.2820262838657685e-8
227.99999999999997	0.	1.5374279926573327e-12	7.54917045098591e-8	1.2487586467366345e-8
228.99999999999997	0.	1.3991998007354569e-12	7.331795225644225e-8	1.2158792043799139e-8
229.99999999999997	0.	1.272864271837461e-12	7.117890284775501e-8	1.1834040823871422e-8
230.99999999999997	0.	1.1574506816411222e-12	6.907528254884473e-8	1.1513489072930335e-8
232.	0.	1.052063019015876e-12	6.700777832020925e-8	1.1197287978084555e-8
233.	0.	9.558746018246405e-13	6.497703777301969e-8	1.0885583568455878e-8
234.	0.	8.681230508387291e-13	6.298366917623078e-8	1.0578516643268431e-8
235.	0.	7.881056031686964e-13	6.102824151338676e-8	1.0276222707555615e-8
236.	0.	7.151747409153876e-13	5.911128458822769e-8	9.978831915478414e-9
237.	0.	6.487341190878353e-13	5.723328917728022e-8	9.68646902109127e-9
237.99999999999997	0.	5.882347716337504e-13	5.539470722763941e-8	9.39925333639181e-9
238.99999999999997	0.	5.33171580057157e-13	5.359595209857485e-8	9.117298696558251e-9
239.99999999999997	0.	4.830799847375751e-13	5.183739884517027e-8	8.840713432203669e-9
240.99999999999997	0.	4.3753292802685695e-13	5.0119384542486675e-8	8.569600348519197e-9
242.	0.	3.961380110612374e-13	4.844220864847818e-8	8.304056711130543e-9
243.	0.	3.585348513663594e-13	4.680613340399866e-8	8.044174238505769e-9
244.	0.	3.2439262801350616e-13	4.521138426839181e-8	7.790039100775182e-9
245.	0.	2.9340780310821744e-13	4.3658150388909726e-8	7.541731924777154e-9
245.99999999999997	0.	2.6530200608839286e-13	4.214658510235812e-8	7.299327805165843e-9
247.	0.	2.398200728512076e-13	4.067680646711749e-8	7.0628963213690185e-9
248.	0.	2.1672822512377764e-13	3.924889782459078e-8	6.832501560336111e-9
248.99999999999997	0.	1.9581238516687134e-13	3.786290838740507e-8	6.60820214471352e-9
250.	0.	1.7687661471030802e-13	3.651885385383066e-8	6.390051266449949e-9
250.99999999999997	0.	1.5974166773896947e-13	3.52167170461192e-8	6.178096725524441e-9
252.	0.	1.4424365312956607e-13	3.395644857162963e-8	5.972380973688059e-9
252.99999999999997	0.	1.3023279665088153e-13	3.273796750488669e-8	5.772941162979505e-9
254.	0.	1.1757229613825956e-13	3.15611620893849e-8	5.5798091988873856e-9
254.99999999999997	0.	1.0613726443794159e-13	3.0425890457267145e-8	5.393011797907074e-9
256.	0.	9.58137523864113e-14	2.933198136586327e-8	5.212570549386758e-9
257.	0.	8.649784672580542e-14	2.8279234949209072e-8	5.0385019813999346e-9
258.	0.	7.809483812366716e-14	2.726742348346368e-8	4.870817630518234e-9
259.	0.	7.051845357360871e-14	2.6296292164634316e-8	4.709524115263877e-9
260.	0.	6.369014865655174e-14	2.5365559897550828e-8	4.554623213111855e-9
261.	0.	5.753845611950318e-14	2.447492009417321e-8	4.406111940753823e-9
262.	0.	5.1998384622072246e-14	2.3624041480819262e-8	4.263982637600689e-9
263.	0.	4.701086706457102e-14	2.281256891222923e-8	4.128223052197609e-9
263.99999999999994	0.	4.2522251241288686e-14	2.204012419169026e-8	3.998816431454807e-9
265.	0.	3.848383303793132e-14	2.130630689606105e-8	3.875741612525459e-9
266.	0.	3.485142634073272e-14	2.061069520421145e-8	3.7589731170986724e-9
267.	0.	3.158496867508071e-14	1.9952846728131694e-8	3.6484812480055776e-9
268.	0.	2.86481586295859e-14	1.9332299345361124e-8	3.5442321879231297e-9
269.	0.	2.6008123286532846e-14	1.874857203183888e-8	3.4461881000385382e-9
270.	0.	2.3635113705954022e-14	1.8201165694181393e-8	3.35430723051612e-9
271.	0.	2.150222484849809e-14	1.768956400003798e-8	3.268544012539327e-9
272.	0.	1.958514019398757e-14	1.7213234206359357e-8	3.1888491719149273e-9
272.99999999999994	0.	1.7861896598180955e-14	1.6771627983668963e-8	3.115169833901732e-9
274.	0.	1.631267040089044e-14	1.6364182236410997e-8	3.0474496312883066e-9
274.99999999999994	0.	1.4919580705818042e-14	1.599031991785579e-8	2.9856288134470573e-9
276.	0.	1.3666510519817717e-14	1.564945083911601e-8	2.9296443562867984e-9
277.	0.	1.2538942466060208e-14	1.5340972471380005e-8	2.8794300729404446e-9
278.	0.	1.1523809447043649e-14	1.5064270740636264e-8	2.8349167250521034e-9
279.	0.	1.0609358259642482e-14	1.4818720814285481e-8	2.796032134548307e-9
280.	0.	9.785025007103774e-15	1.4603687878812393e-8	2.762701295732882e-9
281.	0.	9.04132167725571e-15	1.4418527908012975e-8	2.734846487603024e-9
281.99999999999994	0.	8.369732906010059e-15	1.4262588421053387e-8	2.7123873862400895e-9
283.	0.	7.762621959346045e-15	1.4135209230053746e-8	2.6952411772050636e-9
283.99999999999994	0.	7.213145253932536e-15	1.4035723176326442e-8	2.6833226677593595e-9
285.	0.	6.715174563471249e-15	1.39634568550809e-8	2.6765443988585996e-9
286.	0.	6.263226559549122e-15	1.3917731327751489e-8	2.674816756740078e-9
287.	0.	5.8523984785338686e-15	1.3897862821917202e-8	2.678048084077183e-9
288.	0.	5.4783101613029336e-15	1.3903163418285663e-8	2.686144790577789e-9
289.	0.	5.137051225923606e-15	1.393294172393598e-8	2.699011462847236e-9
290.	0.	4.825133594631516e-15	1.3986503532364863e-8	2.716550973594906e-9
291.	0.	4.5394478428437785e-15	1.4063152468987218e-8	2.7386645898965546e-9
292.	0.	4.2772245355129904e-15	1.4162190622485816e-8	2.765252080559017e-9
292.99999999999994	0.	4.035998544820712e-15	1.4282919161706309e-8	2.7962118224981943e-9
294.	0.	3.813577478933717e-15	1.4424638937437745e-8	2.8314409059696994e-9
294.99999999999994	0.	3.608012647083086e-15	1.4586651069159469e-8	2.870835238634013e-9
296.	0.	3.4175731593712805e-15	1.4768257516756103e-8	2.9142896484221503e-9
297.	0.	3.240722590495503e-15	1.496876163654148e-8	2.9616979850366406e-9
298.	0.	3.0760979457811462e-15	1.518746872177871e-8	3.012953220087063e-9
299.	0.	2.92249067986873e-15	1.5423686527686156e-8	3.0679475458204685e-9
300.	0.	2.778829668666744e-15	1.5676725780359232e-8	3.126572472294611e-9
301.	0.	2.6441659962834543e-15	1.594590067018188e-8	3.1887189230676964e-9
301.99999999999994	0.	2.5176593661961806e-15	1.6230529328989824e-8	3.254277329217257e-9
303.	0.	2.39856557124594e-15	1.652993429148726e-8	3.323137721746073e-9
303.99999999999994	0.	2.2862257895859747e-15	1.6843442940710926e-8	3.3951898222919477e-9
305.	0.	2.1800566692277576e-15	1.7170387937385705e-8	3.4703231320669115e-9
306.	0.	2.079541457420107e-15	1.751010763349665e-8	3.5484270190473686e-9
307.	0.	1.984222524222897e-15	1.7861946469956366e-8	3.629390803346919e-9
308.	0.	1.893693905349341e-15	1.822525535827811e-8	3.7131038407088906e-9
309.	0.	1.8075956118774977e-15	1.8599392046660252e-8	3.799455604155582e-9
310.	0.	1.7256078279911687e-15	1.898372147034755e-8	3.888335763721917e-9
310.99999999999994	0.	1.64744592327283e-15	1.9377616086326878e-8	3.979634264239181e-9
312.	0.	1.5728564771418368e-15	1.9780456192711505e-8	4.073241401195351e-9
312.99999999999994	0.	1.5016133687006182e-15	2.0191630232668616e-8	4.1690478945962825e-9
314.	0.	1.4335139122525913e-15	2.061053508318155e-8	4.266944960841e-9
314.99999999999994	0.	1.368376631156524e-15	2.1036576328896827e-8	4.36682438261657e-9
316.	0.	1.3060379548503905e-15	2.1469168520953326e-8	4.46857857674498e-9
317.	0.	1.2463503267123746e-15	2.1907735421236246e-8	4.572100660027109e-9
318.	0.	1.1891799728836082e-15	2.2351710232018918e-8	4.677284513029919e-9
319.	0.	1.134405373129656e-15	2.2800535811412665e-8	4.784024841858032e-9
320.	0.	1.0819150522970183e-15	2.3253664874665623e-8	4.892217237872344e-9
321.	0.	1.0316072550743958e-15	2.371056018156403e-8	5.001758235362727e-9
321.99999999999994	0.	9.833877203763813e-16	2.417069471027507e-8	5.112545367200447e-9
323.	0.	9.371692246269863e-16	2.4633551817512406e-8	5.224477218399723e-9
323.99999999999994	0.	8.92870774951227e-16	2.50986253858211e-8	5.337453477711398e-9
325.	0.	8.504164862658186e-16	2.556541995777545e-8	5.451374987160822e-9
326.	0.	8.097351984468844e-16	2.6033450857316175e-8	5.5661437895329495e-9
327.	0.	7.707593466175987e-16	2.6502244298857235e-8	5.6816631738948575e-9
328.	0.	7.334254752034074e-16	2.6971337484252348e-8	5.797837719131853e-9
329.	0.	6.976729968636248e-16	2.744027868750505e-8	5.914573335428847e-9
330.	0.	6.6344416443308435e-16	2.7908627328221077e-8	6.031777303868539e-9
330.99999999999994	0.	6.306832147921365e-16	2.837595403336287e-8	6.149358314010061e-9
332.	0.	5.993375009845292e-16	2.8841840688031635e-8	6.267226499562563e-9
332.99999999999994	0.	5.693553750624754e-16	2.9305880475486967e-8	6.385293472158588e-9
334.	0.	5.406876906926077e-16	2.9767677906392178e-8	6.503472353184178e-9
335.	0.	5.132866477406442e-16	3.022684883796472e-8	6.621677803773513e-9
336.	0.	4.871060434069453e-16	3.068302048311809e-8	6.7398260529481365e-9
337.	0.	4.621011348503081e-16	3.113583140975068e-8	6.857834923896088e-9
338.	0.	4.382282355889576e-16	3.158493153080637e-8	6.975623858490169e-9
339.	0.	4.154453575631504e-16	3.2029982084970815e-8	7.093113939978397e-9
339.99999999999994	0.	3.9371110532196474e-16	3.2470655608756954e-8	7.210227913976255e-9
341.	0.	3.7298598225403475e-16	3.290663589982147e-8	7.326890207690427e-9
341.99999999999994	0.	3.5323113708965385e-16	3.3337617971999084e-8	7.443026947446459e-9
343.	0.	3.3440877717159417e-16	3.3763308002475674e-8	7.55856597458011e-9
343.99999999999994	0.	3.1648236651390625e-16	3.418342327113664e-8	7.673436859667061e-9
345.	0.	2.994161385027558e-16	3.4597692092386265e-8	7.787570915124396e-9
346.	0.	2.8317582977747053e-16	3.5005853739991645e-8	7.900901206275686e-9
347.	0.	2.677276377029652e-16	3.540765836483066e-8	8.013362560822008e-9
348.	0.	2.530388516562817e-16	3.580286690623295e-8	8.124891576843458e-9
349.	0.	2.3907780724743813e-16	3.619125099675057e-8	8.23542662926487e-9
350.	0.	2.258142673934343e-16	3.6572592861102305e-8	8.344907874925548e-9
350.99999999999994	0.	2.132180955295951e-16	3.69466852090319e-8	8.45327725616615e-9
352.	0.	2.0126046901338737e-16	3.7313331122885986e-8	8.560478503088868e-9
352.99999999999994	0.	1.8991367433503388e-16	3.767234393976335e-8	8.666457134431365e-9
354.	0.	1.7915084072086714e-16	3.8023547128617124e-8	8.771160457115583e-9
355.	0.	1.6894587080660245e-16	3.8366774162732284e-8	8.874537564544441e-9
356.	0.	1.5927333180141677e-16	3.870186838754146e-8	8.97653933361366e-9
357.	0.	1.5010938200940287e-16	3.902868288423202e-8	9.077118420520505e-9
358.	0.	1.414302973062694e-16	3.9347080329315194e-8	9.17622925538646e-9
359.	0.	1.3321332483739355e-16	3.965693285040196e-8	9.27382803572952e-9
359.99999999999994	0.	1.254373124492744e-16	3.9958121878437456e-8	9.369872718824033e-9
361.	0.	1.1808079504049954e-16	4.025053799665777e-8	9.46432301298978e-9
361.99999999999994	0.	1.1112394590145943e-16	4.053408078624528e-8	9.557140367785824e-9
363.	0.	1.045471511334637e-16	4.0808658669487624e-8	9.648287963279574e-9
363.99999999999994	0.	9.833242170587486e-17	4.107418874988334e-8	9.737730698243291e-9
365.	0.	9.246097377464966e-17	4.133059665006884e-8	9.825435177466765e-9
366.	0.	8.691672270969829e-17	4.157781634743046e-8	9.911369698138887e-9
367.	0.	8.168259051344254e-17	4.181579000766598e-8	9.995504235345406e-9
368.	0.	7.674279281073582e-17	4.2044467816567014e-8	1.0077810426733056e-8
368.99999999999994	0.	7.208306591915741e-17	4.2263807810133196e-8	1.0158261556353029e-8
370.	0.	6.768830997731718e-17	4.247377570331741e-8	1.0236832537742594e-8
370.99999999999994	0.	6.35449440293519e-17	4.267434471736244e-8	1.0313499896223045e-8
372.	0.	5.964012033469735e-17	4.2865495406255765e-8	1.0388241750529368e-8
372.99999999999994	0.	5.596086657274963e-17	4.3047215482184914e-8	1.0461037793732761e-8
374.	0.	5.249552853949766e-17	4.3219499640250065e-8	1.0531869273507954e-8
375.	0.	4.9232565398858805e-17	4.3382349382655286e-8	1.0600718971789609e-8
376.	0.	4.6161329873833946e-17	4.353577284249749e-8	1.0667571183838389e-8
377.	0.	4.327079270197104e-17	4.367978460737635e-8	1.0732411696763292e-8
378.	0.	4.055206924201598e-17	4.381440554274513e-8	1.0795227767473132e-8
379.	0.	3.7994664629837214e-17	4.393966261554808e-8	1.0856008100184406e-8
379.99999999999994	0.	3.559042243681257e-17	4.405558871789519e-8	1.0914742823418709e-8
381.	0.	3.333078119302436e-17	4.416222249113957e-8	1.0971423466573715e-8
381.99999999999994	0.	3.120717146396222e-17	4.4259608150475484e-8	1.1026042936092965e-8
383.	0.	2.9212551186866267e-17	4.434779530999625e-8	1.107859549121443e-8
384.	0.	2.733926865059146e-17	4.442683880870794e-8	1.1129076719418334e-8
385.	0.	2.5580209757714987e-17	4.4496798537146585e-8	1.1177483511482896e-8
386.	0.	2.3929242671562304e-17	4.455773926519953e-8	1.1223814036296219e-8
387.	0.	2.238013791232212e-17	4.460973047076488e-8	1.1268067715330446e-8
388.	0.	2.0926594199830708e-17	4.465284616982307e-8	1.1310245196920893e-8
388.99999999999994	0.	1.9563441726552544e-17	4.468716474757147e-8	1.135034833026204e-8
390.	0.	1.8285133383930356e-17	4.471276879117929e-8	1.138838013926042e-8
390.99999999999994	0.	1.7086949608941e-17	4.4729744923753614e-8	1.1424344796141203e-8
392.	0.	1.5963847861051223e-17	4.47381836401316e-8	1.1458247594965154e-8
392.99999999999994	0.	1.491168552039848e-17	4.4738179144104174e-8	1.1490094924957154e-8
394.	0.	1.3926456990062748e-17	4.472982918753119e-8	1.1519894243764819e-8
395.	0.	1.3003082016494172e-17	4.4713234911141695e-8	1.154765405059695e-8
396.	0.	1.2139109352886913e-17	4.468850068731644e-8	1.1573383859320204e-8
397.	0.	1.1330239164846417e-17	4.465573396471222e-8	1.1597094171481257e-8
397.99999999999994	0.	1.0572789493406805e-17	4.461504511503023e-8	1.1618796449335308e-8
399.	0.	9.864575666705406e-18	4.4566547281755824e-8	1.1638503088840614e-8
399.99999999999994	0.	9.201994068382468e-18	4.451035623104491e-8	1.1656227392668086e-8
401.	0.	8.582125517200664e-18	4.4446590204862564e-8	1.1671983543258153e-8
401.99999999999994	0.	8.002766994634795e-18	4.437536977626693e-8	1.1685786575901967e-8
403.	0.	7.461162908455918e-18	4.4296817707072996e-8	1.169765235191325e-8
404.	0.	6.954867408024833e-18	4.421105880777083e-8	1.170759753186375e-8
405.	0.	6.481761006381182e-18	4.411821979984181e-8	1.1715639548925458e-8
406.	0.	6.040066456310132e-18	4.401842918052015e-8	1.172179658233864e-8
407.	0.	5.627036104556006e-18	4.391181708985635e-8	1.1726087530973788e-8
408.	0.	5.24160141077578e-18	4.3798515180456976e-8	1.1728531987093744e-8
408.99999999999994	0.	4.881738947404106e-18	4.367865648956718e-8	1.172915021023434e-8
410.	0.	4.545798544697916e-18	4.3552375313705166e-8	1.1727963101266095e-8
410.99999999999994	0.	4.232516933947139e-18	4.341980708590844e-8	1.1724992176661041e-8
412.	0.	3.9396706570874225e-18	4.328108825544621e-8	1.1720259542932714e-8
412.99999999999994	0.	3.666790150645183e-18	4.3136356170212354e-8	1.171378787131536e-8
414.	0.	3.4124582036665676e-18	4.298574896164189e-8	1.1705600372647978e-8
415.	0.	3.1752105346953365e-18	4.282940543225169e-8	1.1695720772498352e-8
416.	0.	2.9535380122530067e-18	4.266746494580038e-8	1.168417328653481e-8
417.	0.	2.7472766409276853e-18	4.2500067320100323e-8	1.1670982596162759e-8
417.99999999999994	0.	2.554849463054387e-18	4.2327352722383717e-8	1.1656173824408685e-8
419.	0.	2.3755721715695675e-18	4.21494615674136e-8	1.1639772512112066e-8
419.99999999999994	0.	2.208736145029169e-18	4.196653441802474e-8	1.1621804594348537e-8
421.	0.	2.053140612831129e-18	4.1778711888548755e-8	1.160229637721799e-8
421.99999999999994	0.	1.9084977917006795e-18	4.1586134550612446e-8	1.1581274514866486e-8
423.	0.	1.773561293688878e-18	4.138894284173438e-8	1.1558765986868702e-8
424.	0.	1.6480059362040472e-18	4.11872769764077e-8	1.1534798075893926e-8
425.	0.	1.5310189669160474e-18	4.0981276859853966e-8	1.1509398345717012e-8
426.	0.	1.4222458468361105e-18	4.07710820043204e-8	1.1482594619547921e-8
426.99999999999994	0.	1.320843574528584e-18	4.0556831447929465e-8	1.1454414958692661e-8
428.	0.	1.2264316019436018e-18	4.03386636761494e-8	1.1424887641574197e-8
428.99999999999994	0.	1.1390982755433834e-18	4.011671654575369e-8	1.1394041143086881e-8
430.	0.	1.0574863633192927e-18	3.9891127211292065e-8	1.1361904114300039e-8
430.99999999999994	0.	9.816646551850452e-19	3.9662032054085904e-8	1.1328505362524593e-8
432.	0.	9.112156068506707e-19	3.9429566613702314e-8	1.1293873831740155e-8
432.99999999999994	0.	8.4571386937707845e-19	3.919386552189019e-8	1.125803858338754e-8
434.	0.	7.847268599364259e-19	3.895506243888532e-8	1.1221028777510105e-8
435.	0.	7.278153276032347e-19	3.8713289992237245e-8	1.1182873654298299e-8
436.	0.	6.755037680340685e-19	3.846867971793329e-8	1.1143602515982576e-8
437.	0.	6.263739484764917e-19	3.822136200387962e-8	1.1103244709102213e-8
437.99999999999994	0.	5.809419275110264e-19	3.797146603574077e-8	1.1061829607160395e-8
439.	0.	5.387502021736279e-19	3.771911974510661e-8	1.1019386593666688e-8
439.99999999999994	0.	4.99823889840592e-19	3.7464449759818535e-8	1.0975945045528402e-8
441.	0.	4.632106513824299e-19	3.7207581356687023e-8	1.093153431686771e-8
441.99999999999994	0.	4.294167576324396e-19	3.6948638416279516e-8	1.0886183723181725e-8
443.	0.	3.979715738767719e-19	3.6687743379944e-8	1.0839922525902944e-8
444.	0.	3.688900213310539e-19	3.642501720900022e-8	1.0792779917350496e-8
445.	0.	3.416966086658269e-19	3.61605793459749e-8	1.0744785006045533e-8
446.	0.	3.1689158029712717e-19	3.589454767797375e-8	1.0695966802427737e-8
446.99999999999994	0.	2.935069916883487e-19	3.562703850204529e-8	1.0646354204939838e-8
448.	0.	2.7204042391329376e-19	3.535816649261127e-8	1.0595975986512008e-8
448.99999999999994	0.	2.5201008161749668e-19	3.508804467079271e-8	1.0544860781404632e-8
450.	0.	2.3342228902597667e-19	3.4816784375707615e-8	1.0493037072441686e-8
450.99999999999994	0.	2.162824780478651e-19	3.454449523770005e-8	1.0440533178631945e-8
452.	0.	2.0010595066035418e-19	3.427128515336621e-8	1.0387377243147231e-8
453.	0.	1.8538589188165814e-19	3.399726026246441e-8	1.033359722169267e-8
454.	0.	1.716363030413586e-19	3.372252492657223e-8	1.0279220871237087e-8
455.	0.	1.588599395811027e-19	3.344718170950379e-8	1.0224275739116362e-8
455.99999999999994	0.	1.4705899781801549e-19	3.317133135947727e-8	1.01687891525154e-8
457.	0.	1.3623512895753676e-19	3.28950727928977e-8	1.0112788208296967e-8
457.99999999999994	0.	1.2590146329566844e-19	3.261850307984318e-8	1.0056299763212281e-8
459.	0.	1.1654728468021566e-19	3.2341717431083276e-8	9.99935042445015e-9
459.99999999999994	0.	1.0768553974185869e-19	3.206480918674238e-8	9.941966540567111e-9
461.	0.	9.980404768117321e-20	3.178786980641283e-8	9.884174192747494e-9
461.99999999999994	0.	9.241576211904608e-20	3.151098886080505e-8	9.825999186427696e-9
463.	0.	8.55210260401007e-20	3.1234254024850314e-8	9.767467043267575e-9
464.	0.	7.911993396132034e-20	3.0957751072160796e-8	9.708602993446498e-9
465.	0.	7.321233977932551e-20	3.0681563870935416e-8	9.649431968319909e-9
466.	0.	6.779786474404936e-20	3.0405774381190226e-8	9.589978593406024e-9
466.99999999999994	0.	6.239224473755396e-20	3.0130462653248506e-8	9.530267181690285e-9
468.	0.	5.796262069331291e-20	2.98557068275478e-8	9.470321727272355e-9
468.99999999999994	0.	5.3541339156453864e-20	2.9581583135629836e-8	9.410165899321296e-9
470.	0.	4.9610916322105765e-20	2.93081659023922e-8	9.349823036370873e-9
470.99999999999994	0.	4.568907525394367e-20	2.903552754939209e-8	9.28931614089539e-9
472.	0.	4.225672331661441e-20	2.876373859939811e-8	9.228667874235489e-9
473.	0.	3.883281492725853e-20	2.8492867681890186e-8	9.16790055178499e-9
474.	0.	3.589656033003142e-20	2.8222981539757218e-8	9.107036138525072e-9
475.	0.	3.344606486386907e-20	2.795414503685448e-8	9.046096244804095e-9
475.99999999999994	0.	3.1002316600334495e-20	2.7686421166675566e-8	8.985102122451363e-9
477.	0.	2.8565703509698324e-20	2.7419871061890714e-8	8.924074661150812e-9
477.99999999999994	0.	2.6136595942453718e-20	2.7154554004828992e-8	8.863034385105828e-9
479.	0.	2.418965352245463e-20	2.6890527438824308e-8	8.80200144997534e-9
479.99999999999994	0.	2.272244315798849e-20	2.6627846980423996e-8	8.74099564008631e-9
481.	0.	2.0787519342733225e-20	2.63665664323982e-8	8.680036365908303e-9
481.99999999999994	0.	1.9330925271291685e-20	2.6106737797536123e-8	8.619142661790903e-9
483.	0.	1.787946349956466e-20	2.5848411293185502e-8	8.55833318395523e-9
484.	0.	1.643331017829462e-20	2.5591635366520988e-8	8.497626208739838e-9
484.99999999999994	0.	1.4992630830089727e-20	2.5336456710489402e-8	8.437039631089136e-9
486.	0.	1.4025083136433633e-20	2.50829202804108e-8	8.37659096328214e-9
486.99999999999994	0.	1.3061249496203039e-20	2.4831069311221423e-8	8.316297333901675e-9
488.	0.	1.2101228385960317e-20	2.4580945335303457e-8	8.25617548703064e-9
488.99999999999994	0.	1.1145111231287913e-20	2.4332588200874675e-8	8.196241781670469e-9
490.	0.	1.0192982430045157e-20	2.4086036090932927e-8	8.13651219138504e-9
491.	0.	9.244919379504775e-21	2.3841325542706062e-8	8.077002304156805e-9
491.99999999999994	0.	8.762158757699826e-21	2.3598491467584033e-8	8.017727322452539e-9
492.99999999999994	0.	7.82134438769528e-21	2.3357567171513396e-8	7.958702063494996e-9
494.	0.	7.343764996353286e-21	2.3118584375825134e-8	7.89994095973506e-9
495.	0.	6.86828680715717e-21	2.288157323845596e-8	7.841458059514491e-9
496.	0.	6.394938843425576e-21	2.2646562375550523e-8	7.78326702791813e-9
496.99999999999994	0.	5.923746699830467e-21	2.241357888344051e-8	7.725381147818309e-9
497.99999999999994	0.	5.454732566022284e-21	2.2182648360919234e-8	7.667813321086327e-9
499.	0.	4.987915251935779e-21	2.1953794931855108e-8	7.610576069989358e-9
500.	0.	4.523310214717204e-21	2.172704126805504e-8	7.553681538745086e-9
500.99999999999994	0.	4.060929587248077e-21	2.1502408612419757e-8	7.497141495251518e-9
501.99999999999994	0.	4.0508799842366155e-21	2.1279916802313895e-8	7.4409673329681806e-9
503.	0.	3.5918556041839884e-21	2.1059584293174793e-8	7.385170072959541e-9
504.	0.	3.1350739817403907e-21	2.0841428182273783e-8	7.329760366072989e-9
505.	0.	3.127290892246504e-21	2.062546423270023e-8	7.27474849527888e-9
505.99999999999994	0.	2.6738826926233927e-21	2.0411706897480972e-8	7.2201443781439725e-9
506.99999999999994	0.	2.6672537979574668e-21	2.020016934379354e-8	7.165957569425637e-9
508.	0.	2.21721076675349e-21	1.9990863477385846e-8	7.112197263829191e-9
509.	0.	2.211737136281347e-21	1.978379996697598e-8	7.058872298850004e-9
509.99999999999994	0.	2.2062943186903602e-21	1.957898826882666e-8	7.005991157770812e-9
510.99999999999994	0.	1.7607087863334064e-21	1.9376436651325632e-8	6.953561972757011e-9
512.	0.	1.756412603282038e-21	1.917615221962934e-8	6.901592528070814e-9
513.	0.	1.7521497701621943e-21	1.8978140940325263e-8	6.850090263390834e-9
514.	0.	1.3109423361723145e-21	1.8782407666092452e-8	6.799062277230433e-9
514.9999999999999	0.	1.3078015712252286e-21	1.858895616038816e-8	6.748515330466831e-9
516.	0.	1.3046920975770142e-21	1.8397789122067337e-8	6.698455849948015e-9
517.	0.	1.3016159512448101e-21	1.8208908210010085e-8	6.64888993220591e-9
518.	0.	1.2985751390175297e-21	1.8022314067674814e-8	6.5998233472473864e-9
518.9999999999999	0.	8.63714425349447e-22	1.7838006347585627e-8	6.55126154242646e-9
520.	0.	8.617382635457394e-22	1.7655983735734102e-8	6.503209646391598e-9
521.	0.	8.597895516559537e-22	1.747624397592476e-8	6.455672473119777e-9
522.	0.	8.578695468340445e-22	1.7298783893982735e-8	6.408654526007664e-9
523.	0.	8.559794854228763e-22	1.7123599421847547e-8	6.362160002029483e-9
524.	0.	8.541205827239389e-22	1.6950685621572916e-8	6.316192795969421e-9
525.	0.	4.261470163875987e-22	1.678003670913086e-8	6.27075650469111e-9
526.	0.	4.252505040714487e-22	1.6611646078127946e-8	6.225854431484643e-9
527.	0.	4.243713298612131e-22	1.6445506323326795e-8	6.181489590451616e-9
527.9999999999999	0.	4.2351005827471046e-22	1.628160926398956e-8	6.137664710934401e-9
529.	0.	4.22667242811808e-22	1.6119945967083665e-8	6.094382242004994e-9
530.	0.	4.2184342587035423e-22	1.59605067702515e-8	6.051644356976216e-9
531.	0.	4.2103913866817573e-22	1.580328130461601e-8	6.009452957962659e-9
532.	0.	4.2025490116999873e-22	1.564825851737296e-8	5.9678096804722284e-9
533.	0.	4.194912220192738e-22	1.5495426694162315e-8	5.926715898025542e-9
534.	0.	4.187485984754263e-22	1.534477348123369e-8	5.886172726808231e-9
535.	0.	4.180275163555331e-22	1.5196285907362903e-8	5.8461810303397496e-9
536.	0.	4.1732844998170063e-22	1.5049950405562902e-8	5.806741424174403e-9
536.9999999999999	0.	4.166518621324111e-22	1.4905752834519774e-8	5.7678542806079986e-9
538.	0.	4.1599820399977016e-22	1.4763678499821793e-8	5.729519733415183e-9
539.	0.	0.	1.46237121748925e-8	5.69173768258313e-9
540.	0.	0.	1.4485838121702772e-8	5.654507799069217e-9
540.9999999999999	0.	0.	1.4350040111191002e-8	5.617829529555032e-9
542.	0.	0.	1.4216301443437289e-8	5.581702101213579e-9
543.	0.	0.	1.408460496755408e-8	5.546124526474008e-9
544.	0.	0.	1.395493310130113e-8	5.511095607786513e-9
545.	0.	0.	1.3827267850415518e-8	5.476613942382355e-9
545.9999999999999	0.	0.	1.3701590827674362e-8	5.442677927035338e-9
547.	0.	0.	1.3577883271646087e-8	5.409285762805972e-9
548.	0.	0.	1.3456126065172198e-8	5.376435459784182e-9
549.	0.	0.	1.3336299753545629e-8	5.3441248418159534e-9
549.9999999999999	0.	0.	1.3218384562392673e-8	5.312351551214984e-9
551.	0.	0.	1.3102360415267591e-8	5.281113053462737e-9
552.	0.	0.	1.2988206950929161e-8	5.250406641882695e-9
553.	0.	0.	1.2875903540336364e-8	5.220229442302495e-9
554.	0.	0.	1.2765429303328153e-8	5.190578417688977e-9
554.9999999999999	0.	0.	1.2656763125000408e-8	5.16145037275964e-9
556.	0.	0.	1.254988367178738e-8	5.13284195857243e-9
557.	0.	0.	1.2444769407220988e-8	5.10474967708146e-9
558.	0.	0.	1.2341398607399394e-8	5.077169885670107e-9
558.9999999999999	0.	0.	1.2239749376142196e-8	5.050098801650946e-9
560.	0.	0.	1.213979965983451e-8	5.02353250673161e-9
561.	0.	0.	1.2041527261973825e-8	4.997466951451209e-9
562.	0.	0.	1.1944909857404275e-8	4.971897959579251e-9
563.	0.	0.	1.1849925006237386e-8	4.946821232475091e-9
563.9999999999999	0.	0.	1.1756550167487598e-8	4.922232353418238e-9
565.	0.	0.	1.1664762712383466e-8	4.898126791891645e-9
566.	0.	0.	1.1574539937385301e-8	4.874499907829203e-9
567.	0.	0.	1.1485859076891574e-8	4.851346955818386e-9
567.9999999999999	0.	0.	1.1398697315651851e-8	4.828663089264021e-9
569.	0.	0.	1.1313031800880493e-8	4.806443364508961e-9
570.	0.	0.	1.1228839654061953e-8	4.784682744906398e-9
571.	0.	0.	1.1146097982463236e-8	4.763376104848427e-9
572.	0.	0.	1.1064783890358304e-8	4.742518233751405e-9
572.9999999999999	0.	0.	1.0984874489947147e-8	4.722103839989245e-9
574.	0.	0.	1.0906346911992926e-8	4.702127554782505e-9
575.	0.	0.	1.08291783161717e-8	4.682583936039769e-9
576.	0.	0.	1.0753345901111034e-8	4.663467472138994e-9
576.9999999999999	0.	0.	1.0678826914183327e-8	4.6447725856757264e-9
578.	0.	0.	1.060559866098912e-8	4.62649363714865e-9
579.	0.	0.	1.0533638514568283e-8	4.60862492859664e-9
580.	0.	0.	1.046292392432648e-8	4.591160707180916e-9
581.	0.	0.	1.0393432424710216e-8	4.574095168724391e-9
582.	0.	0.	1.0325141643583659e-8	4.557422461186487e-9
583.	0.	0.	1.0258029310350249e-8	4.541136688090511e-9
584.	0.	0.	1.0192073263816946e-8	4.525231911900653e-9
585.	0.	0.	1.012725145977315e-8	4.509702157335118e-9
585.9999999999999	0.	0.	1.0063541978327887e-8	4.4945414146322924e-9
587.	0.	0.	1.0000923030998352e-8	4.479743642765791e-9
588.	0.	0.	9.939372967514272e-9	4.465302772590718e-9
589.	0.	0.	9.878870282403991e-9	4.4512127099485505e-9
589.9999999999999	0.	0.	9.819393621321095e-9	4.437467338710869e-9
591.	0.	0.	9.760921787126668e-9	4.424060523767195e-9
592.	0.	0.	9.703433745740319e-9	4.410986113960624e-9
593.	0.	0.	9.646908631738481e-9	4.3982379449604746e-9
594.	0.	0.	9.591325753742432e-9	4.385809842089113e-9
594.9999999999999	0.	0.	9.53666459955976e-9	4.37369562308529e-9
596.	0.	0.	9.482904841108498e-9	4.361889100815082e-9
597.	0.	0.	9.430026339117992e-9	4.3503840859267594e-9
598.	0.	0.	9.37800914761205e-9	4.3391743894500055e-9
598.9999999999999	0.	0.	9.326833518166709e-9	4.328253825334713e-9
600.	0.	0.	9.276479903985714e-9	4.317616212947482e-9
601.	0.	0.	9.226928963729481e-9	4.307255379494662e-9
602.	0.	0.	9.178161565175307e-9	4.297165162406247e-9
603.	0.	0.	9.130158788653864e-9	4.287339411653983e-9
603.9999999999999	0.	0.	9.08290193029855e-9	4.2777719920184834e-9
605.	0.	0.	9.036372505111723e-9	4.268456785306554e-9
606.	0.	0.	8.990552249819891e-9	4.25938769250369e-9
607.	0.	0.	8.945423125563612e-9	4.25055863588162e-9
607.9999999999999	0.	0.	8.90096732039655e-9	4.2419635610478904e-9
609.	0.	0.	8.857167251608012e-9	4.233596438942506e-9
610.	0.	0.	8.81400556787237e-9	4.225451267781736e-9
611.	0.	0.	8.771465151225862e-9	4.217522074948277e-9
612.	0.	0.	8.729529118884728e-9	4.209802918832536e-9
612.9999999999999	0.	0.	8.688180824881525e-9	4.202287890613216e-9
614.	0.	0.	8.647403861567972e-9	4.194971115998304e-9
615.	0.	0.	8.607182060937806e-9	4.1878467569035195e-9
616.	0.	0.	8.567499495812296e-9	4.1809090130867594e-9
616.9999999999999	0.	0.	8.528340480871127e-9	4.1741521237295225e-9
618.	0.	0.	8.489689573538418e-9	4.167570368968126e-9
619.	0.	0.	8.451531574732162e-9	4.161158071378226e-9
620.	0.	0.	8.413851529464062e-9	4.154909597404272e-9
621.	0.	0.	8.376634727319326e-9	4.1488193587477526e-9
621.9999999999999	0.	0.	8.339866702794895e-9	4.142881813702112e-9
623.	0.	0.	8.303533235511414e-9	4.1370914684408265e-9
624.	0.	0.	8.267620350307963e-9	4.13144287826191e-9
625.	0.	0.	8.232114317203041e-9	4.1259306487794316e-9
625.9999999999999	0.	0.	8.19700165125479e-9	4.120549437077643e-9
627.	0.	0.	8.162269112286842e-9	4.1152939528092305e-9
628.	0.	0.	8.12790370452438e-9	4.110158959259588e-9
629.	0.	0.	8.093892676105131e-9	4.10513927435793e-9
629.9999999999999	0.	0.	8.060223518496378e-9	4.100229771649793e-9
630.9999999999999	0.	0.	8.026883965802108e-9	4.095425381222311e-9
632.	0.	0.	7.993861993984955e-9	4.090721090593207e-9
633.	0.	0.	7.961145819977047e-9	4.0861119455496784e-9
634.	0.	0.	7.928723900709583e-9	4.08159305095142e-9
634.9999999999999	0.	0.	7.896584932052176e-9	4.0771595714920055e-9
636.	0.	0.	7.864717847662378e-9	4.072806732418164e-9
637.	0.	0.	7.833111817752638e-9	4.068529820209753e-9
638.	0.	0.	7.801756247783141e-9	4.064324183223581e-9
638.9999999999999	0.	0.	7.770640777067448e-9	4.060185232293817e-9
640.	0.	0.	7.739755277313261e-9	4.056108441299627e-9
641.	0.	0.	7.709089851083886e-9	4.052089347691499e-9
642.	0.	0.	7.678634830196122e-9	4.048123552983961e-9
643.	0.	0.	7.648380774048733e-9	4.044206723210352e-9
643.9999999999999	0.	0.	7.61831846788847e-9	4.0403345893433206e-9
645.	0.	0.	7.588438921013613e-9	4.0365029476794684e-9
646.	0.	0.	7.558733364922567e-9	4.032707660191663e-9
647.	0.	0.	7.529193251403727e-9	4.028944654846748e-9
647.9999999999999	0.	0.	7.499810250570818e-9	4.025209925889267e-9
649.	0.	0.	7.470576248850984e-9	4.0214995340955854e-9
650.	0.	0.	7.441483346921698e-9	4.017809606994171e-9
651.	0.	0.	7.4125238575997404e-9	4.0141363390546676e-9
652.	0.	0.	7.383690303693428e-9	4.0104759918501695e-9
652.9999999999999	0.	0.	7.35497541580261e-9	4.006824894183814e-9
654.	0.	0.	7.326372130088645e-9	4.003179442191624e-9
655.	0.	0.	7.2978735860037695e-9	3.99953609941484e-9
656.	0.	0.	7.269473123983234e-9	3.995891396843032e-9
656.9999999999999	0.	0.	7.241164283105665e-9	3.992241932930836e-9
658.	0.	0.	7.212940798724973e-9	3.988584373589202e-9
659.	0.	0.	7.1847966000713096e-9	3.984915452149195e-9
660.	0.	0.	7.156725807824293e-9	3.9812319693004105e-9
661.	0.	0.	7.128722731662005e-9	3.977530793004361e-9
661.9999999999999	0.	0.	7.100781867786892e-9	3.97380885838402e-9
663.	0.	0.	7.07289789643173e-9	3.970063167590089e-9
664.	0.	0.	7.04506567934453e-9	3.966290789643477e-9
665.	0.	0.	7.017280257253921e-9	3.962488860254171e-9
665.9999999999999	0.	0.	6.989536847322342e-9	3.958654581620293e-9
667.	0.	0.	6.961830840581865e-9	3.9547852222040835e-9
668.	0.	0.	6.934157799361379e-9	3.950878116489271e-9
669.	0.	0.	6.906513454694774e-9	3.946930664713874e-9
670.	0.	0.	6.878893703728363e-9	3.942940332588246e-9
670.9999999999999	0.	0.	6.851294607115758e-9	3.938904650991444e-9
672.	0.	0.	6.823712386406478e-9	3.934821215649003e-9
673.	0.	0.	6.796143421428061e-9	3.9306876867921155e-9
674.	0.	0.	6.76858424767002e-9	3.926501788802568e-9
674.9999999999999	0.	0.	6.741031553658168e-9	3.922261309836119e-9
676.	0.	0.	6.713482178332306e-9	3.917964101432507e-9
677.	0.	0.	6.685933108424138e-9	3.913608078109107e-9
678.	0.	0.	6.658381475834193e-9	3.909191216938068e-9
678.9999999999999	0.	0.	6.630824555014345e-9	3.904711557109989e-9
679.9999999999999	0.	0.	6.6032597603511344e-9	3.9001671994817016e-9
681.	0.	0.	6.575684643558181e-9	3.895556306112271e-9
682.	0.	0.	6.5480968910695095e-9	3.890877099782717e-9
683.	0.	0.	6.520494321444225e-9	3.88612786350529e-9
683.9999999999999	0.	0.	6.492874882780577e-9	3.881306940020882e-9
685.	0.	0.	6.465236650131209e-9	3.876412731279971e-9
686.	0.	0.	6.437577822939497e-9	3.871443697918219e-9
687.	0.	0.	6.409896722479119e-9	3.866398358716707e-9
687.9999999999999	0.	0.	6.382191789308727e-9	3.861275290053075e-9
688.9999999999999	0.	0.	6.354461580739867e-9	3.856073125343148e-9
690.	0.	0.	6.326704768316926e-9	3.850790554471459e-9
691.	0.	0.	6.298920135313574e-9	3.845426323213959e-9
692.	0.	0.	6.271106574242876e-9	3.839979232650966e-9
692.9999999999999	0.	0.	6.24326308438575e-9	3.834448138572653e-9
694.	0.	0.	6.215388769332766e-9	3.82883195087528e-9
695.	0.	0.	6.187482834548588e-9	3.823129632951967e-9
696.	0.	0.	6.1595445849478836e-9	3.817340201073152e-9
696.9999999999999	0.	0.	6.1315734224975925e-9	3.811462723764257e-9
698.	0.	0.	6.103568843831757e-9	3.80549632117332e-9
699.	0.	0.	6.075530437892162e-9	3.799440164435766e-9
700.	0.	0.	6.047457883585006e-9	3.793293475030885e-9
701.	0.	0.	6.019350947461292e-9	3.787055524135037e-9
701.9999999999999	0.	0.	5.991209481418506e-9	3.780725631969406e-9
703.	0.	0.	5.9630334204238835e-9	3.774303167143118e-9
704.	0.	0.	5.934822780259933e-9	3.767787545991842e-9
705.	0.	0.	5.906577655293524e-9	3.7611782319135084e-9
705.9999999999999	0.	0.	5.878298216269645e-9	3.754474734700504e-9
707.	0.	0.	5.849984708125793e-9	3.747676609867438e-9
708.	0.	0.	5.82163744783336e-9	3.740783457977704e-9
709.	0.	0.	5.793256822262756e-9	3.733794923967003e-9
710.	0.	0.	5.764843286071888e-9	3.726710696463721e-9
710.9999999999999	0.	0.	5.73639735962207e-9	3.7195305071091947e-9
712.	0.	0.	5.707919626917702e-9	3.7122541298751473e-9
713.	0.	0.	5.679410733572687e-9	3.704881380380307e-9
714.	0.	0.	5.650871384801178e-9	3.697412115205732e-9
714.9999999999999	0.	0.	5.622302343436529e-9	3.6898462312100862e-9
716.	0.	0.	5.593704427973737e-9	3.682183664843051e-9
717.	0.	0.	5.5650785106423675e-9	3.6744243914608834e-9
718.	0.	0.	5.536425515501953e-9	3.666568424639754e-9
719.	0.	0.	5.507746416567223e-9	3.6586158154907373e-9
719.9999999999999	0.	0.	5.479042235957478e-9	3.650566651974452e-9
721.	0.	0.	5.4503140420775594e-9	3.6424210582186257e-9
722.	0.	0.	5.421562947819452e-9	3.6341791938331718e-9
723.	0.	0.	5.392790108797475e-9	3.625841253230308e-9
723.9999999999999	0.	0.	5.363996721606266e-9	3.6174074649434452e-9
725.	0.	0.	5.335184022109096e-9	3.608878090949633e-9
726.	0.	0.	5.30635328375109e-9	3.6002534259925796e-9
727.	0.	0.	5.277505815901962e-9	3.591533796909032e-9
727.9999999999999	0.	0.	5.248642962223793e-9	3.5827195619558213e-9
728.9999999999999	0.	0.	5.219766099069687e-9	3.5738111101423833e-9
730.	0.	0.	5.190876633906051e-9	3.5648088605625508e-9
731.	0.	0.	5.161976003764065e-9	3.5557132617314937e-9
732.	0.	0.	5.133065673719414e-9	3.546524790925567e-9
732.9999999999999	0.	0.	5.104147135396998e-9	3.537243953524759e-9
734.	0.	0.	5.075221905504274e-9	3.527871282358628e-9
735.	0.	0.	5.04629152439222e-9	3.5184073370567902e-9
736.	0.	0.	5.0173575546414256e-9	3.508852703401961e-9
736.9999999999999	0.	0.	4.988421579676652e-9	3.4992079926874605e-9
737.9999999999999	0.	0.	4.959485202408593e-9	3.4894738410794795e-9
739.	0.	0.	4.930550043900383e-9	3.4796509089819787e-9
740.	0.	0.	4.9016177420623405e-9	3.4697398804071043e-9
741.	0.	0.	4.8726899503731135e-9	3.45974146235019e-9
741.9999999999999	0.	0.	4.843768336626176e-9	3.4496563841685567e-9
743.	0.	0.	4.8148545817033956e-9	3.4394853969656685e-9
744.	0.	0.	4.7859503783739855e-9	3.4292292729796253e-9
745.	0.	0.	4.757057430120081e-9	3.418888804977428e-9
745.9999999999999	0.	0.	4.728177449986321e-9	3.4084648056531665e-9
746.9999999999999	0.	0.	4.6993121594574776e-9	3.3979581070325286e-9
748.	0.	0.	4.670463287358973e-9	3.387369559881887e-9
749.	0.	0.	4.641632568783794e-9	3.3767000331228215e-9
750.	0.	0.	4.612821744043843e-9	3.365950413252177e-9
750.9999999999999	0.	0.	4.584032557646339e-9	3.355121603768007e-9
752.	0.	0.	4.555266757294441e-9	3.34421452460061e-9
753.	0.	0.	4.5265260929120946e-9	3.333230111549566e-9
754.	0.	0.	4.497812315693093e-9	3.322169315726337e-9
754.9999999999999	0.	0.	4.469127177174073e-9	3.3110331030032414e-9
756.	0.	0.	4.4404724283300124e-9	3.2998224534673106e-9
757.	0.	0.	4.411849818695847e-9	3.2885383608820843e-9
758.	0.	0.	4.383261095507035e-9	3.2771818321523282e-9
759.	0.	0.	4.354708002867067e-9	3.2657538867983465e-9
759.9999999999999	0.	0.	4.326192280935377e-9	3.2542555564341724e-9
761.	0.	0.	4.297715665137475e-9	3.2426878842522818e-9
762.	0.	0.	4.269279885398214e-9	3.2310519245151614e-9
763.	0.	0.	4.240886665397381e-9	3.2193487420533384e-9
763.9999999999999	0.	0.	4.212537721844362e-9	3.2075794117681352e-9
765.	0.	0.	4.184234763776871e-9	3.1957450181429175e-9
766.	0.	0.	4.155979491879731e-9	3.1838466547591875e-9
767.	0.	0.	4.127773597824193e-9	3.171885423820015e-9
768.	0.	0.	4.099618763628125e-9	3.1598624356793023e-9
768.9999999999999	0.	0.	4.071516661035887e-9	3.147778808377672e-9
770.	0.	0.	4.043468950920048e-9	3.13563566718541e-9
771.	0.	0.	4.015477282700036e-9	3.123434144150907e-9
772.	0.	0.	3.987543293782703e-9	3.1111753776566222e-9
772.9999999999999	0.	0.	3.959668609020761e-9	3.0988605119808575e-9
774.	0.	0.	3.9318548401903155e-9	3.086490696866481e-9
775.	0.	0.	3.9041035854876006e-9	3.0740670870961874e-9
776.	0.	0.	3.876416429043038e-9	3.061590842073914e-9
776.9999999999999	0.	0.	3.848794940454682e-9	3.049063125413472e-9
777.9999999999999	0.	0.	3.821240674338158e-9	3.0364851045331795e-9
779.	0.	0.	3.793755169894959e-9	3.0238579502572582e-9
780.	0.	0.	3.766339950497833e-9	3.0111828364239888e-9
781.	0.	0.	3.738996523292751e-9	2.998460939499671e-9
781.9999999999999	0.	0.	3.7117263788181735e-9	2.985693438200411e-9
783.	0.	0.	3.6845309906401707e-9	2.972881513119005e-9
784.	0.	0.	3.657411815003698e-9	2.9600263463591735e-9
785.	0.	0.	3.630370290500488e-9	2.9471291211763664e-9
785.9999999999999	0.	0.	3.6034078377513752e-9	2.93419102162429e-9
786.9999999999999	0.	0.	3.5765258591046473e-9	2.921213232208832e-9
788.	0.	0.	3.5497257383495215e-9	2.9081969375476092e-9
789.	0.	0.	3.523008840443653e-9	2.8951433220364383e-9
790.	0.	0.	3.496376511256011e-9	2.882053569521905e-9
790.9999999999999	0.	0.	3.4698300773230733e-9	2.8689288629804987e-9
792.	0.	0.	3.443370845619833e-9	2.855770384203896e-9
793.	0.	0.	3.4170001033436685e-9	2.842579313490515e-9
794.	0.	0.	3.390719117712473e-9	2.829356829343696e-9
794.9999999999999	0.	0.	3.364529135774995e-9	2.8161041081756066e-9
795.9999999999999	0.	0.	3.3384313842346676e-9	2.802822324017632e-9
797.	0.	0.	3.3124270692858767e-9	2.7895126482368904e-9
798.	0.	0.	3.2865173764624912e-9	2.7761762492587856e-9
799.	0.	0.	3.260703470498834e-9	2.7628142922958375e-9
799.9999999999999	0.	0.	3.2349864952019826e-9	2.749427939082322e-9
801.	0.	0.	3.2093675733359208e-9	2.7360183476150085e-9
802.	0.	0.	3.183847806516992e-9	2.7225866718998387e-9
803.	0.	0.	3.1584282751205604e-9	2.7091340617045926e-9
803.9999999999999	0.	0.	3.1331100381982823e-9	2.6956616623174583e-9
804.9999999999999	0.	0.	3.107894133405566e-9	2.6821706143110326e-9
806.	0.	0.	3.0827815769410046e-9	2.6686620533128703e-9
807.	0.	0.	3.0577733634934314e-9	2.6551371097807803e-9
808.	0.	0.	3.0328704662009624e-9	2.6415969087847982e-9
808.9999999999999	0.	0.	3.0080738366183662e-9	2.6280425697939903e-9
810.	0.	0.	2.9833844046947883e-9	2.6144752064694122e-9
811.	0.	0.	2.958803078759562e-9	2.6008959264620607e-9
812.	0.	0.	2.9343307455179595e-9	2.587305831216941e-9
812.9999999999999	0.	0.	2.9099682700544194e-9	2.573706015781973e-9
814.	0.	0.	2.8857164958463303e-9	2.5600975686226674e-9
815.	0.	0.	2.8615762447830273e-9	2.5464815714417914e-9
816.	0.	0.	2.837548317196072e-9	2.5328590990048554e-9
816.9999999999999	0.	0.	2.8136334918944806e-9	2.5192312189699387e-9
817.9999999999999	0.	0.	2.789832526210074e-9	2.505598991723745e-9
819.	0.	0.	2.7661461560476573e-9	2.4919634702216655e-9
820.	0.	0.	2.7425750959446407e-9	2.47832569983367e-9
821.	0.	0.	2.71912003913634e-9	2.4646867181950873e-9
821.9999999999999	0.	0.	2.695781657628435e-9	2.4510475550618132e-9
823.	0.	0.	2.6725606022756168e-9	2.437409232170929e-9
824.	0.	0.	2.6494575028674945e-9	2.4237727631059314e-9
825.	0.	0.	2.6264729682195067e-9	2.4101391531667884e-9
825.9999999999999	0.	0.	2.60360758627065e-9	2.3965093992445887e-9
826.9999999999999	0.	0.	2.580861924186646e-9	2.382884489700728e-9
828.	0.	0.	2.558236528468636e-9	2.369265404251039e-9
829.	0.	0.	2.5357319250676697e-9	2.3556531138541354e-9
830.	0.	0.	2.51334861950426e-9	2.3420485806045488e-9
830.9999999999999	0.	0.	2.491087096992029e-9	2.328452757629438e-9
832.	0.	0.	2.468947822568377e-9	2.3148665889909974e-9
833.	0.	0.	2.4469312412276705e-9	2.3012910095917626e-9
834.	0.	0.	2.4250377780601723e-9	2.2877269450852652e-9
834.9999999999999	0.	0.	2.4032678383948664e-9	2.2741753117898924e-9
835.9999999999999	0.	0.	2.381621807946865e-9	2.2606370166077742e-9
837.	0.	0.	2.3601000529682307e-9	2.2471129569468313e-9
838.	0.	0.	2.3387029204033796e-9	2.2336040206475153e-9
839.	0.	0.	2.317430738047823e-9	2.2201110859131212e-9
839.9999999999999	0.	0.	2.296283814710312e-9	2.206635021243957e-9
841.	0.	0.	2.2752624403790034e-9	2.1931766853754917e-9
842.	0.	0.	2.254366886389645e-9	2.1797369272200175e-9
843.	0.	0.	2.2335974055987536e-9	2.1663165858123646e-9
843.9999999999999	0.	0.	2.212954232557866e-9	2.1529164902587635e-9
844.9999999999999	0.	0.	2.1924375836919626e-9	2.139537459689658e-9
846.	0.	0.	2.172047657479864e-9	2.1261803032158386e-9
847.	0.	0.	2.151784634637182e-9	2.1128458198881033e-9
848.	0.	0.	2.1316486783026127e-9	2.0995347986603065e-9
848.9999999999999	0.	0.	2.111639934224742e-9	2.086248018355621e-9
850.	0.	0.	2.09175853095332e-9	2.0729862476362925e-9
851.	0.	0.	2.0720045800300717e-9	2.059750244976393e-9
852.	0.	0.	2.0523781761836327e-9	2.0465407586378498e-9
852.9999999999999	0.	0.	2.0328793975250305e-9	2.0333585266496104e-9
853.9999999999999	0.	0.	2.0135083057448557e-9	2.020204276789709e-9
855.	0.	0.	1.994264946312615e-9	2.007078726570429e-9
856.	0.	0.	1.9751493486769614e-9	1.993982583226399e-9
857.	0.	0.	1.9561615264676588e-9	1.980916543705568e-9
857.9999999999999	0.	0.	1.937301477698658e-9	1.9678812946628702e-9
859.	0.	0.	1.91856918497183e-9	1.954877512456798e-9
860.	0.	0.	1.899964615682618e-9	1.941905863148608e-9
861.	0.	0.	1.88148772222566e-9	1.928967002504349e-9
861.9999999999999	0.	0.	1.8631384422021532e-9	1.916061575999059e-9
863.	0.	0.	1.8449166986269766e-9	1.9031902188240975e-9
864.	0.	0.	1.8268224001372866e-9	1.8903535558964657e-9
865.	0.	0.	1.8088554412013153e-9	1.8775522018707966e-9
865.9999999999999	0.	0.	1.7910157023271967e-9	1.8647867611538394e-9
866.9999999999999	0.	0.	1.7733030502727947e-9	1.8520578279208087e-9
868.	0.	0.	1.7557173382559256e-9	1.8393659861347682e-9
869.	0.	0.	1.738258406163579e-9	1.826711809567431e-9
870.	0.	0.	1.7209260807629787e-9	1.8140958618227e-9
870.9999999999999	0.	0.	1.70372017591093e-9	1.801518696362196e-9
872.	0.	0.	1.6866404927645623e-9	1.7889808565326405e-9
873.	0.	0.	1.6696868199910753e-9	1.7764828755956618e-9
874.	0.	0.	1.6528589339778167e-9	1.7640252767592098e-9
874.9999999999999	0.	0.	1.636156599041301e-9	1.7516085732110737e-9
875.9999999999999	0.	0.	1.6195795676368716e-9	1.7392332681543864e-9
877.	0.	0.	1.6031275805674997e-9	1.726899854844585e-9
878.	0.	0.	1.586800367192117e-9	1.7146088166287363e-9
879.	0.	0.	1.5705976456332457e-9	1.7023606269859129e-9
879.9999999999999	0.	0.	1.554519122984382e-9	1.6901557495699817e-9
881.	0.	0.	1.538564495516611e-9	1.6779946382533898e-9
882.	0.	0.	1.5227334488843549e-9	1.6658777371729948e-9
883.	0.	0.	1.5070256583308153e-9	1.6538054807772915e-9
883.9999999999999	0.	0.	1.4914407888916263e-9	1.641778293875048e-9
884.9999999999999	0.	0.	1.4759784955991639e-9	1.629796591685706e-9
886.	0.	0.	1.4606384236841713e-9	1.6178607798908215e-9
887.	0.	0.	1.4454202087779195e-9	1.6059712546872803e-9
888.	0.	0.	1.4303234771123913e-9	1.5941284028414716e-9
888.9999999999999	0.	0.	1.4153478457199032e-9	1.5823326017451568e-9
890.	0.	0.	1.4004929226316172e-9	1.5705842194721847e-9
891.	0.	0.	1.3857583070741736e-9	1.5588836148367945e-9
892.	0.	0.	1.371143589666309e-9	1.547231137452856e-9
892.9999999999999	0.	0.	1.3566483526134275e-9	1.5356271277943258e-9
893.9999999999999	0.	0.	1.342272169900897e-9	1.5240719172567835e-9
895.	0.	0.	1.328014607486701e-9	1.5125658282201546e-9
896.	0.	0.	1.3138752234918214e-9	1.5011091741121372e-9
897.	0.	0.	1.299853568390252e-9	1.489702259473038e-9
897.9999999999999	0.	0.	1.285949185196598e-9	1.4783453800212456e-9
899.	0.	0.	1.2721616096530604e-9	1.467038822719598e-9
900.	0.	0.	1.2584903704145303e-9	1.4557828658429805e-9
901.	0.	0.	1.244934989232316e-9	1.444577779046244e-9
901.9999999999999	0.	0.	1.2314949811362131e-9	1.4334238234334444e-9
902.9999999999999	0.	0.	1.2181698546152552e-9	1.4223212516274556e-9
904.	0.	0.	1.2049591117967146e-9	1.4112703078405254e-9
905.	0.	0.	1.191862248623626e-9	1.400271227945487e-9
906.	0.	0.	1.1788787550304499e-9	1.3893242395476075e-9
906.9999999999999	0.	0.	1.1660081151176242e-9	1.3784295620571629e-9
908.	0.	0.	1.153249807323629e-9	1.3675874067625136e-9
909.	0.	0.	1.1406033045963629e-9	1.356797976903808e-9
910.	0.	0.	1.1280680745618687e-9	1.346061467747284e-9
910.9999999999999	0.	0.	1.1156435796923652e-9	1.3353780666599368e-9
911.9999999999999	0.	0.	1.1033292774711993e-9	1.3247479531848424e-9
913.	0.	0.	1.0911246205574965e-9	1.3141712991168317e-9
914.	0.	0.	1.0790290569483573e-9	1.3036482685786513e-9
914.9999999999999	0.	0.	1.0670420301388053e-9	1.2931790180973934e-9
915.9999999999999	0.	0.	1.0551629792810605e-9	1.2827636966815104e-9
917.	0.	0.	1.0433913393412747e-9	1.272402445897998e-9
918.	0.	0.	1.031726541254545e-9	1.2620953999499984e-9
919.	0.	0.	1.0201680120780866e-9	1.2518426857546042e-9
919.9999999999999	0.	0.	1.0087151751431714e-9	1.2416444230210155e-9
921.	0.	0.	9.973674502044076e-10	1.2315007243288939e-9
922.	0.	0.	9.861242535875311e-10	1.221411695206918e-9
923.	0.	0.	9.749849983358206e-10	1.2113774342115813e-9
923.9999999999999	0.	0.	9.63949094353807e-10	1.2013980330060648e-9
924.9999999999999	0.	0.	9.530159485496666e-10	1.1914735764394532e-9
926.	0.	0.	9.421849649761204e-10	1.1816041426257922e-9
927.	0.	0.	9.314555449684769e-10	1.171789803023446e-9
928.	0.	0.	9.208270872815923e-10	1.1620306225144752e-9
928.9999999999999	0.	0.	9.102989882250491e-10	1.1523266594840847e-9
930.	0.	0.	8.998706417956143e-10	1.1426779659000736e-9
931.	0.	0.	8.895414398093993e-10	1.1330845873923358e-9
932.	0.	0.	8.793107720301968e-10	1.1235465633322643e-9
932.9999999999999	0.	0.	8.691780262976549e-10	1.1140639269123586e-9
933.9999999999999	0.	0.	8.591425886526358e-10	1.1046367052254401e-9
935.	0.	0.	8.492038434612968e-10	1.0952649193441272e-9
936.	0.	0.	8.393611735367264e-10	1.0859485844000721e-9
937.	0.	0.	8.296139602594601e-10	1.0766877096630493e-9
937.9999999999999	0.	0.	8.199615836953246e-10	1.0674822986200882e-9
939.	0.	0.	8.104034227124356e-10	1.0583323490543327e-9
940.	0.	0.	8.009388550954067e-10	1.0492378531238043e-9
941.	0.	0.	7.915672576586524e-10	1.0401987974399507e-9
941.9999999999999	0.	0.	7.822880063568392e-10	1.0312151631461236e-9
942.9999999999999	0.	0.	7.731004763944947e-10	1.0222869259957307e-9
944.	0.	0.	7.640040423336077e-10	1.0134140564302067e-9
945.	0.	0.	7.549980781986916e-10	1.004596519656802e-9
946.	0.	0.	7.460819575811534e-10	9.958342757260733e-10
946.9999999999999	0.	0.	7.372550537411482e-10	9.87127279609206e-10
948.	0.	0.	7.285167397079883e-10	9.784754812748647e-10
949.	0.	0.	7.19866388378687e-10	9.698788257659901e-10
950.	0.	0.	7.113033726148251e-10	9.61337253276185e-10
950.9999999999999	0.	0.	7.028270653374358e-10	9.528506992257665e-10
951.9999999999999	0.	0.	6.944368396206432e-10	9.444190943375732e-10
953.	0.	0.	6.86132068783364e-10	9.360423647123487e-10
954.	0.	0.	6.779121264789816e-10	9.27720431903865e-10
954.9999999999999	0.	0.	6.697763867835559e-10	9.194532129936183e-10
955.9999999999999	0.	0.	6.617242242829723e-10	9.11240620665219e-10
957.	0.	0.	6.537550141572357e-10	9.03082563278329e-10
958.	0.	0.	6.45868132264052e-10	8.94978944942262e-10
959.	0.	0.	6.380629552204432e-10	8.869296655892016e-10
959.9999999999999	0.	0.	6.303388604824604e-10	8.789346210469623e-10
960.9999999999999	0.	0.	6.226952264240012e-10	8.709937031113355e-10
962.	0.	0.	6.151314324131583e-10	8.631067996180365e-10
963.	0.	0.	6.076468588877009e-10	8.552737945142237e-10
963.9999999999999	0.	0.	6.002408874283812e-10	8.47494567929539e-10
964.9999999999999	0.	0.	5.929129008313829e-10	8.39768996246701e-10
966.	0.	0.	5.856622831781526e-10	8.320969521716779e-10
967.	0.	0.	5.784884199051319e-10	8.244783048033483e-10
968.	0.	0.	5.713906978705178e-10	8.169129197026829e-10
968.9999999999999	0.	0.	5.643685054205081e-10	8.094006589615326e-10
969.9999999999999	0.	0.	5.574212324536809e-10	8.01941381270797e-10
971.	0.	0.	5.505482704837597e-10	7.945349419881891e-10
972.	0.	0.	5.437490127014428e-10	7.871811932054914e-10
972.9999999999999	0.	0.	5.370228540340049e-10	7.798799838152831e-10
973.9999999999999	0.	0.	5.303691912041108e-10	7.72631159577139e-10
975.	0.	0.	5.237874227870382e-10	7.654345631833726e-10
976.	0.	0.	5.172769492662056e-10	7.58290034324197e-10
977.	0.	0.	5.108371730877922e-10	7.511974097523968e-10
977.9999999999999	0.	0.	5.044674987135539e-10	7.441565233474351e-10
979.	0.	0.	4.981673326726245e-10	7.371672061790884e-10
980.	0.	0.	4.919360836115003e-10	7.302292865704237e-10
980.9999999999999	0.	0.	4.857731623433777e-10	7.233425901603872e-10
982.	0.	0.	4.796779818955248e-10	7.165069399657104e-10
982.9999999999999	0.	0.	4.73649957555655e-10	7.097221564423462e-10
983.9999999999999	0.	0.	4.676885069171647e-10	7.029880575463096e-10
985.	0.	0.	4.6179304992275276e-10	6.963044587939737e-10
985.9999999999999	0.	0.	4.559630089070597e-10	6.896711733218476e-10
987.	0.	0.	4.5019780863784697e-10	6.83088011945686e-10
988.	0.	0.	4.444968763560417e-10	6.765547832191455e-10
988.9999999999999	0.	0.	4.388596418150271e-10	6.700712934918578e-10
990.	0.	0.	4.332855373178746e-10	6.63637346966813e-10
990.9999999999999	0.	0.	4.2777399775387107e-10	6.572527457573528e-10
992.	0.	0.	4.22324460634178e-10	6.509172899434679e-10
993.	0.	0.	4.1693636612577436e-10	6.446307776275313e-10
993.9999999999999	0.	0.	4.116091570847219e-10	6.383930049895436e-10
995.	0.	0.	4.063422790879464e-10	6.322037663416616e-10
995.9999999999999	0.	0.	4.011351804641735e-10	6.26062854182297e-10
997.	0.	0.	3.959873123237701e-10	6.199700592495252e-10
998.	0.	0.	3.9089812858739255e-10	6.139251705739662e-10
998.9999999999999	0.	0.	3.8586708601367523e-10	6.079279755310864e-10
1000.	0.	0.	3.8089364422594756e-10	6.019782598928848e-10