0.	36.9866299883331	3.6986629988333086	0.3698662998833309	0.03698662998833309
1.	1.6067336343703102	3.3673259124682065	0.35150410224176465	0.035223051395656076
2.	0.0450087779252282	3.064072121399005	0.33399859014016264	0.03353812440654205
3.	0.0010107190089153765	2.786699898734874	0.3173121998088244	0.03192856697544916
4.	0.00001973059324692293	2.533159599398558	0.3014089209094137	0.030391225802397788
5.	3.488074958800502e-7	2.301545657487097	0.28625423570120595	0.02892307155955795
6.	5.720436482299163e-9	2.0900886636782467	0.27181506047131676	0.027521194285958277
7.	8.8393801849241e-11	1.8971475823755366	0.25805968914861843	0.026182798944667275
8.	1.2854286281917266e-12	1.7212021564108022	0.2449577390237681	0.02490520113697915
9.	2.2048190654983784e-14	1.5608455368993888	0.23248009850040535	0.02368582296831234
10.	1.0237765482614216e-14	1.4147771670749947	0.2205988768051203	0.022522189060700498
11.	1.495800833950735e-16	1.281795941443926	0.20928735558625683	0.021411922706920047
12.	2.108469658094021e-18	1.1607936552365659	0.1985199423339999	0.020352742161459526
13.	2.880233949001131e-20	1.0507487537581577	0.18827212555649997	0.01934245706369098
14.	3.8266875611876057e-22	0.9507203867277001	0.17852043164901835	0.01837896498875415
14.999999999999998	4.959529313851388e-24	0.8598427689328705	0.16924238339523487	0.017460248121809952
16.	6.285679702553737e-26	0.7773198454226318	0.1604164600419455	0.016584370051461295
17.	7.8066051667460505e-28	0.7024202569207676	0.15202205889039636	0.015749472678275728
18.	9.517887365315087e-30	0.6344725990964994	0.1440394583494538	0.01495377323447741
18.999999999999996	1.1409058109156484e-31	0.5728609677045962	0.13644978239769584	0.01419556141100396
20.	1.3463703782740093e-33	0.5170207803472576	0.12923496640333904	0.013473196588248387
21.	1.5659827426744945e-35	0.46643486466100303	0.12237772425267911	0.012785105166926792
22.	1.7970443074636028e-37	0.42062980204726574	0.1158615167394316	0.012129777995629065
23.	2.0364366084759756e-39	0.3791725156052181	0.10967052116900931	0.011505767891723124
24.	2.2807155454841155e-41	0.34166709065373685	0.10378960213337106	0.010911687252392518
24.999999999999996	2.5262159557638695e-43	0.3077518161154238	0.09820428341361866	0.010346205752693417
26.	2.7691615281014522e-45	0.2770964350524719	0.0929007209690121	0.009808048127619524
27.	3.005775189951432e-47	0.2493995927681935	0.08786567697251381	0.009295992035263125
28.	3.2323854724478033e-49	0.22438647109916535	0.08308649485437071	0.00880886599825667
29.	3.445524917107595e-51	0.2018065978035606	0.07855107531658749	0.008345547420772413
29.999999999999996	3.6420172802998374e-53	0.18143182028640523	0.07424785328244923	0.007904960678448252
31.	3.819051063184689e-55	0.16305443327921684	0.0701657757465113	0.007486075278694975
32.	3.9742376957362427e-57	0.1464854504989026	0.06629428049169038	0.007087904088925161
32.99999999999999	4.105653489338003e-59	0.13155301073947226	0.0626232756412678	0.006709501630325443
34.	4.211865206621093e-61	0.11810090929232223	0.059143120014753255	0.00634996243487374
35.	4.2919397511575537e-63	0.10598724603985828	0.0558446042576545	0.0060084194633794165
36.	4.34543903346263e-65	0.09508318201773269	0.052718932716261074	0.005684042582398872
37.	4.372401511597948e-67	0.08527179668826512	0.04975770602957591	0.005376037097951152
37.99999999999999	4.3733122301383283e-69	0.07644703860819138	0.04695290441151835	0.005083642344027513
39.	4.349063392229815e-71	0.06851276260471312	0.04429687159748112	0.004806130323956704
40.	4.3009076030552565e-73	0.06138184699253361	0.04178229943024675	0.004542804402752563
41.	4.230405930211311e-75	0.05497538476943464	0.03940221306116483	0.004292998048634144
42.	4.139372850983723e-77	0.049221943117553735	0.03714995674335173	0.004056073621969317
42.99999999999999	4.029820013544563e-79	0.04405688591095343	0.03501918019451017	0.003831421209952155
44.	3.9039005444551613e-81	0.039421754286653274	0.033003825507769875	0.003618457505381659
44.99999999999999	3.763855404056644e-83	0.03526370067568944	0.031098114589729105	0.0034166247279646903
46.	3.611963038891566e-85	0.031534972012812176	0.029296537105626023	0.0032253895866195814
47.	3.450493319270423e-87	0.02819243814821358	0.027593838912296408	0.0030442422813088585
48.	3.281666491770602e-89	0.025197161772373727	0.025985010960272233	0.002872695542979543
49.	3.107617630114025e-91	0.022514006436074555	0.024465278647052554	0.002710283710238105
49.99999999999999	2.9303668407405175e-93	0.020111279502293727	0.023030091604231865	0.0025565618414341786
51.	2.751795276797708e-95	0.017960407105541837	0.021675113901798996	0.00241110486087239
52.	2.573626839584742e-97	0.016035638417842623	0.02039621465352992	0.00227350673791575
53.	2.3974153014874467e-99	0.014313776729574366	0.019189459007984907	0.0021433796977865503
54.	2.224536469458763e-101	0.012773935048424773	0.018051099510186297	0.0020203534629117353
54.99999999999999	2.056184922237595e-103	0.011397314101446447	0.016977567819600813	0.0019040745236995125
56.	1.8933747960095125e-105	0.010167000794268426	0.015965466770579643	0.0017942054376725303
56.99999999999999	1.736944059539957e-107	0.009067785338618925	0.015011562761916397	0.0016904241559199085
58.	1.5875617080533112e-109	0.008085995405092973	0.014112778462678343	0.0015924233758666776
59.	1.4457373120187743e-111	0.007209345793200949	0.013266185821937573	0.0014999099193936504
59.99999999999999	1.311832379235304e-113	0.00642680223581845	0.012468999370489358	0.0014126041353746132
61.	1.1860730229122758e-115	0.005728458070809384	0.01171856980308509	0.0013302393257301254
62.	1.0685634717005397e-117	0.005105422619439448	0.01101237783013398	0.0012525611941286313
63.	9.593000069863856e-120	0.004549720209784927	0.010348028288239632	0.0011793273164961027
64.	8.581849656690059e-122	0.00405419887423401	0.009723244499333072	0.001110306632524668
65.	7.65040500868907e-124	0.0036124478338902693	0.009135862868547317	0.0010452789573991708
65.99999999999999	6.796218467173137e-126	0.003218722959722577	0.008583827711347787	0.0009840345129880615
67.	6.016298850415855e-128	0.002867879471128546	0.008065186300787886	0.0009263734777714969
68.	5.307228602244531e-130	0.002555311197639086	0.0075780841261033505	0.0008721055548052263
69.	4.665271329215952e-132	0.002276895789211929	0.007120760354189997	0.0008210495570436613
70.	4.086469031156411e-134	0.0020289453153261522	0.006691543485827668	0.0007730330093693628
70.99999999999999	3.5667286783001376e-136	0.001808161743289416	0.0062888471988226	0.0007278917666995074
72.	3.1018980863041896e-138	0.0016115968321287104	0.005911166370535789	0.0006854696475620844
73.	2.687831288703498e-140	0.0014366160205023953	0.005557073272551754	0.000645618082556332
74.	2.3204438068293545e-142	0.0012808659255320067	0.005225213930518096	0.000608195777132749
75.	1.9957583731528735e-144	0.001142245104602636	0.004914304642451344	0.0005730683881481752
75.99999999999999	1.7099417790762616e-146	0.0010188777642789124	0.004623128649062073	0.0005401082136710398
77.	1.4593335968452383e-148	0.000909090129775827	0.0043505329498977185	0.0005091938955305365
78.	1.240467571989901e-150	0.0008113892151392522	0.004095425259340912	0.00048021013412181523
79.	1.0500865021415147e-152	0.0007244437586414808	0.0038567710967300486	0.00045304741499686824
80.	8.851514147898357e-155	0.0006470671100755329	0.0036335910050898424	0.0004276017467876372
80.99999999999999	7.428458347558321e-157	0.0005782018768233042	0.0034249578931724593	0.0004037744100243707
82.	6.20575895936786e-159	0.0005169061539412145	0.003229994495715155	0.00038147171642803705
83.	5.159670048121938e-161	0.00046234118020980634	0.003047870947018684	0.000360604778270966
84.	4.2685770850079876e-163	0.00041376027727052484	0.00287780246313955	0.00034108928741452104
84.99999999999999	3.5129136068095522e-165	0.0003704989427583812	0.002719047128175049	0.0003228453036470356
85.99999999999999	2.8750611676408782e-167	0.00033196598085046355	0.002570903780293912	0.00030579705195883037
87.	2.3392372738096324e-169	0.0002976355650026523	0.0024327099933383113	0.00028987272840459206
88.	1.891375380760646e-171	0.00026704013793792163	0.002303840149984543	0.0002750043142160726
89.	1.5190004438853807e-173	0.00023976406327776408	0.0021837036026091158	0.00026112739784055184
89.99999999999999	1.2111029617093603e-175	0.00021543795165544695	0.002071742918158443	0.0002481810045924656
90.99999999999999	9.580139372021444e-178	0.00019373359179786453	0.001967432203466017	0.00023610743361704916
92.	7.512827151901871e-180	0.00017435942398189334	0.0018702755076028528	0.00022485210187607552
93.	5.835592332003037e-182	0.00015705649952923388	0.0017798052979820012	0.00021436339487649779
94.	4.4848185027911733e-184	0.00014159487565884856	0.0016955810070682423	0.00020459252387314608
94.99999999999999	3.40571592646513e-186	0.00012777040012672662	0.0016171876466705474	0.00019549338928668544
96.	2.5513337469689224e-188	0.00011540184469538447	0.0015442344869144857	0.0001870224500876298
97.	1.881645163358678e-190	0.00010432835064026343	0.0014763537971095	0.00017913859890659865
98.	1.3627067982190224e-192	0.00009440715325596213	0.0014131996458376678	0.00017180304264004706
99.	9.658918773826417e-195	0.00008551155571139278	0.0013544467576963727	0.00016497918832909927
99.99999999999999	6.671955482797853e-197	0.00007752912565536905	0.0012997894242347497	0.00015863253409790612
101.	4.46609664755126e-199	0.0000703600907222848	0.0012489404667192687	0.0001527305649455939
102.	2.875636201585279e-201	0.00006391591156285127	0.0012016302484631574	0.00014724265319399416
103.	1.764272828087455e-203	0.00005811801325113069	0.0011576057345444436	0.00014213996340061544
104.	1.0207174579857413e-205	0.000052896657922453005	0.0011166295968275087	0.00013739536155372788
104.99999999999999	5.5483415989470326e-208	0.000048189943296860804	0.0010784793622868637	0.0001329833283732161
106.	2.9426907203756072e-210	0.00004394291336110511	0.0010429466027163958	0.00012887987654790914
107.	1.8152245024671096e-212	0.00004010676893440232	0.0010098361639825745	0.0001250624717461057
108.	1.7142013221572916e-214	0.000036638167148500137	0.0009789654330602637	0.0001215099572428347
109.	2.289425520488476e-216	0.00003349860004189982	0.0009501636411591034	0.00011820248201294078
109.99999999999999	3.273717152462009e-218	0.000030653843518281245	0.0009232712013205434	0.00011512143214518079
111.	4.467191206520758e-220	0.00002807346885962451	0.0008981390789319476	0.0001122493654379928
112.	5.72400374770303e-222	0.00002573040982749708	0.0008746281936702974	0.00010956994904308603
113.	6.941250880566441e-224	0.00002360057914091033	0.00085260885144825	0.00010706790002813193
113.99999999999999	8.049734942797625e-226	0.000021662528794548026	0.0008319602049974695	0.00010472892873490726
114.99999999999999	9.006340312778966e-228	0.000019897149285830553	0.0008125697417791574	0.00010253968481402847
116.	9.787788175288687e-230	0.000018287403359666997	0.0007943327979689349	0.00010048770582208912
117.	1.0385565193593783e-231	0.00001681809036298574	0.0007771520973150995	0.00009856136827151443
118.	1.0801845044681711e-233	0.000015475637732568417	0.0007609373137211857	0.00009674984102781983
118.99999999999999	1.1046244035188772e-235	0.000014247916525208524	0.0007456046564506536	0.00009504304095290263
119.99999999999999	1.1133272450663064e-237	0.000013124078243080795	0.0007310764769016348	0.00009343159069734623
121.	1.1080361877340459e-239	0.000012094410514062798	0.0007172808959417904	0.0000919067785482734
122.	1.0906365499319454e-241	0.000011150209460254801	0.0007041514508384337	0.00009046052024317123
122.99999999999999	1.0630443373035297e-243	0.000010283666831746786	0.0006916267608599732	0.00008908532266362846
124.	1.0271258000556355e-245	9.487770199897282e-6	0.0006796502106651772	0.00008777424932644418
125.	9.846417265620908e-248	8.756214697481355e-6	0.0006681696506337574	0.00008652088759270663
126.	9.3721120761017e-250	8.083324965440518e-6	0.0006571371133308264	0.00008531931751895514
127.	8.862904993244693e-252	7.463986118557445e-6	0.0006465085453302755	0.00008416408227717896
128.	8.33163384490808e-254	6.89358267877097e-6	0.0006362435536589312	0.00008305016007387897
129.	7.789400936819466e-256	6.3679445453658375e-6	0.0006263051661523402	0.00008197293750070494
130.	7.2456241113398785e-258	5.883299178829328e-6	0.0006166596050488269	0.00008092818425251178
131.	6.708130667508111e-260	5.436229270263361e-6	0.0006072760731729177	0.00007991202915073924
131.99999999999997	6.183279155306407e-262	5.023635252835867e-6	0.0005981265520925801	0.00007892093741306233
133.	5.676097387394452e-264	4.642702086635125e-6	0.0005891856116596291	0.00007795168911230946
134.	5.1904277623584654e-266	4.2908698147376995e-6	0.0005804302303696052	0.00007700135877026849
135.	4.729073245491839e-268	3.9658074471245916e-6	0.0005718396260030289	0.00007606729603407787
136.	4.293939178751151e-270	3.665389781129206e-6	0.000563395096033706	0.00007514710738520508
137.	3.8861675556227926e-272	3.3876768132412556e-6	0.0005550798673133352	0.00007423863883297666
138.	3.506261556148841e-274	3.1308954378240456e-6	0.0005468789545637179	0.00007333995954675876
139.	3.1541990425872675e-276	2.893423164354187e-6	0.0005387790272291865	0.00007244934638273014
140.	2.8295344106815064e-278	2.673773616638633e-6	0.0005307682842624514	0.00007156526926305621
140.99999999999997	2.5314887129612465e-280	2.4705836055923223e-6	0.0005228363364365573	0.00007068637736714089
141.99999999999997	2.2590283511792008e-282	2.2826015919490965e-6	0.0005149740957941278	0.00006981148609616892
143.	2.0109329025422e-284	2.108677377276907e-6	0.0005071736718639065	0.00006893956477406478
144.	1.7858528218100428e-286	1.9477528808331462e-6	0.0004994282742903363	0.0000680697250492798
145.	1.582357868320036e-288	1.7988538770005587e-6	0.0004917321215399448	0.00006720120996357622
146.	1.3989771595353783e-290	1.6610825829093214e-6	0.00048408035536305144	0.00006633338365533464
147.	1.2342317642407078e-292	1.5336109991152158e-6	0.0004764689607047342	0.00006546572166631632
148.	1.0866607298038779e-294	1.4156749178587493e-6	0.0004688946907733018	0.00006459780182215975
149.	9.548413978513686e-297	1.306568523621618e-6	0.00046135499698874013	0.00006372929565826317
150.	8.374048081613932e-299	1.2056395197168853e-6	0.00045384796354623613	0.00006285996036381963
150.99999999999997	7.330469271627316e-301	1.1122847226019272e-6	0.0004463722463431401	0.00006198963121808074
151.99999999999997	0.	1.0259460724523082e-6	0.00043892701602901506	0.00006111821449397577
153.	0.	9.461070148212705e-7	0.0004315119049511352	0.000060245680805439296
154.	0.	8.72289213379248e-7	0.00042412695777763074	0.000059372058875652787
155.	0.	8.040495586280867e-7	0.0004167725855922958	0.00005849742970471914
156.	0.	7.409774414976735e-7	0.0004094495232637793	0.00005762192111590046
157.	0.	6.826922644178162e-7	0.0004021587899030508	0.00005674570266081597
158.	0.	6.288411656694921e-7	0.00039490165223111457	0.000055868980864657164
159.	0.	5.790969355538246e-7	0.00038767959068825264	0.00005499199479347988
160.	0.	5.331561054544049e-7	0.00038049426812446734	0.000054115011926319
160.99999999999997	0.	4.907371929769563e-7	0.0003733475009192305	0.00005323832431589277
161.99999999999997	0.	4.515790882258389e-7	0.00036624123238494257	0.00005236224502205002
163.	0.	4.154395680189408e-7	0.0003591775083180977	0.00005148710480328503
164.	0.	3.820939262189853e-7	0.0003521584545669544	0.00005061324905193237
165.	0.	3.513337096748011e-7	0.0003451862564927049	0.00004974103495962861
166.	0.	3.229655504170191e-7	0.0003382631402064845	0.000048870828900033116
167.	0.	2.968100857080968e-7	0.00033139135547166854	0.000048003004016595224
168.	0.	2.7270095843284176e-7	0.0003245731601661451	0.00004713793800364197
169.	0.	2.504838911014889e-7	0.00031781080620403877	0.000046276011069584494
169.99999999999997	0.	2.300158273952388e-7	0.00031110652682344203	0.000045417604071712115
170.99999999999997	0.	2.1116413577429398e-7	0.00030446252515047955	0.000044563096812453135
171.99999999999997	0.	1.9380587025327102e-7	0.0002978809639545907	0.00004371286648747608
173.	0.	1.7782708381524177e-7	0.00029136395651545185	0.000042867286276486384
174.	0.	1.631221904966416e-7	0.0002849135585260147	0.00004202672406813301
175.	0.	1.4959337236367408e-7	0.0002785317609594838	0.00004119154131064723
176.	0.	1.371500281167987e-7	0.0002722204838333225	0.00004036209198045278
177.	0.	1.257082602004307e-7	0.0002659815708060871	0.00003953872166128693
178.	0.	1.1519039764175912e-7	0.0002598167845469812	0.00003872176672676848
179.	0.	1.0552455205512747e-7	0.0002537278028212281	0.00003791155361967646
179.99999999999997	0.	9.664420443215404e-8	0.00024771621523754397	0.0000371083982215968
180.99999999999997	0.	8.848782057782208e-8	0.00024178352060779976	0.00003631260530695199
181.99999999999997	0.	8.099849318401412e-8	0.0002359311248703564	0.0000355244680755786
183.	0.	7.412360865722229e-8	0.00023016033953297718	0.00003474426775854196
184.	0.	6.78145370896301e-8	0.00022447238059292025	0.000033972273291992314
185.	0.	6.202634366252118e-8	0.0002188683678946822	0.000033208741054254166
186.	0.	5.671752014203497e-8	0.000213349324887776	0.00003245391466146877
187.	0.	5.1849735027007397e-8	0.00020791617875013128	0.00003170802481753797
188.	0.	4.738760110679438e-8	0.00020256976084377158	0.000030971289214189956
189.	0.	4.329845926481881e-8	0.0001973108074723183	0.00003024391247730661
189.99999999999997	0.	3.9552177431718965e-8	0.0001921399609111051	0.000029526086155840513
190.99999999999997	0.	3.6120963655966046e-8	0.0001870577706832622	0.00002881798874986284
192.	0.	3.297919232705732e-8	0.00018206469505627408	0.000028119785774473022
193.	0.	3.0103242715363376e-8	0.00017716110273514345	0.000027431629856484364
194.	0.	2.7471348945408012e-8	0.00017234727473089477	0.00002675366086102237
195.	0.	2.5063460646655364e-8	0.00016762340638249202	0.00002608600604523564
196.	0.	2.2861113584778036e-8	0.00016298960951428512	0.00002542878023661184
197.	0.	2.084730954664432e-8	0.00015844591471025814	0.000024782086033472665
198.	0.	1.900640490483835e-8	0.00015399227368891288	0.0000241460140253592
198.99999999999997	0.	1.732400720873872e-8	0.0001496285617628412	0.000023520643031166283
199.99999999999997	0.	1.5786879325225446e-8	0.00014535458036923652	0.00002290604035311179
200.99999999999997	0.	1.4382850522824333e-8	0.00014117005965751212	0.000022302262044519277
202.	0.	1.3100734121896151e-8	0.00013707466112228105	0.00002170935318985069
203.	0.	1.1930251154521237e-8	0.00013306798026984325	0.000021127348195166462
204.	0.	1.086195968389095e-8	0.00012914954930791294	0.000020556271087614407
205.	0.	9.887189380630787e-9	0.00012531883984921805	0.00001999613582245196
206.	0.	8.997980945054567e-9	0.00012157526561961054	0.00001944694659630233
207.	0.	8.187030093146632e-9	0.00011791818516314054	0.000018908698165384865
208.	0.	7.447635733391525e-9	0.00011434690453610936	0.000018381376167561177
208.99999999999997	0.	6.773652061512408e-9	0.00011086067998378661	0.00001786495744715413
209.99999999999997	0.	6.159444298222826e-9	0.00010745872059361889	0.000017359410381546946
210.99999999999997	0.	5.599847776417672e-9	0.00010414019091913509	0.000016864695208606008
212.	0.	5.0901301908475416e-9	0.0001009042135695325	0.000016380764354117247
213.	0.	4.625956711314552e-9	0.0000977498717606884	0.000015907562758437593
214.	0.	4.203357818870901e-9	0.00009467621182344878	0.000015445028201664954
215.	0.	3.81869961622315e-9	0.00009168224566532311	0.000014993091626628966
216.	0.	3.468656450333966e-9	0.00008876695318289223	0.000014551677459137362
217.	0.	3.1501856922528474e-9	0.00008592928462164788	0.000014120703924891906
218.	0.	2.860504468984246e-9	0.00008316816288126106	0.000013700083362620691
218.99999999999997	0.	2.5970682484023353e-9	0.00008048248576370521	0.000013289722532897388
219.99999999999997	0.	2.3575511205664512e-9	0.00007787112816314134	0.000012889522922329436
220.99999999999997	0.	2.13982762964547e-9	0.00007533294419510297	0.000012499381042655565
222.	0.	1.941956069813533e-9	0.00007286676926496917	0.00001211918872450178
223.	0.	1.7621631168011587e-9	0.00007047142207357537	0.000011748833405439202
224.	0.	1.598829692855454e-9	0.0000681457065600336	0.000011388198412111812
225.	0.	1.450477970270044e-9	0.00006588841378101732	0.000011037163236240095
226.	0.	1.3157594418409283e-9	0.00006369832372599389	0.000010695603804210524
227.	0.	1.1934439467936819e-9	0.00006157420706868675	0.000010363392740212361
227.99999999999997	0.	1.082409600072374e-9	0.00005951482685423778	0.00001004039962264707
228.99999999999997	0.	9.816335533683741e-10	0.0000575189401229355	9.72649123380463e-6
229.99999999999997	0.	8.901835041944846e-10	0.00005558529947012922	9.421531802616782e-6
230.99999999999997	0.	8.072099189972027e-10	0.00005371265454361989	9.125383240519467e-6
232.	0.	7.319388971626396e-10	0.000051899753478138896	8.83790537026516e-6
233.	0.	6.636656246747387e-10	0.0000501453442683075	8.558956147706097e-6
234.	0.	6.017483821489701e-10	0.0000484481760809836	8.288391876569759e-6
235.	0.	5.45603048713445e-10	0.00004680700050689254	8.026067416128224e-6
236.	0.	4.946980765037476e-10	0.000045220572753641583	7.771836381837075e-6
237.	0.	4.485498827985946e-10	0.00004368765278057793	7.525551339017171e-6
237.99999999999997	0.	4.0671863636000387e-10	0.000042207006376395605	7.2870639894865635e-6
238.99999999999997	0.	3.6880439811934384e-10	0.00004077740618105836	7.056225351321764e-6
239.99999999999997	0.	3.3444360010568074e-10	0.00003939763265303649	6.832885931770146e-6
240.99999999999997	0.	3.0330581704631877e-10	0.000038066474982886415	6.6168958933318e-6
242.	0.	2.750908191688267e-10	0.000036782731954812083	6.408105213178186e-6
243.	0.	2.4952587940557634e-10	0.000035545212757291297	6.20636383594931e-6
244.	0.	2.2636331447161428e-10	0.000034352737743794846	6.01152181999265e-6
245.	0.	2.0537823659869917e-10	0.00003320413914574623	5.823429477257052e-6
245.99999999999997	0.	1.86366504968466e-10	0.000032098261738001854	5.641937506801319e-6
247.	0.	1.6914285035592514e-10	0.00003103396345913622	5.466897122162694e-6
248.	0.	1.5353917266820085e-10	0.000030010115987334682	5.29816017261419e-6
248.99999999999997	0.	1.394029814763624e-10	0.00002902560527341539	5.1355792584818545e-6
250.	0.	1.265959742551546e-10	0.00002807933203260122	4.979007840642899e-6
250.99999999999997	0.	1.1499274614125583e-10	0.000027170212195780152	4.828300344289771e-6
252.	0.	1.0447960823351972e-10	0.00002629717732244247	4.683312257164057e-6
252.99999999999997	0.	9.495351406002133e-11	0.000025459174975809393	4.54390022230589e-6
254.	0.	8.63210824690592e-11	0.00002465516906220182	4.409922125563869e-6
254.99999999999997	0.	7.849770564221989e-11	0.00002388414013551036	4.281237177880596e-6
256.	0.	7.140673914337095e-11	0.00002314508566820674	4.157705992585303e-6
257.	0.	6.49787650978703e-11	0.00002243702029020465	4.039190657765076e-6
258.	0.	5.915092093288943e-11	0.000021758975997100004	3.925554803936283e-6
259.	0.	5.3866289631209965e-11	0.00002111000232834683	3.8166636670352694e-6
260.	0.	4.907334566191533e-11	0.00002048916651752683	3.7123841469903057e-6
261.	0.	4.472545006832199e-11	0.000019895553615034297	3.6125848619048493e-6
262.	0.	4.078039437062642e-11	0.000019328266585170722	3.517136198100243e-6
263.	0.	3.719998293391296e-11	0.000018786426378095932	3.4259103560192852e-6
263.99999999999994	0.	3.394965703662387e-11	0.000018269171978325048	3.338781392254971e-6
265.	0.	3.099815090548064e-11	0.000017775660430630582	3.255625257766593e-6
266.	0.	2.831718133365634e-11	0.000017305066844356823	3.1763198324077603e-6
267.	0.	2.5881165014384518e-11	0.000016856584377542727	3.1007449559586117e-6
268.	0.	2.366696286134026e-11	0.00001642942420148913	3.0287824557133886e-6
269.	0.	2.1653647887813348e-11	0.00001602281544713923	2.960316170824207e-6
270.	0.	1.9822294355579492e-11	0.000015636005133928544	2.895231973452672e-6
271.	0.	1.8155787520900198e-11	0.000015268258082347285	2.8334177869308276e-6
272.	0.	1.6638650274653037e-11	0.000014918856810979015	2.7747636009797475e-6
272.99999999999994	0.	1.5256887009730155e-11	0.000014587101418940918	2.719161484154315e-6
274.	0.	1.3997841439470729e-11	0.000014272309454704659	2.666505593617245e-6
274.99999999999994	0.	1.28500684065943e-11	0.000013973815771841378	2.6166921823166803e-6
276.	0.	1.1803217497165393e-11	0.000013690972373025466	2.5696196037793453e-6
277.	0.	1.0847927913150735e-11	0.000013423148242554459	2.525188314499384e-6
278.	0.	9.975733200753563e-12	0.000013169729168491212	2.4833008741313172e-6
279.	0.	9.178975160195094e-12	0.000012930117555157704	2.443861943555817e-6
280.	0.	8.450725941355736e-12	0.00001270373222634506	2.4067782808947065e-6
281.	0.	7.784717577752634e-12	0.0000124900082204992	2.3719587356253316e-6
281.99999999999994	0.	7.175278305234036e-12	0.000012288396578031253	2.3393142408464152e-6
283.	0.	6.617274990320481e-12	0.000012098364121691894	2.308757803822223e-6
283.99999999999994	0.	6.1060611194183595e-12	0.000011919393230583097	2.2802044948853305e-6
285.	0.	5.637429746694689e-12	0.000011750981608156787	2.2535714347598566e-6
286.	0.	5.2075711153546e-12	0.000011592642045217403	2.2287777804507876e-6
287.	0.	4.813034129724135e-12	0.000011443902178029835	2.205744709726999e-6
288.	0.	4.4506918198172e-12	0.000011304304242383693	2.184395404323707e-6
289.	0.	4.1177099605838105e-12	0.000011173404823777512	2.1646550318799273e-6
290.	0.	3.8115190241370104e-12	0.00001105077460474216	2.146450726808945e-6
291.	0.	3.52978833551066e-12	0.000010935998108983297	2.1297115700039344e-6
292.	0.	3.2704033710240887e-12	0.000010828673443596199	2.114368567622605e-6
292.99999999999994	0.	3.031444700113032e-12	0.000010728412039223678	2.100354628906009e-6
294.	0.	2.8111694797740585e-12	0.000010634838388674886	2.0876045431313064e-6
294.99999999999994	0.	2.607994334323695e-12	0.00001054758978455504	2.0760549557927518e-6
296.	0.	2.4204801223993662e-12	0.000010466316056095264	2.065644344033119e-6
297.	0.	2.247318182763754e-12	0.000010390679305515517	2.056312991401217e-6
298.	0.	2.0873178958789087e-12	0.000010320353644390726	2.048002961996248e-6
299.	0.	1.939395418208188e-12	0.000010255024930189904	2.04065807406531e-6
300.	0.	1.802563541251082e-12	0.000010194390503339757	2.034223873076611e-6
301.	0.	1.675922580773956e-12	0.00001013815892512032	2.028647604359272e-6
301.99999999999994	0.	1.5586521645102976e-12	0.00001008604971649088	2.023878185318713e-6
303.	0.	1.4500036601965382e-12	0.000010037793098374611	2.0198661773277187e-6
303.99999999999994	0.	1.349293577936896e-12	9.993129733302701e-6	2.0165637572688114e-6
305.	0.	1.255897447483254e-12	9.95181046897716e-6	2.0139246888585455e-6
306.	0.	1.169244314950197e-12	9.913596083629247e-6	2.011904293709892e-6
307.	0.	1.0888118797324485e-12	9.8782570335446e-6	2.0104594222264683e-6
308.	0.	1.0141219118588456e-12	9.845573202979656e-6	2.0095484243671095e-6
309.	0.	9.447363174236589e-13	9.815333656480911e-6	2.0091311202811575e-6
310.	0.	8.802534287578235e-13	9.78733639383625e-6	2.0091687708872477e-6
310.99999999999994	0.	8.203047275794163e-13	9.761388107825551e-6	2.0096240484076695e-6
312.	0.	7.645518785900293e-13	9.7373039448893e-6	2.0104610069026977e-6
312.99999999999994	0.	7.126840005704846e-13	9.714907268759319e-6	2.011645052821164e-6
314.	0.	6.644152830774117e-13	9.694029427313087e-6	2.013142915618268e-6
314.99999999999994	0.	6.194827049226399e-13	9.674509522574373e-6	2.0149226184287614e-6
316.	0.	5.776441181737658e-13	9.656194184129002e-6	2.0169534488845667e-6
317.	0.	5.386763758796792e-13	9.638937345878694e-6	2.0192059300269172e-6
318.	0.	5.023737278760729e-13	9.622600026335628e-6	2.021651791390205e-6
319.	0.	4.685462539615443e-13	9.607050112440967e-6	2.02426394026901e-6
320.	0.	4.370187383301664e-13	9.592162147020776e-6	2.027016433164287e-6
321.	0.	4.0762908004200356e-13	9.577817119904444e-6	2.029884447469679e-6
321.99999999999994	0.	3.802275653247631e-13	9.563902262693115e-6	2.0328442533610895e-6
323.	0.	3.546756507358974e-13	9.550310847393116e-6	2.0358731859705684e-6
323.99999999999994	0.	3.308449810516188e-13	9.536941988710269e-6	2.0389496178089977e-6
325.	0.	3.086167191637532e-13	9.52370045021491e-6	2.042052931477149e-6
326.	0.	2.8788064408388804e-13	9.510496454326244e-6	2.0451634926713613e-6
327.	0.	2.685347787754615e-13	9.49724549609511e-6	2.048262623502578e-6
328.	0.	2.5048417808763207e-13	9.4838681608833e-6	2.0513325761367e-6
329.	0.	2.336408179443847e-13	9.47028994589823e-6	2.054356506766901e-6
330.	0.	2.1792287576920086e-13	9.456441085449875e-6	2.0573184499235388e-6
330.99999999999994	0.	2.0325462571600844e-13	9.44225638027013e-6	2.06020329314656e-6
332.	0.	1.8956504828543563e-13	9.427675030482035e-6	2.0629967520090193e-6
332.99999999999994	0.	1.767887365138053e-13	9.412640472452128e-6	2.0656853455193897e-6
334.	0.	1.6486434779514236e-13	9.397100219482713e-6	2.068256371883528e-6
335.	0.	1.5373497530949165e-13	9.381005706246784e-6	2.0706978846680514e-6
336.	0.	1.433475654980183e-13	9.364312136966877e-6	2.072998669332495e-6
337.	0.	1.3365265176669538e-13	9.346978337375329e-6	2.075148220161066e-6
338.	0.	1.2460434762809022e-13	9.328966610343006e-6	2.0771367175982967e-6
339.	0.	1.161595307145288e-13	9.310242595191305e-6	2.0789550059655634e-6
339.99999999999994	0.	1.0827847383790247e-13	9.290775130614255e-6	2.0805945715947653e-6
341.	0.	1.0092351912069119e-13	9.270536121256826e-6	2.0820475213662478e-6
341.99999999999994	0.	9.405989631186418e-14	9.249500407761319e-6	2.083306561642042e-6
343.	0.	8.765518429679773e-14	9.227645640435161e-6	2.0843649776252113e-6
343.99999999999994	0.	8.167895099608088e-14	9.204952156288691e-6	2.0852166131087505e-6
345.	0.	7.610301054256157e-14	9.181402859578664e-6	2.0858558506456237e-6
346.	0.	7.09006171681857e-14	9.15698310567676e-6	2.086277592130246e-6
347.	0.	6.604725229696588e-14	9.131680588345468e-6	2.0864772397782665e-6
348.	0.	6.151993470964357e-14	9.10548523017963e-6	2.086450677524721e-6
349.	0.	5.729713645693314e-14	9.078389076418527e-6	2.086194252825606e-6
350.	0.	5.335831278600829e-14	9.050386191817337e-6	2.085704758855121e-6
350.99999999999994	0.	4.9685024764377617e-14	9.021472560763055e-6	2.084979417132678e-6
352.	0.	4.625972296567893e-14	8.991645990351054e-6	2.084015860515895e-6
352.99999999999994	0.	4.30658380094844e-14	8.960906016578212e-6	2.082812116622697e-6
354.	0.	4.008794222263354e-14	8.929253813443663e-6	2.0813665916282796e-6
355.	0.	3.7311735107231596e-14	8.896692105027375e-6	2.079678054473498e-6
356.	0.	3.472407138040708e-14	8.863225080332422e-6	2.077745621441594e-6
357.	0.	3.231200246317818e-14	8.82885831103362e-6	2.0755687411392163e-6
358.	0.	3.006411051281068e-14	8.793598671906142e-6	2.0731471798532284e-6
359.	0.	2.7969628677526767e-14	8.757454263954655e-6	2.0704810072782886e-6
359.99999999999994	0.	2.6017768234616198e-14	8.720434340201886e-6	2.067570582633731e-6
361.	0.	2.419949637631064e-14	8.682549234064729e-6	2.0644165411393592e-6
361.99999999999994	0.	2.250560044015153e-14	8.643810290179103e-6	2.061019780855997e-6
363.	0.	2.092800301206277e-14	8.604229797785837e-6	2.0573814498903074e-6
363.99999999999994	0.	1.9458344787483584e-14	8.563820926487462e-6	2.053502933962755e-6
365.	0.	1.8090267411541355e-14	8.522597664336332e-6	2.049385844308014e-6
366.	0.	1.681598869390763e-14	8.480574758301049e-6	2.0450320059443124e-6
367.	0.	1.5629818727902922e-14	8.437767656849873e-6	2.0404434462567287e-6
368.	0.	1.4525903458818827e-14	8.394192454882949e-6	2.0356223839466127e-6
368.99999999999994	0.	1.3497961830892667e-14	8.349865840702093e-6	2.0305712182906827e-6
370.	0.	1.2541512774484256e-14	8.304805045062687e-6	2.025292518725618e-6
370.99999999999994	0.	1.1651562318996193e-14	8.259027792335255e-6	2.0197890147663246e-6
372.	0.	1.0823321422018069e-14	8.21255225354386e-6	2.0140635862237524e-6
372.99999999999994	0.	1.005298791219196e-14	8.165397001423242e-6	2.0081192537385697e-6
374.	0.	9.336324972341726e-15	8.11758096730927e-6	2.0019591696218163e-6
375.	0.	8.66977857794194e-15	8.06912339983723e-6	1.995586608981388e-6
376.	0.	8.049696737721036e-15	8.02004382545721e-6	1.9890049611498156e-6
377.	0.	7.47350693754049e-15	7.97036201066823e-6	1.982217721401788e-6
378.	0.	6.937287564715178e-15	7.920097925891912e-6	1.975228482938627e-6
379.	0.	6.43929080301471e-15	7.869271711028015e-6	1.9680409291610855e-6
379.99999999999994	0.	5.97618061651349e-15	7.817903642548165e-6	1.9606588262055555e-6
381.	0.	5.545594994992958e-15	7.766014102166242e-6	1.9530860157462303e-6
381.99999999999994	0.	5.145735133376518e-15	7.713623546962464e-6	1.9453264080536798e-6
383.	0.	4.773908322972567e-15	7.66075248098572e-6	1.937383975308485e-6
384.	0.	4.428494763548607e-15	7.607421428215223e-6	1.9292627451604007e-6
385.	0.	4.1078503326966664e-15	7.5536509069328516e-6	1.920966794528546e-6
386.	0.	3.809879244303615e-15	7.499461405372167e-6	1.9125002436426664e-6
387.	0.	3.533007865917892e-15	7.444873358650658e-6	1.903867250305527e-6
388.	0.	3.276131153886806e-15	7.389907126933318e-6	1.8950720043907917e-6
388.99999999999994	0.	3.0374980399979664e-15	7.334582974807623e-6	1.8861187225553393e-6
390.	0.	2.8160642904572513e-15	7.2789210517735386e-6	1.8770116431674565e-6
390.99999999999994	0.	2.610382890383592e-15	7.222941373874675e-6	1.8677550214375494e-6
392.	0.	2.4196211262305763e-15	7.166663806423777e-6	1.8583531247710408e-6
392.99999999999994	0.	2.2424491218411983e-15	7.110108047707029e-6	1.8488102282982444e-6
394.	0.	2.0777096939932873e-15	7.053293613759965e-6	1.8391306106115698e-6
395.	0.	1.9254601996769503e-15	6.996239824057755e-6	1.8293185496871638e-6
396.	0.	1.7837061457980814e-15	6.938965788181724e-6	1.8193783189913477e-6
397.	0.	1.6523172640046637e-15	6.881490393356628e-6	1.8093141837634715e-6
397.99999999999994	0.	1.5308437819783095e-15	6.8238322928581075e-6	1.7991303974755314e-6
399.	0.	1.4177632637609999e-15	6.766009895265128e-6	1.7888311984601905e-6
399.99999999999994	0.	1.3129784088987642e-15	6.7080413545161385e-6	1.7784208066989643e-6
401.	0.	1.2159899951879659e-15	6.649944560723834e-6	1.7679034207768753e-6
401.99999999999994	0.	1.1258731776088755e-15	6.591737131739592e-6	1.7572832149871675e-6
403.	0.	1.0423391945951205e-15	6.53343640544416e-6	1.746564336587626e-6
404.	0.	9.649935507404466e-16	6.475059432700317e-6	1.7357509032039184e-6
405.	0.	8.933179267499117e-16	6.416622970981432e-6	1.7248470003738842e-6
406.	0.	8.266540965978279e-16	6.358143478617158e-6	1.7138566792274153e-6
407.	0.	7.652662779549944e-16	6.299637109656781e-6	1.7027839543040853e-6
408.	0.	7.081698851823473e-16	6.241119709303266e-6	1.6916328014952904e-6
408.99999999999994	0.	6.552742936752526e-16	6.1826068099023945e-6	1.6804071561123752e-6
410.	0.	6.062919719899874e-16	6.124113627468724e-6	1.6691109110789002e-6
410.99999999999994	0.	5.607292033159939e-16	6.065655058702054e-6	1.6577479152325015e-6
412.	0.	5.189421733979833e-16	6.007245678507855e-6	1.6463219717489808e-6
412.99999999999994	0.	4.799940703865432e-16	5.9488997379785595e-6	1.6348368366709532e-6
414.	0.	4.437797963120605e-16	5.890631162782262e-6	1.6232962175370254e-6
415.	0.	4.1030253921318714e-16	5.832453552029e-6	1.6117037721272014e-6
416.	0.	3.7966378746094986e-16	5.774380177492092e-6	1.6000631072917809e-6
417.	0.	3.510095000304134e-16	5.716423983211768e-6	1.5883777778822258e-6
417.99999999999994	0.	3.2462321511864246e-16	5.6585975854951386e-6	1.576651285776891e-6
419.	0.	3.001707624556074e-16	5.600913273216776e-6	1.5648870789866079e-6
419.99999999999994	0.	2.773952007329629e-16	5.543383008487728e-6	1.553088550854259e-6
421.	0.	2.564518235584581e-16	5.4860184275831675e-6	1.5412590393282502e-6
421.99999999999994	0.	2.3687364786628333e-16	5.428830842211966e-6	1.5294018263223483e-6
423.	0.	2.1893504577755273e-16	5.37183124102246e-6	1.5175201371433203e-6
424.	0.	2.0228369395530564e-16	5.3150302914068755e-6	1.5056171400004705e-6
425.	0.	1.8695638919154386e-16	5.258438341507244e-6	1.493695945577143e-6
426.	0.	1.727006319557534e-16	5.202065422489712e-6	1.4817596066739387e-6
426.99999999999994	0.	1.5963984917028317e-16	5.145921251017041e-6	1.4698111179146413e-6
428.	0.	1.4760353354104798e-16	5.090015231936706e-6	1.457853415516344e-6
428.99999999999994	0.	1.3613424868957942e-16	5.034356461139023e-6	1.4458893771134951e-6
430.	0.	1.2578716980620563e-16	4.97895372862295e-6	1.4339218216456689e-6
430.99999999999994	0.	1.1616877454550984e-16	4.9238155217025665e-6	1.4219535092941948e-6
432.	0.	1.0724129731353438e-16	4.868950028380182e-6	1.4099871414712268e-6
432.99999999999994	0.	9.899233802900828e-17	4.81436514085845e-6	1.3980253608618002e-6
434.	0.	9.143208770575293e-17	4.760068459199829e-6	1.3860707515085148e-6
435.	0.	8.459071724682715e-17	4.706067295077618e-6	1.3741258389451139e-6
436.	0.	7.790029982773228e-17	4.65236867567375e-6	1.3621930903705627e-6
437.	0.	7.205008410850974e-17	4.598979347655209e-6	1.3502749148633054e-6
437.99999999999994	0.	6.651148187416042e-17	4.545905781256827e-6	1.3383736636376337e-6
439.	0.	6.138832822266913e-17	4.493154174448861e-6	1.3264916303347386e-6
439.99999999999994	0.	5.649722338187271e-17	4.440730457169732e-6	1.314631051345693e-6
441.	0.	5.2261933730086594e-17	4.388640295634597e-6	1.3027941061740918e-6
441.99999999999994	0.	4.822769332302158e-17	4.3368890967225676e-6	1.2909829178251024e-6
443.	0.	4.454399647220831e-17	4.285482012378089e-6	1.2791995532247682e-6
444.	0.	4.1078567337457015e-17	4.234423944103105e-6	1.2674460236694859e-6
445.	0.	3.7995396822998866e-17	4.183719547441944e-6	1.2557242852970487e-6
446.	0.	3.490096720235814e-17	4.133373236542222e-6	1.2440362395870816e-6
446.99999999999994	0.	3.225443196121146e-17	4.083389188729445e-6	1.2323837338846395e-6
448.	0.	2.96822553946678e-17	4.033771349082752e-6	1.2207685619403108e-6
448.99999999999994	0.	2.7373437187384705e-17	3.984523435046422e-6	1.2091924644759374e-6
450.	0.	2.5247123459604235e-17	3.935648941055054e-6	1.1976571297661631e-6
450.99999999999994	0.	2.3231158268513713e-17	3.887151143148882e-6	1.1861641942391065e-6
452.	0.	2.152199570108686e-17	3.839033103601148e-6	1.174715243094225e-6
453.	0.	1.9796070214131037e-17	3.7912976755318776e-6	1.1633118109293377e-6
454.	0.	1.8257747929384595e-17	3.7439475075188516e-6	1.1519553823911574e-6
455.	0.	1.685395923029862e-17	3.696985048201657e-6	1.1406473928285654e-6
455.99999999999994	0.	1.5537452048249208e-17	3.6504125508574902e-6	1.1293892289656496e-6
457.	0.	1.4266354050280337e-17	3.6042320779616576e-6	1.1181822295793068e-6
457.99999999999994	0.	1.3244876302317715e-17	3.5584455057278545e-6	1.107027686188598e-6
459.	0.	1.219301603377881e-17	3.51305452861706e-6	1.0959268437548385e-6
459.99999999999994	0.	1.1317186701401598e-17	3.4680606638233326e-6	1.0848809013851821e-6
461.	0.	1.0352052104676005e-17	3.4234652557107167e-6	1.0738910130442449e-6
461.99999999999994	0.	9.504884829859729e-18	3.3792694802364092e-6	1.0629582882724366e-6
463.	0.	8.748410911127961e-18	3.3354743493198143e-6	1.0520837929101006e-6
464.	0.	8.058376289339467e-18	3.2920807151784756e-6	1.0412685498212516e-6
465.	0.	7.413310240663687e-18	3.249089274614378e-6	1.0305135396260933e-6
466.	0.	6.794305538731969e-18	3.2065005732695284e-6	1.0198197014327129e-6
466.99999999999994	0.	6.396022413657933e-18	3.1643150098173585e-6	1.009187933570403e-6
468.	0.	5.778322502326204e-18	3.1225328401195742e-6	9.986190943284301e-7
468.99999999999994	0.	5.3478941524033544e-18	3.081154181322389e-6	9.881140026889149e-7
470.	0.	4.882977657927507e-18	3.0401790159101305e-6	9.77673439063218e-7
470.99999999999994	0.	4.5725446894468176e-18	2.9996071957009176e-6	9.67298146029807e-7
472.	0.	4.204754564526245e-18	2.9594384457914413e-6	9.569888290665602e-7
473.	0.	3.964877803438988e-18	2.9196723684418953e-6	9.467461572830635e-7
474.	0.	3.650476382510683e-18	2.8803084469077433e-6	9.365707641511394e-7
475.	0.	3.258136220681462e-18	2.8413460492178135e-6	9.264632482326709e-7
475.99999999999994	0.	2.9667451276276155e-18	2.802784431879412e-6	9.164241739024654e-7
477.	0.	2.765045025569755e-18	2.7646227435472534e-6	9.064540720688211e-7
477.99999999999994	0.	2.642726969430856e-18	2.726860028616822e-6	8.965534408911215e-7
479.	0.	2.4190020199928497e-18	2.68949523075781e-6	8.86722746490248e-7
479.99999999999994	0.	2.0950435233519094e-18	2.6525271964016096e-6	8.769624236567226e-7
481.	0.	2.0023556137240894e-18	2.6159546781444917e-6	8.672728765506273e-7
481.99999999999994	0.	1.8007455118811567e-18	2.5797763381152924e-6	8.576544794001674e-7
483.	0.	1.6516377164033117e-18	2.5439907512616173e-6	8.481075771899698e-7
484.	0.	1.5489422786713737e-18	2.508596408587728e-6	8.386324863465961e-7
484.99999999999994	0.	1.4870963538290741e-18	2.473591720325178e-6	8.292294954167271e-7
486.	0.	1.3122357826051495e-18	2.4389750190353924e-6	8.198988657364373e-7
486.99999999999994	0.	1.1748315894155616e-18	2.4047445626692184e-6	8.106408320973564e-7
488.	0.	1.0706053337712072e-18	2.3708985375442938e-6	8.014556034029829e-7
488.99999999999994	0.	9.9565262735354e-19	2.3374350612782028e-6	7.923433633192219e-7
490.	0.	9.464128155670028e-19	2.304352185645899e-6	7.833042709152352e-7
491.	0.	9.19641061737982e-19	2.2716478993893482e-6	7.743384613003709e-7
491.99999999999994	0.	7.822484299712176e-19	2.239320130954788e-6	7.654460462482719e-7
492.99999999999994	0.	7.94849073320166e-19	2.207366751181645e-6	7.566271148180195e-7
494.	0.	6.977185939188946e-19	2.17578557592501e-6	7.478817339637292e-7
495.	0.	6.187008201704049e-19	2.1445743686123938e-6	7.392099491364818e-7
496.	0.	5.557090988030181e-19	2.1137308427596484e-6	7.306117848798487e-7
496.99999999999994	0.	5.068436646146719e-19	2.0832526644077496e-6	7.220872454138418e-7
497.99999999999994	0.	4.70376152781599e-19	2.0531374545185853e-6	7.136363152130206e-7
499.	0.	4.447353645695421e-19	2.023382791302697e-6	7.052589595754813e-7
500.	0.	4.284941873953187e-19	1.9939862124903705e-6	6.969551251795731e-7
500.99999999999994	0.	4.2035757776788673e-19	1.9649452175591972e-6	6.887247406400347e-7
501.99999999999994	0.	3.1824010523053233e-19	1.936257269885968e-6	6.80567717044469e-7
503.	0.	3.2567684407953217e-19	1.9079197988662687e-6	6.724839484925645e-7
504.	0.	3.379907066672257e-19	1.879930201953637e-6	6.644733126148015e-7
505.	0.	2.616406330162379e-19	1.8522858466726773e-6	6.565356710930061e-7
505.99999999999994	0.	2.8387478616878297e-19	1.82498407255935e-6	6.486708701651256e-7
506.99999999999994	0.	2.212707690208433e-19	1.798022193055115e-6	6.408787411225953e-7
508.	0.	2.504745283689826e-19	1.7713974973546976e-6	6.331591008011339e-7
509.	0.	1.988285775422083e-19	1.7451072521934357e-6	6.255117520588164e-7
509.99999999999994	0.	1.530564233275939e-19	1.7191487035962495e-6	6.179364842502249e-7
510.99999999999994	0.	1.8961280595195318e-19	1.6935190785632173e-6	6.104330736859923e-7
512.	0.	1.5148543292971675e-19	1.6682155867238296e-6	6.03001284089501e-7
513.	0.	1.1775608254781685e-19	1.6432354219260163e-6	5.956408670393892e-7
514.	0.	1.5760562544375976e-19	1.6185757637906114e-6	5.8835156240764e-7
514.9999999999999	0.	1.2905779222881618e-19	1.594233779217954e-6	5.811330987864657e-7
516.	0.	1.0380162940342435e-19	1.5702066238418936e-6	5.73985193907444e-7
517.	0.	8.152345502821498e-20	1.5464914434479037e-6	5.669075550521497e-7
518.	0.	6.193778841970552e-20	1.5230853753435012e-6	5.59899879454276e-7
518.9999999999999	0.	1.026933784429644e-19	1.4999855496863358e-6	5.529618546926858e-7
520.	0.	8.550020923859872e-20	1.477189090766598e-6	5.46093159077298e-7
521.	0.	7.032273449866232e-20	1.4546931182586854e-6	5.392934620249837e-7
522.	0.	5.696576133664673e-20	1.4324947484176112e-6	5.325624244298343e-7
523.	0.	4.52518729174799e-20	1.4105910952500233e-6	5.258996990226697e-7
524.	0.	3.5019852239614723e-20	1.388979271632753e-6	5.193049307228318e-7
525.	0.	7.112580655922648e-20	1.3676563904061278e-6	5.127777569848024e-7
526.	0.	6.140160919557857e-20	1.3466195654210769e-6	5.063178081327191e-7
527.	0.	5.279391334118405e-20	1.325865912549495e-6	4.999247076904012e-7
527.9999999999999	0.	4.5193181200019756e-20	1.305392550669345e-6	4.935980727024627e-7
529.	0.	3.850001057440725e-20	1.2851966025978614e-6	4.873375140470799e-7
530.	0.	3.262422271152635e-20	1.2652751960070346e-6	4.811426367431413e-7
531.	0.	2.748403025671731e-20	1.2456254642941381e-6	4.75013040247628e-7
532.	0.	2.300527845526679e-20	1.226244547423817e-6	4.689483187475982e-7
533.	0.	1.9120753309884333e-20	1.2071295927391998e-6	4.6294806144401065e-7
534.	0.	1.5769550931841655e-20	1.1882777557402179e-6	4.570118528288634e-7
535.	0.	1.2896502803631824e-20	1.1696862008305998e-6	4.511392729545032e-7
536.	0.	1.045165212032475e-20	1.151352102036601e-6	4.4532989769743314e-7
536.9999999999999	0.	8.389776778056873e-21	1.1332726436947637e-6	4.395832990133782e-7
538.	0.	6.6699549589256894e-21	1.1154450211148338e-6	4.338990451878417e-7
539.	0.	2.5026951646120902e-20	1.0978664412103016e-6	4.282767010779691e-7
540.	0.	2.2344475300381246e-20	1.0805341231036094e-6	4.227158283490901e-7
540.9999999999999	0.	1.9938147021618632e-20	1.063445298710559e-6	4.172159857056933e-7
542.	0.	1.778054211274236e-20	1.0465972132859134e-6	4.117767291129916e-7
543.	0.	1.5846873409501037e-20	1.0299871259597604e-6	4.0639761201619115e-7
544.	0.	1.4114744912142195e-20	1.0136123102375257e-6	4.010781855509814e-7
545.	0.	1.2563927814309212e-20	9.974700544809925e-7	3.9581799874890217e-7
545.9999999999999	0.	1.1176156945391916e-20	9.815576623672699e-7	3.9061659873723004e-7
547.	0.	9.934945812768069e-21	9.658724533233068e-7	3.854735309324084e-7
548.	0.	8.825418588887176e-21	9.504117629364685e-7	3.803883392280278e-7
549.	0.	7.834157530629666e-21	9.35172943350156e-7	3.753605661772505e-7
549.9999999999999	0.	6.949064450588093e-21	9.201533636328032e-7	3.703897531706611e-7
551.	0.	6.159234979928949e-21	9.053504101288026e-7	3.65475440607182e-7
552.	0.	5.454844472768044e-21	8.907614867905429e-7	3.606171680603144e-7
553.	0.	4.82704450313e-21	8.763840154918869e-7	3.558144744406921e-7
554.	0.	4.2678689967514564e-21	8.622154363202e-7	3.510668981511381e-7
554.9999999999999	0.	3.770149125512647e-21	8.482532078529323e-7	3.463739772383929e-7
556.	0.	3.3274361683538666e-21	8.344948074182538e-7	3.417352495398392e-7
557.	0.	2.933931613265161e-21	8.209377313363269e-7	3.3715025282520987e-7
558.	0.	2.5844238394430864e-21	8.075794951422843e-7	3.326185249334926e-7
558.9999999999999	0.	2.2742307772813622e-21	7.944176338002135e-7	3.2813960390571233e-7
560.	0.	1.999147997515347e-21	7.814497018948755e-7	3.237130281128345e-7
561.	0.	1.75540173009189e-21	7.68673273812952e-7	3.193383363802397e-7
562.	0.	1.5396063578016705e-21	7.560859439058925e-7	3.1501506810620123e-7
563.	0.	1.3487259708032173e-21	7.43685326645184e-7	3.107427633783699e-7
563.9999999999999	0.	1.1800396052785489e-21	7.314690567550511e-7	3.0652096308411e-7
565.	0.	1.0311098235435116e-21	7.194347893430151e-7	3.023492090187628e-7
566.	0.	8.99754323865567e-22	7.075802000059683e-7	2.9822704398834564e-7
567.	0.	7.840202967043694e-22	6.959029849352377e-7	2.9415401190965485e-7
567.9999999999999	0.	6.821612695999719e-22	6.844008610020217e-7	2.90129657906286e-7
569.	0.	5.9261620667049655e-22	6.730715658353506e-7	2.8615352840055176e-7
570.	0.	5.139906499433392e-22	6.619128578856697e-7	2.822251712026739e-7
571.	0.	4.450397093680052e-22	6.509225164844813e-7	2.7834413559645e-7
572.	0.	3.8465272592801586e-22	6.400983418835653e-7	2.745099724201809e-7
572.9999999999999	0.	3.318394487445035e-22	6.294381552954452e-7	2.707222341467058e-7
574.	0.	2.8571758142489443e-22	6.189397989150821e-7	2.669804749579243e-7
575.	0.	2.4550156664073423e-22	6.086011359384828e-7	2.632842508180562e-7
576.	0.	2.1049248987368396e-22	5.984200505692331e-7	2.5963311954224004e-7
576.9999999999999	0.	1.8006899450007845e-22	5.883944480182949e-7	2.560266408633374e-7
578.	0.	1.5367911038369683e-22	5.785222544933596e-7	2.524643764955628e-7
579.	0.	1.3083290736966894e-22	5.688014171852612e-7	2.4894589019528745e-7
580.	0.	1.1109589333918227e-22	5.592299042391575e-7	2.4547074781836167e-7
581.	0.	9.40830841659532e-23	5.498057047262277e-7	2.420385173762499e-7
582.	0.	7.945367965723703e-23	5.40526828603264e-7	2.386487690882172e-7
583.	0.	6.690628590927652e-23	5.31391306667621e-7	2.3530107543188935e-7
584.	0.	5.617463014410114e-23	5.223971905053557e-7	2.319950111906463e-7
585.	0.	4.7023719232243995e-23	5.135425524343652e-7	2.287301534996185e-7
585.9999999999999	0.	3.9246397777458814e-23	5.04825485438424e-7	2.2550608188768204e-7
587.	0.	3.266026591905172e-23	4.962441031000713e-7	2.223223783195289e-7
588.	0.	2.7104920767472394e-23	4.877965395242715e-7	2.1917862723331393e-7
589.	0.	2.2439488959744175e-23	4.794809492586131e-7	2.1607441557748436e-7
589.9999999999999	0.	1.8540420918616715e-23	4.7129550720984966e-7	2.1300933284525864e-7
591.	0.	1.529952028173484e-23	4.6323840855200984e-7	2.0998297110673707e-7
592.	0.	1.2622184563488598e-23	4.5530786863456385e-7	2.0699492503977368e-7
593.	0.	1.0425835441322953e-23	4.475021228835179e-7	2.0404479195831593e-7
594.	0.	8.638519201418236e-24	4.398194266987975e-7	2.0113217183915185e-7
594.9999999999999	0.	7.197659781794625e-24	4.3225805534759555e-7	1.9825666734653622e-7
596.	0.	6.048948609082102e-24	4.24816303856347e-7	1.9541788385610452e-7
597.	0.	5.145356978810788e-24	4.1749248689588534e-7	1.9261542947597368e-7
598.	0.	4.4462581599536474e-24	4.1028493866657794e-7	1.898489150669235e-7
598.9999999999999	0.	3.916647690215526e-24	4.031920127761607e-7	1.8711795426012743e-7
600.	0.	3.526451491129709e-24	3.962120821207987e-7	1.8442216347516284e-7
601.	0.	3.2499124588074694e-24	3.893435387561708e-7	1.8176116193419895e-7
602.	0.	3.0650471709665828e-24	3.8258479377224364e-7	1.7913457167675437e-7
603.	0.	2.953165163133984e-24	3.759342771621086e-7	1.7654201757196744e-7
603.9999999999999	0.	2.8984440268102073e-24	3.693904376889874e-7	1.7398312732982517e-7
605.	0.	2.8875542638216392e-24	3.6295174275190376e-7	1.7145753151129745e-7
606.	0.	2.9093284552671167e-24	3.5661667824927316e-7	1.689648635367739e-7
607.	0.	2.9544698773094877e-24	3.503837484396237e-7	1.6650475969393497e-7
607.9999999999999	0.	3.0152961917471427e-24	3.4425147580140453e-7	1.6407685914365942e-7
609.	0.	3.085514307946083e-24	3.382184008922756e-7	1.6168080392590813e-7
610.	0.	3.160022912901594e-24	3.322830822034099e-7	1.593162389631452e-7
611.	0.	3.234739547028996e-24	3.264440960169123e-7	1.5698281206398207e-7
612.	0.	3.306449427332819e-24	3.2070003625849156e-7	1.5468017392508126e-7
612.9999999999999	0.	3.372673523024084e-24	3.1504951435085014e-7	1.5240797813219706e-7
614.	0.	3.431553655814311e-24	3.094911590647061e-7	1.5016588116041013e-7
615.	0.	3.481752639026203e-24	3.040236163711684e-7	1.4795354237384179e-7
616.	0.	3.522367682368673e-24	2.9864554929025743e-7	1.4577062402326704e-7
616.9999999999999	0.	3.552855489417962e-24	2.9335563774124306e-7	1.4361679124453332e-7
618.	0.	3.572967641866887e-24	2.8815257839068715e-7	1.4149171205485978e-7
619.	0.	3.582695025106717e-24	2.8303508450080556e-7	1.3939505734895273e-7
620.	0.	3.582220186634597e-24	2.780018857775042e-7	1.3732650089446265e-7
621.	0.	3.5718766440825255e-24	2.7305172821669146e-7	1.3528571932629313e-7
621.9999999999999	0.	3.552114271692917e-24	2.6818337395235537e-7	1.332723921407665e-7
623.	0.	3.523469992134311e-24	2.633956011023376e-7	1.312862016885602e-7
624.	0.	3.486543091821879e-24	2.586872036158071e-7	1.2932683316764022e-7
625.	0.	3.4419745546106685e-24	2.540569911187063e-7	1.2739397461482442e-7
625.9999999999999	0.	3.39042988206179e-24	2.49503788761432e-7	1.254873168977771e-7
627.	0.	3.332584929196804e-24	2.4502643706402474e-7	1.2360655370532854e-7
628.	0.	3.269114343067265e-24	2.406237917641386e-7	1.2175138153827866e-7
629.	0.	3.200682239034762e-24	2.362947236627616e-7	1.199214996987846e-7
629.9999999999999	0.	3.1279347966046547e-24	2.3203811847186253e-7	1.1811661028021667e-7
630.9999999999999	0.	3.0514944934929944e-24	2.2785287666106614e-7	1.1633641815563191e-7
632.	0.	2.9719557338336595e-24	2.2373791330613099e-7	1.1458063096643956e-7
633.	0.	2.8898816557968844e-24	2.1969215793582513e-7	1.128489591105054e-7
634.	0.	2.8058019322638525e-24	2.157145543815129e-7	1.1114111572955336e-7
634.9999999999999	0.	2.7202114021461395e-24	2.1180406062501798e-7	1.0945681669659371e-7
636.	0.	2.6335693913976614e-24	2.0795964864853425e-7	1.0779578060299904e-7
637.	0.	2.546299601627879e-24	2.0418030428467828e-7	1.0615772874470445e-7
638.	0.	2.458790461154635e-24	2.0046502706639373e-7	1.0454238510869702e-7
638.9999999999999	0.	2.3713958476707403e-24	1.9681283007902415e-7	1.0294947635887469e-7
640.	0.	2.284436104850788e-24	1.9322273981124415e-7	1.0137873182175029e-7
641.	0.	2.1981992863488935e-24	1.8969379600807763e-7	9.982988347177881e-8
642.	0.	2.1129425707227837e-24	1.8622505152419054e-7	9.830266591644279e-8
643.	0.	2.028893799300432e-24	1.8281557217737208e-7	9.679681638117557e-8
643.9999999999999	0.	1.9462530967164892e-24	1.7946443660419278e-7	9.531207469406866e-8
645.	0.	1.865194540269361e-24	1.7617073611486687e-7	9.384818327012594e-8
646.	0.	1.7858678501685035e-24	1.7293357454960661e-7	9.240488709558574e-8
647.	0.	1.7084000775333136e-24	1.6975206813697474e-7	9.098193371208637e-8
647.9999999999999	0.	1.6328972712314862e-24	1.6662534535099532e-7	8.957907320035832e-8
649.	0.	1.5594461086382659e-24	1.6355254677071136e-7	8.819605816400681e-8
650.	0.	1.4881154781915673e-24	1.60532824940179e-7	8.683264371303676e-8
651.	0.	1.4189580045950104e-24	1.5756534422951356e-7	8.548858744725578e-8
652.	0.	1.3520115097208842e-24	1.546492806965856e-7	8.41636494396804e-8
652.9999999999999	0.	1.2873004042021654e-24	1.5178382195025507e-7	8.285759221951309e-8
654.	0.	1.2248370064623525e-24	1.4896816701420923e-7	8.157018075540562e-8
655.	0.	1.1646227871995153e-24	1.462015261918157e-7	8.030118243829706e-8
656.	0.	1.106649538525236e-24	1.434831209317373e-7	7.905036706425563e-8
656.9999999999999	0.	1.0509004680125113e-24	1.4081218369588614e-7	7.78175068174128e-8
658.	0.	9.973512184968423e-25	1.3818795782642098e-7	7.660237625263388e-8
659.	0.	9.459708152530784e-25	1.356096974153142e-7	7.540475227818323e-8
660.	0.	8.967225426107963e-25	1.3307666717441698e-7	7.42244141381649e-8
661.	0.	8.495647524591234e-25	1.305881423067655e-7	7.306114339549878e-8
661.9999999999999	0.	8.044516073490029e-25	1.281434083787944e-7	7.19147239140658e-8
663.	0.	7.613337611815387e-25	1.257417611936706e-7	7.078494184130385e-8
664.	0.	7.201589805659059e-25	1.233825066659766e-7	6.967158559096087e-8
665.	0.	6.808727099855657e-25	1.210649606967389e-7	6.857444582497082e-8
665.9999999999999	0.	6.434185840451905e-25	1.1878844905104389e-7	6.749331543660496e-8
667.	0.	6.077388899397336e-25	1.1655230723499711e-7	6.642798953230625e-8
668.	0.	5.737749833760259e-25	1.1435588037483694e-7	6.53782654145467e-8
669.	0.	5.414676610109753e-25	1.1219852309710191e-7	6.434394256401867e-8
670.	0.	5.107574924697316e-25	1.1007959940973632e-7	6.332482262232688e-8
670.9999999999999	0.	4.81585114846578e-25	1.0799848258400014e-7	6.232070937423374e-8
672.	0.	4.53891492524935e-25	1.0595455503815955e-7	6.133140873036093e-8
673.	0.	4.276181450011956e-25	1.0394720822186242e-7	6.035672870961953e-8
674.	0.	4.027073452892633e-25	1.019758425014937e-7	5.9396479421785e-8
674.9999999999999	0.	3.791022913466344e-25	1.0003986704731548e-7	5.845047305013257e-8
676.	0.	3.5674725282442626e-25	9.813869972073246e-8	5.751852383406045e-8
677.	0.	3.3558769532010024e-25	9.627176696375122e-8	5.6600448051740254e-8
678.	0.	3.155703841753476e-25	9.443850368836906e-8	5.5696064002883894e-8
678.9999999999999	0.	2.9664346973658606e-25	9.263835316836663e-8	5.4805191991550736e-8
679.9999999999999	0.	2.7875655585601116e-25	9.0870766931002e-8	5.392765430889748e-8
681.	0.	2.6186075331004494e-25	8.913520465081394e-8	5.306327521622971e-8
682.	0.	2.4590871967434654e-25	8.743113404381095e-8	5.221188092782299e-8
683.	0.	2.3085468709113333e-25	8.575803076263262e-8	5.13732995938771e-8
683.9999999999999	0.	2.166544792595613e-25	8.411537829407776e-8	5.0547361283945305e-8
685.	0.	2.0326551885909904e-25	8.250266785589215e-8	4.973389796964542e-8
686.	0.	1.906468265447755e-25	8.09193982961488e-8	4.893274350817996e-8
687.	0.	1.787590125362241e-25	7.936507599282631e-8	4.8143733625630647e-8
687.9999999999999	0.	1.6756426174862157e-25	7.783921475478261e-8	4.7366705900184124e-8
688.9999999999999	0.	1.5702631333040174e-25	7.634133572386507e-8	4.6601499745695135e-8
690.	0.	1.4711043539104681e-25	7.487096727775454e-8	4.5847956395219876e-8
691.	0.	1.377833956354648e-25	7.342764493438824e-8	4.5105918884621716e-8
692.	0.	1.2901342855218634e-25	7.201091125674024e-8	4.4375232036285184e-8
692.9999999999999	0.	1.2077019974106158e-25	7.062031575940265e-8	4.365574244285583e-8
694.	0.	1.1302476790821281e-25	6.925541481542426e-8	4.294729845120222e-8
695.	0.	1.0574954500320105e-25	6.791577156498567e-8	4.2249750146318256e-8
696.	0.	9.891825492237626e-26	6.660095582434327e-8	4.156294933539867e-8
696.9999999999999	0.	9.250589115866205e-26	6.531054399637569e-8	4.0886749531990196e-8
698.	0.	8.648867373552038e-26	6.404411898167603e-8	4.022100594019185e-8
699.	0.	8.084400572346541e-26	6.280127009106838e-8	3.956557543902207e-8
700.	0.	7.555042960304722e-26	6.158159295873927e-8	3.892031656683498e-8
701.	0.	7.058758370633788e-26	6.038468945664546e-8	3.8285089505839414e-8
701.9999999999999	0.	6.593615893821596e-26	5.921016760967097e-8	3.765975606667436e-8
703.	0.	6.157785595357125e-26	5.805764151214674e-8	3.704417967324796e-8
704.	0.	5.749534294015387e-26	5.692673124459726e-8	3.643822534732434e-8
705.	0.	5.367221413740113e-26	5.5817062792257295e-8	3.584175969363796e-8
705.9999999999999	0.	5.0092949198963376e-26	5.4728267964273406e-8	3.5254650884842865e-8
707.	0.	4.674287348983881e-26	5.3659984313189076e-8	3.467676864647242e-8
708.	0.	4.360811939397156e-26	5.2611855056559254e-8	3.410798424230008e-8
709.	0.	4.067558869112594e-26	5.1583528998730396e-8	3.354817045971204e-8
710.	0.	3.7932916050387236e-26	5.0574660453219833e-8	3.299720159477763e-8
710.9999999999999	0.	3.536843367709144e-26	4.958490916713237e-8	3.245495343815605e-8
712.	0.	3.2971137136685315e-26	4.861394024520819e-8	3.192130326032759e-8
713.	0.	3.0730652373225203e-26	4.766142407584046e-8	3.139612979759826e-8
714.	0.	2.8637203929586244e-26	4.672703625706042e-8	3.087931323767049e-8
714.9999999999999	0.	2.668158437123554e-26	4.581045752426128e-8	3.037073520571369e-8
716.	0.	2.4855124907970388e-26	4.491137367806957e-8	2.987027875025887e-8
717.	0.	2.314966720363756e-26	4.402947551341076e-8	2.937782832929189e-8
718.	0.	2.1557536358770788e-26	4.316445874960622e-8	2.889326979654388e-8
719.	0.	2.0071515047048177e-26	4.2316023960847154e-8	2.8416490387728043e-8
719.9999999999999	0.	1.868481878370151e-26	4.1483876508002124e-8	2.7947378706965432e-8
721.	0.	1.7391072300573753e-26	4.066772647080844e-8	2.7485824713267045e-8
722.	0.	1.6184287000716635e-26	3.986728858129992e-8	2.7031719707165573e-8
723.	0.	1.5058839463326416e-26	3.908228215760607e-8	2.658495631736427e-8
723.9999999999999	0.	1.4009450968438166e-26	3.8312431039097334e-8	2.6145428487613956e-8
725.	0.	1.3031168009517161e-26	3.755746352173327e-8	2.5713031463528262e-8
726.	0.	1.2119343761573978e-26	3.681711229472365e-8	2.5287661779685204e-8
727.	0.	1.126962047154681e-26	3.609111437775546e-8	2.4869217246654627e-8
727.9999999999999	0.	1.047791273761665e-26	3.537921105874769e-8	2.4457596938161877e-8
728.9999999999999	0.	9.740391644004299e-27	3.4681147832809744e-8	2.4052701178469337e-8
730.	0.	9.053469717753114e-27	3.3996674341743634e-8	2.3654431529714235e-8
731.	0.	8.413786674390575e-27	3.332554431438037e-8	2.3262690779454222e-8
732.	0.	7.818195919660417e-27	3.266751550736267e-8	2.2877382928141556e-8
732.9999999999999	0.	7.263751775121512e-27	3.2022349647157765e-8	2.2498413176904214e-8
734.	0.	6.747697395850176e-27	3.1389812372429685e-8	2.2125687915329808e-8
735.	0.	6.267453349296177e-27	3.0769673177277274e-8	2.17591147092712e-8
736.	0.	5.820606825062765e-27	3.016170535509927e-8	2.1398602288866926e-8
736.9999999999999	0.	5.404901446149721e-27	2.9565685943307285e-8	2.1044060536600255e-8
737.9999999999999	0.	5.0182276530822055e-27	2.8981395668561573e-8	2.0695400475424796e-8
739.	0.	4.658613633241381e-27	2.8408618892861655e-8	2.0352534257076806e-8
740.	0.	4.324216768581434e-27	2.7847143560270284e-8	2.001537515036758e-8
741.	0.	4.01331557587241e-27	2.7296761144161142e-8	1.9683837529635667e-8
741.9999999999999	0.	3.724302114563263e-27	2.675726659546916e-8	1.9357836863327185e-8
743.	0.	3.4556748382304545e-27	2.622845829113466e-8	1.903728970253604e-8
744.	0.	3.2060318666017326e-27	2.5710137983799252e-8	1.872211366977076e-8
745.	0.	2.974064656008082e-27	2.5202110751597634e-8	1.8412227447791104e-8
745.9999999999999	0.	2.758552047057804e-27	2.4704184948841755e-8	1.8107550768403323e-8
746.9999999999999	0.	2.5583546692716505e-27	2.4216172157425985e-8	1.7808004401583112e-8
748.	0.	2.3724096832256764e-27	2.3737887138627822e-8	1.751351014443652e-8
749.	0.	2.1997258417143245e-27	2.3269147785719718e-8	1.722399081040296e-8
750.	0.	2.0393788522278414e-27	2.2809775077155058e-8	1.693937021854601e-8
750.9999999999999	0.	1.890507023891293e-27	2.2359593030226376e-8	1.665957318282773e-8
752.	0.	1.752307182822572e-27	2.1918428655512345e-8	1.6384525501585474e-8
753.	0.	1.6240308406347093e-27	2.1486111911918533e-8	1.6114153947078573e-8
754.	0.	1.5049806015537879e-27	2.106247566196899e-8	1.5848386254956048e-8
754.9999999999999	0.	1.3945067943865942e-27	2.064735562825912e-8	1.558715111411369e-8
756.	0.	1.2920043162176041e-27	2.0240590349983986e-8	1.533037815637733e-8
757.	0.	1.1969096754420172e-27	1.9842021140151752e-8	1.5077997946323142e-8
758.	0.	1.1086982223568165e-27	1.945149204353486e-8	1.482994197130376e-8
759.	0.	1.0268815561674536e-27	1.9068849795075018e-8	1.4586142631443797e-8
759.9999999999999	0.	9.510050978539796e-28	1.8693943778788105e-8	1.4346533229729359e-8
761.	0.	8.806458189217559e-28	1.8326625987152948e-8	1.41110479622172e-8
762.	0.	8.154101165973372e-28	1.7966750981318567e-8	1.3879621908285307e-8
763.	0.	7.549318265562819e-28	1.7614175851496028e-8	1.3652191021040255e-8
763.9999999999999	0.	6.988703647570741e-28	1.7268760178127297e-8	1.342869211766862e-8
765.	0.	6.469089904446245e-28	1.693036599347131e-8	1.320906287005584e-8
766.	0.	5.987531828160365e-28	1.6598857743679287e-8	1.299324179529857e-8
767.	0.	5.541291242883218e-28	1.627410225145626e-8	1.2781168246419542e-8
768.	0.	5.127822837024194e-28	1.5955968679119985e-8	1.2572782403101103e-8
768.9999999999999	0.	4.744760931914352e-28	1.56443284922929e-8	1.2368025262555512e-8
770.	0.	4.389907128026372e-28	1.5339055423979642e-8	1.2166838630397684e-8
771.	0.	4.06121877315247e-28	1.504002543915447e-8	1.19691651116608e-8
772.	0.	3.756798200216696e-28	1.4747116699787738e-8	1.1774948101838212e-8
772.9999999999999	0.	3.474882685553572e-28	1.4460209530462963e-8	1.1584131778038532e-8
774.	0.	3.2138350814055767e-28	1.4179186384362227e-8	1.1396661090216019e-8
775.	0.	2.972135079203417e-28	1.3903931809753343e-8	1.121248175244322e-8
776.	0.	2.7483710628326274e-28	1.3634332416824432e-8	1.1031540234269581e-8
776.9999999999999	0.	2.5412325135819815e-28	1.337027684527267e-8	1.0853783752228951e-8
777.9999999999999	0.	2.3495029308036054e-28	1.3111655731909972e-8	1.0679160261271792e-8
779.	0.	2.17205323458025e-28	1.2858361679109265e-8	1.0507618446427761e-8
780.	0.	2.0078356187307493e-28	1.2610289223392722e-8	1.033910771439629e-8
781.	0.	1.8558778245228385e-28	1.2367334804664025e-8	1.0173578185360085e-8
781.9999999999999	0.	1.7152778072627248e-28	1.2129396735692789e-8	1.0010980684740246e-8
783.	0.	1.5851987697304626e-28	1.1896375172202238e-8	9.851266735114643e-9
784.	0.	1.4648645380441869e-28	1.1668172083168751e-8	9.694388548123325e-9
785.	0.	1.3535552571177493e-28	1.1444691221716525e-8	9.540299016547602e-9
785.9999999999999	0.	1.250603384305996e-28	1.1225838096289923e-8	9.388951706345e-9
786.9999999999999	0.	1.1553899612295148e-28	1.1011519942325434e-8	9.24030084885559e-9
788.	0.	1.0673411450411019e-28	1.0801645694222692e-8	9.094301333015442e-9
789.	0.	9.859249816173358e-29	1.0596125957801846e-8	8.950908697668232e-9
790.	0.	9.106484042918445e-29	1.039487298308874e-8	8.810079123908115e-9
790.9999999999999	0.	8.410544428157918e-29	1.019780063750286e-8	8.671769427561698e-9
792.	0.	7.767196282276657e-29	1.0004824379388687e-8	8.535937051644688e-9
793.	0.	7.172515802640404e-29	9.815861232043464e-9	8.402540058980479e-9
794.	0.	6.622867648087534e-29	9.630829757896082e-9	8.271537124792922e-9
794.9999999999999	0.	6.114884097199504e-29	9.449650033312813e-9	8.142887529465574e-9
795.9999999999999	0.	5.645445681323069e-29	9.272243623495521e-9	8.016551151250902e-9
797.	0.	5.211663190718057e-29	9.098533558010904e-9	7.892488459173027e-9
798.	0.	4.810860958829434e-29	8.928444306435248e-9	7.770660505884814e-9
799.	0.	4.4405613361798554e-29	8.761901754469396e-9	7.651028920641876e-9
799.9999999999999	0.	4.098470271233999e-29	8.598833180355112e-9	7.533555902338414e-9
801.	0.	3.782463921189353e-29	8.43916723171597e-9	7.4182042126257494e-9
802.	0.	3.4905762208234726e-29	8.28283390258e-9	7.3049371690393325e-9
803.	0.	3.220987342427007e-29	8.129764510872199e-9	7.19371863822128e-9
803.9999999999999	0.	2.972012984381749e-29	7.979891676154096e-9	7.084513029223363e-9
804.9999999999999	0.	2.742094430191412e-29	7.833149297739885e-9	6.977285286850251e-9
806.	0.	2.5297893237554e-29	7.689472533070137e-9	6.8720008850520395e-9
807.	0.	2.3337631103878637e-29	7.54879777648315e-9	6.7686258204202214e-9
808.	0.	2.1527810965390104e-29	7.411062638191973e-9	6.6671266056914585e-9
808.9999999999999	0.	1.9857010844297529e-29	7.276205923683623e-9	6.567470263360115e-9
810.	0.	1.8314665408139616e-29	7.144167613336007e-9	6.469624319321781e-9
811.	0.	1.6891002619144998e-29	7.014888842374958e-9	6.3735567965928495e-9
812.	0.	1.5576984992054095e-29	6.888311881093832e-9	6.279236209062839e-9
812.9999999999999	0.	1.4364255131710136e-29	6.76438011544816e-9	6.1866315553614955e-9
814.	0.	1.3245085244504812e-29	6.643038027813044e-9	6.0957123127093205e-9
815.	0.	1.2212330339282217e-29	6.524231178120676e-9	6.006448430882859e-9
816.	0.	1.1259384853058042e-29	6.407906185292202e-9	5.9188103262461255e-9
816.9999999999999	0.	1.0380142455503649e-29	6.294010708838173e-9	5.832768875766976e-9
817.9999999999999	0.	9.56895880346702e-30	6.1824934308521904e-9	5.748295411168639e-9
819.	0.	8.820617032862077e-30	6.0733040382165336e-9	5.665361713113843e-9
820.	0.	8.130295790240633e-30	5.9663932050657904e-9	5.583940005408043e-9
821.	0.	7.493539620428467e-30	5.861712575590773e-9	5.504002949337316e-9
821.9999999999999	0.	6.906231539452884e-30	5.759214746972757e-9	5.425523637964295e-9
823.	0.	6.364567634303147e-30	5.6588532527267686e-9	5.348475590580629e-9
824.	0.	5.865033542141591e-30	5.5605825461604685e-9	5.27283274712258e-9
825.	0.	5.404382672228617e-30	5.46435798420833e-9	5.1985694627224034e-9
825.9999999999999	0.	4.9796160434825526e-30	5.370135811396314e-9	5.125660502234618e-9
826.9999999999999	0.	4.587963619752655e-30	5.277873144137297e-9	5.0540810348881145e-9
828.	0.	4.226867033282226e-30	5.1875279552749936e-9	4.983806628965116e-9
829.	0.	3.8939635947074174e-30	5.099059058732885e-9	4.914813246495598e-9
830.	0.	3.58707149527631e-30	5.012426094609553e-9	4.847077238074697e-9
830.9999999999999	0.	3.304176113711786e-30	4.927589514326307e-9	4.78057533767926e-9
832.	0.	3.0434173464997048e-30	4.844510566084757e-9	4.7152846575599784e-9
833.	0.	2.803077886233524e-30	4.763151280543767e-9	4.651182683177262e-9
834.	0.	2.5815723781027344e-30	4.683474456717137e-9	4.588247268193938e-9
834.9999999999999	0.	2.3774373896823633e-30	4.605443648082143e-9	4.5264566295179495e-9
835.9999999999999	0.	2.1893221338853427e-30	4.5290231489131206e-9	4.465789342395834e-9
837.	0.	2.0159798893168065e-30	4.4541779808307025e-9	4.406224335549764e-9
838.	0.	1.856260066326997e-30	4.3808738795748245e-9	4.347740886387046e-9
839.	0.	1.7091008708271086e-30	4.309077281939421e-9	4.290318616219076e-9
839.9999999999999	0.	1.573522521447295e-30	4.2387553129851786e-9	4.233937485579839e-9
841.	0.	1.4486209788468503e-30	4.169875773387801e-9	4.178577789554522e-9
842.	0.	1.333562149022194e-30	4.102407127062485e-9	4.124220153179104e-9
843.	0.	1.2275765252444829e-30	4.0363184888711835e-9	4.070845526876894e-9
843.9999999999999	0.	1.129954235868309e-30	3.971579612674942e-9	4.0184351819441185e-9
844.9999999999999	0.	1.0400404676526458e-30	3.9081608794388494e-9	3.966970706093919e-9
846.	0.	9.572312364824848e-31	3.846033285620665e-9	3.916433999035679e-9
847.	0.	8.80969479445771e-31	3.78516843172578e-9	3.866807268113977e-9
848.	0.	8.107414441490185e-31	3.725538510984728e-9	3.8180730239749e-9
848.9999999999999	0.	7.460733529399386e-31	3.667116298339609e-9	3.770214076307794e-9
850.	0.	6.865283213543878e-31	3.6098751394745432e-9	3.723213529605044e-9
851.	0.	6.317035116465053e-31	3.553788940115528e-9	3.677054778979574e-9
852.	0.	5.812275036781319e-31	3.4988321554878916e-9	3.631721506042086e-9
852.9999999999999	0.	5.347578667610628e-31	3.444979779888729e-9	3.587197674792346e-9
853.9999999999999	0.	4.9197891727235895e-31	3.3922073365469787e-9	3.543467527585366e-9
855.	0.	4.525996479880786e-31	3.340490867507084e-9	3.5005155811256278e-9
856.	0.	4.1635181613681754e-31	3.2898069238160813e-9	3.4583266225168557e-9
857.	0.	3.8298817813942397e-31	3.2401325557601996e-9	3.416885705337233e-9
857.9999999999999	0.	3.5228085990801363e-31	3.1914453033483245e-9	3.37617814577811e-9
859.	0.	3.2401985240581364e-31	3.1437231869042107e-9	3.3361895188186928e-9
860.	0.	2.9801162294501327e-31	3.0969446978291022e-9	3.296905654442629e-9
861.	0.	2.7407783341417262e-31	3.051088789537649e-9	3.2583126339035638e-9
861.9999999999999	0.	2.5205415728785686e-31	3.006134868499344e-9	3.2203967860109473e-9
863.	0.	2.3178918788707144e-31	2.9620627854964005e-9	3.1831446834988677e-9
864.	0.	2.1314343092289923e-31	2.9188528269605105e-9	3.1465431393943025e-9
865.	0.	1.9598837488496255e-31	2.8764857065081244e-9	3.1105792034575504e-9
865.9999999999999	0.	1.802056333200245e-31	2.8349425565938605e-9	3.075240158644111e-9
866.9999999999999	0.	1.6568615349765094e-31	2.7942049203169356e-9	3.0405135176142935e-9
868.	0.	1.5232948637586304e-31	2.7542547433538883e-9	3.0063870193001076e-9
869.	0.	1.4004311316455383e-31	2.715074366045277e-9	2.9728486254736388e-9
870.	0.	1.2874182414270892e-31	2.6766465156057404e-9	2.9398865173951484e-9
870.9999999999999	0.	1.1834714571325138e-31	2.6389542984807947e-9	2.907489092478675e-9
872.	0.	1.087868119861489e-31	2.6019811928186037e-9	2.875644961003693e-9
873.	0.	9.999427746191053e-32	2.5657110410812457e-9	2.8443429428588772e-9
874.	0.	9.190826764875202e-32	2.5301280427928684e-9	2.8135720643429165e-9
874.9999999999999	0.	8.447236468809183e-32	2.4952167473975183e-9	2.7833215549772363e-9
875.9999999999999	0.	7.763462528655837e-32	2.4609620472504545e-9	2.753580844378139e-9
877.	0.	7.134722845858218e-32	2.4273491707317303e-9	2.7243395591625465e-9
878.	0.	6.556615077492308e-32	2.3943636754742176e-9	2.6955875198806125e-9
879.	0.	6.025086698854909e-32	2.3619914417258985e-9	2.6673147379942855e-9
879.9999999999999	0.	5.536407407256843e-32	2.3302186658074755e-9	2.639511412897835e-9
881.	0.	5.087143685538517e-32	2.299031853696548e-9	2.612167928956535e-9
882.	0.	4.674135357779581e-32	2.268417814747234e-9	2.585274852609898e-9
883.	0.	4.2944739825116085e-32	2.2383636554682417e-9	2.5588229294793767e-9
883.9999999999999	0.	3.9454829406703764e-32	2.208856773469859e-9	2.5328030815391584e-9
884.9999999999999	0.	3.6246990864846007e-32	2.17988485147967e-9	2.507206404300198e-9
886.	0.	3.329855839661998e-32	2.151435851474648e-9	2.4820241640378793e-9
887.	0.	3.0588676066239084e-32	2.1234980089499637e-9	2.457247795077798e-9
888.	0.	2.8098154271568996e-32	2.0960598272257712e-9	2.4328688970603814e-9
888.9999999999999	0.	2.5809337509226264e-32	2.0691100719243987e-9	2.408879232299524e-9
890.	0.	2.3705982555848483e-32	2.04263776550451e-9	2.385270723139608e-9
891.	0.	2.1773146251836776e-32	2.01663218191317e-9	2.3620354493507476e-9
892.	0.	1.9997082136740875e-32	1.991082841333082e-9	2.339165645576097e-9
892.9999999999999	0.	1.8365145243564004e-32	1.96597950501778e-9	2.3166536987795945e-9
893.9999999999999	0.	1.686570441314603e-32	1.9413121702289203e-9	2.2944921457573533e-9
895.	0.	1.5488061539253342e-32	1.9170710652726846e-9	2.272673670670422e-9
896.	0.	1.422237720082685e-32	1.893246644605404e-9	2.2511911025952563e-9
897.	0.	1.3059602180149623e-32	1.869829584058607e-9	2.2300374131351404e-9
897.9999999999999	0.	1.1991414404601645e-32	1.8468107761310382e-9	2.209205714031896e-9
899.	0.	1.1010160885776484e-32	1.824181325375319e-9	2.1886892548350837e-9
900.	0.	1.0108804262877639e-32	1.801932543872934e-9	2.168481420586908e-9
901.	0.	9.280873588008523e-33	1.7800559467913127e-9	2.148575729539191e-9
901.9999999999999	0.	8.520419019260602e-33	1.7585432480266711e-9	2.1289658309083136e-9
902.9999999999999	0.	7.821970113575746e-33	1.7373863559180654e-9	2.1096455026513205e-9
904.	0.	7.180497435478361e-33	1.7165773690603511e-9	2.0906086492744113e-9
905.	0.	6.591377219955545e-33	1.696108572189193e-9	2.071849299682766e-9
906.	0.	6.050358848256078e-33	1.6759724321264876e-9	2.053361605032143e-9
906.9999999999999	0.	5.553534914320011e-33	1.6561615938323229e-9	2.0351398366426937e-9
908.	0.	5.097313676923218e-33	1.6366688765167142e-9	2.0171783839161585e-9
909.	0.	4.678393708746761e-33	1.6174872698226576e-9	1.999471752293796e-9
910.	0.	4.293740568386095e-33	1.5986099300873577e-9	1.982014561234545e-9
910.9999999999999	0.	3.9405653350031174e-33	1.5800301766767425e-9	1.9648015422338673e-9
911.9999999999999	0.	3.6163048579013355e-33	1.5617414883952302e-9	1.9478275368600816e-9
913.	0.	3.318603584964483e-33	1.5437374999398813e-9	1.931087494805729e-9
914.	0.	3.045296844603016e-33	1.5260119984693753e-9	1.9145764720073523e-9
914.9999999999999	0.	2.7943954657051413e-33	1.5085589201870739e-9	1.8982896287368496e-9
915.9999999999999	0.	2.5640716292510983e-33	1.4913723470319834e-9	1.8822222277664924e-9
917.	0.	2.3526458535887792e-33	1.4744465034166976e-9	1.8663696325336673e-9
918.	0.	2.1585750231445883e-33	1.4577757530248028e-9	1.8507273053392373e-9
919.	0.	1.9804413774571504e-33	1.4413545956896967e-9	1.8352908055724844e-9
919.9999999999999	0.	1.8169423839973728e-33	1.4251776643115112e-9	1.8200557879571843e-9
921.	0.	1.6668814242991584e-33	1.409239721853629e-9	1.8050180008320128e-9
922.	0.	1.5291592284988708e-33	1.3935356583962106e-9	1.7901732844435602e-9
923.	0.	1.4027659985289747e-33	1.3780604882375515e-9	1.7755175692747824e-9
923.9999999999999	0.	1.2867741649503653e-33	1.3628093470600946e-9	1.7610468743880688e-9
924.9999999999999	0.	1.180331726769662e-33	1.347777489164362e-9	1.74675730580505e-9
926.	0.	1.0826561276090955e-33	1.332960284736858e-9	1.7326450548972176e-9
927.	0.	9.930286253058538e-34	1.3183532171874963e-9	1.7187063968032276e-9
928.	0.	9.107891154261618e-34	1.3039518805419747e-9	1.7049376888831696e-9
928.9999999999999	0.	8.353313723220716e-34	1.2897519768755847e-9	1.6913353691723377e-9
930.	0.	7.660986742576261e-34	1.2757493138139808e-9	1.6778959548786024e-9
931.	0.	7.025797817934121e-34	1.2619398020673661e-9	1.6646160408882364e-9
932.	0.	6.4430524107668055e-34	1.2483194530368792e-9	1.6514922983075038e-9
932.9999999999999	0.	5.908439859431211e-34	1.2348843764507242e-9	1.6385214730105377e-9
933.9999999999999	0.	5.418002148195215e-34	1.2216307780577202e-9	1.6257003842223973e-9
935.	0.	4.9681052033481905e-34	1.208554957371577e-9	1.6130259231212769e-9
936.	0.	4.555412513082612e-34	1.195653305451608e-9	1.6004950514497148e-9
937.	0.	4.176860884134999e-34	1.182922302739834e-9	1.5881048001674544e-9
937.9999999999999	0.	3.829638163092938e-34	1.1703585169404211e-9	1.575852268107908e-9
939.	0.	3.511162764066889e-34	1.157958600939e-9	1.563734620664779e-9
940.	0.	3.219064857099736e-34	1.1457192907707113e-9	1.5517490884953874e-9
941.	0.	2.9511690833516644e-34	1.1336374036279065e-9	1.5398929662437804e-9
941.9999999999999	0.	2.7054786738422345e-34	1.1217098359131578e-9	1.528163611287582e-9
942.9999999999999	0.	2.480160858412118e-34	1.1099335613315189e-9	1.516558442499393e-9
944.	0.	2.2735334606668084e-34	1.0983056290204824e-9	1.5050749390307726e-9
945.	0.	2.0840525830347828e-34	1.0868231617258228e-9	1.4937106391158818e-9
946.	0.	1.9103012937740964e-34	1.0754833540126057e-9	1.4824631388923243e-9
946.9999999999999	0.	1.7509792348551007e-34	1.0642834705147947e-9	1.4713300912427633e-9
948.	0.	1.6048930761616577e-34	1.0532208442217938e-9	1.4603092046503451e-9
949.	0.	1.4709477474618055e-34	1.0422928748057278e-9	1.4493982420821697e-9
950.	0.	1.348138385112677e-34	1.0314970269816947e-9	1.4385950198790353e-9
950.9999999999999	0.	1.235542935547776e-34	1.02083082890094e-9	1.4278974066707898e-9
951.9999999999999	0.	1.1323153622674016e-34	1.0102918705889703e-9	1.4173033223097546e-9
953.	0.	1.0376794073453831e-34	9.99877802404612e-10	1.4068107368154214e-9
954.	0.	9.509228624255042e-35	9.89586333542727e-10	1.396417669342369e-9
954.9999999999999	0.	8.713923078141811e-35	9.794152305681725e-10	1.386122187164179e-9
955.9999999999999	0.	7.98488281617384e-35	9.693623159772534e-10	1.3759224046696942e-9
957.	0.	7.31660843951574e-35	9.59425466794436e-10	1.365816482382628e-9
958.	0.	6.70405504081893e-35	9.496026132039068e-10	1.3558026259933044e-9
959.	0.	6.142594809446518e-35	9.398917372034174e-10	1.3458790854060287e-9
959.9999999999999	0.	5.627982699020036e-35	9.302908712964298e-10	1.3360441538055593e-9
960.9999999999999	0.	5.156324907768336e-35	9.207980972047314e-10	1.326296166736324e-9
962.	0.	4.724049942378413e-35	9.114115446229328e-10	1.316633501202109e-9
963.	0.	4.327882054631355e-35	9.021293899844982e-10	1.3070545747726556e-9
963.9999999999999	0.	3.964816857223156e-35	8.929498552718835e-10	1.2975578447150818e-9
964.9999999999999	0.	3.632098940861785e-35	8.838712068392047e-10	1.2881418071313205e-9
966.	0.	3.327201329196825e-35	8.748917542779255e-10	1.2788049961192407e-9
967.	0.	3.0478066214023386e-35	8.660098492895488e-10	1.2695459829403135e-9
968.	0.	2.791789684455854e-35	8.572238846007735e-10	1.260363375206456e-9
968.9999999999999	0.	2.557201768368553e-35	8.485322928958705e-10	1.2512558160813206e-9
969.9999999999999	0.	2.342255927931847e-35	8.399335457721991e-10	1.242221983490728e-9
971.	0.	2.1453136440343485e-35	8.314261527248155e-10	1.2332605893537425e-9
972.	0.	1.9648725463031308e-35	8.230086601518105e-10	1.22437037882135e-9
972.9999999999999	0.	1.799555146836451e-35	8.146796503836338e-10	1.21555012953375e-9
973.9999999999999	0.	1.6480985021451126e-35	8.064377407351562e-10	1.2067986508855911e-9
975.	0.	1.5093447271875082e-35	7.98281582578464e-10	1.1981147833097392e-9
976.	0.	1.3822322915857718e-35	7.902098604422196e-10	1.1894973975698681e-9
977.	0.	1.2657880338247812e-35	7.822212911253414e-10	1.1809453940679356e-9
977.9999999999999	0.	1.1591198344769342e-35	7.74314622836791e-10	1.1724577021619445e-9
979.	0.	1.0614098943130548e-35	7.664886343552783e-10	1.1640332795007873e-9
980.	0.	9.719085675864434e-36	7.587421342087011e-10	1.1556711113650273e-9
980.9999999999999	0.	8.899287048434681e-36	7.510739598710733e-10	1.1473702100253384e-9
982.	0.	8.148404633477925e-36	7.434829769812139e-10	1.1391296141092808e-9
982.9999999999999	0.	7.460665466397159e-36	7.359680785816947e-10	1.1309483879804507e-9
983.9999999999999	0.	6.830778378997583e-36	7.285281843714942e-10	1.1228256211314343e-9
985.	0.	6.253893946830739e-36	7.211622399811334e-10	1.1147604275841465e-9
985.9999999999999	0.	5.7255677525021006e-36	7.138692162635677e-10	1.1067519453050615e-9
987.	0.	5.241726691595005e-36	7.066481086039706e-10	1.0987993356295316e-9
988.	0.	4.798638070315587e-36	6.994979362449181e-10	1.0909017826976573e-9
988.9999999999999	0.	4.392881264541194e-36	6.924177416269119e-10	1.0830584928997876e-9
990.	0.	4.021321728882128e-36	6.85406589750444e-10	1.0752686943354826e-9
990.9999999999999	0.	3.6810871617178135e-36	6.78463567549505e-10	1.0675316362787495e-9
992.	0.	3.3695456481312344e-36	6.715877832800657e-10	1.0598465886572486e-9
993.	0.	3.084285617304476e-36	6.647783659281827e-10	1.0522128415388765e-9
993.9999999999999	0.	2.8230974643746468e-36	6.580344646290646e-10	1.0446297046304889e-9
995.	0.	2.5839566991083627e-36	6.513552481035448e-10	1.0370965067853938e-9
995.9999999999999	0.	2.3650084950715724e-36	6.447399041058244e-10	1.0296125955189855e-9
997.	0.	2.1645535233881067e-36	6.381876388893205e-10	1.0221773365388654e-9
998.	0.	1.981034964721578e-36	6.316976766819466e-10	1.0147901132764105e-9
998.9999999999999	0.	1.8130266018912162e-36	6.252692591780713e-10	1.0074503264361536e-9
1000.	0.	1.6592219035759984e-36	6.189016450410155e-10	1.000157393547507e-9