0.	0.	0.	0.	0.
1.	1.1101202664599508e-8	1.871120832102296e-10	1.9395950543050663e-13	1.9429363512578317e-16
2.	1.4248623828826267e-9	7.246707576944018e-10	7.792064384900623e-13	7.818984838193633e-16
3.	7.939041867248969e-11	1.576033648704824e-9	1.7589800036101709e-12	1.7681205863828388e-15
4.	2.988042758128072e-12	2.703837105955739e-9	3.1342176876538857e-12	3.155993224453194e-15
5.	8.868849410014427e-14	4.070647335153458e-9	4.903703391188336e-12	4.9464063595327156e-15
6.	2.2373518540230747e-15	5.639524331141491e-9	7.064217723156221e-12	7.138239505800993e-15
7.	5.006531267679126e-17	7.374501683133349e-9	9.610689068499104e-12	9.728496686617452e-15
8.	1.0213055172889708e-18	9.240986458770731e-9	1.2536344207853325e-11	1.2712442276633338e-14
9.	1.9212733596724466e-20	1.1206084211086889e-8	1.583285742383038e-11	1.6083736671819584e-14
10.	0.	1.3238854731886129e-8	1.949049717055789e-11	1.9834570858765767e-14
11.	0.	1.5310504534881726e-8	2.34982695129901e-11	2.3955799073054224e-14
12.	0.	1.7394522227447948e-8	2.7844057660843487e-11	2.843706884506135e-14
13.	0.	1.946676295311567e-8	3.251475702966998e-11	3.3266947830843395e-14
14.	0.	2.1505487986800417e-8	3.7496405359296735e-11	3.843304691644913e-14
14.999999999999998	0.	2.3491365366808623e-8	4.27743075083436e-11	4.392213916665136e-14
16.	0.	2.5407437174434197e-8	4.8333154623442494e-11	4.972027426425726e-14
17.	0.	2.7239058743000078e-8	5.4157137453750266e-11	5.5812888154363445e-14
18.	0.	2.8973814710337753e-8	6.023005364595607e-11	6.218490766965463e-14
18.999999999999996	0.	3.0601416436212827e-8	6.653540891278698e-11	6.882084996856841e-14
20.	0.	3.2113584901066686e-8	7.305651201953023e-11	7.570491666829353e-14
21.	0.	3.3503922794533887e-8	7.977656357879904e-11	8.282108259954537e-14
22.	0.	3.476777909953635e-8	8.667873868413313e-11	9.015317915025267e-14
23.	0.	3.590210908671591e-8	9.374626344846261e-11	9.768497220105256e-14
24.	0.	3.69053322594832e-8	1.0096248554438302e-10	1.054002346871671e-13
24.999999999999996	0.	3.777719043570875e-8	1.0831093886995552e-10	1.1328281384913701e-13
26.	0.	3.851860782067127e-8	1.1577540248671466e-10	1.2131669325931866e-13
27.	0.	3.91315546190054e-8	1.233399539960582e-10	1.2948604973228245e-13
28.	0.	3.961891545198795e-8	1.3098901753651746e-10	1.3777530524554892e-13
29.	0.	3.998436359087443e-8	1.387074065978424e-10	1.4616917401270377e-13
29.999999999999996	0.	4.023224178692911e-8	1.464803618586507e-10	1.5465270486407726e-13
31.	0.	4.0367450273667886e-8	1.542935842628297e-10	1.632113191010622e-13
32.	0.	4.0395342335703504e-8	1.6213326355616953e-10	1.7183084399898658e-13
32.99999999999999	0.	4.032162768027524e-8	1.699861025090656e-10	1.8049754214043096e-13
34.	0.	4.015228371069506e-8	1.7783933705374725e-10	1.891981367661593e-13
35.	0.	3.989347468408197e-8	1.8568075256555274e-10	1.979198333345801e-13
36.	0.	3.955147863734152e-8	1.9349869651745728e-10	2.0665033748302485e-13
37.	0.	3.913262188381053e-8	2.0128208773550382e-10	2.1537786958524534e-13
37.99999999999999	0.	3.864322081675716e-8	2.0902042248016386e-10	2.2409117609954914e-13
39.	0.	3.808953070346875e-8	2.16703777575064e-10	2.327795379009994e-13
40.	0.	3.7477701113488314e-8	2.2432281080011179e-10	2.414327757892443e-13
41.	0.	3.681373759524834e-8	2.3186875876092385e-10	2.500412533608877e-13
42.	0.	3.610346919556157e-8	2.393334324407257e-10	2.585958774319848e-13
42.99999999999999	0.	3.535252140489445e-8	2.467092106346412e-10	2.670880961923133e-13
44.	0.	3.45662941069115e-8	2.5398903145960686e-10	2.755098952686263e-13
44.99999999999999	0.	3.374994411235137e-8	2.6116638212611737e-10	2.838537918692046e-13
46.	0.	3.2908371863904224e-8	2.6823528715070106e-10	2.921128271767667e-13
47.	0.	3.204621190951054e-8	2.7519029518049973e-10	3.0028055715121654e-13
48.	0.	3.116782675558949e-8	2.820264645936607e-10	3.0835104189789186e-13
49.	0.	3.0277303728424844e-8	2.887393480314755e-10	3.163188337509414e-13
49.99999999999999	0.	2.9378454490641564e-8	2.953249760103778e-10	3.241789642152856e-13
51.	0.	2.8474816879856476e-8	3.0177983975408544e-10	3.319269299043179e-13
52.	0.	2.7569658757681786e-8	3.08100873378379e-10	3.3955867760415305e-13
53.	0.	2.6665983578895605e-8	3.142854355532761e-10	3.4707058858882585e-13
54.	0.	2.5766537412407302e-8	3.2033129075973244e-10	3.544594623044504e-13
54.99999999999999	0.	2.4873817167335918e-8	3.2623659025049e-10	3.6172249953397544e-13
56.	0.	2.3990079798842385e-8	3.3199985281733797e-10	3.6885728514785584e-13
56.99999999999999	0.	2.311735228910144e-8	3.3761994545985367e-10	3.758617705397109e-13
58.	0.	2.2257442218806782e-8	3.430960640436931e-10	3.827342558398939e-13
59.	0.	2.1411948763745068e-8	3.484277140296905e-10	3.894733719938606e-13
59.99999999999999	0.	2.0582273969151778e-8	3.536146913484336e-10	3.960780627863139e-13
61.	0.	1.9769634171715304e-8	3.5865706348862215e-10	4.025475668863432e-13
62.	0.	1.8975071455166444e-8	3.6355515086136436e-10	4.0888139998315546e-13
63.	0.	1.819946504037418e-8	3.6830950849668793e-10	4.150793370765604e-13
64.	0.	1.7443542524737374e-8	3.7292090812286566e-10	4.211413949810841e-13
65.	0.	1.670789089844627e-8	3.7739032067376333e-10	4.270678150974989e-13
65.99999999999999	0.	1.599296727688888e-8	3.817188992642416e-10	4.3285904650063907e-13
67.	0.	1.5299109299139756e-8	3.859079626687385e-10	4.3851572938765045e-13
68.	0.	1.4626545152122675e-8	3.8995897933348616e-10	4.440386789262885e-13
69.	0.	1.3975403188730814e-8	3.9387355194839824e-10	4.4942886953854055e-13
70.	0.	1.3345721115968741e-8	3.976534026004842e-10	4.5468741965070157e-13
70.99999999999999	0.	1.2737454736097932e-8	4.013003585267076e-10	4.598155769370817e-13
72.	0.	1.2150486229879156e-8	4.0481633848050606e-10	4.648147040807668e-13
73.	0.	1.1584631976361464e-8	4.082033397227192e-10	4.696862650712895e-13
74.	0.	1.1039649908330838e-8	4.11463425644423e-10	4.744318120556889e-13
75.	0.	1.0515246406543627e-8	4.1459871402614306e-10	4.790529727562534e-13
75.99999999999999	0.	1.001108273930141e-8	4.1761136593511677e-10	4.835514384652372e-13
77.	0.	9.526781056806597e-9	4.205035752596617e-10	4.879289526240199e-13
78.	0.	9.061929952140324e-9	4.2327755887730456e-10	4.921872999915288e-13
79.	0.	8.616089602659013e-9	4.259355474511362e-10	4.963282964042889e-13
80.	0.	8.188796507166547e-9	4.2847977684680674e-10	5.003537791281356e-13
80.99999999999999	0.	7.779567835426239e-9	4.3091248016076245e-10	5.04265597799514e-13
82.	0.	7.3879054074665245e-9	4.3323588034864173e-10	5.080656059522923e-13
83.	0.	7.013299320749818e-9	4.354521834412504e-10	5.117556531241949e-13
84.	0.	6.655231243644663e-9	4.3756357233419e-10	5.153375775352838e-13
84.99999999999999	0.	6.313177393801856e-9	4.395722011360222e-10	5.188131993293867e-13
85.99999999999999	0.	5.986611220011153e-9	4.4148019005879386e-10	5.221843143679634e-13
87.	0.	5.675005805939771e-9	4.43289620833842e-10	5.254526885646525e-13
88.	0.	5.377836013842694e-9	4.450025326350097e-10	5.286200527475933e-13
89.	0.	5.094580385916059e-9	4.4662091849072917e-10	5.316880980356046e-13
89.99999999999999	0.	4.824722820457878e-9	4.481467221658987e-10	5.346584717134051e-13
90.99999999999999	0.	4.567754039417642e-9	4.4958183549402583e-10	5.375327735902753e-13
92.	0.	4.323172863279431e-9	4.509280961397728e-10	5.403125528258628e-13
93.	0.	4.0904873085441326e-9	4.5218728577180037e-10	5.429993052062697e-13
94.	0.	3.869215522365471e-9	4.5336112862565104e-10	5.455944708530575e-13
94.99999999999999	0.	3.6588865681637308e-9	4.544512904363341e-10	5.480994323474075e-13
96.	0.	3.459041075303726e-9	4.5545937772029414e-10	5.505155132513703e-13
97.	0.	3.269231765176838e-9	4.563869373865012e-10	5.528439770078863e-13
98.	0.	3.0890238652933396e-9	4.5723545665657045e-10	5.550860262011194e-13
99.	0.	2.917995422260862e-9	4.580063632739862e-10	5.572428021585304e-13
99.99999999999999	0.	2.755737523812484e-9	4.5870102598280383e-10	5.593153848761224e-13
101.	0.	2.601854439356641e-9	4.593207552564752e-10	5.613047932482947e-13
102.	0.	2.455963687846158e-9	4.598668042578215e-10	5.632119855838666e-13
103.	0.	2.317696041121688e-9	4.603403700115619e-10	5.650378603899442e-13
104.	0.	2.1866954702612156e-9	4.6074259477124303e-10	5.667832574055359e-13
104.99999999999999	0.	2.062619041877947e-9	4.6107456756287536e-10	5.684489588670203e-13
106.	0.	1.9451367707458126e-9	4.6133732588808686e-10	5.700356909878909e-13
107.	0.	1.8339314345978688e-9	4.6153185757010667e-10	5.715441256354797e-13
108.	0.	1.728698356439816e-9	4.616591027264533e-10	5.729748821877482e-13
109.	0.	1.6291451592471962e-9	4.6171995585274576e-10	5.74328529553589e-13
109.99999999999999	0.	1.5349914974692386e-9	4.6171526800263847e-10	5.756055883405056e-13
111.	0.	1.445968769347088e-9	4.616458490494703e-10	5.768065331539676e-13
112.	0.	1.3618198136642132e-9	4.615124700158081e-10	5.77931795013192e-13
113.	0.	1.2822985941875145e-9	4.6131586545767433e-10	5.789817638685684e-13
113.99999999999999	0.	1.2071698747206657e-9	4.61056735890865e-10	5.799567912064615e-13
114.99999999999999	0.	1.1362088873810895e-9	4.6073575024735476e-10	5.808571927275884e-13
116.	0.	1.0692009964265929e-9	4.603535483504193e-10	5.816832510857163e-13
117.	0.	1.005941359691926e-9	4.5991074339770553e-10	5.8243521867394e-13
118.	0.	9.462345894544332e-10	4.594079244420807e-10	5.831133204463159e-13
118.99999999999999	0.	8.89894414325732e-10	4.588456588607083e-10	5.837177567631899e-13
119.99999999999999	0.	8.3674334356281e-10	4.582244948033767e-10	5.84248706249078e-13
121.	0.	7.866123350075244e-10	4.5754496361170157e-10	5.84706328652498e-13
122.	0.	7.393404676937603e-10	4.5680758220140396e-10	5.850907676977161e-13
122.99999999999999	0.	6.947746200118168e-10	4.5601285540041307e-10	5.854021539188648e-13
124.	0.	6.527691541779978e-10	4.5516127823612975e-10	5.85640607467484e-13
125.	0.	6.131856076360249e-10	4.542533381656944e-10	5.85806240885014e-13
126.	0.	5.758923919025729e-10	4.5328951724364847e-10	5.85899161832321e-13
127.	0.	5.407644992702723e-10	4.522702942219035e-10	5.859194757688678e-13
128.	0.	5.076832176921627e-10	4.511961465774079e-10	5.858672885746221e-13
129.	0.	4.765358540896591e-10	4.500675524633987e-10	5.857427091083186e-13
130.	0.	4.4721546625837027e-10	4.4888499258060406e-10	5.855458516961881e-13
131.	0.	4.196206034801171e-10	4.476489519651762e-10	5.852768385457153e-13
131.99999999999997	0.	3.936550558972127e-10	4.4635992169064127e-10	5.84935802079538e-13
133.	0.	3.692276126552942e-10	4.450184004814779e-10	5.845228871849409e-13
134.	0.	3.4625182877994825e-10	4.436248962364226e-10	5.84038253374971e-13
135.	0.	3.246458007140753e-10	4.4217992745993127e-10	5.834820768575393e-13
136.	0.	3.0433195041491165e-10	4.4068402460062915e-10	5.828545525093758e-13
137.	0.	2.852368178798516e-10	4.391377312958841e-10	5.821558957520226e-13
138.	0.	2.672908619490975e-10	4.375416055220433e-10	5.813863443275572e-13
139.	0.	2.5042826921542454e-10	4.3589622065010754e-10	5.805461599720063e-13
140.	0.	2.345867708526358e-10	4.3420216640698716e-10	5.796356299848737e-13
140.99999999999997	0.	2.1970746716583193e-10	4.324600497427217e-10	5.786550686934941e-13
141.99999999999997	0.	2.057346596536089e-10	4.306704956043159e-10	5.776048188112781e-13
143.	0.	1.926156903655637e-10	4.2883414761713837e-10	5.764852526892899e-13
144.	0.	1.803007883353193e-10	4.2695166867498307e-10	5.75296773460807e-13
145.	0.	1.6874292286044601e-10	4.250237414401892e-10	5.740398160789086e-13
146.	0.	1.5789766340464382e-10	4.2305106875537603e-10	5.727148482473659e-13
147.	0.	1.4772304589242648e-10	4.2103437396853296e-10	5.713223712453668e-13
148.	0.	1.3817944516901455e-10	4.189744011734056e-10	5.69862920646902e-13
149.	0.	1.2922945339914607e-10	4.168719153672588e-10	5.683370669358517e-13
150.	0.	1.2083776418151372e-10	4.147277025282296e-10	5.66745416018017e-13
150.99999999999997	0.	1.1297106215688622e-10	4.125425696146389e-10	5.650886096315913e-13
151.99999999999997	0.	1.0559791789588915e-10	4.103173444887415e-10	5.633673256577467e-13
153.	0.	9.868868785055313e-11	4.0805287576748313e-10	5.615822783331868e-13
154.	0.	9.221541916540701e-11	4.057500326029413e-10	5.597342183666879e-13
155.	0.	8.615175914316126e-11	4.0340970439519587e-10	5.578239329618186e-13
156.	0.	8.047286916907348e-11	4.010328004404834e-10	5.558522457482039e-13
157.	0.	7.515534290267108e-11	3.9862024951745927e-10	5.538200166237286e-13
158.	0.	7.01771285500643e-11	3.9617299941454805e-10	5.517281415103352e-13
159.	0.	6.551745503864939e-11	3.936920164013283e-10	5.495775520260906e-13
160.	0.	6.115676191872496e-11	3.911782846469347e-10	5.473692150762946e-13
160.99999999999997	0.	5.707663282480162e-11	3.886328055885242e-10	5.451041323665715e-13
161.99999999999997	0.	5.32597323350489e-11	3.860565972527904e-10	5.427833398408437e-13
163.	0.	4.9689746071654444e-11	3.8345069353358377e-10	5.404079070472621e-13
164.	0.	4.6351323892447775e-11	3.808161434286546e-10	5.379789364351779e-13
165.	0.	4.323002602953462e-11	3.781540102385092e-10	5.354975625862661e-13
166.	0.	4.031227203521488e-11	3.7546537073038637e-10	5.329649513829995e-13
167.	0.	3.758529240241319e-11	3.727513142703183e-10	5.303822991176891e-13
168.	0.	3.503708273160294e-11	3.700129419261764e-10	5.277508315452673e-13
169.	0.	3.2656360321162016e-11	3.6725136554465793e-10	5.250718028831557e-13
169.99999999999997	0.	3.043252306375568e-11	3.644677068049699e-10	5.223464947613332e-13
170.99999999999997	0.	2.8355610536650892e-11	3.616630962520988e-10	5.195762151259776e-13
171.99999999999997	0.	2.641626717699496e-11	3.5883867231234964e-10	5.167622970998322e-13
173.	0.	2.4605707440722208e-11	3.5599558029389295e-10	5.139060978025887e-13
174.	0.	2.2915682844318323e-11	3.5313497137491543e-10	5.110089971344522e-13
175.	0.	2.133845079779092e-11	3.502580015819222e-10	5.080723965260367e-13
176.	0.	1.9866745136505384e-11	3.473658307607636e-10	5.050977176578479e-13
177.	0.	1.849374826756795e-11	3.444596215427189e-10	5.020864011523327e-13
178.	0.	1.7213064848166775e-11	3.4154053830803914e-10	4.99039905241627e-13
179.	0.	1.6018696917481797e-11	3.38609746149248e-10	4.959597044140566e-13
179.99999999999997	0.	1.4905020408240817e-11	3.35668409836316e-10	4.928472880422349e-13
180.99999999999997	0.	1.386676296599242e-11	3.327176927859542e-10	4.897041589958548e-13
181.99999999999997	0.	1.2898983008525048e-11	3.2975875603692156e-10	4.865318322418091e-13
183.	0.	1.1997049961983069e-11	3.2679275723343644e-10	4.833318334346326e-13
184.	0.	1.1156625609466587e-11	3.23820849618482e-10	4.801056974998573e-13
185.	0.	1.0373646497237534e-11	3.208441810388405e-10	4.768549672130027e-13
186.	0.	9.64430733927153e-12	3.1786389296353273e-10	4.735811917767399e-13
187.	0.	8.965045369408254e-12	3.148811195173277e-10	4.702859253987998e-13
188.	0.	8.332525589982978e-12	3.1189698653080933e-10	4.669707258729829e-13
189.	0.	7.743626868683618e-12	3.0891261060853006e-10	4.636371531657392e-13
189.99999999999997	0.	7.19542883799693e-12	3.059290982165299e-10	4.602867680104561e-13
190.99999999999997	0.	6.685199554247885e-12	3.029475447906035e-10	4.569211305117971e-13
192.	0.	6.210383875420216e-12	2.999690338664334e-10	4.535417987620695e-13
193.	0.	5.768592517122755e-12	2.969946362328247e-10	4.5015032747183e-13
194.	0.	5.357591751094693e-12	2.940254091089355e-10	4.46748266616447e-13
195.	0.	4.9752937104563885e-12	2.9106239534662925e-10	4.4333716010073773e-13
196.	0.	4.619747267419772e-12	2.881066226586864e-10	4.399185444432353e-13
197.	0.	4.2891294532070394e-12	2.851591028738135e-10	4.364939474819862e-13
198.	0.	3.981737388273774e-12	2.8222083121906524e-10	4.3306488710331103e-13
198.99999999999997	0.	3.695980696173495e-12	2.792927856304321e-10	4.296328699952062e-13
199.99999999999997	0.	3.4303743716096982e-12	2.763759260920917e-10	4.2619939042669965e-13
200.99999999999997	0.	3.183532079802019e-12	2.7347119400493454e-10	4.2276592905467164e-13
202.	0.	2.9541598594891316e-12	2.705795115846887e-10	4.1933395175923444e-13
203.	0.	2.741050209843546e-12	2.6770178129014826e-10	4.1590490850906936e-13
204.	0.	2.5430765371951134e-12	2.6483888528167825e-10	4.124802322576188e-13
205.	0.	2.3591879410834258e-12	2.6199168491038413e-10	4.0906133787139156e-13
206.	0.	2.1884043215325315e-12	2.591610202379805e-10	4.056496210910996e-13
207.	0.	2.0298117869112506e-12	2.5634770958762134e-10	4.0224645752671864e-13
208.	0.	1.882558346620917e-12	2.53552549125644e-10	3.98853201687092e-13
208.99999999999997	0.	1.7458498711087506e-12	2.507763124743105e-10	3.9547118604491646e-13
209.99999999999997	0.	1.618946303324053e-12	2.480197503554539e-10	3.921017201376787e-13
210.99999999999997	0.	1.501158107998723e-12	2.4528359026496453e-10	3.8874608970516683e-13
212.	0.	1.3918429426253855e-12	2.4256853617793777e-10	3.8540555586400466e-13
213.	0.	1.2904025396215677e-12	2.3987526828432016e-10	3.820813543196935e-13
214.	0.	1.1962797844659753e-12	2.372044427547834e-10	3.7877469461646477e-13
215.	0.	1.1089559799863318e-12	2.3455669153655613e-10	3.754867594252714e-13
216.	0.	1.0279482848450072e-12	2.3193262217888838e-10	3.722187038701381e-13
217.	0.	9.52807315000517e-13	2.2933281768780183e-10	3.689716548930688e-13
218.	0.	8.831149001693625e-13	2.2675783640963614e-10	3.657467106574745e-13
218.99999999999997	0.	8.184819838810694e-13	2.2420821194309886e-10	3.62544939990396e-13
219.99999999999997	0.	7.585466590594626e-13	2.2168445307921985e-10	3.593673818633052e-13
220.99999999999997	0.	7.029723316587094e-13	2.1918704376874643e-10	3.5621504491147097e-13
222.	0.	6.514460030688977e-13	2.167164431164817e-10	3.530889069918275e-13
223.	0.	6.036766646925298e-13	2.1427308540198899e-10	3.4998991477913175e-13
224.	0.	5.593937977534065e-13	2.1185738012599493e-10	3.469189834000549e-13
225.	0.	5.1834597181163e-13	2.094697120820713e-10	3.4387699610523405e-13
226.	0.	4.802995349347577e-13	2.0711044145274114e-10	3.4086480397860023e-13
227.	0.	4.45037391280322e-13	2.0477990392954294e-10	3.378832256839136e-13
227.99999999999997	0.	4.123578594235258e-13	2.0247841085626116e-10	3.349330472478967e-13
228.99999999999997	0.	3.820736063103698e-13	2.0020624939473338e-10	3.3201502187967307e-13
229.99999999999997	0.	3.5401065310743634e-13	1.9796368271245022e-10	3.2912986982588133e-13
230.99999999999997	0.	3.2800744690488066e-13	1.9575095019128323e-10	3.262782782610224e-13
232.	0.	3.0391399500424976e-13	1.9356826765666058e-10	3.2346090121255205e-13
233.	0.	2.815910578355186e-13	1.9141582762630742e-10	3.206783595198787e-13
234.	0.	2.6090939594949435e-13	1.8929379957802678e-10	3.1793124082700675e-13
235.	0.	2.417490685070977e-13	1.8720233023555095e-10	3.1522009960780476e-13
236.	0.	2.239987789025664e-13	1.85141543871886e-10	3.125454572235199e-13
237.	0.	2.0755526549325374e-13	1.8311154262928776e-10	3.0990780201165396e-13
237.99999999999997	0.	1.923227337382203e-13	1.8111240685515264e-10	3.073075894055569e-13
238.99999999999997	0.	1.7821232762522464e-13	1.7914419545304973e-10	3.047452420839628e-13
239.99999999999997	0.	1.6514163672567459e-13	1.7720694624811172e-10	3.022211501496741e-13
240.99999999999997	0.	1.5303423798136681e-13	1.7530067636609368e-10	2.997356713367162e-13
242.	0.	1.418192688926039e-13	1.7342538262525218e-10	2.9728913124502005e-13
243.	0.	1.3143103028482928e-13	1.7158104194034605e-10	2.9488182360190355e-13
244.	0.	1.2180861660049345e-13	1.6976761173798402e-10	2.9251401054948436e-13
245.	0.	1.1289557225985153e-13	1.6798503038260137e-10	2.901859229572284e-13
245.99999999999997	0.	1.0463957163780345e-13	1.662332176122935e-10	2.8789776075872593e-13
247.	0.	9.699212213084082e-14	1.6451207498377545e-10	2.8564969331183356e-13
248.	0.	8.990828710938055e-14	1.6282148632577434e-10	2.8344185978136996e-13
248.99999999999997	0.	8.334642915044943e-14	1.6116131820014828e-10	2.812743695435031e-13
250.	0.	7.72679714645409e-14	1.5953142036990153e-10	2.7914730261073543e-13
250.99999999999997	0.	7.163717542619369e-14	1.5793162627361342e-10	2.770607100769727e-13
252.	0.	6.642093470931416e-14	1.5636175350540228e-10	2.750146145814534e-13
252.99999999999997	0.	6.158858367410334e-14	1.5482160429986764e-10	2.73009010790856e-13
254.	0.	5.711171929362888e-14	1.5331096602128115e-10	2.710438658985791e-13
254.99999999999997	0.	5.296403621949064e-14	1.518296116564397e-10	2.691191201404119e-13
256.	0.	4.9121173359446157e-14	1.503773003104883e-10	2.6723468732562054e-13
257.	0.	4.5560571409764023e-14	1.4895377770514522e-10	2.6539045538265887e-13
258.	0.	4.2261340846651504e-14	1.4755877667866224e-10	2.6358628691852956e-13
259.	0.	3.920413930431391e-14	1.4619201768699615e-10	2.618220197910423e-13
260.	0.	3.637105773068346e-14	1.4485320930555342e-10	2.6009746769300623e-13
261.	0.	3.374551516585712e-14	1.4354204873097224e-10	2.5841242074754534e-13
262.	0.	3.131216038500096e-14	1.4225822228241536e-10	2.5676664611372944e-13
263.	0.	2.905678169903363e-14	1.4100140590181956e-10	2.551598886016395e-13
263.99999999999994	0.	2.6966222253101152e-14	1.3977126565255177e-10	2.535918712959826e-13
265.	0.	2.502830242937902e-14	1.3856745821607094e-10	2.520622961876115e-13
266.	0.	2.3231747259310555e-14	1.3738963138598985e-10	2.5057084481192325e-13
267.	0.	2.1566119590388715e-14	1.3623742455919488e-10	2.4911717889357033e-13
268.	0.	2.002175781413369e-14	1.3511046922346325e-10	2.4770094099649925e-13
269.	0.	1.8589718236133026e-14	1.3400838944123272e-10	2.4632175517871196e-13
270.	0.	1.7261722028471968e-14	1.3293080232906686e-10	2.449792276509201e-13
271.	0.	1.6030105408445683e-14	1.3187731853239436e-10	2.4367294743831656e-13
272.	0.	1.4887774354322455e-14	1.3084754269517764e-10	2.424024870448041e-13
272.99999999999994	0.	1.3828161695981755e-14	1.2984107392416858e-10	2.4116740311902105e-13
274.	0.	1.284518833709911e-14	1.2885750624731367e-10	2.399672371213041e-13
274.99999999999994	0.	1.1933226509786589e-14	1.2789642906607588e-10	2.388015159910997e-13
276.	0.	1.1087066490185117e-14	1.2695742760126064e-10	2.376697528139798e-13
277.	0.	1.0301885074546525e-14	1.2604008333215992e-10	2.3657144748783577e-13
278.	0.	9.573216915642954e-15	1.2514397442859598e-10	2.35506087387364e-13
279.	0.	8.89692789629324e-15	1.2426867617574503e-10	2.3447314802651827e-13
280.	0.	8.269190299437086e-15	1.2341376139132194e-10	2.3347209371801583e-13
281.	0.	7.68645992318209e-15	1.225788008350826e-10	2.325023782296892e-13
281.99999999999994	0.	7.145454955781029e-15	1.2176336361020616e-10	2.3156344543671275e-13
283.	0.	6.643136380639781e-15	1.2096701755657308e-10	2.306547299695853e-13
283.99999999999994	0.	6.176689877272522e-15	1.2018932963557045e-10	2.297756578570093e-13
285.	0.	5.7435089939595496e-15	1.1942986630635883e-10	2.289256471633679e-13
286.	0.	5.34117975690216e-15	1.1868819389337346e-10	2.281041086201944e-13
287.	0.	4.9674661097577204e-15	1.1796387894494593e-10	2.2731044625122092e-13
288.	0.	4.620296788268015e-15	1.172564885829554e-10	2.2654405799064315e-13
289.	0.	4.2977529311926886e-15	1.1656559084325014e-10	2.2580433629389848e-13
290.	0.	3.998056941087408e-15	1.1589075500693007e-10	2.2509066874091996e-13
291.	0.	3.719561605795401e-15	1.152315519222319e-10	2.2440243863115131e-13
292.	0.	3.460740727574194e-15	1.1458755431699065e-10	2.2373902557005003e-13
292.99999999999994	0.	3.2201798351264814e-15	1.1395833710170824e-10	2.2309980604690585e-13
294.	0.	2.99656813369332e-15	1.1334347766298281e-10	2.2248415400326038e-13
294.99999999999994	0.	2.788690608390393e-15	1.127425561474091e-10	2.2189144139190442e-13
296.	0.	2.595420952629586e-15	1.1215515573591867e-10	2.2132103872614234e-13
297.	0.	2.4157150195471057e-15	1.115808629083704e-10	2.2077231561870524e-13
298.	0.	2.248604738327754e-15	1.110192676986556e-10	2.2024464131057446e-13
299.	0.	2.093192437752863e-15	1.1046996394005099e-10	2.1973738518893445e-13
300.	0.	1.9486456188973936e-15	1.0993254950099073e-10	2.1924991729432805e-13
301.	0.	1.814192171221374e-15	1.0940662651126704e-10	2.1878160881676812e-13
301.99999999999994	0.	1.6891159776086787e-15	1.0889180157863633e-10	2.183318325804939e-13
303.	0.	1.5727526038056286e-15	1.083876859958766e-10	2.1789996351719238e-13
303.99999999999994	0.	1.464485665440081e-15	1.0789389593840665e-10	2.174853791276258e-13
305.	0.	1.3637432216503778e-15	1.0741005265249286e-10	2.1708745993145222e-13
306.	0.	1.2699944393476218e-15	1.0693578263405903e-10	2.1670558990498746e-13
307.	0.	1.1827467783581958e-15	1.0647071779825351e-10	2.1633915690694068e-13
308.	0.	1.1015428882901052e-15	1.0601449563982656e-10	2.159875530919566e-13
309.	0.	1.0259583245764818e-15	1.0556675938437665e-10	2.1565017531179758e-13
310.	0.	9.555989708763262e-16	1.0512715813062352e-10	2.1532642550421347e-13
310.99999999999994	0.	8.900987706930463e-16	1.0469534698375011e-10	2.1501571106929697e-13
312.	0.	8.29117872541171e-16	1.0427098717994373e-10	2.1471744523331743e-13
312.99999999999994	0.	7.723406772510228e-16	1.0385374620230019e-10	2.1443104740008558e-13
314.	0.	7.194738324523721e-16	1.0344329788811848e-10	2.1415594348962769e-13
314.99999999999994	0.	6.702450001027882e-16	1.030393225277972e-10	2.138915662643255e-13
316.	0.	6.244010041468654e-16	1.0264150695541726e-10	2.1363735564242138e-13
317.	0.	5.817066479344967e-16	1.0224954463115519e-10	2.133927589989104e-13
318.	0.	5.419433220583069e-16	1.018631357157121e-10	2.1315723145393083e-13
319.	0.	5.049079216208433e-16	1.0148198713676404e-10	2.129302361483919e-13
320.	0.	4.704114433918218e-16	1.0110581264783195e-10	2.1271124450740057e-13
321.	0.	4.382784204074006e-16	1.0073433287943549e-10	2.1249973649093742e-13
321.99999999999994	0.	4.083455081546748e-16	1.0036727538290947e-10	2.1229520083230808e-13
323.	0.	3.8046085664048345e-16	1.0000437466689973e-10	2.120971352641461e-13
323.99999999999994	0.	3.5448332071096004e-16	9.964537222681816e-11	2.1190504673229463e-13
325.	0.	3.3028155668828415e-16	9.929001656729982e-11	2.1171845159740516e-13
326.	0.	3.0773343377645977e-16	9.893806321793656e-11	2.1153687582457855e-13
327.	0.	2.8672516986492666e-16	9.85892747423495e-11	2.1135985516093184e-13
328.	0.	2.6715111026500827e-16	9.824342074089944e-11	2.1118693530148344e-13
329.	0.	2.4891285185978116e-16	9.790027784706095e-11	2.110176720431661e-13
330.	0.	2.3191884810130705e-16	9.755962971775476e-11	2.108516314273636e-13
330.99999999999994	0.	2.1608373468899733e-16	9.722126701775695e-11	2.1068838987098684e-13
332.	0.	2.013283647819511e-16	9.688498739832465e-11	2.1052753428616381e-13
332.99999999999994	0.	1.8757873711556485e-16	9.655059547033042e-11	2.1036866218894286e-13
334.	0.	1.747661870590834e-16	9.621790277191172e-11	2.1021138179680456e-13
335.	0.	1.6282668862934684e-16	9.588672773098302e-11	2.1005531211551746e-13
336.	0.	1.517006494606061e-16	9.555689562269407e-11	2.0990008301530502e-13
337.	0.	1.413325904540012e-16	9.52282385219549e-11	2.0974533529637924e-13
338.	0.	1.3167076323337986e-16	9.4900595251378e-11	2.0959072074440261e-13
339.	0.	1.226671022095342e-16	9.457381132461991e-11	2.09435902175641e-13
339.99999999999994	0.	1.142766622817211e-16	9.424773888543341e-11	2.0928055347229619e-13
341.	0.	1.06457791055459e-16	9.39222366425371e-11	2.0912435960806365e-13
341.99999999999994	0.	9.917155672239724e-17	9.359716980048056e-11	2.0896701666412576e-13
343.	0.	9.238168417980289e-17	9.327240998670374e-11	2.0880823183584114e-13
343.99999999999994	0.	8.605443230536347e-17	9.294783517496092e-11	2.086477234303305e-13
345.	0.	8.015829382954032e-17	9.262332960519216e-11	2.0848522085498008e-13
346.	0.	7.46640400656468e-17	9.229878370017769e-11	2.0832046459744087e-13
347.	0.	6.95442964828092e-17	9.197409397896204e-11	2.0815320619693969e-13
348.	0.	6.477358087900469e-17	9.164916296732446e-11	2.0798320820736653e-13
349.	0.	6.032816480802963e-17	9.132389910540855e-11	2.0781024415224173e-13
350.	0.	5.618605086488512e-17	9.099821665273463e-11	2.0763409847192853e-13
350.99999999999994	0.	5.2326531154414236e-17	9.067203559063767e-11	2.0745456646304337e-13
352.	0.	4.8730395237191136e-17	9.034528152239724e-11	2.0727145421053889e-13
352.99999999999994	0.	4.5379781603248795e-17	9.00178855711585e-11	2.070845785125558e-13
354.	0.	4.225802554067954e-17	8.968978427580313e-11	2.0689376679827989e-13
355.	0.	3.934956401188956e-17	8.936091948493745e-11	2.0669885703907531e-13
356.	0.	3.6639838181311973e-17	8.903123824909767e-11	2.0649969765300086e-13
357.	0.	3.411543814124615e-17	8.870069271139398e-11	2.0629614740312202e-13
358.	0.	3.176369829947256e-17	8.836923999664648e-11	2.0608807528962795e-13
359.	0.	2.9572837840127807e-17	8.803684209919019e-11	2.058753604360725e-13
359.99999999999994	0.	2.7532042351956017e-17	8.770346576953658e-11	2.0565789197007996e-13
361.	0.	2.5630988367410723e-17	8.736908239993791e-11	2.0543556889853105e-13
361.99999999999994	0.	2.38602292607191e-17	8.70336679089812e-11	2.0520829997744718e-13
363.	0.	2.2210839172992423e-17	8.669720262548708e-11	2.0497600357713498e-13
363.99999999999994	0.	2.0674676390415366e-17	8.635967117160324e-11	2.0473860754226233e-13
365.	0.	1.924383346538833e-17	8.602106234545498e-11	2.0449604904764602e-13
366.	0.	1.7911339375825898e-17	8.568136900328533e-11	2.042482744495314e-13
367.	0.	1.667035418367975e-17	8.53405879412516e-11	2.0399523913269723e-13
368.	0.	1.5514619353707213e-17	8.499871977710687e-11	2.037369073538749e-13
368.99999999999994	0.	1.4438470363447997e-17	8.465576883167664e-11	2.034732520812161e-13
370.	0.	1.3436336424335536e-17	8.431174301039339e-11	2.0320425483039304e-13
370.99999999999994	0.	1.2503194469837298e-17	8.396665368492551e-11	2.029299054973749e-13
372.	0.	1.163438696806829e-17	8.362051557501505e-11	2.0265020218811922e-13
372.99999999999994	0.	1.082543571671911e-17	8.327334663060262e-11	2.0236515104533489e-13
374.	0.	1.0072306609579096e-17	8.292516791437902e-11	2.0207476607262335e-13
375.	0.	9.371157970450804e-18	8.257600348479408e-11	2.0177906895604907e-13
376.	0.	8.718476177022653e-18	8.222588027966171e-11	2.014780888834557e-13
377.	0.	8.110820009212963e-18	8.187482800043148e-11	2.0117186236168436e-13
378.	0.	7.545284234603892e-18	8.152287899718072e-11	2.0086043303181122e-13
379.	0.	7.018782880726886e-18	8.11700681544469e-11	2.0054385148268951e-13
379.99999999999994	0.	6.528776634494803e-18	8.081643277793774e-11	2.0022217506288705e-13
381.	0.	6.072750828911325e-18	8.046201248225216e-11	1.9989546769133839e-13
381.99999999999994	0.	5.648283568542659e-18	8.010684907959527e-11	1.9956379966668272e-13
383.	0.	5.253315882247907e-18	7.975098646961905e-11	1.9922724747560838e-13
384.	0.	4.885755586953759e-18	7.939447053044816e-11	1.9888589360037182e-13
385.	0.	4.543679619344359e-18	7.903734901091951e-11	1.9853982632556456e-13
386.	0.	4.2254050180169565e-18	7.867967142412415e-11	1.9818913954437693e-13
387.	0.	3.929290102246803e-18	7.832148894228457e-11	1.978339325644519e-13
388.	0.	3.653735773631097e-18	7.796285429305488e-11	1.9747430991357148e-13
388.99999999999994	0.	3.3973912897023018e-18	7.760382165722565e-11	1.9711038114516167e-13
390.	0.	3.158885139187383e-18	7.72444465680008e-11	1.96742260644061e-13
390.99999999999994	0.	2.9370309692094343e-18	7.68847858117169e-11	1.9637006743225785e-13
392.	0.	2.7306245340431987e-18	7.652489733025364e-11	1.9599392497525963e-13
392.99999999999994	0.	2.5386508020291423e-18	7.616484012497367e-11	1.9561396098872378e-13
394.	0.	2.3601488168941143e-18	7.580467416239216e-11	1.952303072458945e-13
395.	0.	2.194004765434721e-18	7.544446028149914e-11	1.948430993856958e-13
396.	0.	2.0395762445605933e-18	7.508426010282556e-11	1.9445247672175232e-13
397.	0.	1.8959319585867544e-18	7.472413593927301e-11	1.9405858205244282e-13
397.99999999999994	0.	1.762267659422883e-18	7.436415070870408e-11	1.9366156147201763e-13
399.	0.	1.6380485607100776e-18	7.400436784837313e-11	1.9326156418304756e-13
399.99999999999994	0.	1.5225209177802645e-18	7.364485123117375e-11	1.9285874231018741e-13
401.	0.	1.4150619281728028e-18	7.328566508371732e-11	1.9245325071534862e-13
401.99999999999994	0.	1.3151817831871046e-18	7.292687390631848e-11	1.9204524681453686e-13
403.	0.	1.2223128993550577e-18	7.256854239487452e-11	1.916348903963765e-13
404.	0.	1.1359512833206577e-18	7.221073536456555e-11	1.9122234344219297e-13
405.	0.	1.055657574476053e-18	7.185351767559979e-11	1.9080776994829922e-13
406.	0.	9.810580763426185e-19	7.149695416074329e-11	1.9039133574986881e-13
407.	0.	9.116306691758206e-19	7.114110955488639e-11	1.8997320834712068e-13
408.	0.	8.471343144097939e-19	7.078604842650927e-11	1.8955355673352276e-13
408.99999999999994	0.	7.871804222756036e-19	7.04318351110763e-11	1.8913255122615544e-13
410.	0.	7.314478119041368e-19	7.007853364640106e-11	1.8871036329841588e-13
410.99999999999994	0.	6.796837081480232e-19	6.972620770993623e-11	1.8828716541501422e-13
412.	0.	6.314867529373516e-19	6.937492055803632e-11	1.8786313086945313e-13
412.99999999999994	0.	5.867422304510902e-19	6.902473496714741e-11	1.8743843362394703e-13
414.	0.	5.451876644801396e-19	6.867571317693125e-11	1.8701324815186999e-13
415.	0.	5.065573970961216e-19	6.832791683534019e-11	1.8658774928284466e-13
416.	0.	4.705826085410683e-19	6.798140694560785e-11	1.8616211205046154e-13
417.	0.	4.372121844278624e-19	6.763624381517603e-11	1.8573651154274857e-13
417.99999999999994	0.	4.0617275411425053e-19	6.729248700650326e-11	1.8531112275532642e-13
419.	0.	3.773358303931607e-19	6.69501952898208e-11	1.848861204474954e-13
419.99999999999994	0.	3.505713544524463e-19	6.660942659770636e-11	1.8446167900098469e-13
421.	0.	3.256733175139506e-19	6.627023798161217e-11	1.8403797228180687e-13
421.99999999999994	0.	3.0258254625344357e-19	6.59326855702022e-11	1.8361517350490143e-13
423.	0.	2.810895398303643e-19	6.559682452953457e-11	1.8319345510174093e-13
424.	0.	2.6113241705127127e-19	6.526270902508352e-11	1.8277298859095795e-13
425.	0.	2.4257336418630854e-19	6.493039218560123e-11	1.8235394445208083e-13
426.	0.	2.253483892023958e-19	6.459992606869683e-11	1.819364920021029e-13
426.99999999999994	0.	2.0931717790104575e-19	6.42713616282597e-11	1.8152079927532594e-13
428.	0.	1.9441363053948315e-19	6.394474868360423e-11	1.8110703290620638e-13
428.99999999999994	0.	1.806468557810774e-19	6.362013589033058e-11	1.806953580152696e-13
430.	0.	1.677975092195489e-19	6.329757071291833e-11	1.8028593809821563e-13
430.99999999999994	0.	1.5587298321418024e-19	6.297709939899434e-11	1.7987893491812528e-13
432.	0.	1.4480414384215318e-19	6.265876695525024e-11	1.7947450840078066e-13
432.99999999999994	0.	1.345210921501557e-19	6.234261712503844e-11	1.7907281653325214e-13
434.	0.	1.2495315869118051e-19	6.202869236749746e-11	1.786740152654025e-13
435.	0.	1.1602889656440275e-19	6.171703383836594e-11	1.7827825841484723e-13
436.	0.	1.0783089114927737e-19	6.140768137227727e-11	1.7788569757483983e-13
437.	0.	1.0013214623270716e-19	6.110067346661606e-11	1.7749648202539848e-13
437.99999999999994	0.	9.301450950309556e-20	6.079604726689044e-11	1.7711075864761297e-13
439.	0.	8.640463502656457e-20	6.04938385535655e-11	1.767286718410434e-13
439.99999999999994	0.	8.030663807617124e-20	6.019408173035085e-11	1.7635036344427451e-13
441.	0.	7.456770711232462e-20	5.989680981391757e-11	1.7597597265861062e-13
441.99999999999994	0.	6.926945634927614e-20	5.960205442500213e-11	1.7560563597487593e-13
443.	0.	6.433656174313786e-20	5.930984578087046e-11	1.7523948710329995e-13
444.	0.	5.977201710827328e-20	5.902021268912618e-11	1.748776569065181e-13
445.	0.	5.549946835480249e-20	5.873318254282013e-11	1.7452027333563037e-13
446.	0.	5.1600947431062173e-20	5.844878131682155e-11	1.741674613692674e-13
446.99999999999994	0.	4.7919871409614833e-20	5.816703356546241e-11	1.7381934295576836e-13
448.	0.	4.453812909071287e-20	5.788796242137762e-11	1.7347603695830877e-13
448.99999999999994	0.	4.137791527656447e-20	5.7611589595531824e-11	1.7313765910301378e-13
450.	0.	3.844109203084906e-20	5.733793537839306e-11	1.7280432193000774e-13
450.99999999999994	0.	3.5729560156606245e-20	5.706701864225218e-11	1.7247613474745633e-13
452.	0.	3.316417576536782e-20	5.679885684461363e-11	1.7215320358844688e-13
453.	0.	3.082750474808403e-20	5.653346603267941e-11	1.718356311708294e-13
454.	0.	2.863997445646511e-20	5.62708608488152e-11	1.715235168597482e-13
455.	0.	2.660287738713515e-20	5.6011054537062454e-11	1.712169566331175e-13
455.99999999999994	0.	2.4717536793172606e-20	5.575405895061498e-11	1.7091604304984766e-13
457.	0.	2.2985308401029885e-20	5.5499884560226145e-11	1.706208652207871e-13
457.99999999999994	0.	2.132492736493866e-20	5.5248540463517785e-11	1.7033150878233656e-13
459.	0.	1.9819926631103268e-20	5.500003439520357e-11	1.7004805587284197e-13
459.99999999999994	0.	1.8388552219953942e-20	5.47543727381325e-11	1.6977058511152118e-13
461.	0.	1.7114938559765814e-20	5.451156053515635e-11	1.6949917157999946e-13
461.99999999999994	0.	1.5916832811458574e-20	5.427160150181799e-11	1.6923388680648582e-13
463.	0.	1.4794929023265085e-20	5.4034498039769776e-11	1.6897479875237301e-13
464.	0.	1.374994041444936e-20	5.380025125092549e-11	1.6872197180131003e-13
465.	0.	1.2782600215988501e-20	5.356886095234931e-11	1.684754667508166e-13
466.	0.	1.1893662504093758e-20	5.334032569178187e-11	1.6823534080616625e-13
466.99999999999994	0.	1.0998642233302132e-20	5.311464276384419e-11	1.6800164757672324e-13
468.	0.	1.0268548776095807e-20	5.28918082268251e-11	1.6777443707447006e-13
468.99999999999994	0.	9.533362703326762e-21	5.2671816920100265e-11	1.675537557149302e-13
470.	0.	8.879176812940521e-21	5.245466248209164e-11	1.673396463202388e-13
470.99999999999994	0.	8.220318026845552e-21	5.22403373687535e-11	1.6713214812435627e-13
472.	0.	7.643540451413389e-21	5.20288328725993e-11	1.6693129678051382e-13
473.	0.	7.062545951076806e-21	5.1820139142178606e-11	1.6673712437064097e-13
474.	0.	6.564770147242378e-21	5.1614245202030126e-11	1.6654965941689312e-13
475.	0.	6.151146052049041e-21	5.1411138973065544e-11	1.663689268951727e-13
475.99999999999994	0.	5.734412734347239e-21	5.121080729334023e-11	1.6619494825054325e-13
477.	0.	5.3144997276655145e-21	5.101323593923301e-11	1.6602774141463311e-13
477.99999999999994	0.	4.8913351298057715e-21	5.08184096469445e-11	1.6586732082477428e-13
479.	0.	4.554142541220108e-21	5.06263121343664e-11	1.6571369744508067e-13
479.99999999999994	0.	4.303953630728494e-21	5.043692612323122e-11	1.6556687878919883e-13
481.	0.	3.9617509570623584e-21	5.0250233361547055e-11	1.654268689447761e-13
481.99999999999994	0.	3.7071895441321796e-21	5.0066214646309746e-11	1.6529366859964982e-13
483.	0.	3.450557722461328e-21	4.988484984643388e-11	1.6516727506959478e-13
484.	0.	3.1918087372560658e-21	4.970611792590762e-11	1.650476823276675e-13
484.99999999999994	0.	2.930895065672316e-21	4.952999696714949e-11	1.6493488103510472e-13
486.	0.	2.759760450178203e-21	4.935646419451657e-11	1.6482885857362972e-13
486.99999999999994	0.	2.587178291729596e-21	4.9185495997990524e-11	1.6472959907927532e-13
488.	0.	2.4131160379153698e-21	4.9017067956968885e-11	1.64637083477508e-13
488.99999999999994	0.	2.2375406604658682e-21	4.885115486419196e-11	1.6455128951976917e-13
490.	0.	2.0604186683821824e-21	4.8687730749738345e-11	1.6447219182123802e-13
491.	0.	1.881716121329033e-21	4.852676890511382e-11	1.6439976189990038e-13
491.99999999999994	0.	1.7959207901290465e-21	4.8368241907366e-11	1.64333968216734e-13
492.99999999999994	0.	1.6143959011853461e-21	4.821212164327694e-11	1.6427477621718367e-13
494.	0.	1.5266049088199465e-21	4.805837933352756e-11	1.6422214837359334e-13
495.	0.	1.438008276100785e-21	4.7906985556890355e-11	1.6417604422879783e-13
496.	0.	1.3485884101523242e-21	4.7757910274399565e-11	1.6413642044070741e-13
496.99999999999994	0.	1.258327522549041e-21	4.761112285348792e-11	1.6410323082787268e-13
497.99999999999994	0.	1.1672076366627946e-21	4.746659209206878e-11	1.6407642641595459e-13
499.	0.	1.075210595110955e-21	4.73242862425597e-11	1.6405595548510355e-13
500.	0.	9.82318067300536e-22	4.718417303582871e-11	1.640417636181894e-13
500.99999999999994	0.	8.885115570635978e-22	4.704621970504431e-11	1.640337937498227e-13
501.99999999999994	0.	8.929939616766339e-22	4.691039300940563e-11	1.640319862160979e-13
503.	0.	7.978077979178812e-22	4.677665925777326e-11	1.6403627880512873e-13
504.	0.	7.01657657428517e-22	4.664498433214279e-11	1.640466068081785e-13
505.	0.	7.052785712990105e-22	4.651533371098705e-11	1.640629030714899e-13
505.99999999999994	0.	6.076669396221617e-22	4.638767249242161e-11	1.6408509804864735e-13
506.99999999999994	0.	6.108483590408887e-22	4.626196541721491e-11	1.6411311985354936e-13
508.	0.	5.11724081744475e-22	4.613817689160529e-11	1.641468943138683e-13
509.	0.	5.144405808575228e-22	4.60162710099086e-11	1.641863450249334e-13
509.99999999999994	0.	5.171899051232915e-22	4.5896211576954265e-11	1.642313934041649e-13
510.99999999999994	0.	4.159777238386179e-22	4.577796213027667e-11	1.642819587458175e-13
512.	0.	4.1822993742347226e-22	4.5661485962081355e-11	1.643379582760751e-13
513.	0.	4.2050863165957003e-22	4.5546746140998534e-11	1.6439930720855992e-13
514.	0.	3.171103999657177e-22	4.5433705533565524e-11	1.644659188000293e-13
514.9999999999999	0.	3.18859271723045e-22	4.532232682546757e-11	1.6453770440637227e-13
516.	0.	3.206281239336599e-22	4.5212572542521627e-11	1.6461457353883488e-13
517.	0.	3.2241698642889423e-22	4.5104405071381933e-11	1.6469643392039613e-13
518.	0.	3.2422588394589773e-22	4.4997786679971035e-11	1.6478319154230867e-13
518.9999999999999	0.	2.1736989074729665e-22	4.489267953763201e-11	1.64874750720767e-13
520.	0.	2.186025716563031e-22	4.478904573498115e-11	1.6497101415362927e-13
521.	0.	2.198486383052433e-22	4.4686847303474826e-11	1.6507188297723682e-13
522.	0.	2.211080935680716e-22	4.458604623465569e-11	1.6517725682318324e-13
523.	0.	2.2238093691197535e-22	4.448660449910877e-11	1.6528703387514615e-13
524.	0.	2.2366716439872484e-22	4.438848406509884e-11	1.6540111092566213e-13
525.	0.	1.1248338434353542e-22	4.4291646916872003e-11	1.6551938343276912e-13
526.	0.	1.1313986951818293e-22	4.4196055072655607e-11	1.6564174557663185e-13
527.	0.	1.1380303065562497e-22	4.410167060232147e-11	1.6576809031601075e-13
527.9999999999999	0.	1.1447285899370242e-22	4.4008455644712865e-11	1.6589830944456033e-13
529.	0.	1.1514934407921514e-22	4.391637242464384e-11	1.660322936469792e-13
530.	0.	1.158324737718561e-22	4.38253832695467e-11	1.661699325549003e-13
531.	0.	1.1652223424872453e-22	4.3735450625795743e-11	1.6631111480262557e-13
532.	0.	1.1721861000931014e-22	4.364653707466984e-11	1.664557280825351e-13
533.	0.	1.1792158388102576e-22	4.355860534798015e-11	1.666036592002674e-13
534.	0.	1.186311370252041e-22	4.3471618343333446e-11	1.6675479412953404e-13
535.	0.	1.1934724894362943e-22	4.338553913905772e-11	1.6690901806666365e-13
536.	0.	1.2006989748556697e-22	4.330033100877839e-11	1.670662154848029e-13
536.9999999999999	0.	1.2079905885521966e-22	4.321595743561765e-11	1.6722627018766815e-13
538.	0.	1.2153470761972171e-22	4.313238212606332e-11	1.6738906536299008e-13
539.	0.	0.	4.304956902346825e-11	1.675544836355061e-13
540.	0.	0.	4.296748232119345e-11	1.6772240711951139e-13
540.9999999999999	0.	0.	4.288608647540636e-11	1.678927174710124e-13
542.	0.	0.	4.280534621749986e-11	1.6806529593932473e-13
543.	0.	0.	4.272522656617627e-11	1.682400234182637e-13
544.	0.	0.	4.264569283916496e-11	1.6841678049679908e-13
545.	0.	0.	4.2566710664583376e-11	1.6859544750918207e-13
545.9999999999999	0.	0.	4.248824599194088e-11	1.6877590458453025e-13
547.	0.	0.	4.241026510279939e-11	1.689580316958991e-13
548.	0.	0.	4.233273462106558e-11	1.6914170870873008e-13
549.	0.	0.	4.225562152294813e-11	1.6932681542878712e-13
549.9999999999999	0.	0.	4.2178893146551845e-11	1.6951323164943297e-13
551.	0.	0.	4.210251720112409e-11	1.6970083719831397e-13
552.	0.	0.	4.2026461775966586e-11	1.69889511983468e-13
553.	0.	0.	4.195069534899229e-11	1.7007913603875215e-13
554.	0.	0.	4.1875186794943815e-11	1.702695895686497e-13
554.9999999999999	0.	0.	4.179990539326877e-11	1.7046075299240288e-13
556.	0.	0.	4.172482083566769e-11	1.7065250698752509e-13
557.	0.	0.	4.164990323329676e-11	1.7084473253259232e-13
558.	0.	0.	4.1575123123646986e-11	1.7103731094938472e-13
558.9999999999999	0.	0.	4.150045147708704e-11	1.7123012394430884e-13
560.	0.	0.	4.1425859703091184e-11	1.7142305364915595e-13
561.	0.	0.	4.135131965613855e-11	1.7161598266113396e-13
562.	0.	0.	4.1276803641293317e-11	1.7180879408218194e-13
563.	0.	0.	4.1202284419467487e-11	1.7200137155755453e-13
563.9999999999999	0.	0.	4.112773521238648e-11	1.7219359931374254e-13
565.	0.	0.	4.105312970722833e-11	1.7238536219558507e-13
566.	0.	0.	4.097844206096716e-11	1.7257654570268162e-13
567.	0.	0.	4.09036469044137e-11	1.7276703602505012e-13
567.9999999999999	0.	0.	4.082871934597012e-11	1.7295672007808873e-13
569.	0.	0.	4.075363497507621e-11	1.7314548553671539e-13
570.	0.	0.	4.067836986537197e-11	1.7333322086878186e-13
571.	0.	0.	4.060290057759193e-11	1.7351981536779544e-13
572.	0.	0.	4.0527204162154034e-11	1.7370515918477411e-13
572.9999999999999	0.	0.	4.0451258161492373e-11	1.7388914335943268e-13
574.	0.	0.	4.037504061210824e-11	1.7407165985055363e-13
575.	0.	0.	4.02985300463689e-11	1.7425260156566718e-13
576.	0.	0.	4.0221705494019714e-11	1.744318623898588e-13
576.9999999999999	0.	0.	4.0144546483460156e-11	1.746093372139092e-13
578.	0.	0.	4.0067033042760614e-11	1.7478492196165038e-13
579.	0.	0.	3.998914570042942e-11	1.7495851361654158e-13
580.	0.	0.	3.991086548592881e-11	1.7513001024746975e-13
581.	0.	0.	3.983217392997049e-11	1.7529931103385955e-13
582.	0.	0.	3.9753053064555433e-11	1.754663162899353e-13
583.	0.	0.	3.967348542279955e-11	1.7563092748830106e-13
584.	0.	0.	3.9593454038524146e-11	1.7579304728270964e-13
585.	0.	0.	3.951294244563677e-11	1.7595257953014032e-13
585.9999999999999	0.	0.	3.943193467727973e-11	1.7610942931204077e-13
587.	0.	0.	3.935041526479312e-11	1.7626350295494042e-13
588.	0.	0.	3.926836923644349e-11	1.7641470805019913e-13
589.	0.	0.	3.918578211597139e-11	1.7656295347309786e-13
589.9999999999999	0.	0.	3.91026399209368e-11	1.767081494011685e-13
591.	0.	0.	3.9018929160873924e-11	1.7685020733180766e-13
592.	0.	0.	3.893463683525302e-11	1.769890400991222e-13
593.	0.	0.	3.884975043126773e-11	1.7712456189009593e-13
594.	0.	0.	3.876425792144419e-11	1.7725668826002876e-13
594.9999999999999	0.	0.	3.867814776107461e-11	1.7738533614725983e-13
596.	0.	0.	3.8591408885484623e-11	1.7751042388717748e-13
597.	0.	0.	3.8504030707139725e-11	1.7763187122555078e-13
598.	0.	0.	3.841600311258874e-11	1.7774959933113571e-13
598.9999999999999	0.	0.	3.8327316459258075e-11	1.7786353080761915e-13
600.	0.	0.	3.823796157209549e-11	1.7797358970486974e-13
601.	0.	0.	3.8147929740069316e-11	1.780797015295147e-13
602.	0.	0.	3.805721271253135e-11	1.7818179325485678e-13
603.	0.	0.	3.7965802695432744e-11	1.7827979333008591e-13
603.9999999999999	0.	0.	3.7873692347428613e-11	1.7837363168890843e-13
605.	0.	0.	3.778087477584068e-11	1.7846323975746788e-13
606.	0.	0.	3.768734353250361e-11	1.7854855046164746e-13
607.	0.	0.	3.759309260949373e-11	1.7862949823372764e-13
607.9999999999999	0.	0.	3.7498116434750877e-11	1.7870601901845616e-13
609.	0.	0.	3.740240986758048e-11	1.7877805027844433e-13
610.	0.	0.	3.730596819405813e-11	1.7884553099897776e-13
611.	0.	0.	3.7208787122336534e-11	1.7890840169224611e-13
612.	0.	0.	3.711086277785409e-11	1.7896660440095253e-13
612.9999999999999	0.	0.	3.7012191698446185e-11	1.7902008270132474e-13
614.	0.	0.	3.691277082938297e-11	1.790687817055983e-13
615.	0.	0.	3.681259751830843e-11	1.7911264806387194e-13
616.	0.	0.	3.671166951011412e-11	1.791516299654548e-13
616.9999999999999	0.	0.	3.660998494172481e-11	1.7918567713961294e-13
618.	0.	0.	3.6507542336822215e-11	1.7921474085580254e-13
619.	0.	0.	3.640434060049976e-11	1.7923877392337897e-13
620.	0.	0.	3.630037901384796e-11	1.792577306907347e-13
621.	0.	0.	3.619565722848721e-11	1.7927156704396808e-13
621.9999999999999	0.	0.	3.6090175261040125e-11	1.7928024040501518e-13
623.	0.	0.	3.5983933487550874e-11	1.792837097292838e-13
624.	0.	0.	3.5876932637859775e-11	1.7928193550281588e-13
625.	0.	0.	3.5769173789929804e-11	1.7927487973895362e-13
625.9999999999999	0.	0.	3.56606583641277e-11	1.79262505974524e-13
627.	0.	0.	3.555138811747539e-11	1.792447792655907e-13
628.	0.	0.	3.5441365137856256e-11	1.792216661827128e-13
629.	0.	0.	3.5330591838198304e-11	1.7919313480579902e-13
629.9999999999999	0.	0.	3.521907095062445e-11	1.7915915471849777e-13
630.9999999999999	0.	0.	3.510680552057376e-11	1.7911969700215537e-13
632.	0.	0.	3.4993798900911933e-11	1.7907473422940258e-13
633.	0.	0.	3.488005474600869e-11	1.7902424045726596e-13
634.	0.	0.	3.476557700580936e-11	1.789681912199372e-13
634.9999999999999	0.	0.	3.465036991989123e-11	1.7890656352113533e-13
636.	0.	0.	3.4534438011503606e-11	1.7883933582605965e-13
637.	0.	0.	3.4417786081607427e-11	1.787664880530141e-13
638.	0.	0.	3.4300419202907834e-11	1.7868800156464447e-13
638.9999999999999	0.	0.	3.4182342713886524e-11	1.786038591588385e-13
640.	0.	0.	3.406356221282691e-11	1.785140450592442e-13
641.	0.	0.	3.394408355185609e-11	1.7841854490551543e-13
642.	0.	0.	3.382391283098016e-11	1.7831734574317557e-13
643.	0.	0.	3.370305639213171e-11	1.7821043601316944e-13
643.9999999999999	0.	0.	3.358152081323443e-11	1.7809780554116113e-13
645.	0.	0.	3.345931290227083e-11	1.779794455264663e-13
646.	0.	0.	3.3336439691372016e-11	1.7785534853072642e-13
647.	0.	0.	3.3212908430920095e-11	1.7772550846629176e-13
647.9999999999999	0.	0.	3.3088726583678234e-11	1.7758992058435157e-13
649.	0.	0.	3.296390181893036e-11	1.774485814627623e-13
650.	0.	0.	3.2838442006659824e-11	1.7730148899366623e-13
651.	0.	0.	3.271235521173888e-11	1.771486423708128e-13
652.	0.	0.	3.25856496881578e-11	1.7699004207669272e-13
652.9999999999999	0.	0.	3.24583338732766e-11	1.7682568986939596e-13
654.	0.	0.	3.2330416382112026e-11	1.766555887692811e-13
655.	0.	0.	3.2201906001656866e-11	1.7647974304541968e-13
656.	0.	0.	3.207281168523499e-11	1.762981582018333e-13
656.9999999999999	0.	0.	3.1943142546889983e-11	1.7611084096352967e-13
658.	0.	0.	3.181290785581587e-11	1.7591779926236246e-13
659.	0.	0.	3.168211703082774e-11	1.7571904222270057e-13
660.	0.	0.	3.155077963487154e-11	1.7551458014693703e-13
661.	0.	0.	3.1418905369576945e-11	1.7530442450080632e-13
661.9999999999999	0.	0.	3.1286504069855365e-11	1.7508858789857174e-13
663.	0.	0.	3.115358569854568e-11	1.7486708408805797e-13
664.	0.	0.	3.1020160341102726e-11	1.7463992793552882e-13
665.	0.	0.	3.088623820033713e-11	1.7440713541044504e-13
665.9999999999999	0.	0.	3.075182959120148e-11	1.7416872357007844e-13
667.	0.	0.	3.0616944935631035e-11	1.7392471054402946e-13
668.	0.	0.	3.048159475743341e-11	1.7367511551861286e-13
669.	0.	0.	3.0345789677230845e-11	1.734199587211452e-13
670.	0.	0.	3.0209540407456715e-11	1.7315926140413454e-13
670.9999999999999	0.	0.	3.0072857747407664e-11	1.7289304582938474e-13
672.	0.	0.	2.9935752578348605e-11	1.7262133525199362e-13
673.	0.	0.	2.979823585867801e-11	1.723441539043052e-13
674.	0.	0.	2.966031861914638e-11	1.7206152697977039e-13
674.9999999999999	0.	0.	2.952201195813507e-11	1.7177348061673854e-13
676.	0.	0.	2.938332703699431e-11	1.7148004188221822e-13
677.	0.	0.	2.924427507543732e-11	1.7118123875554614e-13
678.	0.	0.	2.9104867346999805e-11	1.7087710011205802e-13
678.9999999999999	0.	0.	2.896511517455544e-11	1.7056765570667985e-13
679.9999999999999	0.	0.	2.882502992589395e-11	1.7025293615750769e-13
681.	0.	0.	2.868462300936328e-11	1.699329729293603e-13
682.	0.	0.	2.8543905869569623e-11	1.6960779831729432e-13
683.	0.	0.	2.840288998314428e-11	1.6927744543012628e-13
683.9999999999999	0.	0.	2.8261586854572704e-11	1.689419481739349e-13
685.	0.	0.	2.8120008012083804e-11	1.6860134123555128e-13
686.	0.	0.	2.7978165003608595e-11	1.6825566006606793e-13
687.	0.	0.	2.78360693927974e-11	1.6790494086433678e-13
687.9999999999999	0.	0.	2.7693732755106814e-11	1.6754922056049596e-13
688.9999999999999	0.	0.	2.7551166673946476e-11	1.6718853679950185e-13
690.	0.	0.	2.7408382736893492e-11	1.6682292792468268e-13
691.	0.	0.	2.726539253197311e-11	1.6645243296133832e-13
692.	0.	0.	2.712220764399969e-11	1.6607709160034525e-13
692.9999999999999	0.	0.	2.6978839650988375e-11	1.6569694418181064e-13
694.	0.	0.	2.6835300120628113e-11	1.6531203167878164e-13
695.	0.	0.	2.669160060682413e-11	1.6492239568097782e-13
696.	0.	0.	2.6547752646301118e-11	1.6452807837858832e-13
696.9999999999999	0.	0.	2.640376775527544e-11	1.641291225461151e-13
698.	0.	0.	2.6259657426190455e-11	1.6372557152628725e-13
699.	0.	0.	2.611543312451824e-11	1.6331746921402228e-13
700.	0.	0.	2.5971106285629857e-11	1.6290486004048338e-13
701.	0.	0.	2.582668831172191e-11	1.6248778895716517e-13
701.9999999999999	0.	0.	2.568219056881678e-11	1.6206630142009215e-13
703.	0.	0.	2.5537624383823877e-11	1.616404433740808e-13
704.	0.	0.	2.539300104166714e-11	1.6121026123708617e-13
705.	0.	0.	2.5248331782471697e-11	1.6077580188462518e-13
705.9999999999999	0.	0.	2.5103627798824515e-11	1.6033711263431502e-13
707.	0.	0.	2.4958900233089992e-11	1.598942412304763e-13
708.	0.	0.	2.481416017479216e-11	1.5944723582884425e-13
709.	0.	0.	2.4669418658062348e-11	1.5899614498138736e-13
710.	0.	0.	2.45246866591471e-11	1.585410176212115e-13
710.9999999999999	0.	0.	2.4379975093979688e-11	1.5808190304758488e-13
712.	0.	0.	2.423529481581423e-11	1.5761885091106468e-13
713.	0.	0.	2.4090656612922896e-11	1.5715191119873151e-13
714.	0.	0.	2.394607120635138e-11	1.5668113421954633e-13
714.9999999999999	0.	0.	2.38015492477391e-11	1.5620657058981739e-13
716.	0.	0.	2.365710131719695e-11	1.557282712187821e-13
717.	0.	0.	2.3512737921249668e-11	1.55246287294327e-13
718.	0.	0.	2.3368469490832933e-11	1.5476067026881553e-13
719.	0.	0.	2.3224306379355455e-11	1.5427147184504954e-13
719.9999999999999	0.	0.	2.308025886081247e-11	1.5377874396234852e-13
721.	0.	0.	2.2936337127967884e-11	1.5328253878278651e-13
722.	0.	0.	2.2792551290582994e-11	1.527829086775193e-13
723.	0.	0.	2.264891137371213e-11	1.5227990621328788e-13
723.9999999999999	0.	0.	2.2505427316049997e-11	1.517735841390345e-13
725.	0.	0.	2.236210896833678e-11	1.5126399537265807e-13
726.	0.	0.	2.221896609181815e-11	1.5075119298791414e-13
727.	0.	0.	2.2076008356762826e-11	1.5023523020146454e-13
727.9999999999999	0.	0.	2.193324534103241e-11	1.4971616036004748e-13
728.9999999999999	0.	0.	2.1790686528704982e-11	1.4919403692781475e-13
730.	0.	0.	2.16483413087565e-11	1.4866891347380495e-13
731.	0.	0.	2.150621897378801e-11	1.4814084365955663e-13
732.	0.	0.	2.136432871881248e-11	1.4760988122688352e-13
732.9999999999999	0.	0.	2.122267964008717e-11	1.4707607998579466e-13
734.	0.	0.	2.108128073400158e-11	1.465394938025568e-13
735.	0.	0.	2.094014089601425e-11	1.4600017658792135e-13
736.	0.	0.	2.0799268919637135e-11	1.454581822854937e-13
736.9999999999999	0.	0.	2.065867349547293e-11	1.4491356486026031e-13
737.9999999999999	0.	0.	2.051836321029874e-11	1.4436637828727273e-13
739.	0.	0.	2.0378346546197614e-11	1.4381667654047842e-13
740.	0.	0.	2.0238631879738416e-11	1.432645135817159e-13
741.	0.	0.	2.0099227481200902e-11	1.4270994334986253e-13
741.9999999999999	0.	0.	1.996014151384732e-11	1.4215301975013773e-13
743.	0.	0.	1.9821382033240116e-11	1.4159379664356974e-13
744.	0.	0.	1.96829569866029e-11	1.4103232783660736e-13
745.	0.	0.	1.9544874212226518e-11	1.404686670709093e-13
745.9999999999999	0.	0.	1.940714143891475e-11	1.3990286801326685e-13
746.9999999999999	0.	0.	1.9269766285480727e-11	1.3933498424571688e-13
748.	0.	0.	1.9132756260275363e-11	1.3876506925578384e-13
749.	0.	0.	1.899611876076459e-11	1.3819317642690098e-13
750.	0.	0.	1.885986107314263e-11	1.376193590289747e-13
750.9999999999999	0.	0.	1.8723990371987597e-11	1.3704367020912957e-13
752.	0.	0.	1.8588513719955256e-11	1.3646616298259075e-13
753.	0.	0.	1.845343806751166e-11	1.3588689022374186e-13
754.	0.	0.	1.8318770252703618e-11	1.3530590465732764e-13
754.9999999999999	0.	0.	1.8184517000966805e-11	1.3472325884983679e-13
756.	0.	0.	1.805068492496722e-11	1.3413900520101137e-13
757.	0.	0.	1.791728052448468e-11	1.3355319593555595e-13
758.	0.	0.	1.7784310186326028e-11	1.3296588309496404e-13
759.	0.	0.	1.7651780184273957e-11	1.3237711852953013e-13
759.9999999999999	0.	0.	1.7519696679072586e-11	1.3178695389051506e-13
761.	0.	0.	1.738806571844156e-11	1.3119544062245285e-13
762.	0.	0.	1.7256893237126432e-11	1.3060262995563536e-13
763.	0.	0.	1.7126185056979685e-11	1.3000857289873832e-13
763.9999999999999	0.	0.	1.6995946887072223e-11	1.2941332023160874e-13
765.	0.	0.	1.6866184323834838e-11	1.2881692249820818e-13
766.	0.	0.	1.673690285123381e-11	1.2821942999970985e-13
767.	0.	0.	1.6608107840968767e-11	1.2762089278774298e-13
768.	0.	0.	1.6479804552705494e-11	1.2702136065780395e-13
768.9999999999999	0.	0.	1.635199813433168e-11	1.2642088314280587e-13
770.	0.	0.	1.622469362224579e-11	1.2581950950679006e-13
771.	0.	0.	1.6097895941665128e-11	1.2521728873877738e-13
772.	0.	0.	1.5971609906967025e-11	1.2461426954678786e-13
772.9999999999999	0.	0.	1.58458402220508e-11	1.2401050035198472e-13
774.	0.	0.	1.5720591480725888e-11	1.2340602928298922e-13
775.	0.	0.	1.559586816712503e-11	1.228009041703294e-13
776.	0.	0.	1.5471674656139452e-11	1.2219517254103997e-13
776.9999999999999	0.	0.	1.534801521387898e-11	1.2158888161340946e-13
777.9999999999999	0.	0.	1.522489399815151e-11	1.2098207829186467e-13
779.	0.	0.	1.5102315058967283e-11	1.2037480916200654e-13
780.	0.	0.	1.4980282339062707e-11	1.1976712048578786e-13
781.	0.	0.	1.485879967444555e-11	1.191590581968215e-13
781.9999999999999	0.	0.	1.473787079495834e-11	1.1855066789584642e-13
783.	0.	0.	1.4617499324863816e-11	1.1794199484631518e-13
784.	0.	0.	1.449768878344682e-11	1.173330839701328e-13
785.	0.	0.	1.4378442585636412e-11	1.1672397984352604e-13
785.9999999999999	0.	0.	1.4259764042644791e-11	1.1611472669304923e-13
786.9999999999999	0.	0.	1.4141656362621909e-11	1.1550536839172516e-13
788.	0.	0.	1.4024122651330587e-11	1.148959484553165e-13
789.	0.	0.	1.39071659128335e-11	1.1428651003873822e-13
790.	0.	0.	1.3790789050198832e-11	1.1367709593258645e-13
790.9999999999999	0.	0.	1.3674994866218004e-11	1.1306774855980957e-13
792.	0.	0.	1.3559786064141619e-11	1.124585099725028e-13
793.	0.	0.	1.3445165248425801e-11	1.1184942184882587e-13
794.	0.	0.	1.3331134925494605e-11	1.1124052549005299e-13
794.9999999999999	0.	0.	1.3217697504514016e-11	1.106318618177473e-13
795.9999999999999	0.	0.	1.3104855298178219e-11	1.1002347137104663e-13
797.	0.	0.	1.2992610523509478e-11	1.0941539430408962e-13
798.	0.	0.	1.2880965302667491e-11	1.0880767038354381e-13
799.	0.	0.	1.276992166377167e-11	1.082003389862655e-13
799.9999999999999	0.	0.	1.2659481541732804e-11	1.0759343909707397e-13
801.	0.	0.	1.254964677909464e-11	1.069870093066358e-13
802.	0.	0.	1.2440419126886298e-11	1.063810878094738e-13
803.	0.	0.	1.2331800245483006e-11	1.0577571240208024e-13
803.9999999999999	0.	0.	1.2223791705475529e-11	1.0517092048115027e-13
804.9999999999999	0.	0.	1.2116394988547564e-11	1.0456674904192068e-13
806.	0.	0.	1.2009611488363896e-11	1.0396323467661743e-13
807.	0.	0.	1.190344251146115e-11	1.0336041357301376e-13
808.	0.	0.	1.1797889278149465e-11	1.0275832151309519e-13
808.9999999999999	0.	0.	1.1692952923419233e-11	1.0215699387182794e-13
810.	0.	0.	1.1588634497855084e-11	1.0155646561602861e-13
811.	0.	0.	1.1484934968554237e-11	1.0095677130333884e-13
812.	0.	0.	1.1381855220051698e-11	1.0035794508130204e-13
812.9999999999999	0.	0.	1.1279396055247988e-11	9.97600206865359e-14
814.	0.	0.	1.1177558196348059e-11	9.916303144400388e-14
815.	0.	0.	1.1076342285794188e-11	9.856701026638202e-14
816.	0.	0.	1.0975748887213609e-11	9.797198965352614e-14
816.9999999999999	0.	0.	1.0875778486361394e-11	9.737800169202271e-14
817.9999999999999	0.	0.	1.0776431492072835e-11	9.678507805484132e-14
819.	0.	0.	1.0677708237212923e-11	9.619325000107171e-14
820.	0.	0.	1.057960897963381e-11	9.560254837575025e-14
821.	0.	0.	1.0482133903130736e-11	9.50130036097805e-14
821.9999999999999	0.	0.	1.0385283118402542e-11	9.442464571993079e-14
823.	0.	0.	1.0289056664010485e-11	9.383750430892065e-14
824.	0.	0.	1.0193454507343218e-11	9.325160856559515e-14
825.	0.	0.	1.0098476545577056e-11	9.266698726517281e-14
825.9999999999999	0.	0.	1.0004122606641618e-11	9.208366876958268e-14
826.9999999999999	0.	0.	9.910392450183734e-12	9.150168102786954e-14
828.	0.	0.	9.817285768531127e-12	9.092105157668983e-14
829.	0.	0.	9.724802187657665e-12	9.03418075408738e-14
830.	0.	0.	9.63294126814689e-12	8.976397563407009e-14
830.9999999999999	0.	0.	9.541702506153493e-12	8.918758215945233e-14
832.	0.	0.	9.451085334368203e-12	8.861265301051479e-14
833.	0.	0.	9.361089122976997e-12	8.803921367192113e-14
834.	0.	0.	9.271713180620511e-12	8.746728922043802e-14
834.9999999999999	0.	0.	9.182956755352388e-12	8.689690432592286e-14
835.9999999999999	0.	0.	9.094819035594794e-12	8.632808325239066e-14
837.	0.	0.	9.007299151091681e-12	8.576084985913425e-14
838.	0.	0.	8.920396173860732e-12	8.519522760191982e-14
839.	0.	0.	8.83410911914165e-12	8.463123953423565e-14
839.9999999999999	0.	0.	8.748436946341722e-12	8.406890830860806e-14
841.	0.	0.	8.663378559979489e-12	8.350825617797273e-14
842.	0.	0.	8.578932810621917e-12	8.294930499711009e-14
843.	0.	0.	8.495098495823341e-12	8.23920762241328e-14
843.9999999999999	0.	0.	8.411874361055617e-12	8.18365909220311e-14
844.9999999999999	0.	0.	8.329259100638009e-12	8.128286976027245e-14
846.	0.	0.	8.247251358661368e-12	8.073093301645675e-14
847.	0.	0.	8.165849729907367e-12	8.018080057802011e-14
848.	0.	0.	8.085052760767295e-12	7.963249194399256e-14
848.9999999999999	0.	0.	8.00485895014967e-12	7.908602622680184e-14
850.	0.	0.	7.925266750391591e-12	7.85414221541309e-14
851.	0.	0.	7.846274568155868e-12	7.799869807081476e-14
852.	0.	0.	7.76788076533216e-12	7.745787194079412e-14
852.9999999999999	0.	0.	7.690083659926652e-12	7.691896134909877e-14
853.9999999999999	0.	0.	7.612881526948665e-12	7.638198350389077e-14
855.	0.	0.	7.536272599292487e-12	7.584695523853678e-14
856.	0.	0.	7.460255068612394e-12	7.531389301373032e-14
857.	0.	0.	7.384827086192775e-12	7.478281291964724e-14
857.9999999999999	0.	0.	7.309986763813145e-12	7.425373067814607e-14
859.	0.	0.	7.2357321746043475e-12	7.372666164500006e-14
860.	0.	0.	7.162061353902825e-12	7.320162081217015e-14
861.	0.	0.	7.0889723000944985e-12	7.267862281011247e-14
861.9999999999999	0.	0.	7.016462975457133e-12	7.215768191011727e-14
863.	0.	0.	6.944531306991033e-12	7.163881202668522e-14
864.	0.	0.	6.873175187247904e-12	7.112202671993196e-14
865.	0.	0.	6.802392475151266e-12	7.060733919802589e-14
865.9999999999999	0.	0.	6.732180996808398e-12	7.009476231965654e-14
866.9999999999999	0.	0.	6.662538546319138e-12	6.958430859652707e-14
868.	0.	0.	6.5934628865765e-12	6.907599019588283e-14
869.	0.	0.	6.524951750057899e-12	6.856981894305756e-14
870.	0.	0.	6.45700283961455e-12	6.806580632405146e-14
870.9999999999999	0.	0.	6.389613829247758e-12	6.756396348813372e-14
872.	0.	0.	6.322782364883882e-12	6.706430125046447e-14
873.	0.	0.	6.2565060651379906e-12	6.656683009474463e-14
874.	0.	0.	6.1907825220734086e-12	6.60715601758861e-14
874.9999999999999	0.	0.	6.1256093019500114e-12	6.557850132269825e-14
875.9999999999999	0.	0.	6.0609839459692585e-12	6.508766304060277e-14
877.	0.	0.	5.996903971010738e-12	6.459905451435977e-14
878.	0.	0.	5.933366870359806e-12	6.411268461081761e-14
879.	0.	0.	5.870370114429045e-12	6.362856188167494e-14
879.9999999999999	0.	0.	5.8079111514715696e-12	6.314669456626497e-14
881.	0.	0.	5.745987408287914e-12	6.266709059434758e-14
882.	0.	0.	5.684596290924004e-12	6.218975758892438e-14
883.	0.	0.	5.623735185363049e-12	6.171470286905953e-14
883.9999999999999	0.	0.	5.5634014582071894e-12	6.124193345272023e-14
884.9999999999999	0.	0.	5.503592457355691e-12	6.077145605962411e-14
886.	0.	0.	5.44430551267048e-12	6.030327711410055e-14
887.	0.	0.	5.385537936638164e-12	5.983740274796179e-14
888.	0.	0.	5.327287025022099e-12	5.937383880338325e-14
888.9999999999999	0.	0.	5.269550057507314e-12	5.891259083579381e-14
890.	0.	0.	5.2123242983388095e-12	5.845366411677106e-14
891.	0.	0.	5.155606996948617e-12	5.799706363694882e-14
892.	0.	0.	5.09939538858e-12	5.754279410892795e-14
892.9999999999999	0.	0.	5.043686694900435e-12	5.709085997019145e-14
893.9999999999999	0.	0.	4.9884781246072684e-12	5.664126538602863e-14
895.	0.	0.	4.9337668740275055e-12	5.619401425246229e-14
896.	0.	0.	4.879550127707217e-12	5.5749110199176756e-14
897.	0.	0.	4.82582505899595e-12	5.530655659245399e-14
897.9999999999999	0.	0.	4.772588830620379e-12	5.4866356538108274e-14
899.	0.	0.	4.7198385952532004e-12	5.4428512884421355e-14
900.	0.	0.	4.667571496072241e-12	5.39930282250859e-14
901.	0.	0.	4.615784667313085e-12	5.35599049021391e-14
901.9999999999999	0.	0.	4.56447523481282e-12	5.312914500890664e-14
902.9999999999999	0.	0.	4.51364031654729e-12	5.270075039293531e-14
904.	0.	0.	4.463277023160147e-12	5.2274722658933144e-14
905.	0.	0.	4.413382458484492e-12	5.185106317170292e-14
906.	0.	0.	4.363953720056078e-12	5.1429773059073083e-14
906.9999999999999	0.	0.	4.31498789962082e-12	5.101085321482753e-14
908.	0.	0.	4.266482083631862e-12	5.0594304301630355e-14
909.	0.	0.	4.218433353742541e-12	5.018012675394521e-14
910.	0.	0.	4.1708387872885416e-12	4.9768320780954864e-14
910.9999999999999	0.	0.	4.123695457766111e-12	4.935888636946689e-14
911.9999999999999	0.	0.	4.077000435297959e-12	4.8951823286821705e-14
913.	0.	0.	4.0307507870971925e-12	4.854713108379154e-14
914.	0.	0.	3.984943577920873e-12	4.814480909746988e-14
914.9999999999999	0.	0.	3.9395758705150935e-12	4.7744856454156447e-14
915.9999999999999	0.	0.	3.894644726056223e-12	4.7347272072234864e-14
917.	0.	0.	3.850147204582504e-12	4.6952054665040345e-14
918.	0.	0.	3.806080365418494e-12	4.655920274371957e-14
919.	0.	0.	3.762441267592487e-12	4.616871462008181e-14
919.9999999999999	0.	0.	3.719226970248533e-12	4.5780588409438705e-14
921.	0.	0.	3.6764345330487134e-12	4.539482203343759e-14
922.	0.	0.	3.6340610165692687e-12	4.5011413222879977e-14
923.	0.	0.	3.592103482691676e-12	4.463035952053438e-14
923.9999999999999	0.	0.	3.5505589949834198e-12	4.4251658283932325e-14
924.9999999999999	0.	0.	3.509424619073637e-12	4.3875306688158946e-14
926.	0.	0.	3.4686974230236725e-12	4.3501301728626734e-14
927.	0.	0.	3.4283744776866528e-12	4.3129640223839254e-14
928.	0.	0.	3.3884528570632757e-12	4.2760318818141956e-14
928.9999999999999	0.	0.	3.3489296386511896e-12	4.2393333984461266e-14
930.	0.	0.	3.309801903784398e-12	4.2028682027027974e-14
931.	0.	0.	3.271066737971885e-12	4.166635908408979e-14
932.	0.	0.	3.232721231222396e-12	4.1306361130606476e-14
932.9999999999999	0.	0.	3.1947624783686666e-12	4.0948683980936257e-14
933.9999999999999	0.	0.	3.1571875793821703e-12	4.0593323291501606e-14
935.	0.	0.	3.1199936396828993e-12	4.024027456344437e-14
936.	0.	0.	3.083177770441088e-12	3.98895331452661e-14
937.	0.	0.	3.0467370888750213e-12	3.954109423544873e-14
937.9999999999999	0.	0.	3.0106687185395726e-12	3.919495288506581e-14
939.	0.	0.	2.9749697896121856e-12	3.885110400037338e-14
940.	0.	0.	2.9396374391691385e-12	3.850954234538638e-14
941.	0.	0.	2.90466881145921e-12	3.817026254443856e-14
941.9999999999999	0.	0.	2.870061058167306e-12	3.7833259084727626e-14
942.9999999999999	0.	0.	2.8358113386757635e-12	3.749852631884018e-14
944.	0.	0.	2.8019168203191005e-12	3.7166058467262904e-14
945.	0.	0.	2.7683746786299494e-12	3.6835849620875027e-14
946.	0.	0.	2.7351820975833657e-12	3.650789374342402e-14
946.9999999999999	0.	0.	2.7023362698325618e-12	3.6182184673985126e-14
948.	0.	0.	2.6698343969403424e-12	3.5858716129398844e-14
949.	0.	0.	2.6376736896043153e-12	3.553748170669585e-14
950.	0.	0.	2.60585136787688e-12	3.521847488550116e-14
950.9999999999999	0.	0.	2.574364661378923e-12	3.4901689030420345e-14
951.9999999999999	0.	0.	2.5432108095096513e-12	3.458711739340783e-14
953.	0.	0.	2.512387061650423e-12	3.427475311611599e-14
954.	0.	0.	2.4818906773620215e-12	3.3964589232227854e-14
954.9999999999999	0.	0.	2.4517189265774057e-12	3.365661866976714e-14
955.9999999999999	0.	0.	2.421869089791748e-12	3.335083425339443e-14
957.	0.	0.	2.3923384582428336e-12	3.304722870667947e-14
958.	0.	0.	2.363124334089948e-12	3.274579465435753e-14
959.	0.	0.	2.3342240305865077e-12	3.2446524624566363e-14
959.9999999999999	0.	0.	2.305634872246835e-12	3.214941105106309e-14
960.9999999999999	0.	0.	2.2773541950106293e-12	3.185444627542094e-14
962.	0.	0.	2.2493793463995137e-12	3.156162254920833e-14
963.	0.	0.	2.221707685671394e-12	3.127093203614762e-14
963.9999999999999	0.	0.	2.194336583968024e-12	3.0982366814254276e-14
964.9999999999999	0.	0.	2.167263424460472e-12	3.0695918877955816e-14
966.	0.	0.	2.140485602486098e-12	3.041158014019232e-14
967.	0.	0.	2.1140005256862808e-12	3.0129342434495807e-14
968.	0.	0.	2.0878056141344613e-12	2.984919751705042e-14
968.9999999999999	0.	0.	2.0618983004632197e-12	2.957113706873321e-14
969.9999999999999	0.	0.	2.0362760299858885e-12	2.929515269713359e-14
971.	0.	0.	2.010936260813272e-12	2.9021235938554284e-14
972.	0.	0.	1.98587646396806e-12	2.874937825999168e-14
972.9999999999999	0.	0.	1.9610941234922885e-12	2.847957106109619e-14
973.9999999999999	0.	0.	1.9365867365530527e-12	2.8211805676111727e-14
975.	0.	0.	1.9123518135435197e-12	2.794607337579694e-14
976.	0.	0.	1.8883868781789864e-12	2.7682365369325344e-14
977.	0.	0.	1.8646894675906144e-12	2.742067280616467e-14
977.9999999999999	0.	0.	1.8412571324139024e-12	2.716098677793738e-14
979.	0.	0.	1.8180874368744256e-12	2.6903298320260757e-14
980.	0.	0.	1.795177958868337e-12	2.664759841456626e-14
980.9999999999999	0.	0.	1.772526290041342e-12	2.639387798989972e-14
982.	0.	0.	1.7501300358619493e-12	2.614212792470104e-14
982.9999999999999	0.	0.	1.7279868156920328e-12	2.5892339048563927e-14
983.9999999999999	0.	0.	1.7060942628545187e-12	2.564450214397567e-14
985.	0.	0.	1.6844500246961888e-12	2.5398607948035873e-14
985.9999999999999	0.	0.	1.6630517626482102e-12	2.5154647154158647e-14
987.	0.	0.	1.641897152282384e-12	2.4912610413749806e-14
988.	0.	0.	1.6209838833643844e-12	2.467248833786801e-14
988.9999999999999	0.	0.	1.6003096599054372e-12	2.4434271498866133e-14
990.	0.	0.	1.5798722002076777e-12	2.4197950432009313e-14
990.9999999999999	0.	0.	1.5596692369078723e-12	2.3963515637076795e-14
992.	0.	0.	1.5396985170193384e-12	2.3730957579943134e-14
993.	0.	0.	1.5199578019686318e-12	2.3500266694138625e-14
993.9999999999999	0.	0.	1.5004448676307988e-12	2.327143338239202e-14
995.	0.	0.	1.4811575043604997e-12	2.304444801815114e-14
995.9999999999999	0.	0.	1.4620935170210347e-12	2.2819300947087474e-14
997.	0.	0.	1.4432507250105205e-12	2.2595982488577872e-14
998.	0.	0.	1.4246269622848727e-12	2.2374482937169533e-14
998.9999999999999	0.	0.	1.4062200773782863e-12	2.2154792564024293e-14
1000.	0.	0.	1.388027933421346e-12	2.1936901618343624e-14