0.	0.	0.	0.	0.
1.	6.663377525603395e-10	1.1232053678210575e-9	1.1643125670248524e-10	1.16631845846872e-11
2.	8.154560731461096e-11	4.147540026734673e-9	4.45967888628418e-10	4.475087056290796e-11
3.	4.336639131263456e-12	8.609298221992951e-9	9.608694878509581e-10	9.658628105210812e-11
4.	1.5592864847930223e-13	1.4110217004417704e-8	1.6356244243970266e-9	1.6469884670664903e-10
5.	4.42516882454531e-15	2.0311318605549136e-8	2.446809291960254e-9	2.4681172552701624e-10
6.	1.0682401388464134e-16	2.692698621500475e-8	3.372955907310991e-9	3.4082996883909665e-10
7.	2.2891463014558193e-18	3.371932846920738e-8	4.394425504338024e-9	4.4482930362259204e-10
8.	4.475142443819591e-20	4.049287063490924e-8	5.49328977901101e-9	5.570455026224516e-10
9.	8.0733858388330025e-22	4.708959635547071e-8	6.653218456314288e-9	6.758643148832555e-10
10.	2.1433281767804114e-26	5.338435244237216e-8	7.85937306439243e-9	7.998119305055276e-10
11.	3.6235561715595428e-28	5.9280620121078745e-8	9.098306614785044e-9	9.275459545366968e-10
12.	5.8587678988443604e-30	6.470664901650577e-8	1.0357868900732303e-8	1.057846865979505e-9
13.	9.112476425050846e-32	6.961194467507855e-8	1.162711713812225e-8	1.1896099389286881e-9
14.	1.3697970549402896e-33	7.396409629685171e-8	1.289623168574382e-8	1.3218376038342323e-9
14.999999999999998	1.9976638217747463e-35	7.774592835923832e-8	1.4156436593123541e-8	1.4536322278379485e-9
16.	2.835351468856968e-37	8.095295775363706e-8	1.539992473537602e-8	1.5841892940409355e-9
17.	3.9269987474973144e-39	8.359113675668782e-8	1.6619787305204626e-8	1.7127909604340816e-9
18.	5.319376348971294e-41	8.56748614734262e-8	1.780994744246594e-8	1.838799980063464e-9
18.999999999999996	7.060637346215963e-43	8.722522519670807e-8	1.896509779157438e-8	1.9616539648086077e-9
20.	9.198864264344723e-45	8.826849632158435e-8	2.0080641786487046e-8	2.080859975925276e-9
21.	1.1780468497124698e-46	8.883480094710046e-8	2.115263847208783e-8	2.1959894252470786e-9
22.	1.4848507258474107e-48	8.895699101791966e-8	2.217775067949878e-8	2.306673271652767e-9
23.	1.84409889025326e-50	8.866967974324916e-8	2.31531963811976e-8	2.4125974980898073e-9
24.	2.258923906894225e-52	8.800842703046675e-8	2.4076703059828252e-8	2.5134988551007684e-9
24.999999999999996	2.731639779381402e-54	8.700905874438095e-8	2.494646493226801e-8	2.609160857428255e-9
26.	3.2636111797281883e-56	8.570710471677708e-8	2.576110287787189e-8	2.6994100208775542e-9
27.	3.8551477139433535e-58	8.41373415579801e-8	2.6519626926866337e-8	2.784112327194919e-9
28.	4.5054275995325585e-60	8.233342744137299e-8	2.722140117161938e-8	2.863169905274237e-9
29.	5.212453819112565e-62	8.032761712663265e-8	2.786611096998551e-8	2.9365179175367934e-9
29.999999999999996	5.973044415256269e-64	7.815054654532609e-8	2.8453732316121168e-8	3.004121640838831e-9
31.	6.782857180959144e-66	7.583107728418044e-8	2.898450326010149e-8	3.0659737317502072e-9
32.	7.636447648048712e-68	7.339619226026305e-8	2.9458897263349875e-8	3.122091666515899e-9
32.99999999999999	8.52735804321042e-70	7.087093478418888e-8	2.987759838233079e-8	3.1725153464607554e-9
34.	9.44823381683567e-72	6.827838404984098e-8	3.024147817815947e-8	3.217304860027808e-9
35.	1.0390963489202286e-73	6.563966087094927e-8	3.0551574254762375e-8	3.2565383930522026e-9
36.	1.1346836923519414e-75	6.297395820639145e-8	3.080907033298465e-8	3.290310279267198e-9
37.	1.230671673497639e-77	6.029859167836193e-8	3.1015277772595966e-8	3.318729183416197e-9
37.99999999999999	1.3261217375845985e-79	5.762906589238172e-8	3.117161845850318e-8	3.341916409706427e-9
39.	1.4200886485471788e-81	5.497915291782149e-8	3.127960897164033e-8	3.3600043286858276e-9
40.	1.5116383338428728e-83	5.23609797848882e-8	3.134084596898813e-8	3.3731349159560123e-9
41.	1.5998649636144347e-85	4.9785122301820714e-8	3.135699270097728e-8	3.381458396451071e-9
42.	1.683906843425665e-87	4.7260702897480416e-8	3.132976659816337e-8	3.3851319883152803e-9
42.99999999999999	1.7629607645372753e-89	4.47954905527756e-8	3.126092786253174e-8	3.3843187407028197e-9
44.	1.8362945270026957e-91	4.2396001202632034e-8	3.1152269002104284e-8	3.3791864601000964e-9
44.99999999999999	1.90325742539084e-93	4.006759727165444e-8	3.100560525068499e-8	3.3699067200366456e-9
46.	1.9632885616206635e-95	3.78145852542927e-8	3.082276581759915e-8	3.356653949304083e-9
47.	2.015922921514113e-97	3.564031046719195e-8	3.060558591516542e-8	3.3396045940453478e-9
48.	2.060795218939713e-99	3.354724829027623e-8	3.03558995143872e-8	3.3189363493079813e-9
49.	2.0976415720526428e-101	3.15370913766907e-8	3.0075532781973465e-8	3.294827455876816e-9
49.99999999999999	2.1262991287736195e-103	2.9610832452496375e-8	2.976629815429947e-8	3.2674560584129932e-9
51.	2.1467038024580335e-105	2.7768842447349815e-8	2.942998900630195e-8	3.236999621128342e-9
52.	2.1588863132313743e-107	2.601094379947422e-8	2.9068374875575022e-8	3.203634397417113e-9
53.	2.1629667556945933e-109	2.4336478864073514e-8	2.8683197204099305e-8	3.1675349500514925e-9
54.	2.1591479299128348e-111	2.27443734258078e-8	2.827616556209777e-8	3.1288737187230753e-9
54.99999999999999	2.1477076803857682e-113	2.123319537474298e-8	2.7848954320477194e-8	3.0878206318805495e-9
56.	2.128990487828515e-115	1.9801208652863538e-8	2.7403199740183557e-8	3.044542759973961e-9
56.99999999999999	2.103398552027785e-117	1.84464226162037e-8	2.6940497448579736e-8	2.9992040073688266e-9
58.	2.071382591804908e-119	1.7166636987185365e-8	2.6462400274647936e-8	2.9519648403391662e-9
59.	2.033432571297729e-121	1.5959482594001375e-8	2.5970416416430286e-8	2.9029820486875126e-9
59.99999999999999	1.9900685414601172e-123	1.4822458109877502e-8	2.5466007915653214e-8	2.8524085386725312e-9
61.	1.941831762895695e-125	1.3752963015715944e-8	2.4950589415938468e-8	2.8003931550511857e-9
62.	1.8892762518662937e-127	1.2748327015775338e-8	2.4425527182387662e-8	2.747080530162774e-9
63.	1.832960866446389e-129	1.1805836138421074e-8	2.389213836164313e-8	2.6926109580968406e-9
64.	1.773442025065369e-131	1.0922755753210869e-8	2.3351690462777354e-8	2.6371202920961807e-9
65.	1.7112671257806457e-133	1.0096350732245222e-8	2.280540104054942e-8	2.580739863450168e-9
65.99999999999999	1.646968712076432e-135	9.323902978292294e-9	2.2254437563693437e-8	2.523596420232617e-9
67.	1.5810594101924713e-137	8.60272653513226e-9	2.1699917451972244e-8	2.465812084332628e-9
68.	1.514027644281148e-139	7.930180487224991e-9	2.114290826674348e-8	2.407504325316497e-9
69.	1.4463341192413917e-141	7.303679846511778e-9	2.0584428040745916e-8	2.3487859497439922e-9
70.	1.378409047008651e-143	6.720704614192264e-9	2.002544573372535e-8	2.2897651046434166e-9
70.99999999999999	1.3106500803955019e-145	6.178807194905105e-9	1.9466881801382083e-8	2.230545293926924e-9
72.	1.2434209092520791e-147	5.675618330084663e-9	1.890960886593971e-8	2.171225406600731e-9
73.	1.1770504666073389e-149	5.208851706530432e-9	1.8354452477409053e-8	2.111899755694541e-9
74.	1.1118326874568108e-151	4.776307385551064e-9	1.7802191955353033e-8	2.0526581269004293e-9
75.	1.0480267597533034e-153	4.375874187537261e-9	1.7253561301651682e-8	1.9935858359742824e-9
75.99999999999999	9.858578057639713e-156	4.005531156576211e-9	1.6709250175421282e-8	1.9347637940123245e-9
77.	9.255179320358837e-158	3.6633482198063617e-9	1.6169904921860984e-8	1.8762685797717888e-9
78.	8.671675875646804e-160	3.347486146689009e-9	1.5636129647384793e-8	1.8181725182582802e-9
79.	8.109371721469182e-162	3.056195904276537e-9	1.51084873339496e-8	1.7605437648532554e-9
80.	7.569288401200693e-164	2.787817495918748e-9	1.4587500986011073e-8	1.703446394303041e-9
80.99999999999999	7.052184485539267e-166	2.54077836268566e-9	1.407365480403023e-8	1.646940493936462e-9
82.	6.558576032676061e-168	2.3135914191066844e-9	1.356739537891808e-8	1.5910822605213068e-9
83.	6.088757606443211e-170	2.1048527876361925e-9	1.3069132902241852e-8	1.5359241002106697e-9
84.	5.642823479673279e-172	1.913239289549431e-9	1.2579242387427355e-8	1.481514731068861e-9
84.99999999999999	5.220688697635029e-174	1.7375057437432224e-9	1.2098064897580066e-8	1.4278992877031754e-9
85.99999999999999	4.822109723300184e-176	1.5764821191494053e-9	1.1625908775910788e-8	1.3751194275622738e-9
87.	4.446704431297416e-178	1.4290705811523881e-9	1.1163050875094307e-8	1.3232134384946302e-9
88.	4.093971260267233e-180	1.2942424675153654e-9	1.0709737782211134e-8	1.2722163471912864e-9
89.	3.763307373227467e-182	1.171035224845015e-9	1.02661870362238e-8	1.2221600281662353e-9
89.99999999999999	3.4540257122463215e-184	1.0585493325411629e-9	9.832588335222789e-9	1.1730733129552283e-9
90.99999999999999	3.1653708670045544e-186	9.559452374632348e-10	9.40910473094208e-9	1.12498209923962e-9
92.	2.896533706441351e-188	8.624403191791603e-10	8.995873808293178e-9	1.0779094596262868e-9
93.	2.6466647487997076e-190	7.773059026221617e-10	8.593008847898605e-9	1.0318757498375414e-9
94.	2.4148862679236244e-192	6.998643322447225e-10	8.200599969823847e-9	9.868987160866456e-10
94.99999999999999	2.2003031528366634e-194	6.294861193057542e-10	7.818715256909443e-9	9.429936014347607e-10
96.	2.0020125535682133e-196	5.655871717367427e-10	7.447401856294432e-9	9.001732509442925e-10
97.	1.8191123591582834e-198	5.076261140833793e-10	7.086687057899461e-9	8.5844821546154e-10
98.	1.6507085639666956e-200	4.551017032943376e-10	6.736579348801982e-9	8.178268538783176e-10
99.	1.495921586124934e-202	4.0755034460743863e-10	6.397069442589273e-9	7.783154337380563e-10
99.99999999999999	1.3538916074253587e-204	3.6454371044960306e-10	6.068131282917141e-9	7.399182300666234e-10
101.	1.2237830074732356e-206	3.256864641040649e-10	5.7497230206341705e-9	7.026376223219582e-10
102.	1.1047879667095238e-208	2.906140888895235e-10	5.441787963953344e-9	6.664741893695222e-10
103.	9.961293132656207e-211	2.589908227287866e-10	5.144255501266536e-9	6.314268024027144e-10
104.	8.970626877279495e-213	2.3050769724290603e-10	4.857041996301083e-9	5.974927157385878e-10
104.99999999999999	8.068780979948008e-215	2.0488067988034595e-10	4.580051655414636e-9	5.646676554298057e-10
106.	7.249009337227399e-217	1.8184891706614e-10	4.31317736691271e-9	5.329459056435154e-10
107.	6.504925065227383e-219	1.6117307592295e-10	4.056301512355004e-9	5.023203927669424e-10
108.	5.83050178284001e-221	1.4263378176442033e-10	3.809296749891001e-9	4.727827672079491e-10
109.	5.220071358824171e-223	1.2603014828194186e-10	3.5720267697338993e-9	4.443234828666888e-10
109.99999999999999	4.6683186620965856e-225	1.1117839713028434e-10	3.344347021943693e-9	4.169318742616814e-10
111.	4.1702738104601534e-227	9.791056345816455e-11	3.126105416747289e-9	3.905962313004256e-10
112.	3.721302368674998e-229	8.607328381921083e-11	2.9171429976744374e-9	3.6530387169081104e-10
113.	3.317093903218003e-231	7.552666283113195e-11	2.717294587834706e-9	3.410412109953145e-10
113.99999999999999	2.953649258629878e-233	6.614321491982088e-11	2.5263894097024024e-9	3.1779383033523035e-10
114.99999999999999	2.6272668797062857e-235	5.7806877485866536e-11	2.3442516788135662e-9	2.955465417569774e-10
116.	2.3345284651054048e-237	5.041209185868088e-11	2.170701171812219e-9	2.7428345127692256e-10
117.	2.072284201659849e-239	4.3862948453775794e-11	2.0055537693127924e-9	2.539880196252157e-10
118.	1.8376377947946372e-241	3.8072392618217964e-11	1.8486219740709703e-9	2.3464312071272536e-10
118.99999999999999	1.6279314792122875e-243	3.2961487734347096e-11	1.699715404978115e-9	2.1623109784853182e-10
119.99999999999999	1.4407311653373355e-245	2.845873224954137e-11	1.5586412674134914e-9	1.9873381773838173e-10
121.	1.2738118509723465e-247	2.4499427407615737e-11	1.4252048005052242e-9	1.8213272229722177e-10
122.	1.1251434041087952e-249	2.1025092572873334e-11	1.2992097018645451e-9	1.6640887831131295e-10
122.99999999999999	9.928768018150866e-252	1.7982925159115943e-11	1.1804585303693555e-9	1.5154302498758015e-10
124.	8.753308914186323e-254	1.532530230089845e-11	1.068753087582083e-9	1.3751561942973524e-10
125.	7.70979723755082e-256	1.3009321531909983e-11	9.638947783936714e-10	1.2430688008236598e-10
126.	6.784404938532248e-258	1.0996377863850101e-11	8.65684951490353e-10	1.1189682818561045e-10
127.	5.96462111987676e-260	9.251774787707237e-12	7.73925220243118e-10	1.0026532728429403e-10
128.	5.239144173303185e-262	7.744366846809292e-12	6.884177646210211e-10	8.939212083643144e-11
129.	4.59778037386775e-264	6.446231556610155e-12	6.089656147292789e-10	7.925686796685635e-11
130.	4.031348887973413e-266	5.3323685693597016e-12	5.353729165717003e-10	6.983917741246499e-11
131.	3.531593088179302e-268	4.380424101811623e-12	4.674451806339292e-10	6.111863970608286e-11
131.99999999999997	3.0910980169785106e-270	3.5704387607352816e-12	4.0498951388004685e-10	5.307485764638428e-11
133.	2.7032138012375752e-272	2.884617013685862e-12	3.4781483574988016e-10	4.568747510155945e-11
134.	2.361984787685154e-274	2.3071166610917974e-12	2.9573207873823207e-10	3.893620419457081e-11
135.	2.0620841465542652e-276	1.8238567699861736e-12	2.485543741303189e-10	3.280085091788685e-11
136.	1.7987536741620933e-278	1.4223426295712556e-12	2.0609722345985327e-10	2.7261339225506456e-11
137.	1.567748514788773e-280	1.0915063840931821e-12	1.6817865624764638e-10	2.2297733649916053e-11
138.	1.365286516904722e-282	8.215620892804147e-13	1.3461937456960676e-10	1.789026049138875e-11
139.	1.1880019376947884e-284	6.038740248167286e-13	1.0524288499314618e-10	1.40193276266805e-11
140.	1.0329032122485346e-286	4.3083717702426125e-13	7.987561841090298e-11	1.0665542983785203e-11
140.99999999999997	8.973345090799709e-289	2.957688832320478e-13	5.834703828999012e-11	7.809731728926455e-12
141.99999999999997	7.78940801236315e-291	1.9281070224216058e-13	4.048973784402305e-11	5.432952211435957e-12
143.	6.756361916501906e-293	1.1683964403501346e-13	2.61395266238022e-11	3.5165107115698814e-12
144.	5.855752421489812e-295	6.338795648504789e-14	1.5135507010966357e-11	2.0419750356782358e-12
145.	5.0712706728859435e-297	2.857072752656463e-14	7.320141087085485e-12	9.911870024514667e-13
146.	4.3885196659873836e-299	9.020618081510987e-15	2.53930833870911e-12	3.4627386324742837e-13
147.	0.	1.8290942718640226e-15	6.423546467299486e-13	8.965869873582035e-14
148.	0.	4.49357716421596e-15	1.4821329962150755e-12	2.0406983330594104e-13
149.	0.	1.486997468664864e-14	4.9150363305813114e-12	6.725493078642567e-13
150.	0.	3.113010358312184e-14	1.080102296167107e-11	1.478460450803148e-12
150.99999999999997	0.	5.172354948972335e-14	1.9003634934986028e-11	2.605494586059812e-12
151.99999999999997	0.	7.534355059027597e-14	2.9390009737045746e-11	4.0376769163024e-12
153.	0.	1.0089652499219095e-13	4.183088571963219e-11	5.759371618388928e-12
154.	0.	1.2747489411270407e-13	5.620060160350942e-11	7.755286187336298e-12
155.	0.	1.5433288412591711e-13	7.237709041217064e-11	1.00104750641252e-11
156.	0.	1.8086501504146065e-13	9.02418681742396e-11	1.2510342581748718e-11
157.	0.	2.0658701240289842e-13	1.0968001772133563e-10	1.524064526298705e-11
158.	0.	2.311189000386049e-13	1.3058016789657212e-10	1.8187493502467982e-11
159.	0.	2.541700539100866e-13	1.5283446847738472e-10	2.1337352664650563e-11
160.	0.	2.755260169840885e-13	1.7633856110506104e-10	2.4677043628445703e-11
160.99999999999997	0.	2.950368933453616e-13	2.0099154650223173e-10	2.8193742808271164e-11
161.99999999999997	0.	3.126071565639052e-13	2.2669594824866597e-10	3.187498168042725e-11
163.	0.	3.281867227319605e-13	2.5335767337499425e-10	3.5708645842773366e-11
164.	0.	3.4176315271439636e-13	2.8088597002346694e-10	3.9682973634787245e-11
165.	0.	3.533548610856372e-13	3.091933824146304e-10	4.378655434420827e-11
166.	0.	3.6300522104190134e-13	3.381957033486649e-10	4.800832602557747e-11
167.	0.	3.707774653877452e-13	3.678119244603745e-10	5.2337572955130226e-11
168.	0.	3.7675029355024593e-13	3.979641844372204e-10	5.676392274564321e-11
169.	0.	3.810141035562119e-13	4.2857771540039625e-10	6.127734314398943e-11
169.99999999999997	0.	3.836677760949937e-13	4.595807876398925e-10	6.586813853333766e-11
170.99999999999997	0.	3.848159452383424e-13	4.909046528855567e-10	7.052694616110903e-11
171.99999999999997	0.	3.8456669713197186e-13	5.224834862876492e-10	7.524473211302294e-11
173.	0.	3.830296441484344e-13	5.542543272718239e-10	8.001278705275482e-11
174.	0.	3.8031432750572116e-13	5.861570194255107e-10	8.482272174598974e-11
175.	0.	3.765289064616899e-13	6.18134149564661e-10	8.966646238688795e-11
176.	0.	3.717790966835781e-13	6.501309861221842e-10	9.453624574424556e-11
177.	0.	3.661673245695966e-13	6.820954169919783e-10	9.942461414392089e-11
178.	0.	3.59792067985053e-13	7.139778869553071e-10	1.0432441030339338e-10
179.	0.	3.527473572304974e-13	7.457313348092475e-10	1.0922877203363291e-10
179.99999999999997	0.	3.451224130936982e-13	7.773111303103183e-10	1.1413112682280175e-10
180.99999999999997	0.	3.3700140151874377e-13	8.086750110397946e-10	1.1902518631564522e-10
181.99999999999997	0.	3.2846328687886887e-13	8.397830192910452e-10	1.2390494070180874e-10
183.	0.	3.195817680480995e-13	8.705974390731216e-10	1.2876465302569266e-10
184.	0.	3.104252833254502e-13	9.010827333190591e-10	1.335988534298658e-10
185.	0.	3.010570721712033e-13	9.312054813816761e-10	1.384023333434679e-10
186.	0.	2.915352830920705e-13	9.609343168942895e-10	1.4317013962646673e-10
187.	0.	2.8191311854974377e-13	9.902398660686845e-10	1.4789756868011092e-10
188.	0.	2.7223900892906235e-13	1.0190946864973482e-9	1.5258016053332994e-10
189.	0.	2.6255680870632375e-13	1.04747320652271e-9	1.572136929144003e-10
189.99999999999997	0.	2.529060089371747e-13	1.0753516652310302e-9	1.6179417531662143e-10
190.99999999999997	0.	2.4332196105733813e-13	1.1027080531244004e-9	1.663178430662951e-10
192.	0.	2.3383610775352785e-13	1.129522053520271e-9	1.7078115140086395e-10
193.	0.	2.244762172610765e-13	1.155774984723365e-9	1.7518076956453418e-10
194.	0.	2.152666181400689e-13	1.1814497430116339e-9	1.795135749283702e-10
195.	0.	2.0622843202636025e-13	1.2065307464736095e-9	1.8377664714134309e-10
196.	0.	1.9737980228653454e-13	1.2310038797313815e-9	1.8796726231845963e-10
197.	0.	1.887361169910798e-13	1.2548564395799153e-9	1.9208288727169685e-10
198.	0.	1.8031022482734076e-13	1.2780770815701028e-9	1.961211737890633e-10
198.99999999999997	0.	1.7211264302083282e-13	1.3006557675602195e-9	2.0007995296680226e-10
199.99999999999997	0.	1.6415175640232343e-13	1.3225837142570482e-9	2.0395722959932594e-10
200.99999999999997	0.	1.5643400720418256e-13	1.3438533427657386e-9	2.0775117663121957e-10
202.	0.	1.4896407507399703e-13	1.364458229164356e-9	2.1146012967525892e-10
203.	0.	1.4174504725992226e-13	1.384393056116822e-9	2.150825816001111e-10
204.	0.	1.347785787924493e-13	1.4036535655355824e-9	2.1861717719109336e-10
205.	0.	1.280650427071691e-13	1.4222365123030567e-9	2.2206270788706732e-10
206.	0.	1.2160367051651546e-13	1.4401396190587956e-9	2.2541810659627892e-10
207.	0.	1.1539268302435548e-13	1.457361532057272e-9	2.2868244259368583e-10
208.	0.	1.0942941184040414e-13	1.4739017780994232e-9	2.3185491650207785e-10
208.99999999999997	0.	1.0371041185671674e-13	1.4897607225392639e-9	2.3493485535905796e-10
209.99999999999997	0.	9.823156501851909e-14	1.5049395283650436e-9	2.3792170777168923e-10
210.99999999999997	0.	9.298817583316226e-14	1.519440116353227e-9	2.408150391604566e-10
212.	0.	8.797505888212821e-14	1.5332651262916534e-9	2.436145270939153e-10
213.	0.	8.318661890288455e-14	1.546417879267304e-9	2.4631995671527154e-10
214.	0.	7.861692368413138e-14	1.5589023410124132e-9	2.4893121626187945e-10
215.	0.	7.425977030576439e-14	1.5707230863018277e-9	2.514482926785343e-10
216.	0.	7.010874508150847e-14	1.5818852643930212e-9	2.538712673251955e-10
217.	0.	6.615727755503807e-14	1.5923945654995868e-9	2.5620031177969314e-10
218.	0.	6.239868907156542e-14	1.6022571882875983e-9	2.584356837357408e-10
218.99999999999997	0.	5.882623616804447e-14	1.6114798083837266e-9	2.605777229964938e-10
219.99999999999997	0.	5.543314919702259e-14	1.6200695478829359e-9	2.6262684756371697e-10
220.99999999999997	0.	5.221266659904515e-14	1.6280339458430034e-9	2.6458354982252217e-10
222.	0.	4.9158065058692435e-14	1.6353809297522549e-9	2.6644839282148987e-10
223.	0.	4.6262685920630684e-14	1.642118787956495e-9	2.6822200664790515e-10
224.	0.	4.351995817365762e-14	1.6482561430302788e-9	2.6990508489769107e-10
225.	0.	4.0923418294929875e-14	1.6538019260774973e-9	2.714983812395727e-10
226.	0.	3.846672715784411e-14	1.6587653519453675e-9	2.7300270607284213e-10
227.	0.	3.6143684380780373e-14	1.6631558953360468e-9	2.7441892327809285e-10
227.99999999999997	0.	3.3948240264853736e-14	1.6669832677991187e-9	2.7574794706011027e-10
228.99999999999997	0.	3.187450554410742e-14	1.6702573955884623e-9	2.769907388821214e-10
229.99999999999997	0.	2.9916759248283024e-14	1.6729883983664084e-9	2.781483044904741e-10
230.99999999999997	0.	2.8069454750661103e-14	1.6751865687378098e-9	2.7922169102875597e-10
232.	0.	2.632722426289077e-14	1.6768623525968294e-9	2.802119842403432e-10
233.	0.	2.4684881951145686e-14	1.6780263302686697e-9	2.8112030575825726e-10
234.	0.	2.313742576084937e-14	1.6786891984286648e-9	2.819478104811992e-10
235.	0.	2.1680038174984676e-14	1.6788617527808332e-9	2.826956840345476e-10
236.	0.	2.0308085945973998e-14	1.6785548714781787e-9	2.8336514031510193e-10
237.	0.	1.9017119017020894e-14	1.677779499266808e-9	2.8395741911828115e-10
237.99999999999997	0.	1.7802868674797164e-14	1.676546632335958e-9	2.8447378384645575e-10
238.99999999999997	0.	1.666124509009067e-14	1.6748673038562585e-9	2.8491551929709256e-10
239.99999999999997	0.	1.558833423732741e-14	1.6727525701882195e-9	2.852839295293037e-10
240.99999999999997	0.	1.4580394415297683e-14	1.6702134977434795e-9	2.8558033580743245e-10
242.	0.	1.3633852346137065e-14	1.6672611504810515e-9	2.858060746202388e-10
243.	0.	1.274529894685822e-14	1.6639065780210797e-9	2.859624957742357e-10
244.	0.	1.1911484827447684e-14	1.660160804358893e-9	2.8605096055975265e-10
245.	0.	1.1129315609178738e-14	1.656034817161916e-9	2.8607283998821233e-10
245.99999999999997	0.	1.0395847042851529e-14	1.6515395576326583e-9	2.8602951309918916e-10
247.	0.	9.708280078367518e-15	1.6466859109207116e-9	2.859223653357217e-10
248.	0.	9.063955758440994e-15	1.641484697067179e-9	2.8575278698640685e-10
248.99999999999997	0.	8.460350149922647e-15	1.635946662465167e-9	2.8552217169278657e-10
250.	0.	7.89506926985435e-15	1.6300824718199167e-9	2.8523191502050276e-10
250.99999999999997	0.	7.365843945769181e-15	1.623902700592721e-9	2.8488341309274734e-10
252.	0.	6.8705248014581875e-15	1.6174178279128124e-9	2.8447806128450455e-10
252.99999999999997	0.	6.4070772601958604e-15	1.6106382299416996e-9	2.8401725297609474e-10
254.	0.	5.973576612214525e-15	1.6035741736746184e-9	2.835023783645287e-10
254.99999999999997	0.	5.5682032178933874e-15	1.5962358111642495e-9	2.8293482333121353e-10
256.	0.	5.189237782040131e-15	1.5886331741517905e-9	2.823159683645209e-10
257.	0.	4.835056736515231e-15	1.5807761690910357e-9	2.816471875357781e-10
258.	0.	4.504127768459954e-15	1.5726745725511917e-9	2.8092984752722057e-10
259.	0.	4.195005463489659e-15	1.5643380269845525e-9	2.801653067104801e-10
260.	0.	3.90632707494039e-15	1.5557760368454461e-9	2.793549142741966e-10
261.	0.	3.6368084731962186e-15	1.5469979650470065e-9	2.7850000939932906e-10
262.	0.	3.3852401515459995e-15	1.5380130297428002e-9	2.776019204807924e-10
263.	0.	3.1504834869410972e-15	1.5288303014205688e-9	2.766619643940533e-10
263.99999999999994	0.	2.9314670245615673e-15	1.5194587002954557e-9	2.7568144580530174e-10
265.	0.	2.7271830096936306e-15	1.5099069939907435e-9	2.746616565238991e-10
266.	0.	2.536683987101576e-15	1.5001837954940586e-9	2.7360387489575943e-10
267.	0.	2.359079591102909e-15	1.490297561377474e-9	2.7250936523636943e-10
268.	0.	2.1935334359096558e-15	1.4802565902702487e-9	2.713793773021819e-10
269.	0.	2.039260150811114e-15	1.4700690215731125e-9	2.702151457991097e-10
270.	0.	1.895522586958396e-15	1.4597428344034124e-9	2.6901788992689396e-10
271.	0.	1.7616290774711783e-15	1.4492858467606052e-9	2.677888129581233e-10
272.	0.	1.6369309221582376e-15	1.4387057149020469e-9	2.6652910185072515e-10
272.99999999999994	0.	1.5208198850984173e-15	1.4280099329190317e-9	2.652399268927367e-10
274.	0.	1.412725920973628e-15	1.4172058325036167e-9	2.6392244137822457e-10
274.99999999999994	0.	1.3121149208501832e-15	1.4063005828967889e-9	2.625777813132149e-10
276.	0.	1.2184866535741803e-15	1.395301191009019e-9	2.6120706515053883e-10
277.	0.	1.1313727335803762e-15	1.3842145017043096e-9	2.598113935525063e-10
278.	0.	1.0503347519813681e-15	1.373047198239281e-9	2.583918491803464e-10
279.	0.	9.749624950435147e-16	1.3618058028490092e-9	2.569494965093916e-10
280.	0.	9.048722369685926e-16	1.3504966774716248e-9	2.554853816689817e-10
281.	0.	8.397051353549342e-16	1.3391260246038474e-9	2.540005323060928e-10
281.99999999999994	0.	7.791257199474612e-16	1.3276998882801176e-9	2.5249595747174996e-10
283.	0.	7.228204594296569e-16	1.3162241551678914e-9	2.5097264752924794e-10
283.99999999999994	0.	6.704964115159223e-16	1.3047045557722055e-9	2.494315740832819e-10
285.	0.	6.218799400553672e-16	1.293146665742667e-9	2.478736899290721e-10
286.	0.	5.767155243268512e-16	1.2815559072764121e-9	2.462999290206296e-10
287.	0.	5.347646014851596e-16	1.2699375506106372e-9	2.447112064572855e-10
288.	0.	4.958045135921408e-16	1.258296715598635e-9	2.43108418487662e-10
289.	0.	4.596274890308654e-16	1.2466383733635092e-9	2.41492442530282e-10
290.	0.	4.2603971833041807e-16	1.2349673480238888e-9	2.398641372100243e-10
291.	0.	3.9486042286584267e-16	1.2232883184861557e-9	2.3822434240964964e-10
292.	0.	3.659210535892128e-16	1.2116058202980389e-9	2.3657387933567275e-10
292.99999999999994	0.	3.3906447124949154e-16	1.1999242475584433e-9	2.349135505978354e-10
294.	0.	3.141442340332803e-16	1.1882478548787965e-9	2.332441403015038e-10
294.99999999999994	0.	2.91023880456894e-16	1.1765807593910722e-9	2.3156641415226926e-10
296.	0.	2.695762811279322e-16	1.1649269427982946e-9	2.2988111957214218e-10
297.	0.	2.4968302948954043e-16	1.153290253462975e-9	2.2818898582664565e-10
298.	0.	2.312338674680667e-16	1.1416744085295932e-9	2.2649072416222675e-10
299.	0.	2.141261418742983e-16	1.1300829960770376e-9	2.247870279533541e-10
300.	0.	1.982642974538364e-16	1.1185194772974187e-9	2.230785728587482e-10
301.	0.	1.835594071774481e-16	1.1069871886974792e-9	2.2136601698614648e-10
301.99999999999994	0.	1.699287351953748e-16	1.0954893443192607e-9	2.1965000106507508e-10
303.	0.	1.5729530286739853e-16	1.0840290379768168e-9	2.1793114862711412e-10
303.99999999999994	0.	1.4558751863616966e-16	1.072609245505696e-9	2.1621006619310906e-10
305.	0.	1.347388066819185e-16	1.0612328270222975e-9	2.1448734346686345e-10
306.	0.	1.246872599870028e-16	1.0499025291902915e-9	2.127635535348341e-10
307.	0.	1.1537534270151687e-16	1.0386209874913535e-9	2.1103925307136204e-10
308.	0.	1.0674956270057526e-16	1.027390728497633e-9	2.0931498254899713e-10
309.	0.	9.876022347374389e-17	1.0162141721435642e-9	2.0759126645349236e-10
310.	0.	9.136114663559444e-17	1.0050936339947217e-9	2.0586861350306755e-10
310.99999999999994	0.	8.450942468249944e-17	9.940313275114605e-10	2.0414751687152484e-10
312.	0.	7.816521343303942e-17	9.83029366305316e-10	2.024284544148497e-10
312.99999999999994	0.	7.229151532831338e-17	9.720897663862608e-10	2.0071188890094323e-10
314.	0.	6.685395905741206e-17	9.612144483988377e-10	1.9899826824210188e-10
314.99999999999994	0.	6.182065260962569e-17	9.504052398455682e-10	1.9728802572994182e-10
316.	0.	5.716197937375827e-17	9.396638772959064e-10	1.9558158027242198e-10
317.	0.	5.2850457893508424e-17	9.289920085792681e-10	1.9387933663266952e-10
318.	0.	4.88605834162665e-17	9.183911949606244e-10	1.9218168566929658e-10
319.	0.	4.516869911363387e-17	9.078629132973683e-10	1.9048900457793714e-10
320.	0.	4.1752840100338744e-17	8.974085581761969e-10	1.8880165713372742e-10
321.	0.	3.859265401726133e-17	8.870294440287695e-10	1.8711999393446285e-10
321.99999999999994	0.	3.5669247345187325e-17	8.767268072251418e-10	1.8544435264419675e-10
323.	0.	3.296510336238415e-17	8.665018081438602e-10	1.8377505823702366e-10
323.99999999999994	0.	3.0463986822666126e-17	8.563555332179284e-10	1.8211242324085156e-10
325.	0.	2.8150840492498906e-17	8.462889969556134e-10	1.8045674798091353e-10
326.	0.	2.601171050011424e-17	8.363031439354155e-10	1.7880832082283516e-10
327.	0.	2.4033649720575873e-17	8.263988507744819e-10	1.7716741841506622e-10
328.	0.	2.2204676973784282e-17	8.165769280697257e-10	1.7553430593047307e-10
329.	0.	2.051368223369719e-17	8.068381223111231e-10	1.7390923730693133e-10
330.	0.	1.895037386042921e-17	7.971831177666276e-10	1.7229245548674852e-10
330.99999999999994	0.	1.75052041128769e-17	7.876125383382554e-10	1.706841926547634e-10
332.	0.	1.6169353721673698e-17	7.781269493888595e-10	1.690846704749652e-10
332.99999999999994	0.	1.493462772022009e-17	7.687268595392534e-10	1.67494100325496e-10
334.	0.	1.3793454794680589e-17	7.594127224354129e-10	1.6591268353191674e-10
335.	0.	1.2738815969013735e-17	7.501849384853593e-10	1.6434061159858656e-10
336.	0.	1.1764214009323279e-17	7.410438565656548e-10	1.6277806643807238e-10
337.	0.	1.0863634532795628e-17	7.319897756971534e-10	1.612252205984429e-10
338.	0.	1.0031503464489246e-17	7.230229466900399e-10	1.5968223748838357e-10
339.	0.	9.262671090980548e-18	7.141435737579135e-10	1.5814927160000703e-10
339.99999999999994	0.	8.552357721971602e-18	7.053518161008981e-10	1.5662646872928044e-10
341.	0.	7.896155898406103e-18	6.966477894577938e-10	1.5511396619399828e-10
341.99999999999994	0.	7.28997719180632e-18	6.880315676272106e-10	1.5361189304921115e-10
343.	0.	6.730038190094568e-18	6.795031839577146e-10	1.5212037030004046e-10
343.99999999999994	0.	6.2128424480654716e-18	6.710626328071276e-10	1.506395111118287e-10
345.	0.	5.735150225998421e-18	6.62709870970983e-10	1.491694210175511e-10
346.	0.	5.2939738032134835e-18	6.54444819080319e-10	1.4771019812244367e-10
347.	0.	4.8865397140425224e-18	6.462673629689206e-10	1.4626193330579618e-10
348.	0.	4.5102847885598045e-18	6.381773550102105e-10	1.4482471041987082e-10
349.	0.	4.1628398927845836e-18	6.301746154239487e-10	1.4339860648589985e-10
350.	0.	3.842022136172854e-18	6.222589335529755e-10	1.419836918871362e-10
350.99999999999994	0.	3.5457988754094616e-18	6.144300691102293e-10	1.4058003055892216e-10
352.	0.	3.2722969358021874e-18	6.066877533962701e-10	1.3918768017574976e-10
352.99999999999994	0.	3.0197874281904446e-18	5.990316904876243e-10	1.378066923352995e-10
354.	0.	2.786670924862811e-18	5.914615583961608e-10	1.364371127394205e-10
355.	0.	2.5714669556717623e-18	5.839770101998822e-10	1.3507898137206337e-10
356.	0.	2.372803742235136e-18	5.765776751453824e-10	1.3373233267413035e-10
357.	0.	2.1894238421321213e-18	5.692631597223165e-10	1.323971957152506e-10
358.	0.	2.0201544671583863e-18	5.620330487102296e-10	1.310735943624683e-10
359.	0.	1.8639135512957683e-18	5.54886906198099e-10	1.2976154744585014e-10
359.99999999999994	0.	1.7197117122708766e-18	5.47824276576891e-10	1.2846106892099746e-10
361.	0.	1.5866195721083887e-18	5.408446855055958e-10	1.2717216802848817e-10
361.99999999999994	0.	1.4637894691580319e-18	5.339476408510281e-10	1.2589484945023688e-10
363.	0.	1.350430900291675e-18	5.271326336018304e-10	1.2462911346279332e-10
363.99999999999994	0.	1.2458244421908728e-18	5.203991387570261e-10	1.233749560875818e-10
365.	0.	1.1492863828633457e-18	5.137466161895766e-10	1.2213236923810724e-10
366.	0.	1.0602091313057956e-18	5.071745114852627e-10	1.2090134086412608e-10
367.	0.	9.780111606948771e-19	5.006822567573787e-10	1.1968185509281934e-10
368.	0.	9.02162406622474e-19	4.942692714375579e-10	1.184738923669653e-10
368.99999999999994	0.	8.321831086314608e-19	4.879349630432488e-10	1.1727742958015932e-10
370.	0.	7.676134178098473e-19	4.81678727922128e-10	1.1609244020907286e-10
370.99999999999994	0.	7.0803848798961245e-19	4.754999519739815e-10	1.1491889444280389e-10
372.	0.	6.53076585715185e-19	4.693980113504029e-10	1.13756759309328e-10
372.99999999999994	0.	6.023675584455045e-19	4.6337227313273244e-10	1.1260599879907914e-10
374.	0.	5.555866984758105e-19	4.5742209598868425e-10	1.1146657398569499e-10
375.	0.	5.124296816631228e-19	4.515468308080377e-10	1.1033844314394624e-10
376.	0.	4.726192083680427e-19	4.4574582131787736e-10	1.0922156186489696e-10
377.	0.	4.358902977143635e-19	4.4001840467768434e-10	1.0811588316830038e-10
378.	0.	4.020145575944286e-19	4.343639120548271e-10	1.0702135761229413e-10
379.	0.	3.707609782078539e-19	4.287816691807765e-10	1.0593793340040594e-10
379.99999999999994	0.	3.4193417881784787e-19	4.232709968884618e-10	1.0486555648590854e-10
381.	0.	3.1534596000866993e-19	4.178312116312158e-10	1.0380417067356354e-10
381.99999999999994	0.	2.9081859768369284e-19	4.1246162598370613e-10	1.0275371771879188e-10
383.	0.	2.6819825405194613e-19	4.0716154912521395e-10	1.0171413742429196e-10
384.	0.	2.473340470293936e-19	4.0193028730569906e-10	1.0068536773415687e-10
385.	0.	2.280881329678868e-19	3.9676714429506724e-10	9.966734482552596e-11
386.	0.	2.103387557238799e-19	3.9167142181596483e-10	9.866000319779802e-11
387.	0.	1.939698455549817e-19	3.8664241996054953e-10	9.76632757594541e-11
388.	0.	1.788709005247343e-19	3.816794375916096e-10	9.667709391252461e-11
388.99999999999994	0.	1.6494677347999202e-19	3.767817727283909e-10	9.570138763473682e-11
390.	0.	1.5210415717616415e-19	3.7194872291754065e-10	9.473608555938706e-11
390.99999999999994	0.	1.402613594044026e-19	3.671795855894786e-10	9.378111505296077e-11
392.	0.	1.293382706631196e-19	3.624736584006804e-10	9.283640229056861e-11
392.99999999999994	0.	1.192660388288524e-19	3.5783023956208653e-10	9.190187232920216e-11
394.	0.	1.0998036090310593e-19	3.53248628154106e-10	9.097744917887247e-11
395.	0.	1.0141178405737668e-19	3.4872812442853293e-10	9.006305587166549e-11
396.	0.	9.35144897136054e-20	3.442680300976963e-10	8.915861452874232e-11
397.	0.	8.62308749971116e-20	3.3986764861122937e-10	8.82640464253389e-11
397.99999999999994	0.	7.951076130229405e-20	3.355262854207554e-10	8.737927205378842e-11
399.	0.	7.331747674648075e-20	3.312432482328575e-10	8.650421118461926e-11
399.99999999999994	0.	6.760570444008516e-20	3.270178472506281e-10	8.563878292575508e-11
401.	0.	6.233721238621318e-20	3.2284939540412593e-10	8.478290577985888e-11
401.99999999999994	0.	5.748067870488778e-20	3.1873720857007015e-10	8.393649769986305e-11
403.	0.	5.3002317211537195e-20	3.146806057810678e-10	8.309947614271813e-11
404.	0.	4.887205049589007e-20	3.1067890942466126e-10	8.227175812139553e-11
405.	0.	4.50634205899405e-20	3.06731445432547e-10	8.145326025519204e-11
406.	0.	4.155350143446328e-20	3.0283754346018135e-10	8.06438988183561e-11
407.	0.	3.8313797061475754e-20	2.9899653705713875e-10	7.984358978709087e-11
408.	0.	3.53283274676455e-20	2.95207763828437e-10	7.905224888495298e-11
408.99999999999994	0.	3.257546589738593e-20	2.914705655871602e-10	7.826979162669837e-11
410.	0.	3.0036963829839764e-20	2.877842884985989e-10	7.749613336059478e-11
410.99999999999994	0.	2.769786886760033e-20	2.8414828321621226e-10	7.673118930925001e-11
412.	0.	2.5537654024942454e-20	2.8056190500964763e-10	7.597487460898064e-11
412.99999999999994	0.	2.354785224286346e-20	2.770245138850865e-10	7.522710434776224e-11
414.	0.	2.1714352315255593e-20	2.735354746981418e-10	7.448779360178849e-11
415.	0.	2.0023313569284017e-20	2.7009415725957717e-10	7.37568574706771e-11
416.	0.	1.8461160826840646e-20	2.666999364340633e-10	7.303421111135398e-11
417.	0.	1.7023153278468605e-20	2.633521922322234e-10	7.231976977064975e-11
417.99999999999994	0.	1.5696105018036556e-20	2.600503098961592e-10	7.161344881663408e-11
419.	0.	1.4472742652741194e-20	2.567936799787266e-10	7.091516376872914e-11
419.99999999999994	0.	1.3345929778010077e-20	2.5358169841673106e-10	7.022483032662408e-11
421.	0.	1.2305862027559917e-20	2.5041376659829444e-10	6.954236439802984e-11
421.99999999999994	0.	1.1348498871389083e-20	2.4728929142455734e-10	6.886768212529421e-11
423.	0.	1.0464323870903834e-20	2.4420768536595577e-10	6.820069991091682e-11
424.	0.	9.649524735266367e-21	2.4116836651324484e-10	6.754133444198597e-11
425.	0.	8.8976110956373e-21	2.381707586234672e-10	6.688950271357051e-11
426.	0.	8.204949965375257e-21	2.3521429116104636e-10	6.624512205108932e-11
426.99999999999994	0.	7.565253099871556e-21	2.3229839933420423e-10	6.560811013169503e-11
428.	0.	6.97505949583543e-21	2.294225241268597e-10	6.497838500469038e-11
428.99999999999994	0.	6.433669028646065e-21	2.2658611232618267e-10	6.435586511100736e-11
430.	0.	5.932341068843521e-21	2.2378861654598326e-10	6.374046930177646e-11
430.99999999999994	0.	5.4705125145895576e-21	2.2102949524609012e-10	6.313211685600992e-11
432.	0.	5.044970859136489e-21	2.1830821274787635e-10	6.253072749742608e-11
432.99999999999994	0.	4.652562602511687e-21	2.156242392460918e-10	6.193622141043777e-11
434.	0.	4.290192029590823e-21	2.1297705081714548e-10	6.134851925532852e-11
435.	0.	3.95482000151529e-21	2.1036612942398458e-10	6.076754218264188e-11
436.	0.	3.648683759610659e-21	2.077909629177313e-10	6.019321184681044e-11
437.	0.	3.3635851638248483e-21	2.052510450361713e-10	5.962545041903641e-11
437.99999999999994	0.	3.101821971225801e-21	2.0274587539928145e-10	5.906418059946132e-11
439.	0.	2.860500102062137e-21	2.0027495950188253e-10	5.850932562863253e-11
439.99999999999994	0.	2.6393410579173867e-21	1.9783780870356554e-10	5.796080929829795e-11
441.	0.	2.4329671682342715e-21	1.9543394021601557e-10	5.741855596154519e-11
441.99999999999994	0.	2.2437187976437413e-21	1.9306287708783405e-10	5.688249054230626e-11
443.	0.	2.0688359570238775e-21	1.9072414818699098e-10	5.6352538544247984e-11
444.	0.	1.9081257835207163e-21	1.8841728818101973e-10	5.582862605907035e-11
445.	0.	1.758891664663602e-21	1.8614183751504379e-10	5.531067977422617e-11
446.	0.	1.623476875217714e-21	1.838973423877621e-10	5.4798626980086586e-11
446.99999999999994	0.	1.4967277060551197e-21	1.8168335472548436e-10	5.429239557656831e-11
448.	0.	1.3810039421255084e-21	1.7949943215431365e-10	5.379191407923967e-11
448.99999999999994	0.	1.2736967570732933e-21	1.7734513797057456e-10	5.329711162492404e-11
450.	0.	1.174695714069193e-21	1.752200411095753e-10	5.280791797681702e-11
450.99999999999994	0.	1.083892419610555e-21	1.7312371611280284e-10	5.2324263529135384e-11
452.	0.	9.98747786091121e-22	1.7105574309362196e-10	5.1846079311311975e-11
453.	0.	9.216106298508855e-22	1.6901570770157852e-10	5.137329699175435e-11
454.	0.	8.49965921946763e-22	1.6700320108536757e-10	5.090584888117917e-11
455.	0.	7.837430375796405e-22	1.65017819854568e-10	5.0443667935543715e-11
455.99999999999994	0.	7.22872672494861e-22	1.6305916604019981e-10	4.99866877585818e-11
457.	0.	6.672868196537917e-22	1.6112684705417902e-10	4.953484260396247e-11
457.99999999999994	0.	6.145461894852365e-22	1.5922047564775954e-10	4.908806737708719e-11
459.	0.	5.6697725919155675e-22	1.5733966986899636e-10	4.864629763653291e-11
459.99999999999994	0.	5.221622609140177e-22	1.5548405301932772e-10	4.8209469595160106e-11
461.	0.	4.824101705378811e-22	1.5365325360931633e-10	4.7777520120895696e-11
461.99999999999994	0.	4.4532430841038035e-22	1.5184690531362846e-10	4.7350386737204817e-11
463.	0.	4.108714924884227e-22	1.5006464692529067e-10	4.692800762326143e-11
464.	0.	3.790191698130735e-22	1.483061223092943e-10	4.651032161383152e-11
465.	0.	3.4973540414341357e-22	1.465709803555998e-10	4.6097268198880774e-11
466.	0.	3.229888638261865e-22	1.448588749315871e-10	4.5688787522915275e-11
466.99999999999994	0.	2.9646038687689882e-22	1.4316946483400703e-10	4.528482038406896e-11
468.	0.	2.747055817136645e-22	1.415024137404818e-10	4.488530823294633e-11
468.99999999999994	0.	2.5312676944163694e-22	1.3985739016059913e-10	4.4490193171231965e-11
470.	0.	2.339830982240464e-22	1.382340673866469e-10	4.409941795007646e-11
470.99999999999994	0.	2.1499261147683863e-22	1.3663212344402956e-10	4.3712925968268194e-11
472.	0.	1.9839754887823177e-22	1.3505124104140533e-10	4.3330661270199685e-11
473.	0.	1.8193389872596533e-22	1.334911075205895e-10	4.295256854363987e-11
474.	0.	1.6782728718958705e-22	1.3195141480625537e-10	4.257859311731825e-11
475.	0.	1.5605062273970686e-22	1.3043185935547356e-10	4.220868095833136e-11
475.99999999999994	0.	1.4436628576837529e-22	1.289321421071223e-10	4.1842778669380474e-11
477.	0.	1.3277281346939729e-22	1.2745196843119985e-10	4.148083348584546e-11
477.99999999999994	0.	1.2126877934002092e-22	1.259910480780764e-10	4.112279327270587e-11
479.	0.	1.1203941649358848e-22	1.2454909512771327e-10	4.0768606521316456e-11
479.99999999999994	0.	1.0505940012244931e-22	1.2312582793887488e-10	4.041822234604208e-11
481.	0.	9.59624322969638e-23	1.2172096909836385e-10	4.0071590480760723e-11
481.99999999999994	0.	8.909692839860728e-23	1.203342453703116e-10	3.9728661275242815e-11
483.	0.	8.228340884133541e-23	1.1896538764553982e-10	3.938938569141111e-11
484.	0.	7.552105224247776e-23	1.1761413089102266e-10	3.9053715299488356e-11
484.99999999999994	0.	6.880905874393171e-23	1.1628021409947024e-10	3.872160227403945e-11
486.	0.	6.427883453826342e-23	1.149633802390578e-10	3.8392999389913976e-11
486.99999999999994	0.	5.978243019011795e-23	1.1366337620332421e-10	3.806786001809585e-11
488.	0.	5.53193040229302e-23	1.1237995276124402e-10	3.77461381214615e-11
488.99999999999994	0.	5.0888929497490627e-23	1.111128645075174e-10	3.742778825045914e-11
490.	0.	4.649079457899449e-23	1.0986186981306845e-10	3.711276553870764e-11
491.	0.	4.212440114556853e-23	1.0862673077579237e-10	3.680102569852397e-11
491.99999999999994	0.	3.9877411468636444e-23	1.0740721317154902e-10	3.6492525016382815e-11
492.99999999999994	0.	3.556594182152589e-23	1.0620308640543178e-10	3.6187220348313714e-11
494.	0.	3.335883148246686e-23	1.0501412346331754e-10	3.588506911523953e-11
495.	0.	3.116766712059234e-23	1.0384010086370782e-10	3.558602929825944e-11
496.	0.	2.8992190720339174e-23	1.0268079860989556e-10	3.5290059433886556e-11
496.99999999999994	0.	2.683215217086686e-23	1.0153600014243479e-10	3.4997118609234786e-11
497.99999999999994	0.	2.4687308913837673e-23	1.0040549229195518e-10	3.47071664571675e-11
499.	0.	2.2557425614386968e-23	9.928906523231547e-11	3.442016315140696e-11
500.	0.	2.0442273853612898e-23	9.818651243411126e-11	3.413606940161015e-11
500.99999999999994	0.	1.8341631841032993e-23	9.709763061854469e-11	3.3854846448413354e-11
501.99999999999994	0.	1.827491477597533e-23	9.602221971166368e-11	3.357645605844995e-11
503.	0.	1.6196111253588857e-23	9.496008279898068e-11	3.3300860519343916e-11
504.	0.	1.4131242691119404e-23	9.391102608048082e-11	3.30280226346828e-11
505.	0.	1.4080278194057056e-23	9.287485882601535e-11	3.275790571897189e-11
505.99999999999994	0.	1.2036306485326245e-23	9.185139333109979e-11	3.249047359257446e-11
506.99999999999994	0.	1.199319451756161e-23	9.084044487311618e-11	3.222569057663886e-11
508.	0.	9.969571195526896e-24	8.984183166792689e-11	3.196352148801787e-11
509.	0.	9.93398228600486e-24	8.885537482689523e-11	3.170393163417785e-11
509.99999999999994	0.	9.898947585202863e-24	8.788089831433732e-11	3.144688680810645e-11
510.99999999999994	0.	7.901818487240389e-24	8.691822890538764e-11	3.119235328321712e-11
512.	0.	7.873904578046656e-24	8.596719614429495e-11	3.094029780825263e-11
513.	0.	7.846426556123449e-24	8.502763230314735e-11	3.069068760219234e-11
514.	0.	5.874862082411185e-24	8.409937234103099e-11	3.044349034916307e-11
514.9999999999999	0.	5.85414493831242e-24	8.318225386361938e-11	3.019867419335609e-11
516.	0.	5.833761807819437e-24	8.227611708320262e-11	2.9956207733952304e-11
517.	0.	5.81369659226696e-24	8.138080477915717e-11	2.9716060020058324e-11
518.	0.	5.793934196398682e-24	8.049616225884801e-11	2.947820054565271e-11
518.9999999999999	0.	3.859262495914066e-24	7.962203731897956e-11	2.924259924454741e-11
520.	0.	3.845796493298344e-24	7.875828020738114e-11	2.9009226485361706e-11
521.	0.	3.832552141345604e-24	7.790474358523798e-11	2.8778053066514967e-11
522.	0.	3.819518376238163e-24	7.706128248976438e-11	2.854905021123609e-11
523.	0.	3.806684828966178e-24	7.622775429731508e-11	2.832218956259153e-11
524.	0.	3.794041777014421e-24	7.540401868694393e-11	2.809744317853589e-11
525.	0.	1.9001712052001234e-24	7.458993760439786e-11	2.7874783526982006e-11
526.	0.	1.8933772514095693e-24	7.378537522655285e-11	2.7654183480894465e-11
527.	0.	1.8867107691963238e-24	7.299019792629302e-11	2.7435616313408757e-11
527.9999999999999	0.	1.8801648388804612e-24	7.22042742378219e-11	2.721905569297336e-11
529.	0.	1.8737329869353893e-24	7.142747482241205e-11	2.7004475678518458e-11
530.	0.	1.8674091549339897e-24	7.065967243459434e-11	2.679185071465284e-11
531.	0.	1.861187670698677e-24	6.990074188877337e-11	2.658115562688688e-11
532.	0.	1.8550632214981533e-24	6.915056002627928e-11	2.6372365616885122e-11
533.	0.	1.8490308291447158e-24	6.840900568284969e-11	2.6165456257749178e-11
534.	0.	1.8430858268562644e-24	6.767595965653385e-11	2.5960403489328485e-11
535.	0.	1.837223837757424e-24	6.695130467602825e-11	2.5757183613565054e-11
536.	0.	1.831440754902488e-24	6.623492536943036e-11	2.5555773289867115e-11
536.9999999999999	0.	1.8257327227119896e-24	6.552670823341379e-11	2.535614953051668e-11
538.	0.	1.8200961197219348e-24	6.482654160282203e-11	2.5158289696108954e-11
539.	0.	6.878262723456282e-27	6.413431562067411e-11	2.496217149102564e-11
540.	0.	6.402881821458776e-27	6.344992220858626e-11	2.476777295894195e-11
540.9999999999999	0.	5.960380632275097e-27	6.277325503759733e-11	2.457507247836715e-11
542.	0.	5.54847933009517e-27	6.210420949940469e-11	2.4384048758221342e-11
543.	0.	5.1650568397224024e-27	6.144268267799997e-11	2.4194680833445614e-11
544.	0.	4.808139718860421e-27	6.07885733217058e-11	2.400694806064922e-11
545.	0.	4.4758918242449385e-27	6.01417818156065e-11	2.382083011379091e-11
545.9999999999999	0.	4.166604705973188e-27	5.950221015437555e-11	2.3636306979898402e-11
547.	0.	3.8786886783541274e-27	5.886976191548902e-11	2.3453358954822065e-11
548.	0.	3.610664519295891e-27	5.824434223282734e-11	2.327196663902699e-11
549.	0.	3.3611557536722124e-27	5.762585777065683e-11	2.3092110933420887e-11
549.9999999999999	0.	3.1288814792893856e-27	5.701421669799518e-11	2.291377303521944e-11
551.	0.	2.9126496970267707e-27	5.640932866334791e-11	2.2736934433848875e-11
552.	0.	2.7113511094660957e-27	5.5811104769818387e-11	2.2561576906886056e-11
553.	0.	2.52395335486403e-27	5.521945755058643e-11	2.2387682516035464e-11
554.	0.	2.3494956456879656e-27	5.463430094475089e-11	2.221523360314467e-11
554.9999999999999	0.	2.1870837831250903e-27	5.405555027353379e-11	2.2044212786257e-11
556.	0.	2.0358855210098853e-27	5.34831222168411e-11	2.1874602955702274e-11
557.	0.	1.8951262545041832e-27	5.291693479017599e-11	2.170638727022479e-11
558.	0.	1.7640850106189137e-27	5.2356907321905444e-11	2.1539549153150538e-11
558.9999999999999	0.	1.6420907192934393e-27	5.1802960430866704e-11	2.1374072288590563e-11
560.	0.	1.5285187452622465e-27	5.125501600432146e-11	2.120994061768345e-11
561.	0.	1.4227876623406091e-27	5.071299717624665e-11	2.104713833487595e-11
562.	0.	1.3243562530653018e-27	5.0176828305956905e-11	2.0885649884239913e-11
563.	0.	1.2327207178367567e-27	4.964643495706294e-11	2.0725459955829187e-11
563.9999999999999	0.	1.1474120788325205e-27	4.9121743876751846e-11	2.056655348207226e-11
565.	0.	1.067993765005129e-27	4.860268297539422e-11	2.0408915634204233e-11
566.	0.	9.940593654474102e-28	4.8089181306468256e-11	2.02525318187355e-11
567.	0.	9.252305393075559e-28	4.758116904680161e-11	2.009738767395853e-11
567.9999999999999	0.	8.611550712725925e-28	4.707857747712197e-11	1.9943469066491457e-11
569.	0.	8.0150506241410735e-28	4.6581338962919574e-11	1.9790762087859904e-11
570.	0.	7.459752469124496e-28	4.608938693561068e-11	1.9639253051115453e-11
571.	0.	6.942814258444121e-28	4.5602655874002315e-11	1.9488928487491046e-11
572.	0.	6.461590098408129e-28	4.512108128605636e-11	1.93397751430943e-11
572.9999999999999	0.	6.013616629996604e-28	4.4644599690942084e-11	1.919177997563646e-11
574.	0.	5.596600409757466e-28	4.4173148601382053e-11	1.904493015119875e-11
575.	0.	5.20840616667143e-28	4.3706666506282736e-11	1.8899213041035676e-11
576.	0.	4.847045873812327e-28	4.324509285364491e-11	1.875461621841313e-11
576.9999999999999	0.	4.510668577942929e-28	4.278836803375608e-11	1.861112745548455e-11
578.	0.	4.1975509341758115e-28	4.23364333626535e-11	1.8468734720201617e-11
579.	0.	3.9060883965464296e-28	4.1889231065863674e-11	1.8327426173261855e-11
580.	0.	3.634787018796075e-28	4.1446704262402926e-11	1.818719016509077e-11
581.	0.	3.382255822872034e-28	4.1008796949048026e-11	1.8048015232860658e-11
582.	0.	3.147199695627155e-28	4.057545398486346e-11	1.7909890097543455e-11
583.	0.	2.9284127769767668e-28	4.014662107598665e-11	1.777280366099956e-11
584.	0.	2.724772305339216e-28	3.9722244760667965e-11	1.7636745003100866e-11
585.	0.	2.5352328885824915e-28	3.9302272394557406e-11	1.750170337888831e-11
585.9999999999999	0.	2.3588211709190753e-28	3.888665213624388e-11	1.7367668215765156e-11
587.	0.	2.1946308682620646e-28	3.847533293303058e-11	1.7234629110722007e-11
588.	0.	2.041818146470692e-28	3.80682645069552e-11	1.710257582759824e-11
589.	0.	1.8995973187050644e-28	3.7665397341044275e-11	1.6971498294375414e-11
589.9999999999999	0.	1.7672368397651177e-28	3.726668266580271e-11	1.6841386600505067e-11
591.	0.	1.6440555768347836e-28	3.6872072445930876e-11	1.671223099426969e-11
592.	0.	1.529419337484749e-28	3.6481519367269844e-11	1.658402188017616e-11
593.	0.	1.4227376371238192e-28	3.609497682396973e-11	1.6456749816382608e-11
594.	0.	1.3234606893267092e-28	3.5712398905878124e-11	1.6330405512157262e-11
594.9999999999999	0.	1.2310766036205192e-28	3.533374038614557e-11	1.620497982537039e-11
596.	0.	1.1451087763843874e-28	3.495895670904553e-11	1.6080463760017382e-11
597.	0.	1.0651134615139692e-28	3.458800397800358e-11	1.595684846377402e-11
598.	0.	9.906775084298215e-29	3.422083894383683e-11	1.58341252255836e-11
598.9999999999999	0.	9.214162558714842e-29	3.3857418993196403e-11	1.571228547327525e-11
600.	0.	8.569715707209108e-29	3.349770213721121e-11	1.559132077121277e-11
601.	0.	7.970100218455504e-29	3.314164700033162e-11	1.547122281797507e-11
602.	0.	7.412211796449632e-29	3.278921280936888e-11	1.5351983444066705e-11
603.	0.	6.893160326305384e-29	3.244035938272571e-11	1.5233594609658913e-11
603.9999999999999	0.	6.410255129691152e-29	3.209504711982033e-11	1.5116048402360956e-11
605.	0.	5.960991234787239e-29	3.175323699069334e-11	1.4999337035020512e-11
606.	0.	5.543036590857706e-29	3.1414890525801773e-11	1.4883452843554643e-11
607.	0.	5.154220162356654e-29	3.107996980599423e-11	1.476838828480932e-11
607.9999999999999	0.	4.792520841993986e-29	3.074843745266428e-11	1.4654135934448462e-11
609.	0.	4.4560571263668406e-29	3.042025661807957e-11	1.4540688484871552e-11
610.	0.	4.14307750166457e-29	3.009539097588534e-11	1.4428038743159799e-11
611.	0.	3.851951490575007e-29	2.9773804711777456e-11	1.4316179629050955e-11
612.	0.	3.5811613148958213e-29	2.9455462514345065e-11	1.4205104172941762e-11
612.9999999999999	0.	3.3292941314919596e-29	2.914032956607654e-11	1.4094805513918648e-11
614.	0.	3.0950348021643677e-29	2.8828371534529872e-11	1.3985276897815211e-11
615.	0.	2.8771591607115165e-29	2.8519554563662857e-11	1.3876511675298144e-11
616.	0.	2.6745277429980765e-29	2.8213845265321485e-11	1.3768503299979235e-11
616.9999999999999	0.	2.486079948198076e-29	2.7911210710882474e-11	1.3661245326554675e-11
618.	0.	2.3108286015753684e-29	2.7611618423050802e-11	1.3554731408970766e-11
619.	0.	2.1478548912031798e-29	2.7315036367805038e-11	1.3448955298615993e-11
620.	0.	1.996303652923523e-29	2.702143294649313e-11	1.3343910842539104e-11
621.	0.	1.8553789796179726e-29	2.673077698807212e-11	1.3239591981692989e-11
621.9999999999999	0.	1.724340132505748e-29	2.6443037741492818e-11	1.3135992749204423e-11
623.	0.	1.6024977337179781e-29	2.615818486822361e-11	1.3033107268668384e-11
624.	0.	1.4892102208254124e-29	2.5876188434915034e-11	1.2930929752468399e-11
625.	0.	1.3838805453224873e-29	2.5597018906200086e-11	1.2829454500121075e-11
625.9999999999999	0.	1.2859530983102812e-29	2.5320647137627523e-11	1.2728675896645266e-11
627.	0.	1.1949108477709256e-29	2.504704436872993e-11	1.2628588410955849e-11
628.	0.	1.110272672898547e-29	2.4776182216220053e-11	1.2529186594281589e-11
629.	0.	1.03159088195086e-29	2.450803266731435e-11	1.24304650786063e-11
629.9999999999999	0.	9.58448901014066e-30	2.4242568073184887e-11	1.2332418575134516e-11
630.9999999999999	0.	8.904591219405342e-30	2.3979761142531693e-11	1.2235041872779766e-11
632.	0.	8.272608985246236e-30	2.3719584935279243e-11	1.2138329836676539e-11
633.	0.	7.685186807317014e-30	2.3462012856391446e-11	1.2042277406714736e-11
634.	0.	7.139202774961527e-30	2.320701864980347e-11	1.1946879596096827e-11
634.9999999999999	0.	6.631752392539205e-30	2.2954576392471455e-11	1.1852131489918023e-11
636.	0.	6.1601335198168874e-30	2.270466048853372e-11	1.1758028243767765e-11
637.	0.	5.7218323508006205e-30	2.2457245663584045e-11	1.166456508235376e-11
638.	0.	5.3145103596307794e-30	2.221230695905683e-11	1.157173729814792e-11
638.9999999999999	0.	4.935992147068408e-30	2.196981972671708e-11	1.1479540250052728e-11
640.	0.	4.584254125656373e-30	2.1729759623259223e-11	1.138796936209033e-11
641.	0.	4.257413985894479e-30	2.1492102605008883e-11	1.1297020122111595e-11
642.	0.	3.953720889714775e-30	2.125682492272766e-11	1.1206688080526648e-11
643.	0.	3.671546341237291e-30	2.1023903116519078e-11	1.1116968849055379e-11
643.9999999999999	0.	3.409375688215123e-30	2.079331401083216e-11	1.1027858099498763e-11
645.	0.	3.1658002107731074e-30	2.0565034709563865e-11	1.0939351562530292e-11
646.	0.	2.9395097570260723e-30	2.033904259125716e-11	1.085144502650715e-11
647.	0.	2.7292858879334626e-30	2.0115315304391584e-11	1.076413433630128e-11
647.9999999999999	0.	2.5339954963318097e-30	1.9893830762767712e-11	1.0677415392149419e-11
649.	0.	2.3525848674916526e-30	1.9674567140980826e-11	1.059128414852336e-11
650.	0.	2.1840741507891335e-30	1.945750286998597e-11	1.0505736613018256e-11
651.	0.	2.0275522141670974e-30	1.9242616632747762e-11	1.0420768845260191e-11
652.	0.	1.8821718550087914e-30	1.902988735997801e-11	1.033637695583265e-11
652.9999999999999	0.	1.747145342854849e-30	1.8819294225957208e-11	1.0252557105220537e-11
654.	0.	1.6217402710849876e-30	1.8610816644439258e-11	1.0169305502773438e-11
655.	0.	1.5052756962549148e-30	1.840443426463675e-11	1.008661840568594e-11
656.	0.	1.3971185452437807e-30	1.8200126967287548e-11	1.0004492117996109e-11
656.9999999999999	0.	1.2966802717312397e-30	1.7997874860798667e-11	9.922922989601662e-12
658.	0.	1.2034137447928824e-30	1.7797658277467618e-11	9.841907415293176e-12
659.	0.	1.1168103535863016e-30	1.7599457769780556e-11	9.761441833804557e-12
660.	0.	1.0363973132009747e-30	1.7403254106782255e-11	9.681522726880375e-12
661.	0.	9.617351577730977e-31	1.7209028270521974e-11	9.602146618360152e-12
661.9999999999999	0.	8.924154079209793e-31	1.7016761452568298e-11	9.523310073278817e-12
663.	0.	8.280584004485957e-31	1.6826435050596194e-11	9.445009696983731e-12
664.	0.	7.683112690927954e-31	1.6638030665042214e-11	9.367242134267884e-12
665.	0.	7.128460658635993e-31	1.6451530095826877e-11	9.290004068518574e-12
665.9999999999999	0.	6.613580132456291e-31	1.6266915339144706e-11	9.213292220882488e-12
667.	0.	6.135638781994981e-31	1.6084168584318287e-11	9.137103349445717e-12
668.	0.	5.69200459525923e-31	1.590327221071733e-11	9.06143424842941e-12
669.	0.	5.280231807367438e-31	1.5724208784739456e-11	8.986281747400415e-12
670.	0.	4.898047811187481e-31	1.5546961056853003e-11	8.91164271049698e-12
670.9999999999999	0.	4.5433409818024484e-31	1.5371511958700647e-11	8.837514035669406e-12
672.	0.	4.214149351401985e-31	1.519784460026123e-11	8.763892653934403e-12
673.	0.	3.9086500755721303e-31	1.5025942267071147e-11	8.690775528645129e-12
674.	0.	3.6251496360298093e-31	1.485578841750044e-11	8.61815965477418e-12
674.9999999999999	0.	3.362074728641761e-31	1.468736668008794e-11	8.54604205821158e-12
676.	0.	3.117963789103168e-31	1.4520660850927963e-11	8.474419795075842e-12
677.	0.	2.891459111939628e-31	1.4355654891112765e-11	8.403289951038834e-12
678.	0.	2.68129952156234e-31	1.4192332924227182e-11	8.332649640664622e-12
678.9999999999999	0.	2.486313556958216e-31	1.4030679233894987e-11	8.262496006760942e-12
679.9999999999999	0.	2.305413134255058e-31	1.3870678261375025e-11	8.192826219743959e-12
681.	0.	2.1375876538772125e-31	1.3712314603208135e-11	8.123637477015895e-12
682.	0.	1.981898521308312e-31	1.3555573008912635e-11	8.054927002355875e-12
683.	0.	1.8374740526276374e-31	1.3400438378726386e-11	7.986692045322532e-12
683.9999999999999	0.	1.703504737979679e-31	1.324689576139664e-11	7.918929880669432e-12
685.	0.	1.579238838000345e-31	1.3094930352015165e-11	7.851637807772907e-12
686.	0.	1.463978289953503e-31	1.2944527489898586e-11	7.784813150071461e-12
687.	0.	1.3570749019436513e-31	1.2795672656512149e-11	7.718453254517442e-12
687.9999999999999	0.	1.2579268150733063e-31	1.2648351473437456e-11	7.652555491040234e-12
688.9999999999999	0.	1.1659752148100232e-31	1.2502549700380744e-11	7.587117252020792e-12
690.	0.	1.080701274130283e-31	1.2358253233224698e-11	7.522135951778096e-12
691.	0.	1.001623312218282e-31	1.2215448102118906e-11	7.457609026066211e-12
692.	0.	9.28294153625363e-32	1.2074120469610493e-11	7.393533931582808e-12
692.9999999999999	0.	8.602986738465632e-32	1.1934256628814416e-11	7.329908145488212e-12
694.	0.	7.972515182469526e-32	1.179584300161974e-11	7.2667291649355214e-12
695.	0.	7.387949821806268e-32	1.1658866136935928e-11	7.203994506610991e-12
696.	0.	6.845970409921913e-32	1.1523312708972986e-11	7.141701706285044e-12
696.9999999999999	0.	6.343495193782637e-32	1.1389169515558929e-11	7.0798483183732455e-12
698.	0.	5.877663903206259e-32	1.1256423476491017e-11	7.01843191550769e-12
699.	0.	5.445821944848833e-32	1.1125061631922093e-11	6.957450088118023e-12
700.	0.	5.045505716147005e-32	1.099507114078044e-11	6.896900444022495e-12
701.	0.	4.6744289604212445e-32	1.0866439279220869e-11	6.836780608028306e-12
701.9999999999999	0.	4.330470089860132e-32	1.0739153439109698e-11	6.777088221541854e-12
703.	0.	4.011660408217988e-32	1.0613201126539821e-11	6.717820942187862e-12
704.	0.	3.7161731698322685e-32	1.0488569960377734e-11	6.65897644343815e-12
705.	0.	3.4423134159965997e-32	1.0365247670838132e-11	6.600552414248922e-12
705.9999999999999	0.	3.1885085338580675e-32	1.0243222098091053e-11	6.542546558707417e-12
707.	0.	2.953299486842417e-32	1.0122481190895203e-11	6.4849565956869106e-12
708.	0.	2.7353326691891425e-32	1.0003013005260195e-11	6.427780258510532e-12
709.	0.	2.533352340498618e-32	9.884805703136715e-12	6.37101529462367e-12
710.	0.	2.346193599289511e-32	9.767847551132789e-12	6.314659465274202e-12
710.9999999999999	0.	2.1727758574417494e-32	9.652126919256535e-12	6.258710545201491e-12
712.	0.	2.0120967800756926e-32	9.53763227968442e-12	6.203166322332944e-12
713.	0.	1.863226657912191e-32	9.424352205555817e-12	6.148024597488886e-12
714.	0.	1.7253031814710914e-32	9.3122753697895e-12	6.09328318409469e-12
714.9999999999999	0.	1.59752658862377e-32	9.201390543926925e-12	6.038939907901242e-12
716.	0.	1.4791551590180094e-32	9.09168659699677e-12	5.984992606712148e-12
717.	0.	1.3695010307597137e-32	8.98315249440393e-12	5.9314391301189e-12
718.	0.	1.267926316468208e-32	8.875777296839402e-12	5.878277339242995e-12
719.	0.	1.1738394974364372e-32	8.769550159213767e-12	5.825505106485235e-12
719.9999999999999	0.	1.0866920761265861e-32	8.6644603296098e-12	5.773120315282005e-12
721.	0.	1.0059754686269755e-32	8.560497148258333e-12	5.721120859868522e-12
722.	0.	9.312181199932134e-33	8.457650046532362e-12	5.669504645048615e-12
723.	0.	8.619828266030042e-33	8.355908545962363e-12	5.618269585971267e-12
723.9999999999999	0.	7.978642507759906e-33	8.25526225727045e-12	5.567413607913617e-12
725.	0.	7.38486613952648e-33	8.155700879424103e-12	5.516934646070463e-12
726.	0.	6.83501555696567e-33	8.057214198707206e-12	5.466830645349649e-12
727.	0.	6.325861466860486e-33	7.959792087810378e-12	5.417099560174062e-12
727.9999999999999	0.	5.854410446988982e-33	7.86342450493856e-12	5.367739354289253e-12
728.9999999999999	0.	5.41788783374333e-33	7.768101492935002e-12	5.318748000577234e-12
730.	0.	5.0137218426011676e-33	7.673813178423886e-12	5.270123480875967e-12
731.	0.	4.639528833264629e-33	7.580549770967024e-12	5.221863785804386e-12
732.	0.	4.293099637547535e-33	7.488301562238974e-12	5.1739669145933585e-12
732.9999999999999	0.	3.972386873909758e-33	7.39705892521517e-12	5.126430874921655e-12
734.	0.	3.6754931779432496e-33	7.306812313377771e-12	5.079253682757588e-12
735.	0.	3.40066028315013e-33	7.217552259934926e-12	5.032433362205747e-12
736.	0.	3.146258891017545e-33	7.1292693770544295e-12	4.985967945358968e-12
736.9999999999999	0.	2.910779273743257e-33	7.041954355112436e-12	4.939855472155231e-12
737.9999999999999	0.	2.692822556999114e-33	6.955597961955069e-12	4.894093990239468e-12
739.	0.	2.4910926338696127e-33	6.870191042174033e-12	4.848681554830335e-12
740.	0.	2.3043886645898554e-33	6.785724516395211e-12	4.803616228591627e-12
741.	0.	2.131598119944116e-33	6.702189380579461e-12	4.7588960815081335e-12
741.9999999999999	0.	1.9716903291953237e-33	6.619576705336812e-12	4.714519190766484e-12
743.	0.	1.8237104962130202e-33	6.537877635252003e-12	4.6704836406398736e-12
744.	0.	1.686774150062879e-33	6.4570833882224515e-12	4.62678752237741e-12
745.	0.	1.560061998735261e-33	6.37718525480731e-12	4.583428934097777e-12
745.9999999999999	0.	1.4428151569321222e-33	6.298174597587424e-12	4.5404059806868034e-12
746.9999999999999	0.	1.3343307209133888e-33	6.2200428505376095e-12	4.497716773699198e-12
748.	0.	1.2339576653398106e-33	6.142781518407722e-12	4.4553594312642305e-12
749.	0.	1.1410930388445622e-33	6.066382176115619e-12	4.41333207799527e-12
750.	0.	1.055178436736478e-33	5.9908364681497174e-12	4.371632844903224e-12
750.9999999999999	0.	9.7569673078748e-34	5.916136107980774e-12	4.330259869313363e-12
752.	0.	9.021690374958387e-34	5.842272877484301e-12	4.2892112947860205e-12
753.	0.	8.341519075558226e-34	5.7692386263715985e-12	4.2484852710407375e-12
754.	0.	7.712347205040299e-34	5.697025271630456e-12	4.2080799538838e-12
754.9999999999999	0.	7.130372696672507e-34	5.625624796973899e-12	4.167993505139111e-12
756.	0.	6.592075236071039e-34	5.555029252298134e-12	4.1282240925824246e-12
757.	0.	6.0941955125081065e-34	5.485230753148851e-12	4.088769889878667e-12
758.	0.	5.633715988209503e-34	5.416221480195815e-12	4.0496290765223935e-12
759.	0.	5.207843075339299e-34	5.347993678714677e-12	4.010799837781325e-12
759.9999999999999	0.	4.813990618329815e-34	5.2805396580774476e-12	3.972280364642767e-12
761.	0.	4.449764586600653e-34	5.21385179124968e-12	3.934068853762826e-12
762.	0.	4.112948889572055e-34	5.1479225142956584e-12	3.896163507418749e-12
763.	0.	3.8014922322412793e-34	5.08274432589035e-12	3.858562533463529e-12
763.9999999999999	0.	3.5134959355034554e-34	5.018309786838327e-12	3.8212641452835436e-12
765.	0.	3.2472026508834804e-34	4.954611519598973e-12	3.784266561758534e-12
766.	0.	3.000985904437582e-34	4.891642207819659e-12	3.747568007224244e-12
767.	0.	2.7733404093066245e-34	4.829394595873441e-12	3.711166711437418e-12
768.	0.	2.562873090793952e-34	4.767861488404302e-12	3.675060909543175e-12
768.9999999999999	0.	2.3682947719061993e-34	4.707035749877568e-12	3.639248842044748e-12
770.	0.	2.1884124710756874e-34	4.646910304137269e-12	3.603728754775291e-12
771.	0.	2.0221222672876427e-34	4.587478133967891e-12	3.568498898872179e-12
772.	0.	1.8684026910877132e-34	4.528732280662468e-12	3.5335575307529963e-12
772.9999999999999	0.	1.7263086029628125e-34	4.470665843596127e-12	3.498902912093932e-12
774.	0.	1.5949655233907844e-34	4.413271979804229e-12	3.464533309809984e-12
775.	0.	1.4735643814494632e-34	4.3565439035662965e-12	3.4304469960370545e-12
776.	0.	1.3613566512879178e-34	4.300474885994482e-12	3.3966422481160615e-12
776.9999999999999	0.	1.2576498479989312e-34	4.245058254627077e-12	3.363117348578637e-12
777.9999999999999	0.	1.1618033565044075e-34	4.19028739302638e-12	3.3298705851347846e-12
779.	0.	1.0732245689919188e-34	4.1361557403815345e-12	3.296900250662102e-12
780.	0.	9.913653082238899e-35	4.082656791115299e-12	3.2642046431965716e-12
781.	0.	9.157185156970789e-35	4.029784094495886e-12	3.2317820659250974e-12
781.9999999999999	0.	8.458151851656398e-35	3.977531254251784e-12	3.1996308271794523e-12
783.	0.	7.812215234654318e-35	3.925891928191965e-12	3.167749240431713e-12
784.	0.	7.215363218973734e-35	3.87485982782892e-12	3.1361356242910908e-12
785.	0.	6.663885226534739e-35	3.824428718006259e-12	3.1047883025021333e-12
785.9999999999999	0.	6.154349659043506e-35	3.774592416529883e-12	3.0737056039443216e-12
786.9999999999999	0.	5.68358304220855e-35	3.72534479380214e-12	3.0428858626327514e-12
788.	0.	5.248650719788711e-35	3.6766797724608705e-12	3.012327417720247e-12
789.	0.	4.846838983022558e-35	3.6285913270202383e-12	2.982028613500431e-12
790.	0.	4.475638529380707e-35	3.5810734835163626e-12	2.951987799412089e-12
790.9999999999999	0.	4.1327291523749744e-35	3.5341203191549294e-12	2.9222033300445405e-12
792.	0.	3.815965571367584e-35	3.487725961962957e-12	2.8926735651439512e-12
793.	0.	3.523364317022453e-35	3.4418845904430287e-12	2.8633968696207967e-12
794.	0.	3.2530915942359233e-35	3.396590433230805e-12	2.8343716135581816e-12
794.9999999999999	0.	3.00345205013951e-35	3.351837768755046e-12	2.8055961722209877e-12
795.9999999999999	0.	2.772878380093291e-35	3.307620924900941e-12	2.777068926066082e-12
797.	0.	2.559921709531283e-35	3.263934278675747e-12	2.748788260753095e-12
798.	0.	2.3632426940954052e-35	3.220772255877336e-12	2.7207525671561613e-12
799.	0.	2.1816032847410637e-35	3.1781293307653813e-12	2.692960241376363e-12
799.9999999999999	0.	2.0138591084289137e-35	3.136000025734746e-12	2.6654096847547772e-12
801.	0.	1.8589524186606454e-35	3.0943789109916254e-12	2.6380993038863213e-12
802.	0.	1.7159055734973143e-35	3.053260604231968e-12	2.6110275106341308e-12
803.	0.	1.5838150018240877e-35	3.012639770322294e-12	2.5841927221445625e-12
803.9999999999999	0.	1.4618456215296612e-35	2.972511120982568e-12	2.5575933608627666e-12
804.9999999999999	0.	1.3492256759514218e-35	2.9328694144713203e-12	2.5312278545487755e-12
806.	0.	1.245241957430613e-35	2.893709455273573e-12	2.5050946362940414e-12
807.	0.	1.1492353891258663e-35	2.8550260937896265e-12	2.4791921445384436e-12
808.	0.	1.0605969383719441e-35	2.816814226026917e-12	2.453518823087819e-12
808.9999999999999	0.	9.787638368488136e-36	2.7790687932933415e-12	2.4280731211317238e-12
810.	0.	9.032160846616971e-36	2.7417847818929392e-12	2.4028534932616656e-12
811.	0.	8.334732171302411e-36	2.7049572228229958e-12	2.3778583994896247e-12
812.	0.	7.690913146591976e-36	2.668581191473328e-12	2.35308630526693e-12
812.9999999999999	0.	7.096602375203434e-36	2.6326518073267797e-12	2.328535681503317e-12
814.	0.	6.548010687254694e-36	2.597164233663072e-12	2.304205004586341e-12
815.	0.	6.04163749420669e-36	2.5621136772618583e-12	2.2800927564009047e-12
816.	0.	5.574248923897496e-36	2.527495388109957e-12	2.2561974243490874e-12
816.9999999999999	0.	5.142857603276718e-36	2.493304659108435e-12	2.2325175013700514e-12
817.9999999999999	0.	4.7447039653720834e-36	2.4595368257825335e-12	2.209051485960142e-12
819.	0.	4.3772389662246555e-36	2.4261872659919553e-12	2.1857978821930695e-12
820.	0.	4.0381081060370366e-36	2.3932513996439518e-12	2.162755199740223e-12
821.	0.	3.7251366566702344e-36	2.3607246884069352e-12	2.1399219538910967e-12
821.9999999999999	0.	3.436316004922095e-36	2.3286026354262064e-12	2.1172966655735907e-12
823.	0.	3.169791027778841e-36	2.2968807850405176e-12	2.094877861374562e-12
824.	0.	2.9238484220930304e-36	2.265554722500889e-12	2.0726640735602296e-12
825.	0.	2.6969059169310248e-36	2.234620073689812e-12	2.0506538400966562e-12
825.9999999999999	0.	2.4875023021984975e-36	2.2040725048425727e-12	2.028845704670102e-12
826.9999999999999	0.	2.2942882121167618e-36	2.173907722269788e-12	2.0072382167074118e-12
828.	0.	2.1160176067195772e-36	2.1441214720808247e-12	1.9858299313962858e-12
829.	0.	1.9515398987924996e-36	2.1147095399091176e-12	1.9646194097054545e-12
830.	0.	1.799792677615899e-36	2.085667750638379e-12	1.9436052184047946e-12
830.9999999999999	0.	1.6597949845167766e-36	2.056991968129897e-12	1.9227859300852235e-12
832.	0.	1.5306410986077744e-36	2.0286780949517736e-12	1.9021601231785646e-12
833.	0.	1.4114947942125068e-36	2.000722072108697e-12	1.8817263819771617e-12
834.	0.	1.301584034366986e-36	1.9731198787729965e-12	1.86148329665338e-12
834.9999999999999	0.	1.2001960674586089e-36	1.9458675320172686e-12	1.8414294632788675e-12
835.9999999999999	0.	1.1066728965393567e-36	1.9189610865477188e-12	1.821563483843632e-12
837.	0.	1.0204070931383282e-36	1.8923966344389373e-12	1.80188396627493e-12
838.	0.	9.408379295175896e-37	1.866170304869733e-12	1.7823895244558779e-12
839.	0.	8.67447805274079e-37	1.8402782638600838e-12	1.7630787782438117e-12
839.9999999999999	0.	7.997589460054765e-37	1.8147167140091665e-12	1.7439503534884818e-12
841.	0.	7.373303534331533e-37	1.7894818942346305e-12	1.7250028820497733e-12
842.	0.	6.797549879298789e-37	1.764570079512453e-12	1.7062350018154292e-12
843.	0.	6.266571658338699e-37	1.7399775806187946e-12	1.6876453567182195e-12
843.9999999999999	0.	5.776901552600819e-37	1.7157007438719519e-12	1.66923259675294e-12
844.9999999999999	0.	5.325339553481642e-37	1.6917359508760884e-12	1.6509953779930635e-12
846.	0.	4.90893245022631e-37	1.6680796182656366e-12	1.6329323626071013e-12
847.	0.	4.5249548839248264e-37	1.644728197450558e-12	1.6150422188745032e-12
848.	0.	4.170891848897812e-37	1.6216781743635572e-12	1.5973236212014178e-12
848.9999999999999	0.	3.844422531457474e-37	1.5989260692068627e-12	1.5797752501359053e-12
850.	0.	3.5434053843495507e-37	1.5764684362017321e-12	1.5623957923829054e-12
851.	0.	3.265864342872905e-37	1.5543018633371644e-12	1.545183940818749e-12
852.	0.	3.009976095785716e-37	1.5324229721213268e-12	1.5281383945054193e-12
852.9999999999999	0.	2.774058330687933e-37	1.5108284173328777e-12	1.5112578587042723e-12
853.9999999999999	0.	2.5565588796493684e-37	1.4895148867735072e-12	1.494541044889476e-12
855.	0.	2.3560456964810767e-37	1.4684791010218341e-12	1.4779866707610042e-12
856.	0.	2.171197602244583e-37	1.447717813187873e-12	1.4615934602572438e-12
857.	0.	2.000795740405705e-37	1.427227808668796e-12	1.4453601435671891e-12
857.9999999999999	0.	1.8437156874836146e-37	1.4070059049056208e-12	1.4292854571421551e-12
859.	0.	1.6989201691566435e-37	1.3870489511406116e-12	1.413368143707233e-12
860.	0.	1.5654523355872152e-37	1.367353828176131e-12	1.3976069522720719e-12
861.	0.	1.4424295532405625e-37	1.3479174481339396e-12	1.3820006381415092e-12
861.9999999999999	0.	1.3290376737197476e-37	1.3287367542162068e-12	1.3665479629255096e-12
863.	0.	1.2245257431416459e-37	1.3098087204665713e-12	1.3512476945488473e-12
864.	0.	1.1282011183534493e-37	1.2911303515330437e-12	1.3360986072602427e-12
865.	0.	1.0394249588546606e-37	1.2726986824315036e-12	1.3210994816410727e-12
865.9999999999999	0.	9.57608065659416e-38	1.2545107783098749e-12	1.306249104613688e-12
866.9999999999999	0.	8.82207040525996e-38	1.2365637342139516e-12	1.2915462694491772e-12
868.	0.	8.127207410059548e-38	1.2188546748538569e-12	1.276989775774753e-12
869.	0.	7.486870086352149e-38	1.2013807543711621e-12	1.2625784295806459e-12
870.	0.	6.896796493213498e-38	1.184139156107854e-12	1.2483110432265683e-12
870.9999999999999	0.	6.35305646578024e-38	1.1671270923751071e-12	1.234186435447652e-12
872.	0.	5.852025897357842e-38	1.1503418042242678e-12	1.220203431360015e-12
873.	0.	5.390363006224053e-38	1.1337805612178605e-12	1.206360862465745e-12
874.	0.	4.964986434679602e-38	1.1174406612023183e-12	1.1926575666575664e-12
874.9999999999999	0.	4.573055039546594e-38	1.1013194300808978e-12	1.1790923882228752e-12
875.9999999999999	0.	4.211949244083861e-38	1.0854142215883183e-12	1.1656641778474452e-12
877.	0.	3.879253831235917e-38	1.0697224170662349e-12	1.1523717926185828e-12
878.	0.	3.5727420673235787e-38	1.0542414252393785e-12	1.1392140960278485e-12
879.	0.	3.2903610537743797e-38	1.0389686819929829e-12	1.1261899579732743e-12
879.9999999999999	0.	3.03021821233484e-38	1.0239016501510609e-12	1.113298254761191e-12
881.	0.	2.790568816453932e-38	1.0090378192559008e-12	1.1005378691074721e-12
882.	0.	2.5698044882196544e-38	9.94374705348321e-13	1.0879076901384491e-12
883.	0.	2.3664425864132875e-38	9.799098507491699e-13	1.0754066133911874e-12
883.9999999999999	0.	2.179116416959222e-38	9.656408238414419e-13	1.0630335408134844e-12
884.9999999999999	0.	2.0065662023197942e-38	9.515652188540751e-13	1.0507873807632512e-12
886.	0.	1.847630751261329e-38	9.37680655645963e-13	1.0386670480075414e-12
887.	0.	1.70123977491271e-38	9.2398477949162e-13	1.0266714637210128e-12
888.	0.	1.5664067991974775e-38	9.104752608675797e-13	1.0147995554840338e-12
888.9999999999999	0.	1.4422226275569245e-38	8.971497952398374e-13	1.0030502572802587e-12
890.	0.	1.3278493114252452e-38	8.840061028525658e-13	9.914225094937644e-13
891.	0.	1.2225145891932531e-38	8.710419285172234e-13	9.799152589057575e-13
892.	0.	1.1255067574175068e-38	8.582550414035383e-13	9.685274586908008e-13
892.9999999999999	0.	1.0361699408233012e-38	8.456432348309802e-13	9.572580684126e-13
893.9999999999999	0.	9.538997302274005e-39	8.332043260612681e-13	9.461060540193282e-13
895.	0.	8.781391598858985e-39	8.209361560923002e-13	9.350703878385521e-13
896.	0.	8.083749979682274e-39	8.088365894526752e-13	9.241500485716573e-13
897.	0.	7.441343258886676e-39	7.969035139976739e-13	9.133440212878633e-13
897.9999999999999	0.	6.849813840978285e-39	7.851348407058588e-13	9.026512974178226e-13
899.	0.	6.305146636657943e-39	7.735285034771853e-13	8.920708747467274e-13
900.	0.	5.803642245854298e-39	7.620824589317838e-13	8.816017574070547e-13
901.	0.	5.341892231962159e-39	7.507946862101014e-13	8.712429558708335e-13
901.9999999999999	0.	4.916756324903983e-39	7.39663186773822e-13	8.609934869415601e-13
902.9999999999999	0.	4.525341403179094e-39	7.286859842080644e-13	8.508523737455492e-13
904.	0.	4.164982116655653e-39	7.178611240245823e-13	8.408186457230405e-13
905.	0.	3.833223022555971e-39	7.071866734660518e-13	8.308913386188003e-13
906.	0.	3.5278021169585475e-39	6.966607213112933e-13	8.210694944723114e-13
906.9999999999999	0.	3.2466356532516665e-39	6.862813776818659e-13	8.113521616075839e-13
908.	0.	2.9878041473829383e-39	6.76046773849302e-13	8.017383946225689e-13
909.	0.	2.7495394775092604e-39	6.659550620439499e-13	7.92227254378153e-13
910.	0.	2.530212992815965e-39	6.560044152643506e-13	7.828178079867929e-13
910.9999999999999	0.	2.3283245528797064e-39	6.461930270883104e-13	7.735091288007113e-13
911.9999999999999	0.	2.1424924250542685e-39	6.365191114842324e-13	7.643002963997528e-13
913.	0.	1.9714439729815414e-39	6.269809026244268e-13	7.551903965788676e-13
914.	0.	1.8140070745266237e-39	6.175766546990288e-13	7.461785213351702e-13
914.9999999999999	0.	1.669102212226662e-39	6.083046417308276e-13	7.372637688546567e-13
915.9999999999999	0.	1.535735183764717e-39	5.99163157391721e-13	7.284452434985693e-13
917.	0.	1.412990384060035e-39	5.901505148199124e-13	7.197220557893823e-13
918.	0.	1.3000246143288678e-39	5.81265046438181e-13	7.110933223964114e-13
919.	0.	1.1960613769430848e-39	5.725051037733229e-13	7.025581661211324e-13
919.9999999999999	0.	1.1003856181174639e-39	5.638690572769048e-13	6.941157158820593e-13
921.	0.	1.0123388834115796e-39	5.55355296146751e-13	6.857651066993833e-13
922.	0.	9.313148537586777e-40	5.469622281496413e-13	6.775054796791654e-13
923.	0.	8.567552322488034e-40	5.386882794454327e-13	6.693359819973057e-13
923.9999999999999	0.	7.88145954213557e-40	5.305318944117597e-13	6.612557668830772e-13
924.9999999999999	0.	7.250136952993661e-40	5.224915354701143e-13	6.532639936024272e-13
926.	0.	6.669226541906736e-40	5.145656829133011e-13	6.453598274408973e-13
927.	0.	6.1347158846406955e-40	5.06752834733365e-13	6.375424396862483e-13
928.	0.	5.642910837343954e-40	4.990515064510813e-13	6.298110076107777e-13
928.9999999999999	0.	5.190410378019752e-40	4.914602309465912e-13	6.221647144533506e-13
930.	0.	4.774083429385951e-40	4.839775582906591e-13	6.146027494010927e-13
931.	0.	4.391047507672542e-40	4.766020555778794e-13	6.071243075708136e-13
932.	0.	4.0386490540502e-40	4.693323067599611e-13	5.997285899901328e-13
932.9999999999999	0.	3.714445316591335e-40	4.621669124809384e-13	5.924148035783335e-13
933.9999999999999	0.	3.416187660988224e-40	4.551044899131017e-13	5.851821611269161e-13
935.	0.	3.141806197786509e-40	4.481436725942003e-13	5.780298812798833e-13
936.	0.	2.889395622668804e-40	4.412831102655337e-13	5.709571885137888e-13
937.	0.	2.6572021744271823e-40	4.3452146871147263e-13	5.639633131174407e-13
937.9999999999999	0.	2.443611622727201e-40	4.278574295996708e-13	5.570474911714505e-13
939.	0.	2.2471382046556943e-40	4.212896903228787e-13	5.502089645274405e-13
940.	0.	2.0664144353882147e-40	4.148169638413741e-13	5.434469807870502e-13
941.	0.	1.9001817241675643e-40	4.084379785269632e-13	5.367607932806639e-13
941.9999999999999	0.	1.7472817321802526e-40	4.0215147800754157e-13	5.301496610459541e-13
942.9999999999999	0.	1.6066484138907007e-40	3.9595622101324244e-13	5.236128488061049e-13
944.	0.	1.4773006879798141e-40	3.898509812236245e-13	5.171496269478987e-13
945.	0.	1.358335688262003e-40	3.838345471155151e-13	5.107592714995085e-13
946.	0.	1.2489225488507044e-40	3.779057218125477e-13	5.044410641081054e-13
946.9999999999999	0.	1.148296681434891e-40	3.72063322935391e-13	4.981942920172582e-13
948.	0.	1.0557545058397508e-40	3.6630618245327056e-13	4.920182480440696e-13
949.	0.	9.706485980977481e-41	3.606331465364945e-13	4.859122305561785e-13
950.	0.	8.923832230667867e-41	3.550430754101183e-13	4.798755434485246e-13
950.9999999999999	0.	8.204102212275523e-41	3.4953484320858837e-13	4.739074961199197e-13
951.9999999999999	0.	7.54225221679218e-41	3.4410733783168323e-13	4.680074034494292e-13
953.	0.	6.933641555566371e-41	3.3875946080146383e-13	4.621745857725725e-13
954.	0.	6.374000461204969e-41	3.3349012712013853e-13	4.564083688573676e-13
954.9999999999999	0.	5.85940053642911e-41	3.28298265129092e-13	4.507080838801237e-13
955.9999999999999	0.	5.386227549342478e-41	3.2318281636935804e-13	4.450730674011797e-13
957.	0.	4.951156389455946e-41	3.181427354425315e-13	4.3950266134035626e-13
958.	0.	4.551128013445592e-41	3.1317698987325793e-13	4.3399621295233027e-13
959.	0.	4.183328223111192e-41	3.082845599726136e-13	4.2855307480182697e-13
959.9999999999999	0.	3.8451681304276336e-41	3.034644387024404e-13	4.231726047386522e-13
960.9999999999999	0.	3.5342661760333453e-41	2.9871563154109534e-13	4.178541658725818e-13
962.	0.	3.248431578051358e-41	2.940371563498492e-13	4.125971265481153e-13
963.	0.	2.985649097855629e-41	2.8942804324068337e-13	4.0740086031908127e-13
963.9999999999999	0.	2.744065018357016e-41	2.8488733444489513e-13	4.022647459231375e-13
964.9999999999999	0.	2.521974238628577e-41	2.804140841830531e-13	3.9718816725608556e-13
966.	0.	2.3178083962973854e-41	2.760073585355384e-13	3.9217051334612683e-13
967.	0.	2.1301249361280694e-41	2.716662353147948e-13	3.872111783279556e-13
968.	0.	1.9575970496783768e-41	2.6738980393795817e-13	3.823095614167453e-13
968.9999999999999	0.	1.7990044168486592e-41	2.6317716530097863e-13	3.774650668820447e-13
969.9999999999999	0.	1.653224685621164e-41	2.5902743165363106e-13	3.726771040215321e-13
971.	0.	1.5192256313306426e-41	2.549397264754907e-13	3.679450871346966e-13
972.	0.	1.3960579414492786e-41	2.5091318435318797e-13	3.6326843549641763e-13
972.9999999999999	0.	1.282848576151171e-41	2.469469508583348e-13	3.5864657333043593e-13
973.9999999999999	0.	1.1787946588599648e-41	2.430401824267809e-13	3.540789297827384e-13
975.	0.	1.0831578546145501e-41	2.391920462388115e-13	3.495649388948779e-13
976.	0.	9.952591974307178e-42	2.3540172010024115e-13	3.4510403957719554e-13
977.	0.	9.144743309149302e-42	2.3166839232472165e-13	3.406956755819552e-13
977.9999999999999	0.	8.402291292229846e-42	2.279912616168983e-13	3.3633929547643227e-13
979.	0.	7.719956680676032e-42	2.2436953695669468e-13	3.3203435261591223e-13
980.	0.	7.092885178834851e-42	2.208024374844349e-13	3.2778030511663565e-13
980.9999999999999	0.	6.516613334741161e-42	2.1728919238721627e-13	3.235766158286721e-13
982.	0.	5.987037165032687e-42	2.1382904078603893e-13	3.1942275230875453e-13
982.9999999999999	0.	5.5003832907274516e-42	2.1042123162402322e-13	3.153181867930393e-13
983.9999999999999	0.	5.053182383567919e-42	2.070650235557034e-13	3.112623961698342e-13
985.	0.	4.6422447385692794e-42	2.0375968483712918e-13	3.0725486195225776e-13
985.9999999999999	0.	4.264637803059841e-42	2.0050449321708099e-13	3.03295070250897e-13
987.	0.	3.917665506012159e-42	1.9729873582917145e-13	2.9938251174639395e-13
988.	0.	3.598849243887261e-42	1.9414170908491466e-13	2.955166816619887e-13
988.9999999999999	0.	3.305910390663465e-42	1.910327185679926e-13	2.9169707973607817e-13
990.	0.	3.0367542102513273e-42	1.8797107892910727e-13	2.8792321019469967e-13
990.9999999999999	0.	2.7894550592068343e-42	1.849561137819603e-13	2.8419458172401533e-13
992.	0.	2.562242776572624e-42	1.8198715560033721e-13	2.805107074427719e-13
993.	0.	2.353490165911197e-42	1.7906354561589103e-13	2.7687110487474255e-13
993.9999999999999	0.	2.1617014821527495e-42	1.7618463371703383e-13	2.7327529592115487e-13
995.	0.	1.9855018428534542e-42	1.7334977834864715e-13	2.697228068331069e-13
995.9999999999999	0.	1.823627489870005e-42	1.7055834641279636e-13	2.662131681839873e-13
997.	0.	1.6749168333622463e-42	1.6780971317038266e-13	2.627459148418688e-13
998.	0.	1.5383022154675255e-42	1.6510326214367114e-13	2.5932058594193305e-13
998.9999999999999	0.	1.4128023359949396e-42	1.6243838501975305e-13	2.5593672485886523e-13
1000.	0.	1.2975152870890438e-42	1.5981448155497114e-13	2.525938791792771e-13