0.	0.	0.	0.	0.
1.	29.24787329710255	0.4929763618802592	0.0005110169781595272	5.118972956609282e-7
2.	1.768282389498389	0.899330738469655	0.0009670105966150968	9.703514780958075e-7
3.	0.061927914743817813	1.2293735070602532	0.001372079471567233	1.3792095162265232e-6
4.	0.00164938267059977	1.492502761065537	0.0017300704033908032	1.7420903763119024e-6
5.	0.00003697853702218599	1.6972504124071037	0.002044591908304618	2.062396848076138e-6
6.	7.34473338354165e-7	1.8513316333213239	0.00231902709654612	2.343326817536482e-6
7.	1.3317907824848377e-8	1.9616962008046672	0.0025565459257959095	2.5878840102955277e-6
8.	2.2486001725288348e-10	2.0345805827708205	0.0027601168574402117	2.798888228116035e-6
9.	3.558529233342873e-12	2.075559839296021	0.002932517942145186	2.9789851006842962e-6
10.	0.	2.0895986105108433	0.00307634736014366	3.1306553735899315e-6
11.	0.	2.0811006295530268	0.003194033440601321	3.256223752704965e-6
12.	0.	2.0539563387542352	0.0032878441834339857	3.357867324331437e-6
13.	0.	2.011588303614319	0.0033598963059894476	3.437623569704063e-6
14.	0.	1.9569942153861326	0.003412163836084837	3.4973979916809596e-6
14.999999999999998	0.	1.8927873521158238	0.0034464862720027033	3.5389713707306286e-6
16.	0.	1.8212344322617384	0.003464576329194618	3.5640066666259124e-6
17.	0.	1.7442908467355773	0.003468027292619022	3.5740555815846894e-6
18.	0.	1.6636332962754665	0.0034583199928492274	3.570564799951643e-6
18.999999999999996	0.	1.5806898931260553	0.0034368294233267692	3.554881918894721e-6
20.	0.	1.4966678104988436	0.0034048310154037296	3.5282610839927986e-6
21.	0.	1.4125785814560492	0.003363506587114139	3.4918683430170457e-6
22.	0.	1.3292611617716785	0.003313949980938271	3.4467867306564083e-6
23.	0.	1.247402879892542	0.0032571724051734265	3.3940210964069056e-6
24.	0.	1.1675584021369783	0.0031941074928999507	3.3345026873342812e-6
24.999999999999996	0.	1.0901668434021383	0.00312561609193069	3.2690934969290506e-6
26.	0.	1.0155671534741153	0.003052490798555132	3.1985903908017076e-6
27.	0.	0.9440119070337506	0.0029754602473351303	3.123729019512844e-6
28.	0.	0.8756796220339561	0.0028951931686767396	3.045187528397663e-6
29.	0.	0.8106857266353131	0.0028123022253913168	2.9635900738261783e-6
29.999999999999996	0.	0.7490922896125636	0.0027273476389680657	2.879510154938605e-6
31.	0.	0.6909166233234456	0.00264084061580884	2.793473769509524e-6
32.	0.	0.6361388621591937	0.0025532465832234946	2.7059624022237063e-6
32.99999999999999	0.	0.5847086130331827	0.0024649882445497966	2.6174158532905085e-6
34.	0.	0.5365507680400917	0.002376448462345183	2.5282349149818704e-6
35.	0.	0.4915705630360026	0.0022879729781977976	2.43878390335079e-6
36.	0.	0.4496579596313326	0.0021998729773206422	2.3493930520719733e-6
37.	0.	0.410691422016235	0.0021124275057248267	2.260360775043946e-6
37.99999999999999	0.	0.3745411541989906	0.002025885747415058	2.1719558041015714e-6
39.	0.	0.34107185766615183	0.001940469168712248	2.084419207909326e-6
40.	0.	0.31014506419199855	0.0018563735364838284	1.997966297838326e-6
41.	0.	0.28162109354856363	0.001773770816751512	1.912788426373626e-6
42.	0.	0.25536068120332933	0.0016928109598483723	1.8290546833522148e-6
42.99999999999999	0.	0.23122631674088973	0.0016136235780116843	1.7469134950961343e-6
44.	0.	0.20908332970421228	0.001536319521024507	1.6664941312787478e-6
44.99999999999999	0.	0.18880075581354872	0.0014609923552571385	1.5879081241451517e-6
46.	0.	0.17025201307687018	0.0013877197512086588	1.5112506044995243e-6
47.	0.	0.15331541414310024	0.0013165647844087022	1.4366015586727365e-6
48.	0.	0.13787453835503513	0.0012475771543096214	1.364027010492212e-6
49.	0.	0.12381848431846895	0.00118079432557914	1.2935801320927236e-6
49.99999999999999	0.	0.1110420214027018	0.0011162425959930279	1.2253022872311528e-6
51.	0.	0.09944565641021906	0.001053938094925758	1.1592240105998545e-6
52.	0.	0.0889356296846924	0.0009938877162444016	1.0953659264720656e-6
53.	0.	0.07942385315164531	0.0009360899892265702	1.0337396098582485e-6
54.	0.	0.0708278011905797	0.0008805358909469548	9.743483932043721e-7
54.99999999999999	0.	0.06307036380697338	0.0008272096034083964	9.171881215214002e-7
56.	0.	0.05607967029387454	0.0007760892185323036	8.622478586996436e-7
56.99999999999999	0.	0.0497888904329748	0.0007271473939691802	8.095105476317059e-7
58.	0.	0.044136019271916856	0.000680351962542939	7.589536266435341e-7
59.	0.	0.03906365061674735	0.0006356664980019862	7.105496046140169e-7
59.99999999999999	0.	0.034518743585180846	0.0005930508396158759	6.642665970498388e-7
61.	0.	0.030452385867728724	0.0005524615780279945	6.200688252732932e-7
62.	0.	0.026819556730509786	0.0005138525046523931	5.779170807766694e-7
63.	0.	0.023578892257157705	0.0004771750267859283	5.377691566971158e-7
64.	0.	0.020692454859773547	0.00044237855049539807	4.995802482706618e-7
65.	0.	0.018125508683117336	0.0004094108332328677	4.6330332403292815e-7
65.99999999999999	0.	0.015846302175548145	0.00037821830803092075	4.2888946944704186e-7
67.	0.	0.013825858798561947	0.00034874638103269854	3.962882045559974e-7
68.	0.	0.012037776588629059	0.00032093970401924146	3.6544777717716373e-7
69.	0.	0.010458037065403327	0.00029474242350874854	3.363154330807697e-7
70.	0.	0.009064823794720024	0.00027009840791825926	3.0883766452138584e-7
70.99999999999999	0.	0.007838350759058843	0.0002469514541986138	2.8296043842240854e-7
72.	0.	0.006760700558605428	0.0002252454752771635	2.586294054471029e-7
73.	0.	0.005815672359421905	0.00020492466957027617	2.3579009112667032e-7
74.	0.	0.0049886394185604645	0.00018593367375868583	2.1438807015556246e-7
75.	0.	0.004266415946564872	0.00016821769995286766	1.9436912490654592e-7
75.99999999999999	0.	0.0036371330133681814	0.00015172265831321915	1.756793891632859e-7
77.	0.	0.0030901231619837348	0.00013639526613015457	1.5826547801565132e-7
78.	0.	0.0026158133637679878	0.00012218314431274466	1.4207460481314345e-7
79.	0.	0.0022056259277423583	0.00010903490218061751	1.2705468602411627e-7
80.	0.	0.0018518869630615132	0.0000969002114026973	1.1315443480309073e-7
80.99999999999999	0.	0.0015477419869274886	0.000085729869877705	1.0032344402517005e-7
82.	0.	0.0012870782689581243	0.00007547585630510871	8.851225950529331e-8
83.	0.	0.0010644535062543216	0.00006609137615141494	7.767244408089507e-8
84.	0.	0.0008750304303184376	0.000057530899674881665	6.775663319897061e-8
84.99999999999999	0.	0.0007145169568313391	0.00004975019263227464	5.87185826130453e-8
85.99999999999999	0.	0.0005791115014568037	0.00004270634025369479	5.051320876157707e-8
87.	0.	0.00046545309876992985	0.00003635776503588811	4.309662236705105e-8
88.	0.	0.00037057597663466035	0.000030664238870735444	3.642615576439464e-8
89.	0.	0.00029186825448702865	0.000025586889993461854	3.046038443797694e-8
89.99999999999999	0.	0.00022703445068862136	0.000021088205204954173	2.5159143218915715e-8
90.99999999999999	0.	0.00017406150110964305	0.000017132027793619055	2.0483537567771923e-8
92.	0.	0.0001311880081614472	0.000013683551555173324	1.639595034284202e-8
93.	0.	0.00009687645642417227	0.000010709311282823142	1.2860044430230374e-8
94.	0.	0.00006978814765900376	8.177170076076987e-6	9.840761589458103e-9
94.99999999999999	0.	0.000048760624224902834	6.056303793153463e-6	7.304317846613971e-9
96.	0.	0.00003278736564731172	4.317182950335768e-6	5.21819574689649e-9
97.	0.	0.00002099955822933322	2.931552350873624e-6	3.5511337588772294e-9
98.	0.	0.000012649752105038187	1.8724087066223743e-6	2.2731131045334605e-9
99.	0.	7.097233968516259e-6	1.1139764971619402e-6	1.3553422716223681e-9
99.99999999999999	0.	3.794956848981204e-6	6.316822938128985e-7	7.702394485087509e-10
101.	0.	2.277880728518086e-6	4.021277596397012e-7	4.914131059850044e-10
102.	0.	2.1525895108917917e-6	4.0306152088138e-7	4.936409355626893e-10
103.	0.	3.0880608574647775e-6	6.133500910048451e-7	7.528473400728485e-10
104.	0.	4.807475714591285e-6	1.0129480145563784e-6	1.246079658768653e-9
104.99999999999999	0.	7.080963989984493e-6	1.5828673852626961e-6	1.9514832967976317e-9
106.	0.	9.719191810217855e-6	2.3051468806484448e-6	2.848275916997397e-9
107.	0.	0.00001256770413328674	3.162820443883828e-6	3.91672084059119e-9
108.	0.	0.00001550194422766493	4.1398857331004045e-6	5.138099793083586e-9
109.	0.	0.000018422878686401503	5.221272447997443e-6	6.4946851212413464e-9
109.99999999999999	0.	0.000021253163256082404	6.392810634368071e-6	7.969711597936254e-9
111.	0.	0.000023933790851062063	7.641199058123519e-6	9.547347922505159e-9
112.	0.	0.000026421168726011176	8.95397373213169e-6	1.1212668015957589e-8
113.	0.	0.00002868457692292657	0.000010319476671400025	1.2951622202457975e-8
113.99999999999999	0.	0.0000307039648213413	0.00001172682494475872	1.4751008360958005e-8
114.99999999999999	0.	0.00003246804693186627	0.00001316588008451509	1.659844312401153e-8
116.	0.	0.00003397266300910903	0.00001462721790891084	1.8482333193873646e-8
117.	0.	0.000035219371149672325	0.00001610209880664032	2.0391846840257417e-8
118.	0.	0.000036214245805983894	0.000017582438526745026	2.2316885637801185e-8
118.99999999999999	0.	0.00003696685561497376	0.000019060779512267625	2.4248056496130386e-8
119.99999999999999	0.	0.000037489398632450115	0.00002053026281116433	2.6176644030178387e-8
121.	0.	0.00003779597500222514	0.000021984600593501325	2.8094583313623293e-8
122.	0.	0.00003790197929355067	0.000023418049299725464	2.9994433053692915e-8
122.99999999999999	0.	0.00003782359673127628	0.000024825383441107384	3.186934922158077e-8
124.	0.	0.0000375773893367575	0.000026201870069723577	3.3713059168570893e-8
125.	0.	0.000037179959612327274	0.000027543243932089175	3.551983625434734e-8
126.	0.	0.00003664768085274735	0.000028845683317607537	3.7284475010664126e-8
127.	0.	0.00003599648446790585	0.000030105786609925363	3.9002266860007665e-8
128.	0.	0.000035241695866821126	0.00003132054954710811	4.066897640643577e-8
129.	0.	0.00003439791149383447	0.000032487343193634924	4.22808183123109e-8
130.	0.	0.000033478910538483784	0.000033603892625644925	4.383443477286062e-8
131.	0.	0.00003249759566774931	0.000034668256328231834	4.5326873597279124e-8
131.99999999999997	0.	0.00003146595786672977	0.00003567880630239345	4.675556690368637e-8
133.	0.	0.000030395061126804352	0.00003663420887704636	4.811831043251119e-8
134.	0.	0.0000292950432999022	0.0000375334062204186	4.94132434815023e-8
135.	0.	0.00002817512994900277	0.000038375598543462194	5.063882946341907e-8
136.	0.	0.000027043658477232123	0.00003916022698708939	5.1793837086358e-8
137.	0.	0.000025908110214831653	0.000039886957183406975	5.287732215450033e-8
138.	0.	0.00002477514849302216	0.00004055566348073782	5.38886099865008e-8
139.	0.	0.000023650661039436746	0.00004116641382087326	5.482727844688094e-8
140.	0.	0.000022539805297042722	0.00004171945525656087	5.569314158510214e-8
140.99999999999997	0.	0.00002144705550161763	0.00004221520009633467	5.648623387567666e-8
141.99999999999997	0.	0.000020376250555036994	0.00004265421266339146	5.7206795051992075e-8
143.	0.	0.00001933064190688532	0.000043037196654636316	5.7855255525586627e-8
144.	0.	0.00001831294080835215	0.000043364983085548304	5.84322223818028e-8
145.	0.	0.000017325364431973237	0.00004363851880639743	5.893846594239144e-8
146.	0.	0.00001636968046251101	0.00004385885557471529	5.937490688458875e-8
147.	0.	0.00001544724985882027	0.000044027139669053765	5.974260390614727e-8
148.	0.	0.00001455906756699117	0.000044144602028631655	6.004274192498804e-8
149.	0.	0.000013705801032806617	0.000044212548903548966	6.027662080201255e-8
150.	0.	0.000012887826418235931	0.000044232353000083895	6.04456445751462e-8
150.99999999999997	0.	0.00001210526247355175	0.00004420544510561009	6.055131119246423e-8
151.99999999999997	0.	0.00001135800205576096	0.000044133306177611	6.05952027319124e-8
153.	0.	0.0000106457413149029	0.00004401745988153281	6.057897609523642e-8
154.	0.	9.968006595654056e-6	0.00004385946556202606	6.050435416320743e-8
155.	0.	9.324179121015181e-6	0.00004366091163253022	6.0373117399519e-8
156.	0.	8.71351754048871e-6	0.00004342340936804073	6.018709589030528e-8
157.	0.	8.135178436535195e-6	0.00004314858708635419	5.994816180658786e-8
158.	0.	7.588234891034442e-6	0.0000428380847030323	5.96582222766149e-8
159.	0.	7.071693219162375e-6	0.00004249354864564392	5.931921265522464e-8
160.	0.	6.584507980823212e-6	0.000042116627113212875	5.893309017760929e-8
160.99999999999997	0.	6.125595381119988e-6	0.000041708965666774864	5.850182798455393e-8
161.99999999999997	0.	5.693845170941907e-6	0.0000412722031374446	5.8027409506651065e-8
163.	0.	5.288131156877492e-6	0.000040807967838619155	5.7511823195043185e-8
164.	0.	4.907320427141138e-6	0.00004031787406911664	5.695705758622712e-8
165.	0.	4.550281396703526e-6	0.00003980351889451884	5.63650966888534e-8
166.	0.	4.215890770595851e-6	0.000039266479194172454	5.573791568046201e-8
167.	0.	3.903039519992429e-6	0.00003870830896163947	5.507747690231817e-8
168.	0.	3.6106379607849465e-6	0.00003813053684676011	5.438572614079011e-8
169.	0.	3.3376200192997797e-6	0.00003753466392771036	5.366458918377984e-8
169.99999999999997	0.	3.082946764763599e-6	0.000036922161701847465	5.2915968641060884e-8
170.99999999999997	0.	2.8456092830163272e-6	0.00003629447028443189	5.214174101756435e-8
171.99999999999997	0.	2.62463096070983e-6	0.00003565299680460533	5.1343754028840076e-8
173.	0.	2.4190692445430566e-6	0.000034999113988365704	5.052382414821111e-8
174.	0.	2.228016934834597e-6	0.00003433415891862537	4.968373437541664e-8
175.	0.	2.0506030685208e-6	0.0000336594319627088	4.882523221671118e-8
176.	0.	1.885993441686434e-6	0.00003297619585791893	4.7950027866570505e-8
177.	0.	1.733390817862155e-6	0.000032285674946355384	4.705979258175334e-8
178.	0.	1.5920348640229137e-6	0.000031589054550123396	4.615615723820247e-8
179.	0.	1.4612018524562831e-6	0.00003088748047870638	4.524071106199663e-8
179.99999999999997	0.	1.340204163134321e-6	0.000030182058660354697	4.431500052549216e-8
180.99999999999997	0.	1.2283896177240367e-6	0.000029473854889832353	4.3380528400323545e-8
181.99999999999997	0.	1.1251406733186742e-6	0.00002876389468494507	4.2438752958874755e-8
183.	0.	1.0298735011406077e-6	0.000028053163244788256	4.149108731641512e-8
184.	0.	9.420369724226879e-7	0.00002734260550278717	4.053889890612475e-8
185.	0.	8.611115717432936e-7	0.000026633126267857583	3.958350907944797e-8
186.	0.	7.866082551784166e-7	0.00002592559044755094	3.862619282484982e-8
187.	0.	7.180672690224257e-7	0.000025220823346871234	3.766817859763832e-8
188.	0.	6.55056942666246e-7	0.000024519611037174702	3.671064825444104e-8
189.	0.	5.971724674973044e-7	0.000023822700789493184	3.575473708568257e-8
189.99999999999997	0.	5.440346721235897e-7	0.000023130801567016528	3.4801533939859675e-8
190.99999999999997	0.	4.952888028110971e-7	0.000022444584571683768	3.385208143360228e-8
192.	0.	4.506033167214037e-7	0.000021764683840060384	3.2907376241722536e-8
193.	0.	4.0966869422760253e-7	0.00002109169688393748	3.196836946172324e-8
194.	0.	3.7219627576696806e-7	0.00002042618537122478	3.1035967047324055e-8
195.	0.	3.3791712759351176e-7	0.0000197686758430585	3.011103030598043e-8
196.	0.	3.065809399433459e-7	0.000019119660463143914	2.9194376455412426e-8
197.	0.	2.7795496054565165e-7	0.000018479597795599162	2.828677923443285e-8
198.	0.	2.518229655310522e-7	0.00001784891360779442	2.7388969563611952e-8
198.99999999999997	0.	2.2798426945990473e-7	0.00001722800169473257	2.6501636251300753e-8
199.99999999999997	0.	2.0625277541217747e-7	0.000016617224721993252	2.562542674117398e-8
200.99999999999997	0.	1.8645606596687938e-7	0.000016016915084014603	2.4760947896987763e-8
202.	0.	1.6843453513956251e-7	0.00001542737577510049	2.390876682110785e-8
203.	0.	1.520405614258036e-7	0.000014848881270352572	2.306941170299674e-8
204.	0.	1.3713772147986043e-7	0.000014281678414151856	2.2243372694430822e-8
205.	0.	1.236000438757382e-7	0.000013725987313724134	2.143110280800823e-8
206.	0.	1.1131130226525662e-7	0.000013182002235711311	2.0633018836042803e-8
207.	0.	1.001643468876192e-7	0.000012649892503606709	1.9849502286777224e-8
208.	0.	9.00604734654317e-8	0.000012129803394200365	1.9080900335237295e-8
208.99999999999997	0.	8.090882826898413e-8	0.000011621857031170354	1.8327526785976713e-8
209.99999999999997	0.	7.262584809387491e-8	0.000011126153274269844	1.7589663045400042e-8
210.99999999999997	0.	6.513473389810177e-8	0.00001064277060247746	1.6867559101173094e-8
212.	0.	5.8364956649650275e-8	0.00001017176698966455	1.6161434506473128e-8
213.	0.	5.225179413079535e-8	9.713180771588828e-6	1.5471479367192664e-8
214.	0.	4.673589718688074e-8	9.267031502841715e-6	1.479785532987976e-8
215.	0.	4.176288411640476e-8	8.83332080276913e-6	1.4140696568781064e-8
216.	0.	3.7282961783126754e-8	8.412033189256866e-6	1.3500110770113062e-8
217.	0.	3.325057206232896e-8	8.003136899490602e-6	1.287618011200103e-8
218.	0.	2.962406235472864e-8	7.606584696888418e-6	1.2268962238635103e-8
218.99999999999997	0.	2.63653787817297e-8	7.222314663328117e-6	1.167849122704109e-8
219.99999999999997	0.	2.3439780821378708e-8	6.850250976158859e-6	1.1104778545426643e-8
220.99999999999997	0.	2.0815576176743072e-8	6.490304669257648e-6	1.0547814001670476e-8
222.	0.	1.84638746378387e-8	6.142374377631763e-6	1.0007566680885894e-8
223.	0.	1.6358359818086865e-8	5.806347065150631e-6	9.483985871103095e-9
224.	0.	1.4475077663885333e-8	5.482098734928955e-6	8.977001975995467e-9
225.	0.	1.2792240683385237e-8	5.169495122086225e-6	8.486527413887745e-9
226.	0.	1.1290046866171626e-8	4.868392368509304e-6	8.01245750210762e-9
227.	0.	9.950512376520661e-9	4.578637679525081e-6	7.554671326186983e-9
227.99999999999997	0.	8.757317076155808e-9	4.300069962103563e-6	7.113032592936109e-9
228.99999999999997	0.	7.695662015927285e-9	4.032520444677725e-6	6.687390467168523e-9
229.99999999999997	0.	6.7521381009599795e-9	3.77581327826151e-6	6.2775803911779205e-9
230.99999999999997	0.	5.914605123203613e-9	3.529766119026829e-6	5.883424886851196e-9
232.	0.	5.1720804535086106e-9	3.294190692180982e-6	5.504734339767164e-9
233.	0.	4.514636704421758e-9	3.0688933372087816e-6	5.141307764992489e-9
234.	0.	3.9333077027932905e-9	2.853675534611214e-6	4.79293355439589e-9
235.	0.	3.4200021810449404e-9	2.6483344140930256e-6	4.459390204997807e-9
236.	0.	2.9674246002627497e-9	2.4526632444502365e-6	4.140447028369118e-9
237.	0.	2.5690025880882895e-9	2.266451905257829e-6	3.83586484083956e-9
237.99999999999997	0.	2.2188204795730003e-9	2.0894873404927554e-6	3.5453966343332728e-9
238.99999999999997	0.	1.911558502464551e-9	1.9215539943207503e-6	3.268788227805869e-9
239.99999999999997	0.	1.6424371584409777e-9	1.7624342293229915e-6	3.005778899340549e-9
240.99999999999997	0.	1.4071664119476687e-9	1.6119087272752035e-6	2.7561019986845527e-9
242.	0.	1.2018992952581625e-9	1.4697568728478913e-6	2.5194855404443233e-9
243.	0.	1.0231895818008744e-9	1.335757120426114e-6	2.2956527778717226e-9
244.	0.	8.679532004375551e-10	1.2096873443846873e-6	2.0843227574117378e-9
245.	0.	7.334330901735706e-10	1.0913251730796844e-6	1.8852108540582517e-9
245.99999999999997	0.	6.171672083469327e-10	9.804483069122486e-7	1.6980292877327167e-9
247.	0.	5.169594391533645e-10	8.768348206964997e-7	1.5224876206916325e-9
248.	0.	4.3085315052625943e-10	7.802634508149677e-7	1.358293236409394e-9
248.99999999999997	0.	3.5710718777399076e-10	6.90513867324979e-7	1.2051517998361782e-9
250.	0.	2.941740919867523e-10	6.073669314873803e-7	1.062767699469748e-9
250.99999999999997	0.	2.4068035008626646e-10	5.306049390569381e-7	9.308444714598992e-10
252.	0.	1.9540850842409756e-10	4.600118495890791e-7	8.090852058222232e-10
252.99999999999997	0.	1.572809824293563e-10	3.9537350224553195e-7	6.971929352437363e-10
254.	0.	1.253454153538243e-10	3.364778184217135e-7	5.948710066929055e-10
254.99999999999997	0.	9.876145043250137e-11	2.8311499153222224e-7	5.018234360772682e-10
256.	0.	7.678878846004094e-11	2.350776643350185e-7	4.177552462778472e-10
257.	0.	5.877641633456388e-11	1.9216109416765195e-7	3.423727888857803e-10
258.	0.	4.415290089147583e-11	1.5416330650750291e-7	2.753840500445946e-10
259.	0.	3.241765009399822e-11	1.2088523712064131e-7	2.164989405482479e-10
260.	0.	2.313305284485634e-11	9.213086323814858e-8	1.6542957066326052e-10
261.	0.	1.5917416208721275e-11	6.770732412510802e-8	1.2189051002260512e-10
262.	0.	1.0438624669002574e-11	4.742503136886724e-8	8.559903287873209e-11
263.	0.	6.408454488745582e-12	3.1097769255051574e-8	5.6275349086970024e-11
263.99999999999994	0.	3.577479785450258e-12	1.854278559175258e-8	3.3642821185735425e-11
265.	0.	1.7305144990751303e-12	9.580873342069791e-9	1.742816794920973e-11
266.	0.	6.825379116693838e-13	4.036443365388215e-9	7.36165468891378e-12
267.	0.	2.75056914068761e-13	1.73758869428825e-9	3.1772708196665372e-12
268.	0.	3.7286197901609376e-13	2.516140561089555e-9	4.612894827791102e-12
269.	0.	8.611379017447825e-13	6.207716643887439e-9	1.1410447254461024e-11
270.	0.	1.6428938254234935e-12	1.2651761741661365e-8	2.3316031842064167e-11
271.	0.	2.6366803497616123e-12	2.1691581277464156e-8	4.0080065346332675e-11
272.	0.	3.7745646041139095e-12	3.31743678697754e-8	6.145739623484093e-11
272.99999999999994	0.	5.000336652998752e-12	4.695122137575252e-8	8.720741280274353e-11
274.	0.	6.267923533428983e-12	6.287716261300917e-8	1.170941408823463e-10
274.99999999999994	0.	7.539988869060197e-12	8.081114112431319e-8	1.5088633162296297e-10
276.	0.	8.786698941108825e-12	1.006160372229599e-7	1.8835753959200108e-10
277.	0.	9.984636863292958e-12	1.2215865865172216e-7	2.2928619163358268e-10
278.	0.	1.111584949678546e-11	1.4530973208230217e-7	2.7345564673219597e-10
279.	0.	1.2167012478074635e-11	1.6994388976604466e-7	3.20654247293684e-10
280.	0.	1.3128700136077e-11	1.9593965156205437e-7	3.706753621058346e-10
281.	0.	1.3994748865521677e-11	2.2317940262070637e-7	4.2331742134602844e-10
281.99999999999994	0.	1.4761703500081778e-11	2.515493669626028e-7	4.78383943940276e-10
283.	0.	1.5428337110535055e-11	2.809395772090234e-7	5.356835576161203e-10
283.99999999999994	0.	1.599523589794677e-11	3.1124384065497964e-7	5.950300118761509e-10
285.	0.	1.6464441335749475e-11	3.423597019880102e-7	6.562421843395304e-10
286.	0.	1.683914344458797e-11	3.7418840277129366e-7	7.191440805548027e-10
287.	0.	1.712341773517317e-11	4.066348380048087e-7	7.835648277665103e-10
288.	0.	1.732200231117312e-11	4.396075099312811e-7	8.493386628454013e-10
289.	0.	1.7440108533848196e-11	4.730184792298566e-7	9.163049145513075e-10
290.	0.	1.7483262972399798e-11	5.067833139227468e-7	9.843079806563459e-10
291.	0.	1.7457173210426118e-11	5.408210360270247e-7	1.0531972998974732e-9
292.	0.	1.736761936820617e-11	5.750540662738732e-7	1.12282731929408e-9
292.99999999999994	0.	1.7220362638847486e-11	6.094081669616956e-7	1.1930574568775157e-9
294.	0.	1.7021073565570464e-11	6.438123831682804e-7	1.2637520601928586e-9
294.99999999999994	0.	1.677527277768087e-11	6.781989824670523e-7	1.334780360783894e-9
296.	0.	1.6488285569064087e-11	7.12503393310089e-7	1.4060164249122233e-9
297.	0.	1.616520732906297e-11	7.46664142199902e-7	1.477339100686957e-9
298.	0.	1.5810878061893674e-11	7.80622789850371e-7	1.5486319619412954e-9
299.	0.	1.5429864355903487e-11	8.143238663839404e-7	1.61978324889519e-9
300.	0.	1.502644803471801e-11	8.477148058020926e-7	1.6906858060233669e-9
301.	0.	1.4604620678673408e-11	8.807458797788928e-7	1.7612370171830687e-9
301.99999999999994	0.	1.416808298898344e-11	9.133701309072921e-7	1.8313387382177244e-9
303.	0.	1.3720245820902975e-11	9.455433055547854e-7	1.9008972273118865e-9
303.99999999999994	0.	1.3264237190103746e-11	9.772237863873793e-7	1.969823073182205e-9
305.	0.	1.2802909611472152e-11	1.008372524711166e-6	2.038031121374113e-9
306.	0.	1.2338849219117663e-11	1.038952972682137e-6	2.105440398739959e-9
307.	0.	1.1874388949776515e-11	1.0689310155241605e-6	2.1719740363577233e-9
308.	0.	1.1411617839574735e-11	1.0982749038259395e-6	2.2375591910145757e-9
309.	0.	1.0952396959326755e-11	1.1269551859864407e-6	2.302126965379619e-9
310.	0.	1.0498371019541327e-11	1.1549446409231356e-6	2.3656123270850853e-9
310.99999999999994	0.	1.0050981315709995e-11	1.1822182110824794e-6	2.427954026786171e-9
312.	0.	9.61148148409628e-12	1.2087529358604006e-6	2.489094515412233e-9
312.99999999999994	0.	9.180950500238677e-12	1.2345278854680522e-6	2.548979860677035e-9
314.	0.	8.760302952766091e-12	1.2595240953299511e-6	2.6075596630246953e-9
314.99999999999994	0.	8.350306535734963e-12	1.2837245010550113e-6	2.664786971095161e-9
316.	0.	7.951590342988104e-12	1.3071138740585248e-6	2.720618196873092e-9
317.	0.	7.564659342590375e-12	1.329678757868997e-6	2.775013030595477e-9
318.	0.	7.189904507266777e-12	1.3514074051602203e-6	2.8279343555085583e-9
319.	0.	6.827615104099016e-12	1.3722897156073246e-6	2.8793481626890683e-9
320.	0.	6.4779849404458756e-12	1.3923171745179194e-6	2.9292234658388356e-9
321.	0.	6.141128163457375e-12	1.4114827923719188e-6	2.9775322163448482e-9
321.99999999999994	0.	5.81708196460498e-12	1.4297810452351374e-6	3.024249218546654e-9
323.	0.	5.505818393366152e-12	1.447207816120731e-6	3.0693520453829167e-9
323.99999999999994	0.	5.207252614924084e-12	1.463760337305878e-6	3.1128209544507205e-9
325.	0.	4.921248041002234e-12	1.4794371336455444e-6	3.1546388045854685e-9
326.	0.	4.64762463985395e-12	1.4942379668929052e-6	3.1947909730023052e-9
327.	0.	4.386161856218583e-12	1.5081637810550788e-6	3.233265273081856e-9
328.	0.	4.136610000171547e-12	1.5212166488274387e-6	3.2700518729160703e-9
329.	0.	3.898690642217717e-12	1.5333997190625669e-6	3.3051432145444303e-9
330.	0.	3.6721031708431746e-12	1.5447171653610598e-6	3.338533934092589e-9
330.99999999999994	0.	3.4565259809000856e-12	1.5551741357421684e-6	3.370220782749891e-9
332.	0.	3.2516279705391204e-12	1.5647767034263675e-6	3.400202548681774e-9
332.99999999999994	0.	3.0570615327291267e-12	1.5735318187614903e-6	3.4284799799739228e-9
334.	0.	2.872474873107702e-12	1.5814472622327053e-6	3.455055708507473e-9
335.	0.	2.6975093019753722e-12	1.5885315986441317e-6	3.4799341749852635e-9
336.	0.	2.5318037391864738e-12	1.5947941324101815e-6	3.5031215550049583e-9
337.	0.	2.374996697396221e-12	1.6002448639906007e-6	3.524625686283533e-9
338.	0.	2.2267265684413667e-12	1.604894447468144e-6	3.544455997062398e-9
339.	0.	2.0866369546882836e-12	1.6087541492467985e-6	3.56262343567619e-9
339.99999999999994	0.	1.9543727886748415e-12	1.6118358078899317e-6	3.5791404013598723e-9
341.	0.	1.829588398628477e-12	1.614151795098821e-6	3.594020676327975e-9
341.99999999999994	0.	1.7119424647978796e-12	1.61571497778206e-6	3.607279359048822e-9
343.	0.	1.6011011824411453e-12	1.6165386812843588e-6	3.6189327988989197e-9
343.99999999999994	0.	1.4967400716196452e-12	1.6166366536821743e-6	3.6289985320247674e-9
345.	0.	1.3985423491367388e-12	1.6160230312084568e-6	3.6374952185841415e-9
346.	0.	1.3062029572196319e-12	1.6147123047580404e-6	3.6444425812921295e-9
347.	0.	1.219424116284805e-12	1.6127192874704732e-6	3.649861345298044e-9
348.	0.	1.1379186550262892e-12	1.6100590833919257e-6	3.653773179430494e-9
349.	0.	1.0614100166575568e-12	1.6067470571855207e-6	3.6562006387750065e-9
350.	0.	9.89634066357318e-13	1.6027988048825842e-6	3.6571671086004615e-9
350.99999999999994	0.	9.223333072721542e-13	1.5982301256817856e-6	3.6566967496837074e-9
352.	0.	8.592623287194507e-13	1.5930569947543094e-6	3.654814444970639e-9
352.99999999999994	0.	8.001868112498356e-13	1.5872955370389246e-6	3.6515457475695553e-9
354.	0.	7.448822984790075e-13	1.5809620020493805e-6	3.646916830161116e-9
355.	0.	6.931338261157392e-13	1.5740727396395082e-6	3.6409544357328857e-9
356.	0.	6.447353788569377e-13	1.5666441767177824e-6	3.6336858296513177e-9
357.	0.	5.994934875996266e-13	1.558692794912878e-6	3.6251387531072405e-9
358.	0.	5.572210454960989e-13	1.5502351091605947e-6	3.615341377898433e-9
359.	0.	5.177406250385982e-13	1.5412876471736711e-6	3.6043222624913377e-9
359.99999999999994	0.	4.808866425041695e-13	1.5318669298391315e-6	3.592110309497281e-9
361.	0.	4.4649769551699385e-13	1.5219894524476146e-6	3.578734724371577e-9
361.99999999999994	0.	4.144239051745406e-13	1.5116716667883784e-6	3.5642249754443154e-9
363.	0.	3.845212190557655e-13	1.5009299640876914e-6	3.5486107552612534e-9
363.99999999999994	0.	3.5665644153672255e-13	1.489780658749488e-6	3.5319219431680702e-9
365.	0.	3.3069812304740964e-13	1.478239972890563e-6	3.5141885691486296e-9
366.	0.	3.0652903300525793e-13	1.4663240216748278e-6	3.4954407789574086e-9
367.	0.	2.840325930577782e-13	1.4540487993806086e-6	3.4757088004180486e-9
368.	0.	2.6310090802203067e-13	1.4414301662337119e-6	3.455022910993708e-9
368.99999999999994	0.	2.4363515699610625e-13	1.4284838359432844e-6	3.4334134065069335e-9
370.	0.	2.2553731458369836e-13	1.4152253639611732e-6	3.4109105710855844e-9
370.99999999999994	0.	2.0871802708616078e-13	1.4016701364137558e-6	3.3875446482393464e-9
372.	0.	1.9309364744987348e-13	1.387833359706403e-6	3.363345813093174e-9
372.99999999999994	0.	1.7858326773872192e-13	1.3737300507789046e-6	3.3383441457512703e-9
374.	0.	1.6511322706621713e-13	1.3593750279930383e-6	3.3125696057713683e-9
375.	0.	1.5261301691299662e-13	1.3447829026220452e-6	3.28605200770048e-9
376.	0.	1.4101758355623398e-13	1.3299680709550165e-6	3.258820997728033e-9
377.	0.	1.3026323353246045e-13	1.3149447069637472e-6	3.2309060313524228e-9
378.	0.	1.2029516030872233e-13	1.299726755530139e-6	3.202336352079066e-9
379.	0.	1.1105594792261435e-13	1.2843279262261142e-6	3.173140971153045e-9
379.99999999999994	0.	1.0249724438498824e-13	1.2687616876027854e-6	3.1433486482422204e-9
381.	0.	9.457142728289501e-14	1.253041262004958e-6	3.112987873131743e-9
381.99999999999994	0.	8.72327573003901e-14	1.23717962086353e-6	3.0820868483341847e-9
383.	0.	8.044156413542984e-14	1.2211894804647723e-6	3.0506734726328077e-9
384.	0.	7.415809208761594e-14	1.2050832981834564e-6	3.018775325545926e-9
385.	0.	6.834565317058071e-14	1.1888732691505039e-6	2.9864196526586052e-9
386.	0.	6.297165028761841e-14	1.1725713233497152e-6	2.953633351827109e-9
387.	0.	5.800454688955354e-14	1.156189123122944e-6	2.920442960222729e-9
388.	0.	5.3413920822592286e-14	1.1397380610733191e-6	2.8868746422068264e-9
388.99999999999994	0.	4.917347132049667e-14	1.1232292583398323e-6	2.85295417798728e-9
390.	0.	4.525703566015373e-14	1.1066735632483787e-6	2.818706953086005e-9
390.99999999999994	0.	4.164157106496486e-14	1.0900815502994142e-6	2.784157948533095e-9
392.	0.	3.830421111320296e-14	1.0734635195026212e-6	2.7493317318296827e-9
392.99999999999994	0.	3.522519108933335e-14	1.0568294960245276e-6	2.7142524486083664e-9
394.	0.	3.2385883957815074e-14	1.0401892301494464e-6	2.678943815006808e-9
395.	0.	2.9765981367907895e-14	1.0235521975295304e-6	2.64342911070701e-9
396.	0.	2.735201238671054e-14	1.0069275997190932e-6	2.6077311726415828e-9
397.	0.	2.5126923039287357e-14	9.903243649750655e-7	2.5718723893338713e-9
397.99999999999994	0.	2.3075771624056615e-14	9.7375114931914e-7	2.5358746958733706e-9
399.	0.	2.118749055030876e-14	9.572163378290087e-7	2.4997595694545137e-9
399.99999999999994	0.	1.9448448931588502e-14	9.407280461749471e-7	2.463548025532872e-9
401.	0.	1.7847056740290876e-14	9.24294122369559e-7	2.4272606145268396e-9
401.99999999999994	0.	1.6373698838177224e-14	9.079221487223925e-7	2.3909174190540693e-9
403.	0.	1.5018049305492346e-14	8.916194439975068e-7	2.354538051708319e-9
404.	0.	1.3770859297145717e-14	8.753930657501225e-7	2.318141653324392e-9
405.	0.	1.2623927159643552e-14	8.592498128487672e-7	2.2817468917578385e-9
406.	0.	1.1570065875870745e-14	8.431962281456378e-7	2.245371961090407e-9
407.	0.	1.0600566738532166e-14	8.272386013204168e-7	2.209034581336946e-9
408.	0.	9.710251848595324e-15	8.113829718574828e-7	2.1727519985563086e-9
408.99999999999994	0.	8.89240495187901e-15	7.95635132160821e-7	2.1365409853856054e-9
410.	0.	8.14129127700952e-15	7.800006307980267e-7	2.100417841982749e-9
410.99999999999994	0.	7.452116848826369e-15	7.644847758610998e-7	2.0643983973519135e-9
412.	0.	6.818632354308244e-15	7.49092638434998e-7	2.0284980110345703e-9
412.99999999999994	0.	6.237887003724353e-15	7.33829056170141e-7	1.992731575162687e-9
414.	0.	5.705446848854281e-15	7.186986369395679e-7	1.9571135168282215e-9
415.	0.	5.2170090342766194e-15	7.037057625981721e-7	1.921657800822182e-9
416.	0.	4.768406623917617e-15	6.888545927943816e-7	1.886377932614235e-9
417.	0.	4.357814248797925e-15	6.741490688752204e-7	1.8512869616893245e-9
417.99999999999994	0.	3.981256808182184e-15	6.595929178420306e-7	1.8163974851301895e-9
419.	0.	3.636332555734729e-15	6.451896563639613e-7	1.7817216514695067e-9
419.99999999999994	0.	3.320707163439398e-15	6.309425948422661e-7	1.7472711647971166e-9
421.	0.	3.0314235889475728e-15	6.168548415208226e-7	1.713057289113809e-9
421.99999999999994	0.	2.7670021815889495e-15	6.029293066294683e-7	1.6790908528985049e-9
423.	0.	2.52465209706017e-15	5.891687065584921e-7	1.6453822538875829e-9
424.	0.	2.303021764334184e-15	5.755755680638681e-7	1.6119414640685282e-9
425.	0.	2.1001437636504664e-15	5.621522324901081e-7	1.5787780348544835e-9
426.	0.	1.9147688265594013e-15	5.489008600069801e-7	1.5459011024317397e-9
426.99999999999994	0.	1.7450548142558807e-15	5.35823433856906e-7	1.513319393273744e-9
428.	0.	1.58985875837797e-15	5.229217646149544e-7	1.481041229829321e-9
428.99999999999994	0.	1.4486855758387351e-15	5.101974944358615e-7	1.4490745363150543e-9
430.	0.	1.3192415146096448e-15	4.976521013143437e-7	1.4174268446876418e-9
430.99999999999994	0.	1.2011210115672551e-15	4.8528690332277e-7	1.386105300696162e-9
432.	0.	1.0933391653468579e-15	4.73103062846008e-7	1.3551166700715968e-9
432.99999999999994	0.	9.949516470053412e-16	4.611015908043876e-7	1.3244673448292273e-9
434.	0.	9.050549301096997e-16	4.4928335084516687e-7	1.2941633496285686e-9
435.	0.	8.227864296973759e-16	4.376490635261316e-7	1.264210348259235e-9
436.	0.	7.483990671448945e-16	4.261993104640239e-7	1.2346136501749678e-9
437.	0.	6.799971837381869e-16	4.1493453845728267e-7	1.2053782171032922e-9
437.99999999999994	0.	6.178753773991486e-16	4.0385506358184107e-7	1.1765086697275058e-9
439.	0.	5.612746537159899e-16	3.929610752439917e-7	1.1480092943945901e-9
439.99999999999994	0.	5.099741294857988e-16	3.8225264020535935e-7	1.1198840498925525e-9
441.	0.	4.627797702421947e-16	3.717297065627995e-7	1.092136574246875e-9
441.99999999999994	0.	4.2000959648409464e-16	3.613921076909071e-7	1.0647701915580456e-9
443.	0.	3.8100834247448016e-16	3.512395661366959e-7	1.037787918848924e-9
444.	0.	3.456188449771913e-16	3.4127169747297224e-7	1.0111924729403594e-9
445.	0.	3.1323704509330975e-16	3.3148801410179585e-7	9.849862773288927e-10
446.	0.	2.8417567876189563e-16	3.218879290095132e-7	9.591714690698458e-10
446.99999999999994	0.	2.574234526876864e-16	3.124707594690565e-7	9.337499056518987e-10
448.	0.	2.3330501806768526e-16	3.0323573069523446e-7	9.087231718789937e-10
448.99999999999994	0.	2.1128799095100613e-16	2.941819794393585e-7	8.840925867175126e-10
450.	0.	1.9127951582114042e-16	2.853085575342491e-7	8.598592101401935e-10
450.99999999999994	0.	1.7318781222900257e-16	2.766144353796636e-7	8.360238499354613e-10
452.	0.	1.565395229519143e-16	2.6809850537442647e-7	8.12587068499405e-10
453.	0.	1.4164600918132866e-16	2.5975958528446677e-7	7.895491895760864e-10
454.	0.	1.2805411145530387e-16	2.5159642156012737e-7	7.669103049847771e-10
455.	0.	1.1570333088557388e-16	2.4360769258312023e-7	7.44670281272755e-10
455.99999999999994	0.	1.0453405256131818e-16	2.357920118666624e-7	7.228287663631731e-10
457.	0.	9.448759399707608e-17	2.2814793117921671e-7	7.013851961059273e-10
457.99999999999994	0.	8.517611107121181e-17	2.2067394362055628e-7	6.803388008169715e-10
459.	0.	7.688991101229185e-17	2.1336848662616823e-7	6.596886117306602e-10
459.99999999999994	0.	6.925967592690721e-17	2.0622994491698156e-7	6.394334674149147e-10
461.	0.	6.256040639326118e-17	1.9925665337923958e-7	6.19572020100256e-10
461.99999999999994	0.	5.644103077523268e-17	1.9244689988702434e-7	6.001027419588643e-10
463.	0.	5.087272118772713e-17	1.8579892806334982e-7	5.810239313189135e-10
464.	0.	4.5827197511426326e-17	1.7931093996957222e-7	5.623337187796522e-10
465.	0.	4.1276745311801257e-17	1.729810987445034e-7	5.440300732915102e-10
466.	0.	3.719423256503269e-17	1.6680753116980188e-7	5.261108081256142e-10
466.99999999999994	0.	3.329502425179284e-17	1.6078833018069368e-7	5.085735867897922e-10
468.	0.	3.00768610684446e-17	1.5492155730908232e-7	4.914159288479243e-10
468.99999999999994	0.	2.7005480380731757e-17	1.4920524506603448e-7	4.746352156619899e-10
470.	0.	2.431398477627501e-17	1.4363739926605323e-7	4.58228696061983e-10
470.99999999999994	0.	2.174908402532184e-17	1.3821600128288166e-7	4.4219349190849203e-10
472.	0.	1.9530030683439852e-17	1.3293901025113747e-7	4.2652660359074717e-10
473.	0.	1.7418405603226892e-17	1.2780436520296206e-7	4.112249154231277e-10
474.	0.	1.5620093527140215e-17	1.228099871443514e-7	3.96285200952241e-10
475.	0.	1.4112718552606393e-17	1.1795378107696133e-7	3.8170412819064713e-10
475.99999999999994	0.	1.2679519221476512e-17	1.1323363795109724e-7	3.6747826472852106e-10
477.	0.	1.1318763874528962e-17	1.0864743657169198e-7	3.536040827908875e-10
477.99999999999994	0.	1.0028710204906892e-17	1.0419304543618307e-7	3.400779641696789e-10
479.	0.	8.983758959573556e-18	9.986832452227802e-8	3.2689620508616237e-10
479.99999999999994	0.	8.163941106629454e-18	9.567112701439221e-8	3.1405502094470503e-10
481.	0.	7.221730010514235e-18	9.159930097461602e-8	3.015505509941853e-10
481.99999999999994	0.	6.490159629009593e-18	8.765069096321951e-8	2.8937886291095117e-10
483.	0.	5.798084639823445e-18	8.38231395961668e-8	2.7753595725951356e-10
484.	0.	5.144439695254911e-18	8.011448905766508e-8	2.660177718876133e-10
484.99999999999994	0.	4.528158153583024e-18	7.652258255185709e-8	2.548201862007078e-10
486.	0.	4.084316789418245e-18	7.304526570882905e-8	2.4393902536339723e-10
486.99999999999994	0.	3.665218442251834e-18	6.968038793438535e-8	2.3337006439029553e-10
488.	0.	3.2701501527477475e-18	6.642580371112269e-8	2.2310903214874664e-10
488.99999999999994	0.	2.898399686829763e-18	6.327937385064832e-8	2.131516152704157e-10
490.	0.	2.549256036987931e-18	6.02389666943122e-8	2.0349346196040016e-10
491.	0.	2.222009909810915e-18	5.730245926899442e-8	1.9413018572330038e-10
491.99999999999994	0.	2.0223960994049433e-18	5.446773839145926e-8	1.850573689819459e-10
492.99999999999994	0.	1.7322834753073654e-18	5.173270173123957e-8	1.762705666199357e-10
494.	0.	1.5595420436678905e-18	4.9095258824440236e-8	1.677653094198795e-10
495.	0.	1.3973761024983983e-18	4.6553332044413524e-8	1.5953710741506415e-10
496.	0.	1.2454334653891927e-18	4.4104857527341e-8	1.5158145314548433e-10
496.99999999999994	0.	1.103363774141208e-18	4.174778605836128e-8	1.4389382483521946e-10
497.99999999999994	0.	9.70818704376158e-19	3.9480083910114704e-8	1.364696894609381e-10
499.	0.	8.474521645486026e-19	3.72997336469106e-8	1.293045057546082e-10
500.	0.	7.329204880347972e-19	3.520473488182073e-8	1.2239372709445287e-10
500.99999999999994	0.	6.268826187183452e-19	3.319310500244374e-8	1.1573280433631253e-10
501.99999999999994	0.	5.951253259440918e-19	3.1262879849121894e-8	1.0931718852703901e-10
503.	0.	5.016436523168891e-19	2.9412114364501725e-8	1.0314233356333552e-10
504.	0.	4.1575818530245816e-19	2.763888319906062e-8	9.720369874042539e-11
505.	0.	3.9332900237182785e-19	2.5941281286679665e-8	9.149675123757098e-11
505.99999999999994	0.	3.185521941547809e-19	2.4317424382807996e-8	8.601696851238849e-11
506.99999999999994	0.	3.005976375094641e-19	2.276544956721163e-8	8.075984060879226e-11
508.	0.	2.3605803849599746e-19	2.128351571746465e-8	7.572087239836042e-11
509.	0.	2.221351982512932e-19	1.986980394612819e-8	7.089558572823752e-11
509.99999999999994	0.	2.0872440237099396e-19	1.852251801049521e-8	6.627952150510018e-11
510.99999999999994	0.	1.5665633981789789e-19	1.7239884687752392e-8	6.18682416879109e-11
512.	0.	1.4673434111152475e-19	1.602015412405797e-8	5.765733121786748e-11
513.	0.	1.3720916802760343e-19	1.486160015243207e-8	5.3642399865557066e-11
514.	0.	9.605728513268454e-20	1.3762520584452422e-8	4.981908401140823e-11
514.9999999999999	0.	8.949859373951193e-20	1.2721237472451845e-8	4.618304834581834e-11
516.	0.	8.322735609850198e-20	1.1736097348417177e-8	4.272998750962458e-11
517.	0.	7.724007291429746e-20	1.0805471433304523e-8	3.945562765050437e-11
518.	0.	7.153319409011282e-20	9.927755825753184e-9	3.635572792624765e-11
518.9999999999999	0.	4.406874761419696e-20	9.101371664067664e-9	3.342608193107114e-11
520.	0.	4.0630807502148856e-20	8.324765265452394e-9	3.066251905786816e-11
521.	0.	3.7372518068307285e-20	7.596408243138847e-9	2.806090579724622e-11
522.	0.	3.4291394829481505e-20	6.914797602591576e-9	2.5617146976262287e-11
523.	0.	3.138492815702163e-20	6.278455813445121e-9	2.332718692300514e-11
524.	0.	2.865058496115515e-20	5.685930867066719e-9	2.1187010592208976e-11
525.	0.	1.3042905154023876e-20	5.135796306483345e-9	1.919264460138188e-11
526.	0.	1.1844014525365755e-20	4.626651245697891e-9	1.7340158239278083e-11
527.	0.	1.072732370156614e-20	4.157120364944886e-9	1.562566439545347e-11
527.9999999999999	0.	9.691527247612239e-21	3.725853890218058e-9	1.4045320440570239e-11
529.	0.	8.73531195541297e-21	3.331527557946422e-9	1.2595329059637144e-11
530.	0.	7.857357590526618e-21	2.9728425602732695e-9	1.1271939019874223e-11
531.	0.	7.056337629147802e-21	2.6485254764321197e-9	1.0071445892654883e-11
532.	0.	6.330919980684527e-21	2.357328189028758e-9	8.990192723948972e-12
533.	0.	5.6797676972479076e-21	2.0980277863485852e-9	8.024570656409217e-12
534.	0.	5.1015396669908984e-21	1.869426450154377e-9	7.171019499981527e-12
535.	0.	4.594891295021412e-21	1.6703513309638642e-9	6.42602825757067e-12
536.	0.	4.158475168837133e-21	1.49965441024948e-9	5.786135602628112e-12
536.9999999999999	0.	3.790941710464656e-21	1.3562123509314837e-9	5.247930312931167e-12
538.	0.	3.490939819672242e-21	1.2389263382467709e-9	4.808051667691334e-12
539.	0.	0.	1.1467219043708078e-9	4.463189781426887e-12
540.	0.	0.	1.078548750471523e-9	4.21008592666829e-12
540.9999999999999	0.	0.	1.0333805515648282e-9	4.045532787968589e-12
542.	0.	0.	1.0102147565814603e-9	3.96637469451713e-12
543.	0.	0.	1.0080723782801437e-9	3.96950780978233e-12
544.	0.	0.	1.0259977744609567e-9	4.0518802830400635e-12
545.	0.	0.	1.0630584217121717e-9	4.2104923668929344e-12
545.9999999999999	0.	0.	1.1183446816489569e-9	4.442396499926192e-12
547.	0.	0.	1.1909695594835469e-9	4.7446973531601396e-12
548.	0.	0.	1.2800684576257605e-9	5.1145518503599986e-12
549.	0.	0.	1.3847989214659334e-9	5.549169150279864e-12
549.9999999999999	0.	0.	1.504340380255607e-9	6.04581060180598e-12
551.	0.	0.	1.6378938827014709e-9	6.601789669930129e-12
552.	0.	0.	1.784681827451808e-9	7.214471832718974e-12
553.	0.	0.	1.9439476885095003e-9	7.881274448867207e-12
554.	0.	0.	2.1149557378500967e-9	8.599666604545824e-12
554.9999999999999	0.	0.	2.2969907620436275e-9	9.367168926119211e-12
556.	0.	0.	2.489357778154944e-9	1.0181353379662474e-11
557.	0.	0.	2.6913817433635858e-9	1.1039843034268154e-11
558.	0.	0.	2.9024072643029285e-9	1.194031181314724e-11
558.9999999999999	0.	0.	3.1217983023921344e-9	1.2880484216969738e-11
560.	0.	0.	3.3489378781777723e-9	1.3858135031431119e-11
561.	0.	0.	3.5832277714661653e-9	1.4871089005439858e-11
562.	0.	0.	3.824088222731234e-9	1.5917220522231833e-11
563.	0.	0.	4.070957630979472e-9	1.6994453243236265e-11
563.9999999999999	0.	0.	4.323292251658799e-9	1.8100759739236462e-11
565.	0.	0.	4.580565892469392e-9	1.923416109966029e-11
566.	0.	0.	4.842269610169016e-9	2.0392726532666933e-11
567.	0.	0.	5.107911405761632e-9	2.1574572944906795e-11
567.9999999999999	0.	0.	5.377015920131815e-9	2.277786450937156e-11
569.	0.	0.	5.649124129483928e-9	2.4000812218464944e-11
570.	0.	0.	5.923793040780248e-9	2.524167342292113e-11
571.	0.	0.	6.200595388491542e-9	2.6498751361996087e-11
572.	0.	0.	6.4791193311876626e-9	2.777039467854774e-11
572.9999999999999	0.	0.	6.758968149720732e-9	2.9054996926337067e-11
574.	0.	0.	7.0397599452600476e-9	3.035099606199187e-11
575.	0.	0.	7.3211273404647565e-9	3.165687393564042e-11
576.	0.	0.	7.602717179760696e-9	3.297115576280598e-11
576.9999999999999	0.	0.	7.8841902328674e-9	3.4292409595324355e-11
578.	0.	0.	8.165220899243613e-9	3.5619245781209474e-11
579.	0.	0.	8.445496914730585e-9	3.695031641894976e-11
580.	0.	0.	8.724719059509364e-9	3.8284314802365664e-11
581.	0.	0.	9.002600868759777e-9	3.9619974862054514e-11
582.	0.	0.	9.278868345637362e-9	4.0956070601780875e-11
583.	0.	0.	9.55325967550982e-9	4.229141552514441e-11
584.	0.	0.	9.825524944329422e-9	4.362486206521245e-11
585.	0.	0.	1.0095425857614761e-8	4.49553010016025e-11
585.9999999999999	0.	0.	1.0362735463767663e-8	4.628166088151137e-11
587.	0.	0.	1.0627237879039795e-8	4.760290743287113e-11
588.	0.	0.	1.0888728015903805e-8	4.891804297747485e-11
589.	0.	0.	1.1147011313642026e-8	5.022610583884433e-11
589.9999999999999	0.	0.	1.140190347275455e-8	5.1526169752094405e-11
591.	0.	0.	1.165323019202112e-8	5.2817343270679794e-11
592.	0.	0.	1.190082690825634e-8	5.409876917025585e-11
593.	0.	0.	1.2144538539951655e-8	5.5369623855164825e-11
594.	0.	0.	1.2384219233770648e-8	5.662911676299549e-11
594.9999999999999	0.	0.	1.2619732114488378e-8	5.787648977001312e-11
596.	0.	0.	1.2850949037691261e-8	5.911101659445012e-11
597.	0.	0.	1.307775034699431e-8	6.033200220584805e-11
598.	0.	0.	1.3300024633481807e-8	6.153878223007876e-11
598.9999999999999	0.	0.	1.3517668499247419e-8	6.273072235878678e-11
600.	0.	0.	1.3730586324406564e-8	6.390721776054425e-11
601.	0.	0.	1.3938690037352208e-8	6.506769249280867e-11
602.	0.	0.	1.414189888861132e-8	6.621159891648897e-11
603.	0.	0.	1.4340139228727468e-8	6.733841711529892e-11
603.9999999999999	0.	0.	1.4533344288575043e-8	6.844765431259543e-11
605.	0.	0.	1.4721453964934403e-8	6.95388442991433e-11
606.	0.	0.	1.4904414607951117e-8	7.061154685614668e-11
607.	0.	0.	1.5082178813417028e-8	7.166534718752216e-11
607.9999999999999	0.	0.	1.5254705218021273e-8	7.269985535290161e-11
609.	0.	0.	1.5421958298731336e-8	7.371470570703674e-11
610.	0.	0.	1.5583908175279965e-8	7.470955634093876e-11
611.	0.	0.	1.5740530416399647e-8	7.568408852799521e-11
612.	0.	0.	1.5891805850161372e-8	7.663800617698901e-11
612.9999999999999	0.	0.	1.6037720376992717e-8	7.757103528539457e-11
614.	0.	0.	1.6178264787150533e-8	7.848292340166361e-11
615.	0.	0.	1.631343458143738e-8	7.937343909091959e-11
616.	0.	0.	1.6443229795387708e-8	8.024237140532821e-11
616.9999999999999	0.	0.	1.6567654827162903e-8	8.108952936053018e-11
618.	0.	0.	1.668671826892124e-8	8.191474141720637e-11
619.	0.	0.	1.6800432741684214e-8	8.271785496810593e-11
620.	0.	0.	1.6908814733903276e-8	8.349873583174636e-11
621.	0.	0.	1.701188444298791e-8	8.425726774937769e-11
621.9999999999999	0.	0.	1.7109665621069013e-8	8.499335189169907e-11
623.	0.	0.	1.7202185423407375e-8	8.570690636771162e-11
624.	0.	0.	1.7289474260681595e-8	8.639786574201469e-11
625.	0.	0.	1.7371565654462384e-8	8.7066180557345e-11
625.9999999999999	0.	0.	1.7448496096129287e-8	8.771181686385412e-11
627.	0.	0.	1.7520304908878964e-8	8.833475575357833e-11
628.	0.	0.	1.758703411353075e-8	8.89349929038835e-11
629.	0.	0.	1.7648728296680642e-8	8.951253812280573e-11
629.9999999999999	0.	0.	1.770543448297452e-8	9.006741490542401e-11
630.9999999999999	0.	0.	1.7757202010029624e-8	9.059965999408845e-11
632.	0.	0.	1.780408240687558e-8	9.110932294711625e-11
633.	0.	0.	1.78461292749626e-8	9.159646571133741e-11
634.	0.	0.	1.7883398172458833e-8	9.206116220237254e-11
634.9999999999999	0.	0.	1.7915946502000256e-8	9.250349789372265e-11
636.	0.	0.	1.7943833401124544e-8	9.292356941096367e-11
637.	0.	0.	1.7967119635110875e-8	9.33214841297868e-11
638.	0.	0.	1.7985867493697376e-8	9.369735978570282e-11
638.9999999999999	0.	0.	1.8000140689905018e-8	9.405132408648598e-11
640.	0.	0.	1.801000426234271e-8	9.438351433469213e-11
641.	0.	0.	1.801552447949956e-8	9.469407705267811e-11
642.	0.	0.	1.8016768747542638e-8	9.498316761825988e-11
643.	0.	0.	1.801380552046136e-8	9.52509499051641e-11
643.9999999999999	0.	0.	1.800670421277891e-8	9.549759592962952e-11
645.	0.	0.	1.7995535115195533e-8	9.572328550527954e-11
646.	0.	0.	1.7980369312429408e-8	9.592820590259303e-11
647.	0.	0.	1.7961278603997616e-8	9.61125515171202e-11
647.9999999999999	0.	0.	1.793833542731961e-8	9.627652354335546e-11
649.	0.	0.	1.7911612783000996e-8	9.642032965371031e-11
650.	0.	0.	1.7881184163038343e-8	9.654418368671983e-11
651.	0.	0.	1.7847123480807165e-8	9.664830533861107e-11
652.	0.	0.	1.7809505004144472e-8	9.673291986546245e-11
652.9999999999999	0.	0.	1.77684032896925e-8	9.679825778624763e-11
654.	0.	0.	1.772389312054052e-8	9.684455459798059e-11
655.	0.	0.	1.7676049445318395e-8	9.687205049314221e-11
656.	0.	0.	1.7624947319607114e-8	9.688099008424388e-11
656.9999999999999	0.	0.	1.7570661849687145e-8	9.687162213585911e-11
658.	0.	0.	1.7513268138272738e-8	9.684419930237082e-11
659.	0.	0.	1.745284123190811e-8	9.679897786980767e-11
660.	0.	0.	1.738945607082393e-8	9.673621750636318e-11
661.	0.	0.	1.7323187440746913e-8	9.66561810189705e-11
661.9999999999999	0.	0.	1.725410992604959e-8	9.655913411270173e-11
663.	0.	0.	1.7182297865279344e-8	9.644534515890811e-11
664.	0.	0.	1.7107825308550337e-8	9.63150849694363e-11
665.	0.	0.	1.7030765976277436e-8	9.616862657414195e-11
665.9999999999999	0.	0.	1.695119322001188e-8	9.600624500611664e-11
667.	0.	0.	1.6869179984737467e-8	9.582821709118797e-11
668.	0.	0.	1.6784798773322922e-8	9.563482124578264e-11
669.	0.	0.	1.6698121611746392e-8	9.542633727546391e-11
670.	0.	0.	1.6609220016666112e-8	9.520304618321069e-11
670.9999999999999	0.	0.	1.651816496438163e-8	9.496522998218727e-11
672.	0.	0.	1.6425026860948916e-8	9.4713171511764e-11
673.	0.	0.	1.632987551402952e-8	9.444715426025584e-11
674.	0.	0.	1.6232780106322295e-8	9.416746219366934e-11
674.9999999999999	0.	0.	1.6133809170127454e-8	9.387437958798645e-11
676.	0.	0.	1.6033030563363686e-8	9.35681908669838e-11
677.	0.	0.	1.5930511446920588e-8	9.324918044502066e-11
678.	0.	0.	1.5826318263302793e-8	9.29176325746922e-11
678.9999999999999	0.	0.	1.5720516716641192e-8	9.257383119990699e-11
679.9999999999999	0.	0.	1.561317175374014e-8	9.221805981258779e-11
681.	0.	0.	1.550434754636745e-8	9.185060131430807e-11
682.	0.	0.	1.5394107474848166e-8	9.147173788336794e-11
683.	0.	0.	1.5282514112532697e-8	9.108175084488361e-11
683.9999999999999	0.	0.	1.5169629211699676e-8	9.0680920547323e-11
685.	0.	0.	1.5055513690112487e-8	9.026952624097296e-11
686.	0.	0.	1.494022761898352e-8	8.984784596291952e-11
687.	0.	0.	1.482383021167538e-8	8.941615642466936e-11
687.9999999999999	0.	0.	1.4706379813522631e-8	8.897473290479235e-11
688.9999999999999	0.	0.	1.4587933892475805e-8	8.852384914491662e-11
690.	0.	0.	1.4468549030879037e-8	8.806377725104119e-11
691.	0.	0.	1.4348280917786154e-8	8.759478759667855e-11
692.	0.	0.	1.4227184342475152e-8	8.711714873191652e-11
692.9999999999999	0.	0.	1.4105313188530772e-8	8.663112729465801e-11
694.	0.	0.	1.3982720428909544e-8	8.613698792668239e-11
695.	0.	0.	1.3859458121736792e-8	8.563499319305089e-11
696.	0.	0.	1.3735577406723996e-8	8.512540350429704e-11
696.9999999999999	0.	0.	1.3611128502454352e-8	8.460847704297441e-11
698.	0.	0.	1.3486160704330443e-8	8.408446969341068e-11
699.	0.	0.	1.3360722383207084e-8	8.3553634974866e-11
700.	0.	0.	1.3234860984569403e-8	8.301622397731622e-11
701.	0.	0.	1.3108623028496192e-8	8.247248530143874e-11
701.9999999999999	0.	0.	1.2982054110111528e-8	8.192266500101019e-11
703.	0.	0.	1.2855198900686921e-8	8.136700652881526e-11
704.	0.	0.	1.2728101149187123e-8	8.08057506848272e-11
705.	0.	0.	1.2600803684475615e-8	8.023913556810758e-11
705.9999999999999	0.	0.	1.2473348418051611e-8	7.966739653166157e-11
707.	0.	0.	1.2345776347097442e-8	7.909076613893402e-11
708.	0.	0.	1.2218127558175899e-8	7.85094741241506e-11
709.	0.	0.	1.2090441231387331e-8	7.792374735536606e-11
710.	0.	0.	1.196275564475926e-8	7.73338097988153e-11
710.9999999999999	0.	0.	1.1835108179353494e-8	7.673988248774857e-11
712.	0.	0.	1.1707535324445542e-8	7.614218349164356e-11
713.	0.	0.	1.1580072683382198e-8	7.554092788975823e-11
714.	0.	0.	1.1452754979565272e-8	7.493632774552574e-11
714.9999999999999	0.	0.	1.132561606295915e-8	7.432859208439331e-11
716.	0.	0.	1.1198688916742787e-8	7.371792687270465e-11
717.	0.	0.	1.107200566444115e-8	7.31045349998479e-11
718.	0.	0.	1.0945597577321758e-8	7.24886162623336e-11
719.	0.	0.	1.0819495081917175e-8	7.187036734889825e-11
719.9999999999999	0.	0.	1.069372776800904e-8	7.124998182892261e-11
721.	0.	0.	1.056832439681642e-8	7.062765014247964e-11
722.	0.	0.	1.0443312909236525e-8	7.000355959106106e-11
723.	0.	0.	1.0318720434599813e-8	6.937789433207784e-11
723.9999999999999	0.	0.	1.0194573299397456e-8	6.875083537357249e-11
725.	0.	0.	1.0070897036360279e-8	6.812256057170173e-11
726.	0.	0.	9.947716393585545e-9	6.749324462899609e-11
727.	0.	0.	9.825055343924597e-9	6.686305909485027e-11
727.9999999999999	0.	0.	9.702937094515158e-9	6.623217236749816e-11
728.9999999999999	0.	0.	9.581384096398968e-9	6.560074969710827e-11
730.	0.	0.	9.460418054409809e-9	6.496895319126244e-11
731.	0.	0.	9.340059936986768e-9	6.433694182052384e-11
732.	0.	0.	9.220329986280523e-9	6.370487142659874e-11
732.9999999999999	0.	0.	9.101247728242022e-9	6.307289473102357e-11
734.	0.	0.	8.982831982912925e-9	6.244116134587493e-11
735.	0.	0.	8.865100874657483e-9	6.180981778475459e-11
736.	0.	0.	8.748071842606755e-9	6.117900747593622e-11
736.9999999999999	0.	0.	8.631761651058814e-9	6.054887077590574e-11
737.9999999999999	0.	0.	8.516186400017233e-9	5.991954498459795e-11
739.	0.	0.	8.401361535697135e-9	5.929116436114489e-11
740.	0.	0.	8.287301861161045e-9	5.866386014129289e-11
741.	0.	0.	8.17402154687588e-9	5.803776055503974e-11
741.9999999999999	0.	0.	8.061534141387065e-9	5.741299084588099e-11
743.	0.	0.	7.94985258197463e-9	5.6789673290731106e-11
744.	0.	0.	7.83898920526903e-9	5.616792722036712e-11
745.	0.	0.	7.728955757976935e-9	5.554786904148467e-11
745.9999999999999	0.	0.	7.61976340746183e-9	5.492961225855141e-11
746.9999999999999	0.	0.	7.511422752459124e-9	5.431326749745796e-11
748.	0.	0.	7.403943833646e-9	5.369894252899629e-11
749.	0.	0.	7.2973361442592974e-9	5.30867422935314e-11
750.	0.	0.	7.191608640675201e-9	5.247676892627513e-11
750.9999999999999	0.	0.	7.086769752931674e-9	5.18691217830245e-11
752.	0.	0.	6.982827395240696e-9	5.1263897466704536e-11
753.	0.	0.	6.8797889764138e-9	5.066118985417408e-11
754.	0.	0.	6.777661410271676e-9	5.006109012380467e-11
754.9999999999999	0.	0.	6.676451126000013e-9	4.9463686783573226e-11
756.	0.	0.	6.576164078402154e-9	4.8869065699294656e-11
757.	0.	0.	6.476805758190306e-9	4.8277310124048805e-11
758.	0.	0.	6.37838120202893e-9	4.7688500726679085e-11
759.	0.	0.	6.2808950027482685e-9	4.7102715622477575e-11
759.9999999999999	0.	0.	6.184351319243906e-9	4.652003040243764e-11
761.	0.	0.	6.088753886476304e-9	4.594051816417488e-11
762.	0.	0.	5.994106025281122e-9	4.5364249542346484e-11
763.	0.	0.	5.900410652180773e-9	4.4791292739996814e-11
763.9999999999999	0.	0.	5.807670288992188e-9	4.4221713559285954e-11
765.	0.	0.	5.715887072502806e-9	4.3655575433655174e-11
766.	0.	0.	5.6250627638798194e-9	4.309293945887332e-11
767.	0.	0.	5.535198758134729e-9	4.2533864425434455e-11
768.	0.	0.	5.446296093411886e-9	4.197840685051616e-11
768.9999999999999	0.	0.	5.35835546016366e-9	4.1426621009986565e-11
770.	0.	0.	5.271377210285587e-9	4.0878558971001355e-11
771.	0.	0.	5.185361366112718e-9	4.0334270624455034e-11
772.	0.	0.	5.100307629293932e-9	3.979380371737779e-11
772.9999999999999	0.	0.	5.016215389601915e-9	3.9257203885736964e-11
774.	0.	0.	4.933083733592409e-9	3.872451468696476e-11
775.	0.	0.	4.850911453208228e-9	3.8195777632941395e-11
776.	0.	0.	4.76969705418205e-9	3.767103222229316e-11
776.9999999999999	0.	0.	4.689438764444688e-9	3.715031597361136e-11
777.9999999999999	0.	0.	4.610134542325725e-9	3.663366445791987e-11
779.	0.	0.	4.531782084686897e-9	3.612111133147611e-11
780.	0.	0.	4.454378834910794e-9	3.5612688368294395e-11
781.	0.	0.	4.37792199080959e-9	3.510842549288831e-11
781.9999999999999	0.	0.	4.302408512404572e-9	3.460835081284743e-11
783.	0.	0.	4.2278351295624e-9	3.4112490651102826e-11
784.	0.	0.	4.154198349549538e-9	3.3620869578385164e-11
785.	0.	0.	4.081494464471185e-9	3.3133510445582877e-11
785.9999999999999	0.	0.	4.009719558541752e-9	3.265043441556807e-11
786.9999999999999	0.	0.	3.938869515315735e-9	3.21716609955249e-11
788.	0.	0.	3.868940024723613e-9	3.169720806849754e-11
789.	0.	0.	3.7999265900529495e-9	3.12270919253075e-11
790.	0.	0.	3.731824534756866e-9	3.0761327295846034e-11
790.9999999999999	0.	0.	3.6646290092035114e-9	3.0299927380682145e-11
792.	0.	0.	3.598334997243165e-9	2.984290388194211e-11
793.	0.	0.	3.5329373227271095e-9	2.939026703457081e-11
794.	0.	0.	3.468430655834548e-9	2.894202563676546e-11
794.9999999999999	0.	0.	3.404809519364554e-9	2.8498187080877635e-11
795.9999999999999	0.	0.	3.3420682948213763e-9	2.805875738334015e-11
797.	0.	0.	3.280201228481415e-9	2.7623741215180233e-11
798.	0.	0.	3.219202437264549e-9	2.7193141931625615e-11
799.	0.	0.	3.159065914529877e-9	2.6766961601793676e-11
799.9999999999999	0.	0.	3.0997855357435446e-9	2.6345201038016817e-11
801.	0.	0.	3.0413550640635436e-9	2.5927859825169067e-11
802.	0.	0.	2.9837681557498877e-9	2.5514936349205337e-11
803.	0.	0.	2.927018365532503e-9	2.5106427826024725e-11
803.9999999999999	0.	0.	2.871099151821191e-9	2.4702330329665725e-11
804.9999999999999	0.	0.	2.816003881820864e-9	2.4302638820355494e-11
806.	0.	0.	2.7617258365546796e-9	2.3907347172421028e-11
807.	0.	0.	2.7082582157253265e-9	2.3516448201464118e-11
808.	0.	0.	2.6555941425397792e-9	2.3129933691850832e-11
808.9999999999999	0.	0.	2.6037266683728314e-9	2.2747794423437935e-11
810.	0.	0.	2.552648777348505e-9	2.237002019820133e-11
811.	0.	0.	2.5023533908163207e-9	2.1996599866562384e-11
812.	0.	0.	2.452833371713255e-9	2.1627521353312874e-11
812.9999999999999	0.	0.	2.4040815288339556e-9	2.126277168333029e-11
814.	0.	0.	2.3560906210032553e-9	2.0902337007004138e-11
815.	0.	0.	2.3088533611284952e-9	2.05462026251932e-11
816.	0.	0.	2.262362420168024e-9	2.0194353013983484e-11
816.9999999999999	0.	0.	2.216610431009082e-9	1.984677184920968e-11
817.9999999999999	0.	0.	2.171589992221265e-9	1.9503442030402584e-11
819.	0.	0.	2.1272936717517402e-9	1.9164345704760094e-11
820.	0.	0.	2.0837140104794714e-9	1.8829464290369962e-11
821.	0.	0.	2.0408435257362317e-9	1.8498778499658265e-11
821.9999999999999	0.	0.	1.9986747146717004e-9	1.817226836193258e-11
823.	0.	0.	1.9572000575731266e-9	1.7849913246016788e-11
824.	0.	0.	1.916412021068585e-9	1.753169188231034e-11
825.	0.	0.	1.8763030612702936e-9	1.7217582384789657e-11
825.9999999999999	0.	0.	1.8368656268019775e-9	1.6907562272414736e-11
826.9999999999999	0.	0.	1.7980921617428313e-9	1.6601608490232358e-11
828.	0.	0.	1.759975108517134e-9	1.6299697430435378e-11
829.	0.	0.	1.722506910662094e-9	1.6001804952738236e-11
830.	0.	0.	1.685680015540292e-9	1.570790640467656e-11
830.9999999999999	0.	0.	1.6494868769502519e-9	1.5417976641387073e-11
832.	0.	0.	1.6139199576827203e-9	1.5131990045293983e-11
833.	0.	0.	1.5789717319763911e-9	1.4849920545269277e-11
834.	0.	0.	1.5446346879008798e-9	1.457174163550919e-11
834.9999999999999	0.	0.	1.5109013296765022e-9	1.4297426394203946e-11
835.9999999999999	0.	0.	1.4777641799067398e-9	1.4026947501770353e-11
837.	0.	0.	1.445215781737144e-9	1.376027725875949e-11
838.	0.	0.	1.4132487009558796e-9	1.3497387603575895e-11
839.	0.	0.	1.3818555279974997e-9	1.323825012963244e-11
839.9999999999999	0.	0.	1.351028879913928e-9	1.2982836102540613e-11
841.	0.	0.	1.3207614022432594e-9	1.2731116476661237e-11
842.	0.	0.	1.2910457708244426e-9	1.248306191147129e-11
843.	0.	0.	1.2618746935631462e-9	1.2238642787776451e-11
843.9999999999999	0.	0.	1.2332409120860847e-9	1.1997829223169274e-11
844.9999999999999	0.	0.	1.205137203399796e-9	1.1760591087831716e-11
846.	0.	0.	1.1775563814173535e-9	1.1526898019358515e-11
847.	0.	0.	1.1504912984770735e-9	1.1296719437792555e-11
848.	0.	0.	1.1239348467732573e-9	1.107002456008091e-11
848.9999999999999	0.	0.	1.0978799597394224e-9	1.0846782414349558e-11
850.	0.	0.	1.0723196133682375e-9	1.0626961853813655e-11
851.	0.	0.	1.0472468274785509e-9	1.0410531570438847e-11
852.	0.	0.	1.0226546669323187e-9	1.0197460108350649e-11
852.9999999999999	0.	0.	9.985362427825946e-10	9.987715876812876e-12
853.9999999999999	0.	0.	9.748847133898225e-10	9.78126716312931e-12
855.	0.	0.	9.516932854659762e-10	9.578082145055435e-12
856.	0.	0.	9.289552150837457e-10	9.378128903088188e-12
857.	0.	0.	9.066638086229441e-10	9.181375432342051e-12
857.9999999999999	0.	0.	8.848124236859779e-10	8.987789654325518e-12
859.	0.	0.	8.633944699504915e-10	8.79733942829148e-12
860.	0.	0.	8.424034099749454e-10	8.609992562303556e-12
861.	0.	0.	8.218327599802626e-10	8.425716824257163e-12
861.9999999999999	0.	0.	8.016760905598038e-10	8.244479952349762e-12
863.	0.	0.	7.81927027365029e-10	8.066249665488097e-12
864.	0.	0.	7.625792517454942e-10	7.890993673395008e-12
865.	0.	0.	7.43626501340408e-10	7.718679686387231e-12
865.9999999999999	0.	0.	7.250625706449807e-10	7.549275425056664e-12
866.9999999999999	0.	0.	7.068813115130367e-10	7.382748629441823e-12
868.	0.	0.	6.890766336575873e-10	7.219067068330449e-12
869.	0.	0.	6.716425050792398e-10	7.0581985479565334e-12
870.	0.	0.	6.545729524803903e-10	6.900110920681029e-12
870.9999999999999	0.	0.	6.378620616359613e-10	6.744772093356926e-12
872.	0.	0.	6.215039777308127e-10	6.592150035464117e-12
873.	0.	0.	6.054929056663298e-10	6.44221278704616e-12
874.	0.	0.	5.898231103319475e-10	6.294928466389353e-12
874.9999999999999	0.	0.	5.744889168453198e-10	6.150265277484021e-12
875.9999999999999	0.	0.	5.594847107684266e-10	6.008191517333076e-12
877.	0.	0.	5.448049382776759e-10	5.868675582870855e-12
878.	0.	0.	5.304441063276329e-10	5.731685977912273e-12
879.	0.	0.	5.16396782765909e-10	5.597191319667625e-12
879.9999999999999	0.	0.	5.026575964334273e-10	5.46516034518747e-12
881.	0.	0.	4.892212372346412e-10	5.3355619175637915e-12
882.	0.	0.	4.760824561803671e-10	5.208365031914025e-12
883.	0.	0.	4.632360654096624e-10	5.083538821208553e-12
883.9999999999999	0.	0.	4.506769381823168e-10	4.961052561849705e-12
884.9999999999999	0.	0.	4.3840000885108485e-10	4.8408756790893065e-12
886.	0.	0.	4.264002728130495e-10	4.722977752282824e-12
887.	0.	0.	4.1467278643662803e-10	4.607328519928159e-12
888.	0.	0.	4.0321266696522565e-10	4.493897884500836e-12
888.9999999999999	0.	0.	3.920150924073656e-10	4.3826559171876655e-12
890.	0.	0.	3.8107530139630015e-10	4.27357286232475e-12
891.	0.	0.	3.7038859304309927e-10	4.16661914180707e-12
892.	0.	0.	3.599503267615792e-10	4.061765359216556e-12
892.9999999999999	0.	0.	3.4975592207618985e-10	3.958982303794969e-12
893.9999999999999	0.	0.	3.398008584224556e-10	3.858240954363591e-12
895.	0.	0.	3.3008067491563153e-10	3.759512482909414e-12
896.	0.	0.	3.2059097011645675e-10	3.662768258163435e-12
897.	0.	0.	3.1132740177425314e-10	3.5679798489404477e-12
897.9999999999999	0.	0.	3.0228568655634333e-10	3.4751190273416628e-12
899.	0.	0.	2.9346159976623517e-10	3.384157771840619e-12
900.	0.	0.	2.848509750471732e-10	3.2950682702145e-12
901.	0.	0.	2.7644970406666455e-10	3.2078229222625763e-12
901.9999999999999	0.	0.	2.6825373619787516e-10	3.1223943424949585e-12
902.9999999999999	0.	0.	2.602590781830553e-10	3.0387553626143997e-12
904.	0.	0.	2.524617937851113e-10	2.9568790338604817e-12
905.	0.	0.	2.448580034335558e-10	2.876738629284821e-12
906.	0.	0.	2.374438838510437e-10	2.7983076457939985e-12
906.9999999999999	0.	0.	2.302156676797142e-10	2.7215598061805415e-12
908.	0.	0.	2.23169643091207e-10	2.6464690609531763e-12
909.	0.	0.	2.1630215338794467e-10	2.5730095900481084e-12
910.	0.	0.	2.096095965993066e-10	2.501155804466519e-12
910.9999999999999	0.	0.	2.030884250697293e-10	2.4308823477961388e-12
911.9999999999999	0.	0.	1.967351450323937e-10	2.3621640975442155e-12
913.	0.	0.	1.9054631618144056e-10	2.2949761664267663e-12
914.	0.	0.	1.8451855123805955e-10	2.2292939035621373e-12
914.9999999999999	0.	0.	1.7864851550540937e-10	2.165092895504685e-12
915.9999999999999	0.	0.	1.7293292641947044e-10	2.10234896719877e-12
917.	0.	0.	1.6736855309626493e-10	2.0410381828599886e-12
918.	0.	0.	1.6195221586980297e-10	1.9811368467117745e-12
919.	0.	0.	1.5668078582754856e-10	1.922621503657647e-12
919.9999999999999	0.	0.	1.5155118433992803e-10	1.865468939844127e-12
921.	0.	0.	1.4656038258576752e-10	1.8096561831379374e-12
922.	0.	0.	1.4170540107512694e-10	1.7551605035316564e-12
923.	0.	0.	1.3698330916486027e-10	1.7019594134184308e-12
923.9999999999999	0.	0.	1.3239122457400457e-10	1.6500306678237722e-12
924.9999999999999	0.	0.	1.2792631289635696e-10	1.599352264558577e-12
926.	0.	0.	1.235857871059587e-10	1.5499024442379112e-12
927.	0.	0.	1.193669070643635e-10	1.5016596902775668e-12
928.	0.	0.	1.1526697902516295e-10	1.4546027288075706e-12
928.9999999999999	0.	0.	1.112833551330929e-10	1.4087105284686434e-12
930.	0.	0.	1.0741343292733488e-10	1.363962300212795e-12
931.	0.	0.	1.0365465483585892e-10	1.3203374969371852e-12
932.	0.	0.	1.0000450767542828e-10	1.2778158131401113e-12
932.9999999999999	0.	0.	9.64605221478161e-11	1.2363771844734972e-12
933.9999999999999	0.	0.	9.302027233244154e-11	1.1960017871960737e-12
935.	0.	0.	8.968137518584782e-11	1.1566700376583342e-12
936.	0.	0.	8.644149003162642e-11	1.1183625916093238e-12
937.	0.	0.	8.32983180577502e-11	1.0810603435401942e-12
937.9999999999999	0.	0.	8.024960181133482e-11	1.0447444259381462e-12
939.	0.	0.	7.729312469254974e-11	1.0093962084689055e-12
940.	0.	0.	7.44267104514161e-11	9.749972971383532e-13
941.	0.	0.	7.164822268199268e-11	9.415295333584586e-13
941.9999999999999	0.	0.	6.895556432181777e-11	9.08974993022206e-13
942.9999999999999	0.	0.	6.634667714949046e-11	8.773159854913107e-13
944.	0.	0.	6.381954128263498e-11	8.465350525267131e-13
945.	0.	0.	6.1372174681552e-11	8.166149672321549e-13
946.	0.	0.	5.900263264866415e-11	7.875387328773849e-13
946.9999999999999	0.	0.	5.670900733444735e-11	7.592895817442013e-13
948.	0.	0.	5.448942724310289e-11	7.318509739042885e-13
949.	0.	0.	5.2342056739949656e-11	7.052065959553311e-13
950.	0.	0.	5.02650955619643e-11	6.793403597338232e-13
950.9999999999999	0.	0.	4.825677832915881e-11	6.542364009736237e-13
951.9999999999999	0.	0.	4.631537406107321e-11	6.298790779671133e-13
953.	0.	0.	4.443918569190279e-11	6.062529701417218e-13
954.	0.	0.	4.262654959113966e-11	5.833428766447902e-13
954.9999999999999	0.	0.	4.0875835086312386e-11	5.611338148899628e-13
955.9999999999999	0.	0.	3.918544398774851e-11	5.396110190635642e-13
957.	0.	0.	3.7553810116937274e-11	5.187599386138643e-13
958.	0.	0.	3.5979398837448983e-11	4.985662367071579e-13
959.	0.	0.	3.446070658989372e-11	4.790157886721767e-13
959.9999999999999	0.	0.	3.299626042853059e-11	4.600946803996768e-13
960.9999999999999	0.	0.	3.158461756233035e-11	4.4178920673526293e-13
962.	0.	0.	3.022436489949743e-11	4.240858698531193e-13
963.	0.	0.	2.8914118594447504e-11	4.069713775954471e-13
963.9999999999999	0.	0.	2.7652523599123698e-11	3.9043264180494456e-13
964.9999999999999	0.	0.	2.6438253216953853e-11	3.74456776625804e-13
966.	0.	0.	2.5270008661660158e-11	3.590310968057181e-13
967.	0.	0.	2.414651861928821e-11	3.441431159745264e-13
968.	0.	0.	2.306653881246603e-11	3.2978054488729104e-13
968.9999999999999	0.	0.	2.202885157149035e-11	3.1593128969599255e-13
969.9999999999999	0.	0.	2.1032265406710435e-11	3.0258345017227004e-13
971.	0.	0.	2.0075614585059375e-11	2.8972531792174466e-13
972.	0.	0.	1.9157758712122526e-11	2.7734537461002905e-13
972.9999999999999	0.	0.	1.8277582316479403e-11	2.6543229015456134e-13
973.9999999999999	0.	0.	1.743399443896104e-11	2.5397492091979293e-13
975.	0.	0.	1.6625928225369016e-11	2.429623078956136e-13
976.	0.	0.	1.5852340524057756e-11	2.323836748797487e-13
977.	0.	0.	1.5112211486328627e-11	2.2222842663428286e-13
977.9999999999999	0.	0.	1.440454417256141e-11	2.1248614705988109e-13
979.	0.	0.	1.372836416140878e-11	2.0314659734875376e-13
980.	0.	0.	1.3082719162475316e-11	1.9419971412302846e-13
980.9999999999999	0.	0.	1.2466678636027975e-11	1.8563560761117805e-13
982.	0.	0.	1.187933341321681e-11	1.7744455976697825e-13
982.9999999999999	0.	0.	1.1319795322687358e-11	1.6961702241807243e-13
983.9999999999999	0.	0.	1.0787196821991538e-11	1.6214361542146421e-13
985.	0.	0.	1.0280690630867297e-11	1.550151247826657e-13
985.9999999999999	0.	0.	9.799449370971371e-12	1.482225008073726e-13
987.	0.	0.	9.342665208776269e-12	1.417568562371852e-13
988.	0.	0.	8.909549502929877e-12	1.3560946438927745e-13
988.9999999999999	0.	0.	8.499332456274301e-12	1.297717573035225e-13
990.	0.	0.	8.11126277055612e-12	1.2423532386804363e-13
990.9999999999999	0.	0.	7.744607308277027e-12	1.1899190799124434e-13
992.	0.	0.	7.398650755613632e-12	1.1403340672833558e-13
993.	0.	0.	7.072695292053282e-12	1.093518684494775e-13
993.9999999999999	0.	0.	6.766060262181923e-12	1.0493949097992468e-13
995.	0.	0.	6.478081853930667e-12	1.007886197792906e-13
995.9999999999999	0.	0.	6.208112778511906e-12	9.689174608677544e-14
997.	0.	0.	5.955521957278969e-12	9.324150511411359e-14
998.	0.	0.	5.719694210408021e-12	8.983067420775893e-14
998.9999999999999	0.	0.	5.500029950916905e-12	8.665217103546261e-14
1000.	0.	0.	5.295944882855034e-12	8.369905177988588e-14