0.	0.	0.	0.	0.
1.	1.9611710922317532e-13	4.11219246030941e-13	4.292644051819338e-14	4.301518152897807e-15
2.	1.04233019961636e-14	7.105949838538052e-13	7.746266303217945e-14	7.778355394911526e-15
3.	3.3248034172971343e-16	9.189820624535533e-13	1.0465468758549748e-13	1.0530624066530582e-14
4.	8.18028337535296e-18	1.054083722747852e-12	1.2544865400006724e-13	1.2649200411213319e-14
5.	1.705538780609434e-19	1.1308542629839936e-12	1.4069874989288277e-13	1.421642905813873e-14
6.	3.1605472703104645e-21	1.161858625447957e-12	1.511745928053468e-13	1.5306781082729527e-14
7.	5.353801955600184e-23	1.1575924279767083e-12	1.5756809989623098e-13	1.5987468359996953e-14
8.	8.339006926325479e-25	1.1267658432708987e-12	1.6049987679369885e-13	1.6319016782152944e-14
9.	1.5137102822910266e-26	1.0765545783643977e-12	1.6052515544055682e-13	1.6355800775296585e-14
10.	7.508163280398395e-27	1.0128210351018353e-12	1.5813930909548778e-13	1.6146541419994747e-14
11.	1.127375314278629e-28	9.403085476481216e-13	1.53782971067237e-13	1.5734770356942418e-14
12.	1.615004046973703e-30	8.628114009743828e-13	1.4784678225451688e-13	1.515926154131859e-14
13.	2.2195325096526486e-32	7.833231397608573e-13	1.4067579113790348e-13	1.4454432797673906e-14
14.	2.9391951590306604e-34	7.04165484014296e-13	1.3257352851752252e-13	1.3650719020932328e-14
14.999999999999998	3.7634019606398484e-36	6.270999788299195e-13	1.2380577800831928e-13	1.2774918768109416e-14
16.	4.6721929267431255e-38	5.534243233269349e-13	1.1460406208980925e-13	1.185051588940189e-14
17.	5.636482273451301e-40	4.840551494458017e-13	1.0516886235617082e-13	1.0897977756156557e-14
18.	6.619123144951564e-42	4.195988561185511e-13	9.567259152229664e-14	9.935031556658797e-15
18.999999999999996	7.576747227401715e-44	3.60411949016287e-13	8.626233370900573e-14	8.976920048481352e-15
20.	8.462263334702305e-46	3.0665219102517635e-13	7.706236855323342e-14	8.036638078098808e-15
21.	9.227841602119518e-48	2.583217339332e-13	6.817649376395227e-14	7.125151104408547e-15
22.	9.828169773452854e-50	2.1530327745365236e-13	5.969015986928989e-14	6.251596892519976e-15
23.	1.0223747608145027e-51	1.77390187442126e-13	5.167243007232907e-14	5.423471477501742e-15
24.	1.0383985000140702e-53	1.4431140063956575e-13	4.417777735006809e-14	4.646800434542295e-15
24.999999999999996	1.028988750389258e-55	1.157518480681102e-13	3.7247730189765644e-14	3.926296432021039e-15
26.	9.936146674552399e-58	9.136904283306354e-14	3.091237765722932e-14	3.2655039871470356e-15
27.	9.332498026769942e-60	7.080640002003041e-14	2.5191743830543877e-14	2.666932289955909e-15
28.	8.504262054712179e-62	5.370378607648295e-14	2.0097041008295693e-14	2.1321769104170554e-15
29.	7.492039109158559e-64	3.9705731980211355e-14	1.5631810511700487e-14	1.6620311550587483e-15
29.999999999999996	6.350582768149739e-66	2.846768807496321e-14	1.1792959343427987e-14	1.2565877937395042e-15
31.	5.146925030372325e-68	1.966064815934262e-14	8.571700440631807e-15	9.153318338532434e-16
32.	3.957867361966714e-70	1.2974425729955053e-14	5.954403764170775e-15	6.372249782393034e-16
32.99999999999999	2.866982391574824e-72	8.119825707222447e-15	3.9233649986731815e-15	4.207823642577679e-16
34.	1.9612908448106275e-74	4.829920041422054e-15	2.4574981975508544e-15	2.6414214478422963e-16
35.	1.3277869697796905e-76	2.860604863782079e-15	1.5329582918632377e-15	1.6512843716578218e-16
36.	1.0499838147578694e-78	1.9905898983959727e-15	1.1236989908085894e-15	1.2130813337043096e-16
37.	1.2046384693930247e-80	2.020947299678234e-15	1.2019712332667374e-15	1.3004203355528435e-16
37.99999999999999	1.8587984044291598e-82	2.774326570697731e-15	1.738767003080924e-15	1.8853073598969044e-16
39.	3.0672852454122347e-84	4.093924421852156e-15	2.704212994445036e-15	2.938556886058566e-16
40.	4.87070370651257e-86	5.84228304668253e-15	4.067918306885928e-15	4.4301578134201463e-16
41.	7.294032972127758e-88	7.89997704775352e-15	5.799280060702737e-15	6.329598337962804e-16
42.	1.0345827377564106e-89	1.0164237891629785e-14	7.867750552529004e-15	8.606153094665326e-16
42.99999999999999	1.401802439857046e-91	1.2547555082334111e-14	1.0243069315848224e-14	1.1229135659271552e-15
44.	1.8286332008634035e-93	1.4976285014048883e-14	1.2895463212052394e-14	1.41681192963305e-15
44.99999999999999	2.3111145369848754e-95	1.738929151317376e-14	1.5795817453012654e-14	1.7393128645663593e-15
46.	2.8438925220964905e-97	1.973663624351784e-14	1.891582024545427e-14	2.0874804856041827e-15
47.	3.4203957528378166e-99	2.1978332279926493e-14	2.222808354982352e-14	2.45845465021585e-15
48.	4.033040599729896e-101	2.4083170124911423e-14	2.5706242261187103e-14	2.8494628458523124e-15
49.	4.673456568046762e-103	2.6027622134116312e-14	2.9325033946162866e-14	3.2578300750968543e-15
49.99999999999999	5.332722675307849e-105	2.7794828627746058e-14	3.3060361107536204e-14	3.680986926281909e-15
51.	6.001606198301266e-107	2.937366680597201e-14	3.6889337796141076e-14	4.116476003759545e-15
52.	6.67079588595094e-109	3.075790187789612e-14	4.079032224749644e-14	4.5619568793308174e-15
53.	7.331122704959898e-111	3.1945418486294817e-14	4.474293708777886e-14	5.0152097144207266e-15
54.	7.973762312426024e-113	3.2937529503652776e-14	4.872807852960599e-14	5.474137691406462e-15
54.99999999999999	8.590414666112088e-115	3.37383585361986e-14	5.272791586223865e-14	5.936768382020875e-15
56.	9.173457427085911e-117	3.4354291956097105e-14	5.672588243268911e-14	6.401254170920977e-15
56.99999999999999	9.716071027287582e-119	3.479349594826913e-14	6.070665921345261e-14	6.865871843303673e-15
58.	1.021233442145406e-120	3.506549387356393e-14	6.465615195868271e-14	7.329021436827998e-15
59.	1.065729158364875e-122	3.518079918518047e-14	6.85614628631823e-14	7.78922445003082e-15
59.99999999999999	1.104698971808225e-124	3.515059916567881e-14	7.241085755730344e-14	8.245121491882396e-15
61.	1.1378490915713837e-126	3.4986484856568085e-14	7.619372819522014e-14	8.695469450072093e-15
62.	1.164985959458098e-128	3.470022271375981e-14	7.990055332384846e-14	9.139138249031675e-15
63.	1.1860128512682032e-130	3.4303563725238414e-14	8.352285515452439e-14	9.575107262556025e-15
64.	1.2009246443172584e-132	3.3808085959922257e-14	8.705315479917487e-14	1.0002461440153407e-14
65.	1.2098010763548203e-134	3.322506676860265e-14	9.048492597674015e-14	1.0420387200914064e-14
65.99999999999999	1.2127988247722527e-136	3.256538112085812e-14	9.381254764385014e-14	1.082816814371546e-14
67.	1.210142727923843e-138	3.18394228291958e-14	9.70312559559213e-14	1.1225180617959562e-14
68.	1.2021164543638547e-140	3.105704567800497e-14	1.0013709592064477e-13	1.1610889194737324e-14
69.	1.189052902671461e-142	3.022752173607766e-14	1.0312687306511552e-13	1.1984842074327657e-14
70.	1.1713245861305204e-144	2.935951438416859e-14	1.0599810540026943e-13	1.2346666462229387e-14
70.99999999999999	1.1493342245607253e-146	2.846106383102887e-14	1.0874897593188732e-13	1.2696063942507993e-14
72.	1.1235057316420753e-148	2.7539583120702662e-14	1.1137828593558484e-13	1.3032805874048122e-14
73.	1.0942757514944827e-150	2.6601862849621677e-14	1.138854091842254e-13	1.3356728832379854e-14
74.	1.062085864280692e-152	2.5654083013361224e-14	1.1627024728955477e-13	1.3667730117035098e-14
75.	1.0273755481237675e-154	2.4701830589568564e-14	1.1853318629541732e-13	1.3965763341880454e-14
75.99999999999999	9.905759544588357e-157	2.3750121635564822e-14	1.2067505463786292e-13	1.4250834123590507e-14
77.	9.521045265977015e-159	2.2803426836610337e-14	1.226970825670841e-13	1.4522995881292714e-14
78.	9.123604671705847e-161	2.1865699584280874e-14	1.2460086310781653e-13	1.478234575848142e-14
79.	8.717210394019806e-163	2.0940405794376154e-14	1.263883146181745e-13	1.5029020676518293e-14
80.	8.305386699517586e-165	2.0030554790890157e-14	1.2806164499179876e-13	1.526319352740532e-14
80.99999999999999	7.891388072461417e-167	1.9138730687582297e-14	1.296233175346393e-13	1.548506951203325e-14
82.	7.478184786747925e-169	1.8267123792352805e-14	1.3107601853547599e-13	1.569488262875376e-14
83.	7.068454825096606e-171	1.7417561642713956e-14	1.3242262653833673e-13	1.5892892315892268e-14
84.	6.664581456363492e-173	1.6591539353991485e-14	1.3366618331523133e-13	1.607938025070595e-14
84.99999999999999	6.268655758426256e-175	1.579024902624796e-14	1.3480986652895784e-13	1.6254647306284406e-14
85.99999999999999	5.882483371666896e-177	1.501460801208127e-14	1.3585696406803553e-13	1.6419010666978187e-14
87.	5.50759478309534e-179	1.4265285896120523e-14	1.368108500291039e-13	1.6572801102128463e-14
88.	5.145258470553558e-181	1.3542730078999021e-14	1.3767496231630423e-13	1.671636039714914e-14
89.	4.796496276823085e-183	1.2847189894403806e-14	1.3845278182193213e-13	1.6850038940348855e-14
89.99999999999999	4.462100432069113e-185	1.2178739218191897e-14	1.3914781314838098e-13	1.6974193463318443e-14
90.99999999999999	4.1426516973001377e-187	1.1537297554095999e-14	1.3976356682769579e-13	1.7089184932206043e-14
92.	3.838538158891654e-189	1.0922649601720662e-14	1.4030354299178723e-13	1.7195376586739338e-14
93.	3.549974262986503e-191	1.033446332992951e-14	1.4077121644403635e-13	1.7293132123500913e-14
94.	3.277019736845339e-193	9.772306592726736e-15	1.4117002308073995e-13	1.7382814019604338e-14
94.99999999999999	3.0195981007679795e-195	9.235662335872746e-15	1.415033476094148e-13	1.746478199265914e-14
96.	2.777514527871529e-197	8.723942450966866e-15	1.4177451250964563e-13	1.7539391592659945e-14
97.	2.5504728590807235e-199	8.236500340153181e-15	1.4198676818156136e-13	1.760699292126716e-14
98.	2.3380916265302003e-201	7.77264225900463e-15	1.4214328422634477e-13	1.7667929473766973e-14
99.	2.1399189799064014e-203	7.331637508041497e-15	1.4224714180311342e-13	1.7722537098890294e-14
99.99999999999999	1.955446446838481e-205	6.9127275448496505e-15	1.423013270066639e-13	1.7771143071588757e-14
101.	1.784121490360001e-207	6.515134089109144e-15	1.4230872521090283e-13	1.7814065273804822e-14
102.	1.6253588536988602e-209	6.138066292330516e-15	1.4227211632321674e-13	1.785161147822314e-14
103.	1.4785507055214103e-211	5.78072704272843e-15	1.4219417089610256e-13	1.788407873002111e-14
104.	1.3430756174588645e-213	5.442318473772283e-15	1.4207744704296818e-13	1.7911752821606742e-14
104.99999999999999	1.2183064206324557e-215	5.122046742521295e-15	1.4192438810639036e-13	1.7934907855402413e-14
106.	1.1036169993443406e-217	4.819126141080657e-15	1.4173732102808376e-13	1.7953805889753585e-14
107.	9.983880884370394e-220	4.5327826014855235e-15	1.4151845537134514e-13	1.7968696663131484e-14
108.	9.020121464820164e-222	4.262256651094544e-15	1.4126988294801522e-13	1.7979817391861828e-14
109.	8.138973802612629e-224	4.00680587223254e-15	1.4099357800351886e-13	1.798739263670722e-14
109.99999999999999	7.334709973310208e-226	3.76570691645448e-15	1.4069139791517043e-13	1.7991634233743115e-14
111.	6.601817631405755e-228	3.538257120395605e-15	1.4036508436036195e-13	1.7992741285056197e-14
112.	5.935019375085696e-230	3.323775766854942e-15	1.4001626491310454e-13	1.7990900204941428e-14
113.	5.3292866254465044e-232	3.121605031447235e-15	1.3964645502882145e-13	1.7986284817368263e-14
113.99999999999999	4.7798487056290073e-234	2.931110652011663e-15	1.3925706037921327e-13	1.7979056500649238e-14
114.99999999999999	4.282197764161267e-236	2.7516823548977078e-15	1.388493795005016e-13	1.7969364375352157e-14
116.	3.832090141498888e-238	2.5827340693065606e-15	1.384246067201685e-13	1.7957345531652613e-14
117.	3.425544731222036e-240	2.4237039581173976e-15	1.3798383532896283e-13	1.794312529245958e-14
118.	3.0588388386908257e-242	2.274054290975569e-15	1.3752806096666232e-13	1.7926817508797485e-14
118.99999999999999	2.7285019915283247e-244	2.1332711829502213e-15	1.3705818519157477e-13	1.7908524884050782e-14
119.99999999999999	2.431308108832479e-246	2.000864219765416e-15	1.3657501920570047e-13	1.7888339323863016e-14
121.	2.164266390303245e-248	1.8763659884358964e-15	1.3607928770872657e-13	1.786634230858083e-14
122.	1.924611243002468e-250	1.7593315301635394e-15	1.3557163285590485e-13	1.784260528531772e-14
122.99999999999999	1.7097915226646596e-252	1.6493377304491613e-15	1.3505261829620463e-13	1.7817190076830642e-14
124.	1.5174593285142388e-254	1.5459826597264917e-15	1.345227332687375e-13	1.7790149304558168e-14
125.	1.345458555681051e-256	1.4488848762091829e-15	1.3398239673690867e-13	1.776152682330815e-14
126.	1.1918133774607175e-258	1.3576827012472068e-15	1.3343196154110404e-13	1.7731358165213426e-14
127.	1.0547168009587889e-260	1.27203347616423e-15	1.3287171855217403e-13	1.7699670990718833e-14
128.	9.325194138734469e-263	1.1916128083527109e-15	1.3230190080933828e-13	1.7666485544501124e-14
129.	8.23718417321143e-265	1.1161138133693953e-15	1.3172268762721543e-13	1.7631815114325027e-14
130.	7.269470194324082e-267	1.0452463587523574e-15	1.311342086582774e-13	1.759566649101431e-14
131.	6.409642468484979e-269	9.78736314467702e-16	1.3053654789783921e-13	1.7558040427788843e-14
131.99999999999997	5.646452159934507e-271	9.163248140717641e-16	1.2992974762012874e-13	1.7518932097377906e-14
133.	4.969718929124402e-273	8.577675300017532e-16	1.2931381223492967e-13	1.7478331545417378e-14
134.	4.370243593489301e-275	8.02833965778625e-16	1.2868871205538054e-13	1.743622413875591e-14
135.	3.839725933891247e-277	7.513067673914656e-16	1.2805438696846217e-13	1.739259100739857e-14
136.	3.370687652496112e-279	7.029810555967502e-16	1.274107500008464e-13	1.734740947894675e-14
137.	2.956400424275947e-281	6.576637804966707e-16	1.2675769077337882e-13	1.7300653504452377e-14
138.	2.590818933285109e-283	6.151730993711734e-16	1.2609507883859484e-13	1.7252294074739758e-14
139.	2.2685187445626425e-285	5.753377783961765e-16	1.2542276689636342e-13	1.720229962632383e-14
140.	1.9846388316130613e-287	5.379966186668796e-16	1.2474059388355215e-13	1.7150636436149028e-14
140.99999999999997	1.734828556580167e-289	5.029979066327842e-16	1.2404838793432615e-13	1.7097269004456557e-14
141.99999999999997	1.5151988842597218e-291	4.701988889080012e-16	1.233459692083147e-13	1.704216042516174e-14
143.	1.3222776009215024e-293	4.3946527123886053e-16	1.2263315258473477e-13	1.69852727432305e-14
144.	1.1529683035643464e-295	4.10670741222057e-16	1.219097502208375e-13	1.692656729857366e-14
145.	1.004512923891054e-297	3.8369651435300763e-16	1.211755739739044e-13	1.6866005056089085e-14
146.	8.744575531930258e-300	3.5843090277152457e-16	1.2043043768642086e-13	1.680354692153216e-14
147.	0.	3.347689060823746e-16	1.1967415933442197e-13	1.67391540429414e-14
148.	0.	3.1261182353429627e-16	1.189065630397289e-13	1.6672788097443327e-14
149.	0.	2.9186688680692857e-16	1.1812748094703958e-13	1.6604411563293666e-14
150.	0.	2.7244691261381284e-16	1.1733675496710757e-13	1.6533987977048475e-14
150.99999999999997	0.	2.5426997434839847e-16	1.1653423838794474e-13	1.6461482175857573e-14
151.99999999999997	0.	2.3725909190481376e-16	1.157197973559375e-13	1.6386860524867578e-14
153.	0.	2.2134193893201546e-16	1.148933122293018e-13	1.6310091129799206e-14
154.	0.	2.0645056664175328e-16	1.140546788064404e-13	1.6231144034786282e-14
155.	0.	1.9252114342273643e-16	1.1320380943210549e-13	1.614999140561572e-14
156.	0.	1.7949370945290527e-16	1.1234063398434789e-13	1.6066607698523094e-14
157.	0.	1.6731194554086902e-16	1.1146510074561813e-13	1.59809698147588e-14
158.	0.	1.559229554756216e-16	1.105771771612904e-13	1.589305724113156e-14
159.	0.	1.4527706112966657e-16	1.0967685048932565e-13	1.580285217680629e-14
160.	0.	1.353276096545286e-16	1.0876412834463928e-13	1.5710339646619066e-14
160.99999999999997	0.	1.2603079208570325e-16	1.0783903914201963e-13	1.5615507601218552e-14
161.99999999999997	0.	1.1734547270623403e-16	1.0690163244146546e-13	1.5518347004355163e-14
163.	0.	1.0923302858115975e-16	1.0595197919992095e-13	1.5418851907662765e-14
164.	0.	1.0165719866464968e-16	1.0499017193326233e-13	1.5317019513267944e-14
165.	0.	9.458394191748172e-17	1.0401632479280439e-13	1.5212850224631384e-14
166.	0.	8.798130392465633e-17	1.03030573560153e-13	1.5106347685969414e-14
167.	0.	8.181929149910834e-17	1.0203307556461286e-13	1.4997518810669875e-14
168.	0.	7.606975479771727e-17	1.010240095271396e-13	1.4886373799092734e-14
169.	0.	7.070627650936011e-17	1.000035753349319e-13	1.4772926146171293e-14
169.99999999999997	0.	6.570406768718992e-17	9.897199375059126e-14	1.465719263921455e-14
170.99999999999997	0.	6.103986981410805e-17	9.792950606000069e-14	1.4539193346353745e-14
171.99999999999997	0.	5.669186275208833e-17	9.687637366262648e-14	1.4418951596019824e-14
173.	0.	5.263957818041412e-17	9.581287760834519e-14	1.429649394790679e-14
174.	0.	4.886381824007138e-17	9.473931808449404e-14	1.417185015582589e-14
175.	0.	4.534657901143252e-17	9.365601385694227e-14	1.4045053122879773e-14
176.	0.	4.207097858552079e-17	9.25633016688283e-14	1.39161388493723e-14
177.	0.	3.902118941474914e-17	9.146153560062065e-14	1.378514637388145e-14
178.	0.	3.618237469692663e-17	9.035108639495049e-14	1.3652117707900066e-14
179.	0.	3.354062855251547e-17	8.923234074968477e-14	1.3517097764461968e-14
179.99999999999997	0.	3.108291974984961e-17	8.810570058257347e-14	1.3380134281159392e-14
180.99999999999997	0.	2.8797038782731784e-17	8.697158227069695e-14	1.3241277737950435e-14
181.99999999999997	0.	2.6671548093821782e-17	8.583041586776914e-14	1.3100581270138e-14
183.	0.	2.4695735227872494e-17	8.468264430247241e-14	1.2958100576928741e-14
184.	0.	2.285956880254583e-17	8.352872256067994e-14	1.2813893825939875e-14
185.	0.	2.1153657042159238e-17	8.236911685429903e-14	1.2668021554011679e-14
186.	0.	1.9569208803241018e-17	8.120430377963061e-14	1.2520546564715436e-14
187.	0.	1.809799689060261e-17	8.003476946767999e-14	1.2371533822884778e-14
188.	0.	1.6732323542717048e-17	7.886100872900177e-14	1.2221050346527583e-14
189.	0.	1.5464987964501058e-17	7.768352419545254e-14	1.2069165096451279e-14
189.99999999999997	0.	1.428925578722047e-17	7.650282546108253e-14	1.1915948863919227e-14
190.99999999999997	0.	1.3198830333568926e-17	7.53194282244481e-14	1.1761474156670589e-14
192.	0.	1.2187825572020756e-17	7.413385343424916e-14	1.1605815083583828e-14
193.	0.	1.1250740697161851e-17	7.294662644034403e-14	1.14490472382935e-14
194.	0.	1.0382436204142806e-17	7.175827615201656e-14	1.1291247582048403e-14
195.	0.	9.578111381496914e-18	7.05693342050898e-14	1.113249432606099e-14
196.	0.	8.833283158662557e-18	6.938033413970742e-14	1.0972866813638997e-14
197.	0.	8.143766193111724e-18	6.819181059020235e-14	1.0812445402332644e-14
198.	0.	7.505654166371179e-18	6.7004298488487e-14	1.0651311346337978e-14
198.99999999999997	0.	6.91530217308981e-18	6.581833228236057e-14	1.0489546679395517e-14
199.99999999999997	0.	6.3693101950613e-18	6.463444516996904e-14	1.0327234098402959e-14
200.99999999999997	0.	5.86450753059402e-18	6.34531683514962e-14	1.0164456847939513e-14
202.	0.	5.3979382021422985e-18	6.22750302991974e-14	1.0001298605909354e-14
203.	0.	4.966847207009798e-18	6.11005560467752e-14	9.837843370496988e-15
204.	0.	4.568667614495873e-18	5.993026649886214e-14	9.674175348594107e-15
205.	0.	4.201008456081084e-18	5.876467776155852e-14	9.510378845889484e-15
206.	0.	3.86164332772473e-18	5.760430049458544e-14	9.346538158754992e-15
207.	0.	3.548499711880762e-18	5.6449639285788684e-14	9.182737468091054e-15
208.	0.	3.2596489361983185e-18	5.530119204854713e-14	9.019060735269212e-15
208.99999999999997	0.	2.9932967527869964e-18	5.4159449442472376e-14	8.855591600283816e-15
209.99999999999997	0.	2.7477745066520244e-18	5.302489431798208e-14	8.692413282259788e-15
210.99999999999997	0.	2.5215308309276106e-18	5.1898001184866485e-14	8.52960848238939e-15
212.	0.	2.3131238866137856e-18	5.077923570535471e-14	8.367259289436161e-15
213.	0.	2.121214052654979e-18	4.9669054211726636e-14	8.205447087870776e-15
214.	0.	1.9445571012514283e-18	4.856790324873733e-14	8.044252468740605e-15
215.	0.	1.7819977850867148e-18	4.747621914082562e-14	7.883755143328058e-15
216.	0.	1.6324638300570403e-18	4.639442758426137e-14	7.724033859683508e-15
217.	0.	1.4949603253242548e-18	4.532294326421134e-14	7.565166322091212e-15
218.	0.	1.3685644436700164e-18	4.426216949656435e-14	7.407229113503709e-15
218.99999999999997	0.	1.2524205175196545e-18	4.321249789449916e-14	7.250297621004833e-15
219.99999999999997	0.	1.1457354328119808e-18	4.217430805958894e-14	7.094445964330074e-15
220.99999999999997	0.	1.0477743030062208e-18	4.1147967297328554e-14	6.939746927489079e-15
222.	0.	9.578564375058364e-19	4.013383035668849e-14	6.786271893487396e-15
223.	0.	8.753515697946679e-19	3.913223919359949e-14	6.634090782195273e-15
224.	0.	7.996763290134252e-19	3.81435227579159e-14	6.483271991351287e-15
225.	0.	7.302909395726729e-19	3.716799680364708e-14	6.33388234072875e-15
226.	0.	6.666961532693873e-19	3.620596372191066e-14	6.185987019435892e-15
227.	0.	6.0843036724658225e-19	3.525771239640428e-14	6.039649536378345e-15
227.99999999999997	0.	5.550669410705036e-19	3.4323518080794026e-14	5.894931673844104e-15
228.99999999999997	0.	5.06211700209059e-19	3.3403642297706925e-14	5.751893444219663e-15
229.99999999999997	0.	4.615005921151023e-19	3.249833275868039e-14	5.610593049788093e-15
230.99999999999997	0.	4.205975153536144e-19	3.160782330484683e-14	5.4710868456316655e-15
232.	0.	3.8319229113475477e-19	3.073233386750298e-14	5.333429305552873e-15
233.	0.	3.4899876728263734e-19	2.98720704482615e-14	5.197672991020395e-15
234.	0.	3.1775306145248748e-19	2.902722511827643e-14	5.063868523110737e-15
235.	0.	2.8921191647126837e-19	2.8197976035718303e-14	4.932064557359455e-15
236.	0.	2.6315118028995276e-19	2.738448748120348e-14	4.802307761526834e-15
237.	0.	2.393643822862961e-19	2.658690991050844e-14	4.674642796216371e-15
237.99999999999997	0.	2.176614140021318e-19	2.5805380023897173e-14	4.549112298282568e-15
238.99999999999997	0.	1.978672963306452e-19	2.504002085157997e-14	4.42575686699612e-15
239.99999999999997	0.	1.79821046935787e-19	2.4290941854633203e-14	4.3046150529001905e-15
240.99999999999997	0.	1.6337461465044151e-19	2.3558239040833174e-14	4.1857233493115105e-15
242.	0.	1.4839189523991572e-19	2.284199509474731e-14	4.069116186399046e-15
243.	0.	1.3474781806447297e-19	2.214227952146591e-14	3.9548259277784876e-15
244.	0.	1.223275001163213e-19	2.1459148803427127e-14	3.8428828695711824e-15
245.	0.	1.1102545636948637e-19	2.0792646569680865e-14	3.733315241855831e-15
245.99999999999997	0.	1.0074487436661276e-19	2.0142803777001076e-14	3.626149212450655e-15
247.	0.	9.139693109098035e-20	1.950963890214862e-14	3.52140889294257e-15
248.	0.	8.290017587195393e-20	1.8893158144971214e-14	3.4191163469477012e-15
248.99999999999997	0.	7.5179946397359e-20	1.8293355641289976e-14	3.319291600452702e-15
250.	0.	6.816782748660421e-20	1.7710213685434703e-14	3.2219526542491966e-15
250.99999999999997	0.	6.180116220551286e-20	1.7143702961531437e-14	3.1271154983350596e-15
252.	0.	5.602258706587162e-20	1.6593782783148763e-14	3.034794128245208e-15
252.99999999999997	0.	5.077960827233235e-20	1.606040134059927e-14	2.9450005632167324e-15
254.	0.	4.6024211638403654e-20	1.5543495955466443e-14	2.857744866141092e-15
254.99999999999997	0.	4.1712496245755227e-20	1.5042993341650712e-14	2.773035165203971e-15
256.	0.	3.780434047901547e-20	1.4558809872575238e-14	2.6908776771749712e-15
257.	0.	3.426309437866551e-20	1.4090851853834177e-14	2.6112767322419777e-15
258.	0.	3.105529285029523e-20	1.3639015800898777e-14	2.534234800344474e-15
259.	0.	2.815039289677104e-20	1.3203188721280522e-14	2.459752518918344e-15
260.	0.	2.55205322909194e-20	1.278324840076863e-14	2.387828722003572e-15
261.	0.	2.314030234053132e-20	1.2379063693015577e-14	2.3184604706005264e-15
262.	0.	2.0986548109329405e-20	1.1990494812339612e-14	2.2516430842696654e-15
263.	0.	1.903817192800531e-20	1.1617393628952652e-14	2.1873701738448397e-15
263.99999999999994	0.	1.7275965556779797e-20	1.125960396633563e-14	2.125633675224373e-15
265.	0.	1.5682444593163667e-20	1.0916961900334692e-14	2.06642388417498e-15
266.	0.	1.4241704018579705e-20	1.0589296059418391e-14	2.009729492056889e-15
267.	0.	1.2939280267034145e-20	1.0276427925830663e-14	1.955537622432202e-15
268.	0.	1.1762028340712697e-20	9.978172137134054e-15	1.9038338684720878e-15
269.	0.	1.0698008059110815e-20	9.694336787818685e-15	1.8546023311107786e-15
270.	0.	9.736375969815855e-21	9.424723730603656e-15	1.8078256578839165e-15
271.	0.	8.86729342775251e-21	9.169128876928603e-15	1.7634850823625156e-15
272.	0.	8.081833186977928e-21	8.927342496600293e-15	1.7215604641818286e-15
272.99999999999994	0.	7.371903853769927e-21	8.699149515848385e-15	1.6820303295269789e-15
274.	0.	6.730170814164038e-21	8.48432981386325e-15	1.6448719120928144e-15
274.99999999999994	0.	6.1499923258334304e-21	8.282658517225502e-15	1.6100611944068507e-15
276.	0.	5.6253536607890564e-21	8.093906292076435e-15	1.5775729494874664e-15
277.	0.	5.150813834766675e-21	7.917839633703191e-15	1.5473807827744025e-15
278.	0.	4.721451809927009e-21	7.754221153264544e-15	1.5194571742776872e-15
279.	0.	4.332818297411921e-21	7.60280986145052e-15	1.4937735209029276e-15
280.	0.	3.980893478343296e-21	7.463361448757457e-15	1.470300178888078e-15
281.	0.	3.662047484503921e-21	7.335628562207155e-15	1.4490065063144421e-15
281.99999999999994	0.	3.3730038441954e-21	7.219361078237599e-15	1.429860905633836e-15
283.	0.	3.1108065787467116e-21	7.114306371669126e-15	1.4128308661874995e-15
283.99999999999994	0.	2.872789910368873e-21	7.020209580409262e-15	1.3978830066440952e-15
285.	0.	2.6565514025193952e-21	6.9368138658492365e-15	1.3849831173402907e-15
286.	0.	2.4599258777414326e-21	6.8638606686284834e-15	1.3740962024517372e-15
287.	0.	2.2809646000624823e-21	6.801089959769954e-15	1.3651865219863656e-15
288.	0.	2.117913215269147e-21	6.7482404870025685e-15	1.3582176335540793e-15
289.	0.	1.969193934146216e-21	6.7050500159488e-15	1.3531524338381945e-15
290.	0.	1.8333864075954926e-21	6.671255566427295e-15	1.3499531998081553e-15
291.	0.	1.7092156020363554e-21	6.646593643332256e-15	1.3485816295539017e-15
292.	0.	1.5955344864473957e-21	6.630800462268732e-15	1.3489988827658797e-15
292.99999999999994	0.	1.4913139993270236e-21	6.6236121698336844e-15	1.3511656208261376e-15
294.	0.	1.3956289665446716e-21	6.624765058290133e-15	1.3550420464462152e-15
294.99999999999994	0.	1.3076495034091408e-21	6.633995774676892e-15	1.3605879428466366e-15
296.	0.	1.226631104075746e-21	6.651041524372053e-15	1.3677627124679778e-15
297.	0.	1.1519057171043978e-21	6.675640268849387e-15	1.3765254151456304e-15
298.	0.	1.082873905596463e-21	6.707530917712169e-15	1.3868348057505499e-15
299.	0.	1.0189982479648673e-21	6.746453515016305e-15	1.3986493712833127e-15
300.	0.	9.597971773863777e-22	6.792149419657107e-15	1.411927367359245e-15
301.	0.	9.04838902609391e-22	6.8443614800539884e-15	1.4266268541171057e-15
301.99999999999994	0.	8.53735557143392e-22	6.9028342028508986e-15	1.4427057314765458e-15
303.	0.	8.06140493647181e-22	6.967313915837742e-15	1.4601217737703154e-15
303.99999999999994	0.	7.617421694291812e-22	7.0375489250124864e-15	1.4788326637178617e-15
305.	0.	7.202611542879155e-22	7.113289665726625e-15	1.498796025711147e-15
306.	0.	6.814475296848989e-22	7.19428884805517e-15	1.5199694584250002e-15
307.	0.	6.45075476811996e-22	7.280301596336376e-15	1.5423105667231802e-15
308.	0.	6.109440406770373e-22	7.371085582854894e-15	1.5657769928368847e-15
309.	0.	5.788711466070461e-22	7.466401155831588e-15	1.590326446832437e-15
310.	0.	5.486934961538347e-22	7.566011461664946e-15	1.6159167363387696e-15
310.99999999999994	0.	5.202652971846816e-22	7.669682561455365e-15	1.6425057955233403e-15
312.	0.	4.934540469756543e-22	7.777183541947147e-15	1.6700517133271586e-15
312.99999999999994	0.	4.681395106166251e-22	7.888286620834963e-15	1.6985127609296023e-15
314.	0.	4.442155914089879e-22	8.002767246548373e-15	1.7278474184491282e-15
314.99999999999994	0.	4.215838360987789e-22	8.12040419261813e-15	1.7580144008841894e-15
316.	0.	4.0015691212090875e-22	8.24097964657526e-15	1.788972683265703e-15
317.	0.	3.7985470716476287e-22	8.364279293564936e-15	1.8206815250422703e-15
318.	0.	3.6060479524703516e-22	8.490092394655031e-15	1.8531004936758157e-15
319.	0.	3.423399282599955e-22	8.618211860003006e-15	1.8861894874652377e-15
320.	0.	3.250017496136951e-22	8.748434316899359e-15	1.9199087575841465e-15
321.	0.	3.085331406688862e-22	8.880560172782026e-15	1.9542189293355865e-15
321.99999999999994	0.	2.928847314173141e-22	9.014393673354325e-15	1.989081022635071e-15
323.	0.	2.7801051960215557e-22	9.149742955755551e-15	2.0244564716932422e-15
323.99999999999994	0.	2.6386685668250514e-22	9.28642009709921e-15	2.060307143949964e-15
325.	0.	2.504144375488892e-22	9.42424115828758e-15	2.0965953582227447e-15
326.	0.	2.3761604170480016e-22	9.563026223193043e-15	2.133283902072169e-15
327.	0.	2.2544000027755453e-22	9.702599433449154e-15	2.170336048421283e-15
328.	0.	2.138531251438043e-22	9.842789018884436e-15	2.2077155714199527e-15
329.	0.	2.0282602885308152e-22	9.98342732354416e-15	2.2453867615251286e-15
330.	0.	1.9233068250165237e-22	1.0124350827694437e-14	2.2833144398689817e-15
330.99999999999994	0.	1.8234397568624883e-22	1.0265400165623939e-14	2.3214639718575913e-15
332.	0.	1.7283813185130383e-22	1.0406420139533522e-14	2.3598012800493566e-15
332.99999999999994	0.	1.6379345481265987e-22	1.0547259729577937e-14	2.39829285631224e-15
334.	0.	1.5518676952690275e-22	1.0687772100063177e-14	2.4369057732452025e-15
335.	0.	1.469981196769633e-22	1.0827814602049758e-14	2.475607694905399e-15
336.	0.	1.392081017361766e-22	1.0967248772396821e-14	2.514366886834376e-15
337.	0.	1.317979942363558e-22	1.1105940329301487e-14	2.553152225381031e-15
338.	0.	1.2475184528578033e-22	1.1243759164569412e-14	2.5919332063609587e-15
339.	0.	1.180515282842079e-22	1.1380579332561735e-14	2.6306799530256724e-15
339.99999999999994	0.	1.1168384596610786e-22	1.151627903610401e-14	2.6693632233935663e-15
341.	0.	1.0563119927772914e-22	1.1650740609292477e-14	2.707954416914406e-15
341.99999999999994	0.	9.987986006192332e-23	1.178385049737703e-14	2.746425580495484e-15
343.	0.	9.441688274654503e-23	1.1915499233886589e-14	2.7847494139150814e-15
343.99999999999994	0.	8.922851631064509e-23	1.204558141499782e-14	2.822899274611109e-15
345.	0.	8.430338130983519e-23	1.2173995671261204e-14	2.86084918185897e-15
346.	0.	7.962723544944492e-23	1.2300644636892091e-14	2.898573820375467e-15
347.	0.	7.519005395160037e-23	1.2425434916574254e-14	2.9360485433247646e-15
348.	0.	7.098154627347444e-23	1.2548277050038023e-14	2.9732493747767023e-15
349.	0.	6.699135882977937e-23	1.2669085474343653e-14	3.01015301159026e-15
350.	0.	6.320629973972438e-23	1.2787778484152172e-14	3.0467368247780588e-15
350.99999999999994	0.	5.961951416545596e-23	1.2904278189876537e-14	3.0829788603162595e-15
352.	0.	5.622192214400982e-23	1.3018510474023911e-14	3.118857839463675e-15
352.99999999999994	0.	5.300353757362016e-23	1.3130404945657254e-14	3.154353158563285e-15
354.	0.	4.99552387239983e-23	1.3239894893126794e-14	3.18944488835278e-15
355.	0.	4.706916562055037e-23	1.3346917235223816e-14	3.2241137728115223e-15
356.	0.	4.433940074024621e-23	1.3451412470739736e-14	3.2583412275312075e-15
357.	0.	4.1755288914341404e-23	1.3553324626594251e-14	3.292109337641168e-15
358.	0.	3.931177544666994e-23	1.3652601204601084e-14	3.3254008552968403e-15
359.	0.	3.700325036644678e-23	1.3749193126952476e-14	3.3581991967430814e-15
359.99999999999994	0.	3.481890545686688e-23	1.384305468051948e-14	3.390488438968778e-15
361.	0.	3.2756292794238424e-23	1.3934143460058684e-14	3.422253315967305e-15
361.99999999999994	0.	3.0807237895117344e-23	1.4022420310317052e-14	3.4534792145941295e-15
363.	0.	2.8967927002376326e-23	1.4107849267333746e-14	3.484152170088218e-15
363.99999999999994	0.	2.7228596178394935e-23	1.419039749872276e-14	3.5142588611977932e-15
365.	0.	2.5590877794107113e-23	1.4270035243264116e-14	3.5437866049853707e-15
366.	0.	2.4042367229791174e-23	1.434673574975084e-14	3.5727233512932345e-15
367.	0.	2.2583239085203047e-23	1.4420475215182754e-14	3.601057676886699e-15
368.	0.	2.1209525061022823e-23	1.4491232722409104e-14	3.628778779295267e-15
368.99999999999994	0.	1.991124002339964e-23	1.455899017725667e-14	3.655876470356198e-15
370.	0.	1.8689484304524255e-23	1.4623732245254712e-14	3.6823411694837e-15
370.99999999999994	0.	1.7539065127847778e-23	1.468544628793119e-14	3.708163896653207e-15
372.	0.	1.6454066981452947e-23	1.474412229888593e-14	3.7333362651483594e-15
372.99999999999994	0.	1.5434046144411754e-23	1.4799752839582757e-14	3.757850474052518e-15
374.	0.	1.447322229144849e-23	1.4852332974957135e-14	3.7816993005058034e-15
375.	0.	1.356923281255379e-23	1.4901860208921642e-14	3.804876091745309e-15
376.	0.	1.2717193311761993e-23	1.4948334419805103e-14	3.827374756934712e-15
377.	0.	1.1919071245060575e-23	1.499175779581149e-14	3.849189758802688e-15
378.	0.	1.1164640099210571e-23	1.5032134770459476e-14	3.870316105077719e-15
379.	0.	1.0459460182300768e-23	1.5069471958207815e-14	3.890749339769627e-15
379.99999999999994	0.	9.795110649308866e-24	1.510377809016976e-14	3.910485534271331e-15
381.	0.	9.169641341936091e-24	1.513506395004558e-14	3.929521278312107e-15
381.99999999999994	0.	8.584503185569054e-24	1.5163342310320522e-14	3.947853670773423e-15
383.	0.	8.032760069156041e-24	1.5188627868696428e-14	3.9654803103578256e-15
384.	0.	7.515162896401734e-24	1.521093718494544e-14	3.9823992861587116e-15
385.	0.	7.031334993458699e-24	1.5230288618041618e-14	3.998609168093035e-15
386.	0.	6.576212363458098e-24	1.5246702263805707e-14	4.014108997257314e-15
387.	0.	6.148170700071618e-24	1.526019989290674e-14	4.0288982761663056e-15
388.	0.	5.7487507963889004e-24	1.5270804889447746e-14	4.04297695893322e-15
388.99999999999994	0.	5.373265073102611e-24	1.5278542189988847e-14	4.0563454413534366e-15
390.	0.	5.022312411531497e-24	1.5283438223223947e-14	4.0690045509487e-15
390.99999999999994	0.	4.6923575976886396e-24	1.5285520850147246e-14	4.080955536929072e-15
392.	0.	4.384549207885661e-24	1.5284819304939732e-14	4.092200060134252e-15
392.99999999999994	0.	4.095104930076434e-24	1.528136413642628e-14	4.102740182915264e-15
394.	0.	3.821131765886971e-24	1.5275187150271674e-14	4.112578359002545e-15
395.	0.	3.5700794208775765e-24	1.5266321351832744e-14	4.1217174233391046e-15
396.	0.	3.3305517379424285e-24	1.5254800889780668e-14	4.130160581910974e-15
397.	0.	3.107399346001098e-24	1.524066100043246e-14	4.137911401559617e-15
397.99999999999994	0.	2.9022789312453652e-24	1.5223937952907397e-14	4.1449737998094665e-15
399.	0.	2.706525425240559e-24	1.520466899503612e-14	4.1513520346923706e-15
399.99999999999994	0.	2.5242037861082435e-24	1.5182892300089026e-14	4.157050694589235e-15
401.	0.	2.3553735384433263e-24	1.5158646914359294e-14	4.1620746881002274e-15
401.99999999999994	0.	2.1957043025203474e-24	1.513197270555907e-14	4.166429233934344e-15
403.	0.	2.0465535402849648e-24	1.51029103121137e-14	4.170119850844001e-15
404.	0.	1.908018418920664e-24	1.507150109330383e-14	4.1731523475929345e-15
405.	0.	1.7787183550132307e-24	1.503778708030853e-14	4.1755328129748305e-15
406.	0.	1.655583203305232e-24	1.5001810928165245e-14	4.1772676058892645e-15
407.	0.	1.544449449292436e-24	1.4963615868585343e-14	4.17836334546102e-15
408.	0.	1.4385106191944541e-24	1.4923245663773476e-14	4.178826901246353e-15
408.99999999999994	0.	1.3396357483380585e-24	1.4880744561113632e-14	4.1786653834911305e-15
410.	0.	1.247542185743754e-24	1.4836157248803048e-14	4.177886133466608e-15
410.99999999999994	0.	1.1596039572409785e-24	1.478952881245605e-14	4.176496713891324e-15
412.	0.	1.0818826440302547e-24	1.4740904692616234e-14	4.17450489942606e-15
412.99999999999994	0.	1.0067550629807345e-24	1.4690330643260206e-14	4.1719186672674e-15
414.	0.	9.350861215055195e-25	1.4637852691230937e-14	4.168746187826317e-15
415.	0.	8.688157529944537e-25	1.458351709663375e-14	4.164995815504337e-15
416.	0.	8.109160659144671e-25	1.4527370314197457e-14	4.1606760795711e-15
417.	0.	7.53746454305509e-25	1.4469458955604193e-14	4.155795675148291e-15
417.99999999999994	0.	7.019969162406244e-25	1.4409829752756374e-14	4.150363454293745e-15
419.	0.	6.534407678991351e-25	1.4348529522046898e-14	4.144388417209015e-15
419.99999999999994	0.	6.065379410057132e-25	1.4285605129511773e-14	4.1378797035385446e-15
421.	0.	5.643689582798251e-25	1.42211034570402e-14	4.1308465838149245e-15
421.99999999999994	0.	5.22759856835345e-25	1.4155071369441736e-14	4.123298450995985e-15
423.	0.	4.860625378477435e-25	1.4087555682534646e-14	4.11524481214485e-15
424.	0.	4.512257528727684e-25	1.4018603132133432e-14	4.106695280221303e-15
425.	0.	4.197080683499404e-25	1.3948260344005956e-14	4.097659566008854e-15
426.	0.	3.894125302796671e-25	1.3876573804749881e-14	4.08814747016644e-15
426.99999999999994	0.	3.6275019722267993e-25	1.3803589833591689e-14	4.078168875409583e-15
428.	0.	3.384886550764063e-25	1.3729354555130835e-14	4.0677337388315925e-15
428.99999999999994	0.	3.1162714728553577e-25	1.3653913872984353e-14	4.056852084355294e-15
430.	0.	2.899108320135527e-25	1.3577313444330256e-14	4.0455339953187875e-15
430.99999999999994	0.	2.6904480380584855e-25	1.3499598655362828e-14	4.033789607202994e-15
432.	0.	2.491690411275125e-25	1.3420814597637379e-14	4.021629100498006e-15
432.99999999999994	0.	2.307244914157659e-25	1.3341006045296882e-14	4.009062693710072e-15
434.	0.	2.144375583065294e-25	1.3260217433147098e-14	3.9961006365031755e-15
435.	0.	2.013052115562982e-25	1.3178492835636568e-14	3.982753202995396e-15
436.	0.	1.8404139599535137e-25	1.3095875946654933e-14	3.969030685188972e-15
437.	0.	1.7261236816552243e-25	1.301241006017387e-14	3.954943386544012e-15
437.99999999999994	0.	1.60138307816041e-25	1.2928138051728037e-14	3.940501615699777e-15
439.	0.	1.484649195407985e-25	1.284310236072779e-14	3.925715680344639e-15
439.99999999999994	0.	1.3531102968299862e-25	1.2757344973535104e-14	3.910595881217461e-15
441.	0.	1.2723405814471881e-25	1.2670907407395156e-14	3.8951525062727605e-15
441.99999999999994	0.	1.1793997144323967e-25	1.2583830695097157e-14	3.879395824974395e-15
443.	0.	1.099551869767888e-25	1.2496155370430835e-14	3.8633360827422825e-15
444.	0.	1.0157950009091966e-25	1.2407921454410431e-14	3.8469834955467455e-15
445.	0.	9.562669714535429e-26	1.2319168442219802e-14	3.8303482446404505e-15
446.	0.	8.621438789921836e-26	1.2229935290914551e-14	3.813440471442234e-15
446.99999999999994	0.	8.080979523389231e-26	1.2140260407824948e-14	3.796270272559283e-15
448.	0.	7.371880633214921e-26	1.2050181639689511e-14	3.7788476949605174e-15
448.99999999999994	0.	6.820124026811661e-26	1.195973626245335e-14	3.7611827312841705e-15
450.	0.	6.316559296817913e-26	1.1868960971760949e-14	3.743285315292465e-15
450.99999999999994	0.	5.758914250075176e-26	1.1777891874128012e-14	3.7251653174719475e-15
452.	0.	5.501325941005006e-26	1.168656447874254e-14	3.706832540767397e-15
453.	0.	5.006406476686212e-26	1.1595013689925766e-14	3.688296716462466e-15
454.	0.	4.642235993570125e-26	1.1503273800205546e-14	3.669567500195173e-15
455.	0.	4.3333144488161636e-26	1.141137848400368e-14	3.6506544681123e-15
455.99999999999994	0.	4.009022480243303e-26	1.1319360791934979e-14	3.6315671131653924e-15
457.	0.	3.6033261117981514e-26	1.1227253145668924e-14	3.612314841535584e-15
457.99999999999994	0.	3.510682979175505e-26	1.1135087333385056e-14	3.5929069692007955e-15
459.	0.	3.219083065152395e-26	1.104289450575967e-14	3.573352718628232e-15
459.99999999999994	0.	3.1325593327599786e-26	1.0950705172525848e-14	3.5536612156089415e-15
461.	0.	2.744431023237028e-26	1.0858549199534428e-14	3.5338414862140254e-15
461.99999999999994	0.	2.4672638186567641e-26	1.0766455806348098e-14	3.5139024538862465e-15
463.	0.	2.2594816860534018e-26	1.0674453564338082e-14	3.4938529366595417e-15
464.	0.	2.0822908597697975e-26	1.0582570395248315e-14	3.473701644498665e-15
465.	0.	1.8995039044094607e-26	1.0490833570259882e-14	3.4534571767717694e-15
466.	0.	1.6773745161186816e-26	1.0399269709510964e-14	3.4331280198449713e-15
466.99999999999994	0.	1.8478927734100704e-26	1.0307904782049512e-14	3.412722544793235e-15
468.	0.	1.455504302925174e-26	1.021676410623821e-14	3.3922490052376716e-15
468.99999999999994	0.	1.4004078878481766e-26	1.0125872350564776e-14	3.3717155352956342e-15
470.	0.	1.1936359589820038e-26	1.0035253534885944e-14	3.3511301476562284e-15
470.99999999999994	0.	1.2773909993852909e-26	9.944931032026622e-15	3.3305007317572404e-15
472.	0.	1.1647269569233092e-26	9.854927569810632e-15	3.309835052091892e-15
473.	0.	1.3020672439697487e-26	9.765265233407962e-15	3.2891407466090213e-15
474.	0.	1.2041716970557988e-26	9.67596546809585e-15	3.268425325242061e-15
475.	0.	8.531114998391399e-27	9.58704908230396e-15	3.2476961685253683e-15
475.99999999999994	0.	7.007878331712058e-27	9.49853625104432e-15	3.226960526334004e-15
477.	0.	7.330812000358196e-27	9.410446519629202e-15	3.20622551671695e-15
477.99999999999994	0.	9.368529395448496e-27	9.322798807709198e-15	3.185498124836275e-15
479.	0.	8.299960245755131e-27	9.235611413601104e-15	3.1647852020046498e-15
479.99999999999994	0.	3.999382666269419e-27	9.148902018906703e-15	3.14409346482309e-15
481.	0.	5.763399304931871e-27	9.062687693398686e-15	3.1234294944132816e-15
481.99999999999994	0.	4.0849979953968764e-27	8.976984900170083e-15	3.102799735745061e-15
483.	0.	3.5765215844919576e-27	8.891809501030809e-15	3.082210497055172e-15
484.	0.	4.153862970378947e-27	8.807176762147157e-15	3.0616679493580205e-15
484.99999999999994	0.	5.738861761345881e-27	8.723101359905829e-15	3.0411781260435476e-15
486.	0.	3.535447562583921e-27	8.639597386993291e-15	3.0207469225611077e-15
486.99999999999994	0.	2.193728088389113e-27	8.556678358688625e-15	3.0003800961900795e-15
488.	0.	1.651411412089976e-27	8.474357219347794e-15	2.9800832658915247e-15
488.99999999999994	0.	1.8506510375316272e-27	8.392646349070436e-15	2.9598619122390874e-15
490.	0.	2.7377387467429306e-27	8.311557570549492e-15	2.93972137743072e-15
491.	0.	4.262818490490495e-27	8.231102156082858e-15	2.9196668653759432e-15
491.99999999999994	0.	1.6401772089222632e-27	8.151290834741852e-15	2.899703441857443e-15
492.99999999999994	0.	4.303431339157242e-27	8.072133799687827e-15	2.879836034766151e-15
494.	0.	2.7316782912073762e-27	7.993640715628633e-15	2.8600694344074724e-15
495.	0.	1.6276196062687926e-27	7.915820726398302e-15	2.840408293874501e-15
496.	0.	9.571729006638341e-28	7.838682462657482e-15	2.8208571294885337e-15
496.99999999999994	0.	6.887281742578989e-28	7.762234049714074e-15	2.8014203213075634e-15
497.99999999999994	0.	7.929743608367214e-28	7.686483115433146e-15	2.7821021136931616e-15
499.	0.	1.2427379529870131e-27	7.61143679825344e-15	2.7629066159428816e-15
500.	0.	2.0128328805055384e-27	7.537101755278087e-15	2.7438378029775212e-15
500.99999999999994	0.	3.0799208753622363e-27	7.4634841704555e-15	2.7248995160902474e-15
501.99999999999994	0.	-3.381277543793076e-28	7.390589762823303e-15	2.706095463748216e-15
503.	0.	1.2577073584277102e-27	7.318423794822993e-15	2.6874292224509006e-15
504.	0.	3.0903451499094304e-27	7.246991080654882e-15	2.6689042376347714e-15
505.	0.	3.7615078368502673e-28	7.176295994701051e-15	2.650523824634754e-15
505.99999999999994	0.	2.6301543237046048e-27	7.10634247998282e-15	2.632291169691775e-15
506.99999999999994	0.	3.0263750427366044e-28	7.03713405663736e-15	2.614209331000908e-15
508.	0.	2.919018523891609e-27	6.968673830458978e-15	2.5962812398177004e-15
509.	0.	9.234386215953755e-28	6.9009645014181794e-15	2.5785097015911863e-15
509.99999999999994	0.	-9.253176670620182e-28	6.834008372232332e-15	2.5608973971518508e-15
510.99999999999994	0.	2.1411170558605055e-27	6.767807356927882e-15	2.5434468839321396e-15
512.	0.	5.564243885051857e-28	6.702362989412309e-15	2.5261605972275072e-15
513.	0.	-9.1175310697988e-28	6.637676432042989e-15	2.5090408514932373e-15
514.	0.	2.5144626587711437e-27	6.573748484183663e-15	2.492089841674175e-15
514.9999999999999	0.	1.2565302154177874e-27	6.510579590761825e-15	2.475309644572615e-15
516.	0.	9.104884495952158e-29	6.44816985078979e-15	2.4587022202408533e-15
517.	0.	-9.88877802630058e-28	6.386519025880651e-15	2.442269413410565e-15
518.	0.	-1.9896392143360853e-27	6.325626548727957e-15	2.4260129549471167e-15
518.9999999999999	0.	1.8835637224289675e-27	6.265491531552405e-15	2.4099344633307743e-15
520.	0.	1.0270161179943408e-27	6.20611277450847e-15	2.3940354461621927e-15
521.	0.	2.332917375305036e-28	6.147488774065299e-15	2.3783173016974244e-15
522.	0.	-5.023084391359791e-28	6.08961773132667e-15	2.362781320400037e-15
523.	0.	-1.1841368544930236e-27	6.032497560304905e-15	2.347428686515177e-15
524.	0.	-1.8162248080485805e-27	5.976125896152906e-15	2.3322604796679594e-15
525.	0.	2.4199360427272494e-27	5.920500103318545e-15	2.3172776764721376e-15
526.	0.	1.8805745199512024e-27	5.8656172836617635e-15	2.302481152164814e-15
527.	0.	1.3807449941092849e-27	5.8114742844950254e-15	2.287871682251866e-15
527.9999999999999	0.	9.174884389261941e-28	5.758067706553144e-15	2.273449944166462e-15
529.	0.	4.8806492007875465e-28	5.7053939119093916e-15	2.2592165189470867e-15
530.	0.	8.993743545920693e-29	5.6534490318000825e-15	2.2451718929204264e-15
531.	0.	-2.7924306303887694e-28	5.602228974386436e-15	2.231316459399973e-15
532.	0.	-6.216515514337421e-28	5.551729432433471e-15	2.2176505203927616e-15
533.	0.	-9.393017984530607e-28	5.5019458909072265e-15	2.2041742883139054e-15
534.	0.	-1.2340582867844704e-27	5.452873634491751e-15	2.190887887710106e-15
535.	0.	-1.5076472591150096e-27	5.404507755014443e-15	2.1777913569865916e-15
536.	0.	-1.76166695243691e-27	5.3568431587929354e-15	2.164884650143365e-15
536.9999999999999	0.	-1.9975970795610338e-27	5.3098745738810004e-15	2.1521676385105762e-15
538.	0.	-2.2168076125806873e-27	5.263596557235723e-15	2.139640112492774e-15
539.	0.	2.4794762740583394e-27	5.218003501777305e-15	2.127301783308959e-15
540.	0.	2.2973793474570095e-27	5.173089643365812e-15	2.1151522847392366e-15
540.9999999999999	0.	2.1287489654784716e-27	5.128849067671355e-15	2.103191174867178e-15
542.	0.	1.9725843347791154e-27	5.0852757169543e-15	2.0914179378249124e-15
543.	0.	1.8279591985773556e-27	5.042363396741496e-15	2.079831985534717e-15
544.	0.	1.6940162917807007e-27	5.000105782402433e-15	2.068432659448173e-15
545.	0.	1.5699622066025414e-27	4.958496425621593e-15	2.0572192322812174e-15
545.9999999999999	0.	1.455062638551326e-27	4.917528760774952e-15	2.046190909747638e-15
547.	0.	1.3486379848459343e-27	4.87719611119226e-15	2.0353468322835255e-15
548.	0.	1.2500592693504635e-27	4.837491695323425e-15	2.0246860767692344e-15
549.	0.	1.1587443699918679e-27	4.798408632795901e-15	2.0142076582431528e-15
549.9999999999999	0.	1.0741545263783552e-27	4.759939950364414e-15	2.0039105316078446e-15
551.	0.	9.957911069570391e-28	4.722078587758741e-15	1.993793593329761e-15
552.	0.	9.2319261655346e-28	4.684817403417938e-15	1.9838556831274377e-15
553.	0.	8.559319265385956e-28	4.648149180123564e-15	1.9740955856532864e-15
554.	0.	7.9361371116132225e-28	4.6120666305209265e-15	1.9645120321633442e-15
554.9999999999999	0.	7.358720747925233e-28	4.576562402532499e-15	1.9551037021764478e-15
556.	0.	6.823683559433758e-28	4.541629084666874e-15	1.9458692251237635e-15
557.	0.	6.327890949555871e-28	4.507259211212922e-15	1.9368071819836082e-15
558.	0.	5.868441532266086e-28	4.473445267331314e-15	1.927916106906395e-15
558.9999999999999	0.	5.4426497272161355e-28	4.4401796940363066e-15	1.9191944888256878e-15
560.	0.	5.048029653532758e-28	4.4074548930664595e-15	1.9106407730548825e-15
561.	0.	4.682280225781941e-28	4.3752632316517456e-15	1.902253362871509e-15
562.	0.	4.343271362688658e-28	4.343597047170515e-15	1.894030621086122e-15
563.	0.	4.029031225809538e-28	4.312448651696399e-15	1.8859708715951264e-15
563.9999999999999	0.	3.737734411478425e-28	4.281810336445368e-15	1.87807240092136e-15
565.	0.	3.467691024994549e-28	4.2516743761096345e-15	1.8703334597360625e-15
566.	0.	3.2173365712998586e-28	4.222033033088497e-15	1.862752264366087e-15
567.	0.	2.9852226012491487e-28	4.192878561610914e-15	1.8553269982832855e-15
567.9999999999999	0.	2.770008057100146e-28	4.164203211755902e-15	1.848055813578383e-15
569.	0.	2.57045126502588e-28	4.13599923336898e-15	1.840936832417753e-15
570.	0.	2.385402526328064e-28	4.108258879871097e-15	1.8339681484809754e-15
571.	0.	2.213797262625894e-28	4.080974411966523e-15	1.8271478283813384e-15
572.	0.	2.0546496736174132e-28	4.054138101250401e-15	1.8204739130691985e-15
572.9999999999999	0.	1.907046869087978e-28	4.027742233711376e-15	1.8139444192151596e-15
574.	0.	1.7701434397014546e-28	4.00177911313604e-15	1.807557340575914e-15
575.	0.	1.643156433746982e-28	3.9762410644153136e-15	1.8013106493416596e-15
576.	0.	1.5253607094594987e-28	3.951120436742252e-15	1.795202297460182e-15
576.9999999999999	0.	1.4160846348121729e-28	3.926409606726523e-15	1.7892302179481914e-15
578.	0.	1.3147061087568963e-28	3.902100981402749e-15	1.783392326178616e-15
579.	0.	1.2206488798481112e-28	3.878187001143557e-15	1.7776865211491366e-15
580.	0.	1.1333791399765059e-28	3.854660142477301e-15	1.7721106867298079e-15
581.	0.	1.052402372609156e-28	3.831512920818332e-15	1.7666626928942957e-15
582.	0.	9.772604364654952e-29	3.808737893095711e-15	1.7613403969265712e-15
583.	0.	9.075288669952462e-29	3.786327660295153e-15	1.7561416446094717e-15
584.	0.	8.428143793393172e-29	3.76427486991271e-15	1.751064271394335e-15
585.	0.	7.827525576748616e-29	3.742572218311716e-15	1.746106103546248e-15
585.9999999999999	0.	7.270057169835053e-29	3.72121245299701e-15	1.7412649592716934e-15
587.	0.	6.752609243228056e-29	3.700188374805675e-15	1.7365386498270606e-15
588.	0.	6.27228167648315e-29	3.679492840000295e-15	1.7319249806008718e-15
589.	0.	5.826386611370704e-29	3.659118762289242e-15	1.7274217521809563e-15
589.9999999999999	0.	5.412432767841284e-29	3.6390591147583575e-15	1.7230267613984383e-15
591.	0.	5.028110928155736e-29	3.6193069317209085e-15	1.7187378023508207e-15
592.	0.	4.6712805017021173e-29	3.599855310489272e-15	1.714552667405814e-15
593.	0.	4.3399570895718933e-29	3.580697413060723e-15	1.7104691481812963e-15
594.	0.	4.0323009740725994e-29	3.561826467733709e-15	1.706485036508656e-15
594.9999999999999	0.	3.7466064639329677e-29	3.5432357706408066e-15	1.7025981253723008e-15
596.	0.	3.4812920311853645e-29	3.5249186872081675e-15	1.6988062098297671e-15
597.	0.	3.2348911805008034e-29	3.5068686535412025e-15	1.6951070879111521e-15
598.	0.	3.006043996203603e-29	3.489079177736692e-15	1.6914985614980067e-15
598.9999999999999	0.	2.793489316299808e-29	3.4715438411194955e-15	1.687978437179683e-15
600.	0.	2.596057486673938e-29	3.4542562994195744e-15	1.6845445270945637e-15
601.	0.	2.4126636520923917e-29	3.4372102838653475e-15	1.681194649743755e-15
602.	0.	2.2423015439492154e-29	3.4203996022219042e-15	1.6779266307908234e-15
603.	0.	2.084037727658937e-29	3.403818139755068e-15	1.6747383038371673e-15
603.9999999999999	0.	1.93700627541061e-29	3.3874598601319307e-15	1.6716275111787218e-15
605.	0.	1.8004038325603727e-29	3.371318806263035e-15	1.6685921045447426e-15
606.	0.	1.6734850483139866e-29	3.3553891010728844e-15	1.665629945812472e-15
607.	0.	1.5555583435671926e-29	3.339664948216619e-15	1.6627389077058448e-15
607.9999999999999	0.	1.4459819907918948e-29	3.324140632733599e-15	1.6599168744727488e-15
609.	0.	1.3441604827470986e-29	3.308810521643482e-15	1.65716174254333e-15
610.	0.	1.2495411685313979e-29	3.293669064484496e-15	1.6544714211689593e-15
611.	0.	1.1616111371029625e-29	3.2787107937958064e-15	1.6518438330417145e-15
612.	0.	1.0798943298841314e-29	3.26393032554757e-15	1.6492769148963796e-15
612.9999999999999	0.	1.0039488654383379e-29	3.2493223595117524e-15	1.6467686180901884e-15
614.	0.	9.333645604899198e-30	3.2348816795892677e-15	1.6443169091686712e-15
615.	0.	8.677606327226956e-30	3.2206031540786654e-15	1.6419197704085324e-15
616.	0.	8.067835718923316e-30	3.2064817358998174e-15	1.6395752003450472e-15
616.9999999999999	0.	7.50105166787468e-30	3.1925124627679996e-15	1.637281214280178e-15
618.	0.	6.974206765087855e-30	3.1786904573202118e-15	1.6350358447727503e-15
619.	0.	6.48447135396048e-30	3.1650109271985435e-15	1.6328371421119446e-15
620.	0.	6.029217817274102e-30	3.1514691650838e-15	1.6306831747708686e-15
621.	0.	5.6060060105567995e-30	3.1380605486920716e-15	1.6285720298457045e-15
621.9999999999999	0.	5.2125697572311246e-30	3.1247805407244955e-15	1.62650181347556e-15
623.	0.	4.846804327292625e-30	3.1116246887772015e-15	1.624470651245691e-15
624.	0.	4.5067548270882815e-30	3.0985886252138972e-15	1.6224766885753345e-15
625.	0.	4.190605433132722e-30	3.0856680669949183e-15	1.6205180910864836e-15
625.9999999999999	0.	3.896669407922772e-30	3.0728588154758537e-15	1.6185930449596275e-15
627.	0.	3.6233798402784064e-30	3.0601567561612255e-15	1.616699757269426e-15
628.	0.	3.369281057051033e-30	3.0475578584319427e-15	1.614836456308627e-15
629.	0.	3.1330206569428273e-30	3.03505817523209e-15	1.6130013918929849e-15
629.9999999999999	0.	2.9133421208648438e-30	3.0226538427257523e-15	1.6111928356526254e-15
630.9999999999999	0.	2.7090779566193484e-30	3.0103410799204076e-15	1.609409081306715e-15
632.	0.	2.5191433388311823e-30	2.9981161882631864e-15	1.6076484449254839e-15
633.	0.	2.3425302079263577e-30	2.9859755512017752e-15	1.6059092651744554e-15
634.	0.	2.178301794652308e-30	2.973915633721194e-15	1.6041899035462551e-15
634.9999999999999	0.	2.025587539094424e-30	2.961932981851546e-15	1.6024887445776825e-15
636.	0.	1.8835783754388315e-30	2.950024222148579e-15	1.6008041960521907e-15
637.	0.	1.7515223558535227e-30	2.9381860611489018e-15	1.5991346891884735e-15
638.	0.	1.6287205888204495e-30	2.926415284801732e-15	1.597478678816596e-15
638.9999999999999	0.	1.5145234690635204e-30	2.914708757874663e-15	1.5958346435388703e-15
640.	0.	1.4083271779051045e-30	2.903063423339615e-15	1.5942010858794463e-15
641.	0.	1.309570434431757e-30	2.8914763017342993e-15	1.5925765324194358e-15
642.	0.	1.2177314792958752e-30	2.8799444905052733e-15	1.5909595339205156e-15
643.	0.	1.1323252743089849e-30	2.868465163328814e-15	1.5893486654352806e-15
643.9999999999999	0.	1.052900902218997e-30	2.857035569414922e-15	1.5877425264058045e-15
645.	0.	9.790391522050241e-31	2.8456530327913384e-15	1.5861397407498117e-15
646.	0.	9.103502776825405e-31	2.8343149515715892e-15	1.5845389569357894e-15
647.	0.	8.46471913989843e-31	2.8230187972067387e-15	1.5829388480460815e-15
647.9999999999999	0.	7.87067144435011e-31	2.8117621137194403e-15	1.5813381118283574e-15
649.	0.	7.318227040232597e-31	2.800542516926678e-15	1.5797354707370177e-15
650.	0.	6.804473109611032e-31	2.789357693645178e-15	1.5781296719629065e-15
651.	0.	6.326701167558084e-31	2.778205400884955e-15	1.576519487452418e-15
652.	0.	5.882392663966109e-31	2.767083465032576e-15	1.574903713917556e-15
652.9999999999999	0.	5.4692056072025025e-31	2.7559897810180945e-15	1.5732811728336895e-15
654.	0.	5.084962136400747e-31	2.744922311475466e-15	1.5716507104293609e-15
655.	0.	4.727636974455481e-31	2.7338790858912483e-15	1.5700111976657941e-15
656.	0.	4.395346698724011e-31	2.7228581997425254e-15	1.5683615302064416e-15
656.9999999999999	0.	4.086339770997134e-31	2.711857813627329e-15	1.566700628377545e-15
658.	0.	3.798987272521179e-31	2.700876152387557e-15	1.565027437120392e-15
659.	0.	3.531774293768769e-31	2.689911504222858e-15	1.5633409259341234e-15
660.	0.	3.283291932284582e-31	2.6789622197990752e-15	1.5616400888100868e-15
661.	0.	3.052229855300356e-31	2.6680267113492203e-15	1.5599239441578306e-15
661.9999999999999	0.	2.837369386925661e-31	2.6571034517699643e-15	1.558191534723153e-15
663.	0.	2.637577082617338e-31	2.646190973713083e-15	1.5564419274984633e-15
664.	0.	2.4517987563053314e-31	2.6352878686721793e-15	1.5546742136251276e-15
665.	0.	2.279053928042254e-31	2.6243927860651412e-15	1.5528875082880355e-15
665.9999999999999	0.	2.118430662348836e-31	2.6135044323144015e-15	1.551080950603713e-15
667.	0.	1.9690807695609137e-31	2.6026215699239023e-15	1.5492537035007142e-15
668.	0.	1.8302153444712225e-31	2.5917430165543996e-15	1.5474049535940337e-15
669.	0.	1.7011006183913245e-31	2.5808676440956287e-15	1.5455339110513232e-15
670.	0.	1.5810541024736646e-31	2.569994377739483e-15	1.5436398094543852e-15
670.9999999999999	0.	1.4694410017069418e-31	2.559122195051587e-15	1.5417219056537083e-15
672.	0.	1.3656708804716574e-31	2.548250125041816e-15	1.53977947961675e-15
673.	0.	1.2691945619027301e-31	2.537377247235574e-15	1.537811834270326e-15
674.	0.	1.1795012445721412e-31	2.5265026907479942e-15	1.535818295338519e-15
674.9999999999999	0.	1.0961158211726438e-31	2.515625633355107e-15	1.533798211173513e-15
676.	0.	1.0185963849781303e-31	2.504745300570244e-15	1.5317509525821726e-15
677.	0.	9.46531910862544e-32	2.4938609647207512e-15	1.529675912647576e-15
678.	0.	8.795400985977774e-32	2.482971944027137e-15	1.5275725065450397e-15
678.9999999999999	0.	8.172653670228257e-32	2.4720776016855376e-15	1.5254401713541969e-15
679.9999999999999	0.	7.593769884825957e-32	2.4611773449529716e-15	1.523278365865874e-15
681.	0.	7.055673536874665e-32	2.4502706242363185e-15	1.5210865703853697e-15
682.	0.	6.55550357838418e-32	2.4393569321843196e-15	1.5188642865306278e-15
683.	0.	6.090598995127443e-32	2.4284358027848924e-15	1.516611037027234e-15
683.9999999999999	0.	5.658484844033697e-32	2.4175068104670923e-15	1.5143263654998404e-15
685.	0.	5.256859265634234e-32	2.406569569205641e-15	1.5120098362582307e-15
686.	0.	4.883581403276526e-32	2.395623731633654e-15	1.5096610340822414e-15
687.	0.	4.5366601656032676e-32	2.3846689881588215e-15	1.5072795640016896e-15
687.9999999999999	0.	4.214243773291224e-32	2.3737050660851537e-15	1.5048650510736462e-15
688.9999999999999	0.	3.914610035184112e-32	2.362731728742439e-15	1.5024171401571107e-15
690.	0.	3.6361573028138884e-32	2.3517487746195085e-15	1.4999354956840606e-15
691.	0.	3.3773960558924633e-32	2.3407560365057857e-15	1.4974198014285482e-15
692.	0.	3.136941074682128e-32	2.3297533806389527e-15	1.494869760272736e-15
692.9999999999999	0.	2.9135041582531713e-32	2.318740705858949e-15	1.4922850939710376e-15
694.	0.	2.7058873505065576e-32	2.307717942770341e-15	1.4896655429113774e-15
695.	0.	2.5129766385194495e-32	2.2966850529107638e-15	1.4870108658752527e-15
696.	0.	2.333736090247608e-32	2.285642027927167e-15	1.4843208397945578e-15
696.9999999999999	0.	2.1672024009359522e-32	2.2745888887605677e-15	1.4815952595081428e-15
698.	0.	2.0124798197251955e-32	2.2635256848378626e-15	1.478833937515204e-15
699.	0.	1.868735429945514e-32	2.252452493272377e-15	1.4760367037284414e-15
700.	0.	1.7351947584360828e-32	2.2413694180711618e-15	1.4732034052246332e-15
701.	0.	1.6111376909574216e-32	2.2302765893528184e-15	1.4703339059947215e-15
701.9999999999999	0.	1.4958946723638395e-32	2.2191741625723884e-15	1.467428086692466e-15
703.	0.	1.388843171693275e-32	2.2080623177552543e-15	1.4644858443821048e-15
704.	0.	1.2894043937185742e-32	2.1969412587390634e-15	1.4615070922847896e-15
705.	0.	1.1970402197912344e-32	2.1858112124267248e-15	1.4584917595247133e-15
705.9999999999999	0.	1.111250362006979e-32	2.17467242804589e-15	1.455439790874451e-15
707.	0.	1.0315697158355497e-32	2.16352517641852e-15	1.452351146499194e-15
708.	0.	9.575658973950799e-33	2.152369749240551e-15	1.4492258017013174e-15
709.	0.	8.888369525120562e-33	2.1412064583696038e-15	1.4460637466640786e-15
710.	0.	8.25009225605657e-33	2.1300356351219928e-15	1.44286498619504e-15
710.9999999999999	0.	7.657353772685885e-33	2.11885762958056e-15	1.4396295394696957e-15
712.	0.	7.10692540189994e-33	2.1076728099109432e-15	1.4363574397748376e-15
713.	0.	6.59580603789131e-33	2.0964815616868467e-15	1.4330487342520095e-15
714.	0.	6.1212061859710425e-33	2.0852842872267905e-15	1.4297034836410186e-15
714.9999999999999	0.	5.680533120492821e-33	2.074081404938809e-15	1.4263217620239506e-15
716.	0.	5.27137707929938e-33	2.0628733486755366e-15	1.422903656569027e-15
717.	0.	4.8914984225203614e-33	2.0516605670994032e-15	1.4194492672757643e-15
718.	0.	4.5388156885531074e-33	2.0404435230571605e-15	1.4159587067196573e-15
719.	0.	4.2113944847475886e-33	2.029222692963578e-15	1.4124320997981084e-15
719.9999999999999	0.	3.907437154651575e-33	2.0179985661968017e-15	1.4088695834766335e-15
721.	0.	3.62527316772269e-33	2.0067716445017454e-15	1.4052713065365725e-15
722.	0.	3.363350181168509e-33	1.9955424414040975e-15	1.40163742932236e-15
723.	0.	3.1202257270863435e-33	1.9843114816345413e-15	1.3979681234911482e-15
723.9999999999999	0.	2.894559481321233e-33	1.973079300561925e-15	1.3942635717622563e-15
725.	0.	2.6851060734982304e-33	1.961846443636958e-15	1.3905239676685295e-15
726.	0.	2.4907084004995397e-33	1.950613465845727e-15	1.386749515308217e-15
727.	0.	2.310291408285272e-33	1.9393809311728616e-15	1.3829404290984545e-15
727.9999999999999	0.	2.1428563093924787e-33	1.9281494120737135e-15	1.3790969335295684e-15
728.9999999999999	0.	1.9874752057247687e-33	1.9169194889591683e-15	1.375219262921612e-15
730.	0.	1.843286088351349e-33	1.905691749685554e-15	1.3713076611809889e-15
731.	0.	1.709488188007764e-33	1.8944667890589915e-15	1.3673623815595878e-15
732.	0.	1.5853376518165608e-33	1.8832452083459595e-15	1.3633836864150262e-15
732.9999999999999	0.	1.4701435234508155e-33	1.8720276147963672e-15	1.3593718469724878e-15
734.	0.	1.363264005546944e-33	1.8608146211732688e-15	1.3553271430880418e-15
735.	0.	1.2641029846504596e-33	1.849606845294297e-15	1.351249863013927e-15
736.	0.	1.1721068003467067e-33	1.8384049095824476e-15	1.3471403031653132e-15
736.9999999999999	0.	1.086761241509195e-33	1.8272094406249234e-15	1.3429987678887908e-15
737.9999999999999	0.	1.0075887537846941e-33	1.816021068743263e-15	1.3388255692331232e-15
739.	0.	9.341458435393026e-34	1.8048404275711496e-15	1.334621026721145e-15
740.	0.	8.660206645207056e-34	1.793668153642247e-15	1.3303854671240125e-15
741.	0.	8.028307744477247e-34	1.782504885988024e-15	1.3261192242375469e-15
741.9999999999999	0.	7.442210496293313e-34	1.7713512657433297e-15	1.3218226386600673e-15
743.	0.	6.8986174654551515e-34	1.7602079357619862e-15	1.3174960575726215e-15
744.	0.	6.394467000927038e-34	1.749075540240716e-15	1.3131398345210426e-15
745.	0.	5.926916489150211e-34	1.737954724352932e-15	1.3087543292003426e-15
745.9999999999999	0.	5.493326789104913e-34	1.7268461338912526e-15	1.3043399072408947e-15
746.9999999999999	0.	5.091247766229111e-34	1.7157504149172543e-15	1.2998969399970534e-15
748.	0.	4.718404848088362e-34	1.7046682134226248e-15	1.2954258043378653e-15
749.	0.	4.37268653006666e-34	1.6936001749965457e-15	1.2909268824398859e-15
750.	0.	4.052132764364286e-34	1.6825469445026787e-15	1.286400561582251e-15
750.9999999999999	0.	3.754924170243775e-34	1.671509165765309e-15	1.2818472339442763e-15
752.	0.	3.4793720077995883e-34	1.6604874812622914e-15	1.2772672964049229e-15
753.	0.	3.2239088615676293e-34	1.6494825318276843e-15	1.2726611503448904e-15
754.	0.	2.987079984036807e-34	1.638494956361496e-15	1.2680292014508546e-15
754.9999999999999	0.	2.767535252622214e-34	1.6275253915486058e-15	1.2633718595221293e-15
756.	0.	2.564021696907182e-34	1.6165744715851388e-15	1.258689538279535e-15
757.	0.	2.3753765559849244e-34	1.6056428279131106e-15	1.253982655177222e-15
758.	0.	2.200520828540981e-34	1.594731088961402e-15	1.2492516312157238e-15
759.	0.	2.038453280939211e-34	1.5838398798975437e-15	1.2444968907587818e-15
759.9999999999999	0.	1.8882448810019447e-34	1.572969822384115e-15	1.2397188613517084e-15
761.	0.	1.7490336274447124e-34	1.562121534344562e-15	1.2349179735423234e-15
762.	0.	1.6200197470309024e-34	1.5512956297356626e-15	1.2300946607045155e-15
763.	0.	1.5004612334710694e-34	1.5404927183275224e-15	1.2252493588643602e-15
763.9999999999999	0.	1.389669703914297e-34	1.529713405490749e-15	1.2203825065281041e-15
765.	0.	1.2870065505778182e-34	1.5189582919918523e-15	1.2154945445133883e-15
766.	0.	1.1918793666348372e-34	1.508227973793071e-15	1.2105859157823425e-15
767.	0.	1.103738626949902e-34	1.4975230418627037e-15	1.2056570652776133e-15
768.	0.	1.0220746056158523e-34	1.4868440819892707e-15	1.2007084397604583e-15
768.9999999999999	0.	9.464145135152593e-35	1.4761916746046751e-15	1.1957404876515399e-15
770.	0.	8.763198403104137e-35	1.4655663946117273e-15	1.1907536588743694e-15
771.	0.	8.113838863635265e-35	1.4549688112206815e-15	1.185748404700825e-15
772.	0.	7.512294711106781e-35	1.4443994877907685e-15	1.1807251775995572e-15
772.9999999999999	0.	6.955068053620061e-35	1.4338589816779387e-15	1.1756844310866425e-15
774.	0.	6.438915158849969e-35	1.4233478440901102e-15	1.1706266195787596e-15
775.	0.	5.960828114480281e-35	1.4128666199473384e-15	1.1655521982490254e-15
776.	0.	5.518017802656362e-35	1.4024158477486476e-15	1.1604616228849409e-15
776.9999999999999	0.	5.107898094976528e-35	1.3919960594444412e-15	1.1553553497492623e-15
777.9999999999999	0.	4.7280711811369976e-35	1.3816077803156548e-15	1.1502338354429888e-15
779.	0.	4.3763139504979665e-35	1.371251528857371e-15	1.1450975367709626e-15
780.	0.	4.050565351540961e-35	1.3609278166692565e-15	1.139946910609938e-15
781.	0.	3.748914659497311e-35	1.350637148350246e-15	1.134782413778977e-15
781.9999999999999	0.	3.4695905873659056e-35	1.3403800214007755e-15	1.1296045029125567e-15
783.	0.	3.210951180123833e-35	1.3301569261277187e-15	1.1244136343356908e-15
784.	0.	2.971474436200495e-35	1.3199683455569785e-15	1.1192102639418632e-15
785.	0.	2.749749604252842e-35	1.309814755349668e-15	1.1139948470732528e-15
785.9999999999999	0.	2.544469106962089e-35	1.299696623723645e-15	1.1087678384031328e-15
786.9999999999999	0.	2.3544210470036138e-35	1.289614411381269e-15	1.103529691821078e-15
788.	0.	2.1784822535223743e-35	1.2795685714395267e-15	1.0982808603202073e-15
789.	0.	2.0156118304105692e-35	1.2695595493677642e-15	1.0930217958869302e-15
790.	0.	1.8648451704325264e-35	1.2595877829274362e-15	1.0877529493930161e-15
790.9999999999999	0.	1.7252884018024924e-35	1.2496537021189524e-15	1.0824747704900147e-15
792.	0.	1.5961132361945855e-35	1.239757729130822e-15	1.0771877075060465e-15
793.	0.	1.4765521893764178e-35	1.2299002782944183e-15	1.0718922073447523e-15
794.	0.	1.3658941477074115e-35	1.2200817560425522e-15	1.066588715386759e-15
794.9999999999999	0.	1.2634802556523417e-35	1.210302560872766e-15	1.0612776753932215e-15
795.9999999999999	0.	1.1687001012325773e-35	1.2005630833139928e-15	1.0559595294117218e-15
797.	0.	1.0809881779845627e-35	1.190863705897794e-15	1.0506347176844018e-15
798.	0.	9.998206035249434e-36	1.1812048031333167e-15	1.0453036785583547e-15
799.	0.	9.24712076244171e-36	1.171586741485868e-15	1.0399668483981499e-15
799.9999999999999	0.	8.552130529711374e-36	1.1620098793596516e-15	1.0346246615006185e-15
801.	0.	7.909071316782425e-36	1.1524745670839225e-15	1.0292775500118139e-15
802.	0.	7.314086244374176e-36	1.1429811469027276e-15	1.023925943846058e-15
803.	0.	6.763603068953045e-36	1.1335299529677593e-15	1.018570270607208e-15
803.9999999999999	0.	6.254313315211409e-36	1.1241213113356083e-15	1.0132109555120454e-15
804.9999999999999	0.	5.783152927930986e-36	1.1147555399676656e-15	1.007848421315603e-15
806.	0.	5.3472843333941865e-36	1.105432948732083e-15	1.0024830882388774e-15
807.	0.	4.9440798083732116e-36	1.096153839411413e-15	9.97115373898252e-16
808.	0.	4.5711060620642065e-36	1.0869185057114358e-15	9.917456932372534e-16
808.9999999999999	0.	4.226109943119796e-36	1.0777272332735335e-15	9.863744584601233e-16
810.	0.	3.9070051902615284e-36	1.0685802996893894e-15	9.810020789674743e-16
811.	0.	3.611860150807851e-36	1.0594779745194863e-15	9.75628961293943e-16
812.	0.	3.338886396905882e-36	1.0504205193136566e-15	9.702555090477717e-16
812.9999999999999	0.	3.086428174307242e-36	1.0414081876353524e-15	9.64882122852279e-16
814.	0.	2.852952623226938e-36	1.0324412250853297e-15	9.595092002893404e-16
815.	0.	2.6370407151815432e-36	1.023519869332967e-15	9.54137135844629e-16
816.	0.	2.4373788537506083e-36	1.0146443501449582e-15	9.487663208549362e-16
816.9999999999999	0.	2.2527510909635342e-36	1.0058148894199513e-15	9.433971434570242e-16
817.9999999999999	0.	2.0820319145016717e-36	9.97031701222913e-16	9.38029988538663e-16
819.	0.	1.9241795641438847e-36	9.882949918243186e-16	9.326652376911746e-16
820.	0.	1.7782298388898912e-36	9.796049597386722e-16	9.27303269163903e-16
821.	0.	1.6432903589858725e-36	9.70961795767491e-16	9.219444578204313e-16
821.9999999999999	0.	1.51853524966646e-36	9.62365683042374e-16	9.165891750965271e-16
823.	0.	1.4032002158307943e-36	9.538167970719842e-16	9.112377889597295e-16
824.	0.	1.2965779791019234e-36	9.45315305788378e-16	9.058906638707151e-16
825.	0.	1.1980140507884857e-36	9.368613695982047e-16	9.00548160746383e-16
825.9999999999999	0.	1.1069028161890308e-36	9.284551414329788e-16	8.95210636924358e-16
826.9999999999999	0.	1.022683907462745e-36	9.200967668020369e-16	8.89878446129358e-16
828.	0.	9.44838843944763e-37	9.11786383847807e-16	8.845519384410009e-16
829.	0.	8.728879203187857e-37	9.035241234013193e-16	8.792314602632998e-16
830.	0.	8.063873244848562e-37	8.953101090400704e-16	8.7391735429567e-16
830.9999999999999	0.	7.449264682811942e-37	8.871444571475323e-16	8.686099595053315e-16
832.	0.	6.881255154459723e-37	8.790272769726953e-16	8.633096111015002e-16
833.	0.	6.356330923408038e-37	8.709586706922341e-16	8.580166405107757e-16
834.	0.	5.871241680148998e-37	8.629387334739619e-16	8.527313753542076e-16
834.9999999999999	0.	5.422980911659777e-37	8.549675535403191e-16	8.474541394256094e-16
835.9999999999999	0.	5.008767724633093e-37	8.470452122342341e-16	8.421852526714974e-16
837.	0.	4.6260300153951135e-37	8.391717840854534e-16	8.369250311722102e-16
838.	0.	4.272388887397381e-37	8.313473368779714e-16	8.3167378712456105e-16
839.	0.	3.94564422440522e-37	8.235719317183427e-16	8.264318288257341e-16
839.9999999999999	0.	3.6437613342342424e-37	8.158456231054498e-16	8.211994606585433e-16
841.	0.	3.3648585841076654e-37	8.0816845900022e-16	8.159769830780854e-16
842.	0.	3.107195954494915e-37	8.005404808979791e-16	8.10764692599384e-16
843.	0.	2.8691644436444368e-37	7.92961723898947e-16	8.055628817866889e-16
843.9999999999999	0.	2.6492762599940644e-37	7.854322167819902e-16	8.003718392436973e-16
844.9999999999999	0.	2.446155744251634e-37	7.779519820773164e-16	7.951918496051081e-16
846.	0.	2.2585309672059445e-37	7.705210361407637e-16	7.900231935293446e-16
847.	0.	2.085225953291911e-37	7.631393892291431e-16	7.848661476925408e-16
848.	0.	1.925153483604131e-37	7.558070455737867e-16	7.797209847834498e-16
848.9999999999999	0.	1.777308435456112e-37	7.485240034584397e-16	7.745879734997209e-16
850.	0.	1.6407616187390686e-37	7.412902552931829e-16	7.694673785451094e-16
851.	0.	1.5146540722582323e-37	7.341057876935132e-16	7.643594606279047e-16
852.	0.	1.3981917859352887e-37	7.269705815554072e-16	7.592644764602304e-16
852.9999999999999	0.	1.2906408172801563e-37	7.198846121335762e-16	7.54182678758629e-16
853.9999999999999	0.	1.1913227728616641e-37	7.128478491196781e-16	7.491143162454214e-16
855.	0.	1.0996106276684683e-37	7.058602567196183e-16	7.440596336512557e-16
856.	0.	1.014924857248885e-37	6.989217937324646e-16	7.390188717184638e-16
857.	0.	9.36729859374549e-38	6.920324136286133e-16	7.339922672055318e-16
857.9999999999999	0.	8.645306436892558e-38	6.851920646283169e-16	7.289800528924269e-16
859.	0.	7.978697693969566e-38	6.7840068978138585e-16	7.239824575867635e-16
860.	0.	7.363245125176642e-38	6.71658227045213e-16	7.189997061310525e-16
861.	0.	6.795042456067917e-38	6.649646093650219e-16	7.140320194106309e-16
861.9999999999999	0.	6.270480140993986e-38	6.583197647514394e-16	7.090796143625587e-16
863.	0.	5.786222946145157e-38	6.517236163614112e-16	7.041427039853155e-16
864.	0.	5.339189216408693e-38	6.451760825761185e-16	6.992214973493318e-16
865.	0.	4.926531700328739e-38	6.386770770802363e-16	6.943161996082887e-16
865.9999999999999	0.	4.5456198167770783e-38	6.32226508942052e-16	6.894270120111873e-16
866.9999999999999	0.	4.194023255585544e-38	6.258242826913691e-16	6.845541319151865e-16
868.	0.	3.8694968123979664e-38	6.194702983984866e-16	6.796977527992678e-16
869.	0.	3.5699663653984754e-38	6.131644517538772e-16	6.748580642784205e-16
870.	0.	3.293515908453015e-38	6.069066341451536e-16	6.700352521187046e-16
870.9999999999999	0.	3.038375561546893e-38	6.006967327375583e-16	6.652294982529747e-16
872.	0.	2.8029104852960743e-38	5.945346305502021e-16	6.60440980797111e-16
873.	0.	2.585610631758346e-38	5.884202065352889e-16	6.556698740671926e-16
874.	0.	2.3850812688219096e-38	5.823533356546632e-16	6.50916348596916e-16
874.9999999999999	0.	2.2000342201239584e-38	5.763338889588295e-16	6.461805711560369e-16
875.9999999999999	0.	2.029279766780283e-38	5.703617336630162e-16	6.414627047690912e-16
877.	0.	1.871719161215577e-38	5.644367332236549e-16	6.367629087347737e-16
878.	0.	1.7263377070964387e-38	5.585587474156071e-16	6.32081338646043e-16
879.	0.	1.5921983628026678e-38	5.527276324078788e-16	6.274181464104985e-16
879.9999999999999	0.	1.468435829055722e-38	5.469432408398799e-16	6.227734802715182e-16
881.	0.	1.354251084266063e-38	5.412054218960094e-16	6.181474848297877e-16
882.	0.	1.2489063338883074e-38	5.355140213811526e-16	6.135403010652685e-16
883.	0.	1.1517203425952129e-38	5.298688817946575e-16	6.089520663599255e-16
883.9999999999999	0.	1.0620641204181084e-38	5.242698424053678e-16	6.043829145204729e-16
884.9999999999999	0.	9.7935693616221e-39	5.18716739323805e-16	5.998329758020209e-16
886.	0.	9.030626334070289e-39	5.132094055767694e-16	5.953023769318047e-16
887.	0.	8.326862262528075e-39	5.077476711790898e-16	5.907912411335878e-16
888.	0.	7.677707536883152e-39	5.023313632060272e-16	5.862996881522555e-16
888.9999999999999	0.	7.078943730414865e-39	4.969603058651021e-16	5.818278342789777e-16
890.	0.	6.526676744406877e-39	4.916343205663149e-16	5.7737579237662915e-16
891.	0.	6.017311995743024e-39	4.863532259944188e-16	5.729436719055758e-16
892.	0.	5.5475314929137375e-39	4.811168381774233e-16	5.685315789499007e-16
892.9999999999999	0.	5.11427265749381e-39	4.759249705564913e-16	5.641396162438366e-16
893.9999999999999	0.	4.714708758909644e-39	4.707774340554319e-16	5.597678831986037e-16
895.	0.	4.3462308402693395e-39	4.656740371481441e-16	5.554164759295382e-16
896.	0.	4.0064310222281254e-39	4.606145859270729e-16	5.510854872834479e-16
897.	0.	3.693087080392797e-39	4.555988841696304e-16	5.467750068663385e-16
897.9999999999999	0.	3.404148199638306e-39	4.506267334056599e-16	5.424851210713518e-16
899.	0.	3.1377218160034056e-39	4.456979329824082e-16	5.382159131069564e-16
900.	0.	2.8920614635785232e-39	4.4081228013049277e-16	5.339674630254214e-16
901.	0.	2.665555550027524e-39	4.359695700279597e-16	5.297398477514374e-16
901.9999999999999	0.	2.456716990162365e-39	4.311695958649921e-16	5.255331411109873e-16
902.9999999999999	0.	2.2641736323195716e-39	4.26412148906797e-16	5.213474138605489e-16
904.	0.	2.0866594172238608e-39	4.2169701855650393e-16	5.17182733716255e-16
905.	0.	1.9230062135874988e-39	4.170239924171176e-16	5.130391653834128e-16
906.	0.	1.7721362789139552e-39	4.123928563532348e-16	5.089167705861055e-16
906.9999999999999	0.	1.6330552978771423e-39	4.078033945512312e-16	5.048156080970513e-16
908.	0.	1.504845954256158e-39	4.0325538958019856e-16	5.007357337674312e-16
909.	0.	1.3866619957421335e-39	3.98748622450343e-16	4.966772005570809e-16
910.	0.	1.2777227540197951e-39	3.9428287267271665e-16	4.926400585645981e-16
910.9999999999999	0.	1.1773080853775107e-39	3.898579183158884e-16	4.886243550577267e-16
911.9999999999999	0.	1.0847536997393887e-39	3.8547353606520454e-16	4.846301345037767e-16
913.	0.	9.994468484490016e-40	3.8112950127787364e-16	4.8065743860007045e-16
914.	0.	9.208223433902492e-40	3.7682558803917707e-16	4.767063063046523e-16
914.9999999999999	0.	8.483588821137558e-40	3.7256156921877107e-16	4.727767738669379e-16
915.9999999999999	0.	7.815756555642844e-40	3.683372165240999e-16	4.688688748584239e-16
917.	0.	7.2002921678508325e-40	3.6415230055464297e-16	4.649826402035572e-16
918.	0.	6.633105906209318e-40	3.6000659085539055e-16	4.611180982105976e-16
919.	0.	6.110426059631224e-40	3.558998559694898e-16	4.572752746024372e-16
919.9999999999999	0.	5.6287743348604775e-40	3.51831863489128e-16	4.534541925476626e-16
921.	0.	5.184943131242203e-40	3.4780238010744514e-16	4.496548726913827e-16
922.	0.	4.775974567400156e-40	3.4381117166904385e-16	4.458773331863364e-16
923.	0.	4.399141125421416e-40	3.398580032186902e-16	4.421215897237215e-16
923.9999999999999	0.	4.0519277884088864e-40	3.359426390513159e-16	4.3838765556431943e-16
924.9999999999999	0.	3.732015556738412e-40	3.320648427603311e-16	4.346755415693898e-16
926.	0.	3.4372662371193663e-40	3.282243772839262e-16	4.309852562316137e-16
927.	0.	3.165708406648352e-40	3.2442100495345244e-16	4.2731680570606576e-16
928.	0.	2.9155244615262937e-40	3.206544875392208e-16	4.236701938411492e-16
928.9999999999999	0.	2.685038667017058e-40	3.1692458629525615e-16	4.2004542220934196e-16
930.	0.	2.4727061316104063e-40	3.132310620056734e-16	4.1644249013813646e-16
931.	0.	2.2771026342505304e-40	3.0957367502644197e-16	4.128613947407462e-16
932.	0.	2.0969152389381726e-40	3.059521853312183e-16	4.093021309468318e-16
932.9999999999999	0.	1.9309336360509427e-40	3.023663525526998e-16	4.057646915331534e-16
933.9999999999999	0.	1.778042154371967e-40	2.988159360251249e-16	4.022490671541279e-16
935.	0.	1.6372123921177254e-40	2.953006948252313e-16	3.987552463723583e-16
936.	0.	1.5074964192182498e-40	2.9182038781366165e-16	3.952832156889862e-16
937.	0.	1.3880205067713215e-40	2.8837477367407013e-16	3.9183295957412043e-16
937.9999999999999	0.	1.277979342974547e-40	2.849636109536109e-16	3.884044604969733e-16
939.	0.	1.1766306979678756e-40	2.8158665810033436e-16	3.8499769895603106e-16
940.	0.	1.0832905029041421e-40	2.7824367350223904e-16	3.816126535090908e-16
941.	0.	9.973283112331194e-41	2.749344155234675e-16	3.7824930080317213e-16
941.9999999999999	0.	9.181631126471715e-41	2.7165864254240794e-16	3.749076156042889e-16
942.9999999999999	0.	8.452594724097015e-41	2.6841611298684363e-16	3.7158757082719716e-16
944.	0.	7.781239708882589e-41	2.652065853686989e-16	3.6828913756487067e-16
945.	0.	7.16301920053482e-41	2.620298183202936e-16	3.6501228511797644e-16
946.	0.	6.593743354948907e-41	2.5888557062714754e-16	3.6175698102416745e-16
946.9999999999999	0.	6.069551441582068e-41	2.557736012619758e-16	3.585231910871773e-16
948.	0.	5.586886095350055e-41	2.526936694171774e-16	3.5531087940590677e-16
949.	0.	5.142469574456228e-41	2.496455345371431e-16	3.521200084032489e-16
950.	0.	4.733281868559138e-41	2.466289563496551e-16	3.489505388547816e-16
950.9999999999999	0.	4.35654051371213e-41	2.436436948972733e-16	3.4580242991733e-16
951.9999999999999	0.	4.009681981585431e-41	2.4068951056698836e-16	3.4267563915738195e-16
953.	0.	3.690344520726066e-41	2.3776616411974045e-16	3.3957012257932316e-16
954.	0.	3.396352337055371e-41	2.3487341672013214e-16	3.364858346534236e-16
954.9999999999999	0.	3.1257010095295477e-41	2.320110299651468e-16	3.334227283438826e-16
955.9999999999999	0.	2.876544044937863e-41	2.2917876591044575e-16	3.3038075513638815e-16
957.	0.	2.6471804832470956e-41	2.263763870992148e-16	3.2735986506577116e-16
958.	0.	2.4360434717569707e-41	2.236036565880949e-16	3.243600067433603e-16
959.	0.	2.2416897326642282e-41	2.2086033797320153e-16	3.2138112738412674e-16
959.9999999999999	0.	2.0627898544738934e-41	2.181461954163578e-16	3.1842317283370037e-16
960.9999999999999	0.	1.8981193430891367e-41	2.1546099366886526e-16	3.1548608759518863e-16
962.	0.	1.7465503733872624e-41	2.128044980969376e-16	3.1256981485581565e-16
963.	0.	1.6070441866794212e-41	2.1017647470476017e-16	3.0967429651333683e-16
963.9999999999999	0.	1.4786440836917745e-41	2.0757669015836212e-16	3.0679947320223394e-16
964.9999999999999	0.	1.3604689666128148e-41	2.0500491180735952e-16	3.039452843198234e-16
966.	0.	1.251707387362332e-41	2.0246090770869882e-16	3.011116680520469e-16
967.	0.	1.1516120625637032e-41	1.9994444664623555e-16	2.9829856139910615e-16
968.	0.	1.0594948187745467e-41	1.9745529815350368e-16	2.9550590020091626e-16
968.9999999999999	0.	9.747219343639738e-42	1.949932325334605e-16	2.92733619162319e-16
969.9999999999999	0.	8.967098470383393e-42	1.9255802087851182e-16	2.8998165187809606e-16
971.	0.	8.249211984313452e-42	1.901494350905036e-16	2.872499308577863e-16
972.	0.	7.588611893971866e-42	1.877672478987913e-16	2.8453838755027004e-16
972.9999999999999	0.	6.980742217001576e-42	1.8541123287981435e-16	2.818469523681615e-16
973.9999999999999	0.	6.421408036863328e-42	1.8308116447449037e-16	2.791755547120059e-16
975.	0.	5.906746992704702e-42	1.80776818005532e-16	2.7652412299418566e-16
976.	0.	5.433203011823433e-42	1.7849796969507527e-16	2.7389258466268103e-16
977.	0.	4.9975021090254976e-42	1.7624439668056593e-16	2.7128086622461474e-16
977.9999999999999	0.	4.596630090889311e-42	1.7401587703119965e-16	2.6868889326951935e-16
979.	0.	4.227812015590687e-42	1.7181218976317087e-16	2.6611659049244513e-16
980.	0.	3.888493270598585e-42	1.6963311485542863e-16	2.6356388171680285e-16
980.9999999999999	0.	3.5763221413136126e-42	1.674784332634759e-16	2.6103068991702554e-16
982.	0.	3.2891337536310845e-42	1.653479269341745e-16	2.585169372409546e-16
982.9999999999999	0.	3.024935282562187e-42	1.632413788194994e-16	2.560225450320719e-16
983.9999999999999	0.	2.7818923274763878e-42	1.6115857288930959e-16	2.5354743385141933e-16
985.	0.	2.558316362312058e-42	1.5909929414477397e-16	2.510915234994275e-16
985.9999999999999	0.	2.3526531762665867e-42	1.5706332863050855e-16	2.4865473303734995e-16
987.	0.	2.1634722270969497e-42	1.5505046344687176e-16	2.462369808085754e-16
988.	0.	1.989456835255118e-42	1.5306048676176506e-16	2.4383818445976317e-16
988.9999999999999	0.	1.8293951527076708e-42	1.5109318782074064e-16	2.414582609615932e-16
990.	0.	1.6821718454689867e-42	1.4914835695885748e-16	2.3909712662944156e-16
990.9999999999999	0.	1.546760433662475e-42	1.4722578561118948e-16	2.367546971437796e-16
992.	0.	1.4222162373224566e-42	1.453252663219094e-16	2.3443088757027916e-16
993.	0.	1.3076698802192871e-42	1.434465927545943e-16	2.3212561237980234e-16
993.9999999999999	0.	1.2023213077291526e-42	1.4158955970102697e-16	2.2983878546808036e-16
995.	0.	1.1054342782252086e-42	1.3975396309044257e-16	2.2757032017521923e-16
995.9999999999999	0.	1.0163312906474855e-42	1.3793959999788613e-16	2.253201293049315e-16
997.	0.	9.343889138432415e-43	1.3614626865216274e-16	2.23088125143586e-16
998.	0.	8.590334859721131e-43	1.343737684437591e-16	2.2087421947899884e-16
998.9999999999999	0.	7.8973715476427e-43	1.3262189993220857e-16	2.186783236190147e-16
1000.	0.	7.260142317152276e-43	1.3089046485286576e-16	2.1650034840986685e-16