0.	0.	0.	0.	0.
1.	0.0047510363089228345	0.008007927861769763	0.0008300980358638443	0.00008315280271558781
2.	0.00030466759155927726	0.015495089004562281	0.001666118439185472	0.00016718746369537592
3.	0.000011308544951815174	0.022449368147906844	0.0025055296058115423	0.00025185496519202454
4.	3.18987671448757e-7	0.028864737629989413	0.0033459253529040988	0.00033691717664946106
5.	7.569049721928201e-9	0.034740619279678274	0.00418502706197512	0.0004221471574191954
6.	1.590132004286226e-10	0.04008125995816869	0.005020684907757397	0.0005073293711949781
7.	3.0479193307518244e-12	0.044895128049611856	0.005850878268319059	0.000592259820720984
8.	5.4369138647955874e-14	0.04919433661285424	0.006673715404813826	0.0006767461107300118
9.	9.08579177808344e-16	0.05299409752236521	0.0074874324926636525	0.0007606074465040801
10.	0.	0.05631220971638111	0.008290392079773364	0.0008436745749185445
11.	0.	0.05916858362337607	0.009081081041557746	0.0009257896743307768
12.	0.	0.061584802942260375	0.009858108097100441	0.0010068061992039765
13.	0.	0.0635837241947179	0.010620200945642635	0.0010865886849142884
14.	0.	0.0651891138371615	0.011366203077799671	0.0011650125177736672
14.999999999999998	0.	0.06642532220237896	0.012095070311408464	0.0012419636749104385
16.	0.	0.06731699312488076	0.012805867097701611	0.001317338438282974
17.	0.	0.06788880777760922	0.013497762639570081	0.0013910430867580923
18.	0.	0.06816526100001458	0.014170026859999945	0.0014629935698634148
18.999999999999996	0.	0.06817046821829377	0.014822026255336506	0.0015331151665209893
20.	0.	0.06792800093831411	0.015453219664827171	0.0016013421317867323
21.	0.	0.06746074872171594	0.01606315398491005	0.0016676173343558285
22.	0.	0.0667908055280041	0.016651459853936505	0.0017318918873469656
23.	0.	0.0659393783129686	0.01721784733043059	0.0017941247746473907
24.	0.	0.06492671581015966	0.017762101585586162	0.0018542824748852855
24.999999999999996	0.	0.0637720554817258	0.01828407862847207	0.0019123385848949905
26.	0.	0.062493586702725944	0.018783701080348145	0.0019682734443534503
27.	0.	0.061108428334705846	0.01926095401257945	0.0020220737630920267
28.	0.	0.05963261894611163	0.01971588086086475	0.00207373225242585
29.	0.	0.058081118045766204	0.02014857942685887	0.002123247261692462
29.999999999999996	0.	0.05646781680840586	0.020559197976759418	0.002170622421051955
31.	0.	0.05480555688584687	0.02094793144503792	0.0022158662914715265
32.	0.	0.0531061560118008	0.021315017750217567	0.0022589920226976745
32.99999999999999	0.	0.05138043922110805	0.02166073422842654	0.0023000170199087796
34.	0.	0.049638274613939465	0.0219853941893808	0.0023389626196386824
35.	0.	0.047888612701328034	0.022289343598468	0.0023758537754679445
36.	0.	0.046139528469470635	0.02257295788770737	0.002410718753892996
37.	0.	0.04439826539602706	0.022836638897544552	0.0024435888407039422
37.99999999999999	0.	0.04267128074174687	0.023080811950700345	0.002474498058129135
39.	0.	0.04096429152493864	0.023305923058621343	0.0025034828929379935
40.	0.	0.039282320664450386	0.023512436260476492	0.0025305820356329493
41.	0.	0.03762974284893277	0.023700831094099442	0.002555836130806098
42.	0.	0.03601032975629658	0.023871600197790374	0.0025792875386860116
42.99999999999999	0.	0.03442729430758088	0.024025247041456713	0.0026009801078548263
44.	0.	0.0328833336941275	0.024162283785187488	0.0026209589590747828
44.99999999999999	0.	0.031380670966237735	0.02428322926301702	0.0026392702801266497
46.	0.	0.029921095015646514	0.024388607089336472	0.002655961131529592
47.	0.	0.028505998823472947	0.024478943885153627	0.002671079262982731
48.	0.	0.027136415880096437	0.024554767621179693	0.002684672940342766
49.	0.	0.02581305471398301	0.024616606074533087	0.002696790782929182
49.99999999999999	0.	0.024536331493148364	0.02466498539569185	0.0027074816109286855
51.	0.	0.023306400686014774	0.024700428782197303	0.0027167943026532174
52.	0.	0.022123183788188665	0.02472345525550663	0.0027247776613912073
53.	0.	0.020986396138457847	0.0247345785373126	0.0027314802915792127
54.	0.	0.019895571861359217	0.024734306021589658	0.0027369504840107565
54.99999999999999	0.	0.018850086985266516	0.024723137838586644	0.0027412361097907643
56.	0.	0.017849180794351813	0.024701566006965957	0.002744384522737416
56.99999999999999	0.	0.016891975480217866	0.024670073670283694	0.0027464424699282257
58.	0.	0.01597749416470652	0.02462913441401606	0.002747456010083727
59.	0.	0.015104677369568309	0.024579211659360313	0.002747470439480064
59.99999999999999	0.	0.014272398011517695	0.024520758130073702	0.0027465302250809236
61.	0.	0.01347947500288062	0.02445421538866031	0.0027446789445796224
62.	0.	0.01272468553871503	0.02438001343827027	0.002741959233043413
63.	0.	0.012006776151111247	0.024298570386740433	0.0027384127358544854
64.	0.	0.011324472610474819	0.02421029216927581	0.0027340800676451176
65.	0.	0.010676488752093389	0.02411557232634936	0.0027290007769284388
65.99999999999999	0.	0.010061534304285885	0.024014791833479848	0.002723213316130716
67.	0.	0.009478321792031305	0.023908318979636144	0.0027167550167362872
68.	0.	0.008925572587254882	0.023796509291107174	0.0027096620692619133
69.	0.	0.008402022173987597	0.023679705497772027	0.0027019695077834297
70.	0.	0.007906424693478105	0.02355823753880265	0.002693711198744166
70.99999999999999	0.	0.007437556831077521	0.023432422604930267	0.0026849198337814207
72.	0.	0.006994221103390226	0.023302565214508925	0.0026756269263144687
73.	0.	0.006575248600826784	0.023168957320711045	0.002665862811645
74.	0.	0.006179501237348641	0.02303187844729274	0.00265565665032847
75.	0.	0.005805873555881883	0.022891595850469827	0.0026450364345825717
75.99999999999999	0.	0.005453294134633736	0.02274836470454816	0.0026340289975070106
77.	0.	0.005120726636380183	0.022602428309053995	0.002622660024896618
78.	0.	0.004807170539733356	0.022454018315211544	0.002610954069437881
79.	0.	0.0045116615884478635	0.022303354969715656	0.0025989345670870637
80.	0.	0.004233271992000598	0.022150647373845683	0.002586623855435989
80.99999999999999	0.	0.003971110407984955	0.021996093756064778	0.0025740431938796626
82.	0.	0.0037243217343004833	0.021839881756344232	0.002561212785407798
83.	0.	0.00349208673669888	0.021682188720546166	0.002548151799850186
84.	0.	0.0032736215349650466	0.021523182003289686	0.0025348783984136163
84.99999999999999	0.	0.0030681769688689184	0.02136301927781516	0.002521409759355772
85.99999999999999	0.	0.002875037863016201	0.021201848851448483	0.002507762104649002
87.	0.	0.0026935222078546205	0.021039809985351758	0.0024939507274943404
88.	0.	0.002522980272349002	0.02087703321732996	0.002479990020553422
89.	0.	0.0023627936622220547	0.020713640686541822	0.002465893504772984
89.99999999999999	0.	0.002212374336163468	0.02054974645904159	0.002451673858683684
90.99999999999999	0.	0.0020711635910298835	0.020385456853152486	0.002437342948061689
92.	0.	0.0019386310257900668	0.020220870763744576	0.002422911855848103
93.	0.	0.0018142734928064518	0.020056079984559678	0.0024083909122277303
94.	0.	0.0016976140439796516	0.0198911695277923	0.002393789724774889
94.99999999999999	0.	0.0015882008783112776	0.01972621794019992	0.002379117208580027
96.	0.	0.0014856062965586255	0.019561297615077605	0.002364381616276779
97.	0.	0.001389425667851967	0.019396475099490326	0.002349590567894687
98.	0.	0.0012992764124227858	0.01923181139621363	0.00233475108046834
99.	0.	0.0012147970039371012	0.01906736225988591	0.002319869597338872
99.99999999999999	0.	0.0011356459943411075	0.018903178486928133	0.002304952017088928
101.	0.	0.001061501063601535	0.018739306198834463	0.0022900037220569265
102.	0.	0.0009920580962521817	0.018575787118484736	0.0022750296063813033
103.	0.	0.0009270302862423986	0.01841265883917277	0.0022600341035297145
104.	0.	0.0008661472712118454	0.018249955086087302	0.002245021213272658
104.99999999999999	0.	0.0008091542969905054	0.01808770597002063	0.0022299945280648994
106.	0.	0.0007558114128362475	0.017925938233118558	0.002214957258802167
107.	0.	0.0007058926976716623	0.017764675486519114	0.0021999122599241855
108.	0.	0.0006591855173646502	0.01760393843976168	0.0021848620538387695
109.	0.	0.0006154898129097404	0.017443745121878348	0.002169808854645026
109.99999999999999	0.	0.0005746174192060541	0.017284111094108826	0.0021547545911369597
111.	0.	0.0005363914139916467	0.017125049654207344	0.0021397009290717956
112.	0.	0.0005006454963785435	0.016966572032335214	0.002124649292690237
113.	0.	0.00046722339433819416	0.01680868757855611	0.0021096008854785448
113.99999999999999	0.	0.00043597830040843034	0.016651403941973862	0.002094556710164989
114.99999999999999	0.	0.0004067723348305127	0.016494727241571455	0.002079517587945517
116.	0.	0.00037947603527636436	0.016338662228829768	0.0020644841769358407
117.	0.	0.00035396787228850993	0.016183212442221182	0.002049456989849249
118.	0.	0.0003301337895294492	0.016028380353688875	0.0020344364109013855
118.99999999999999	0.	0.00030786676792010127	0.015874167507237368	0.002019422711945195
119.99999999999999	0.	0.00028706641273779104	0.015720574649772265	0.002004416067840861
121.	0.	0.0002676385627424757	0.015567601854339445	0.0019894165710672117
122.	0.	0.0002494949204033789	0.015415248635924373	0.0019744242455825944
122.99999999999999	0.	0.00023255270230828455	0.015263514059980977	0.00195943905994446
124.	0.	0.0002167343088499048	0.015112396843869101	0.0019444609396983322
125.	0.	0.0002019670123018013	0.014961895451385524	0.0019294897790478507
126.	0.	0.00018818266241550532	0.014812008180580342	0.001914525451818642
127.	0.	0.00017531740869335404	0.014662733245056389	0.0018995678217298482
128.	0.	0.0001633114385159728	0.014514068848952956	0.0018846167519878435
129.	0.	0.00015210873032847375	0.014366013255819132	0.001869672114217529
130.	0.	0.00014165682111737832	0.014218564851585383	0.001854733796747294
131.	0.	0.00013190658743687233	0.0140717222018429	0.0018398017122642234
131.99999999999997	0.	0.0001228120392720871	0.013925484103643871	0.0018248758048569152
133.	0.	0.00011433012605501372	0.013779849632033847	0.0018099560564633363
134.	0.	0.00010642055417739365	0.013634818181530103	0.0017950424927419427
135.	0.	0.0000990456153725899	0.013490389502757941	0.001780135188384286
136.	0.	0.00009217002536738891	0.01334656373445725	0.0017652342718878396
137.	0.	0.0000857607722311998	0.013203341431068603	0.0017503399298077075
138.	0.	0.00007978697387748209	0.01306072358610863	0.0017354524105063307
139.	0.	0.000074219744198819	0.012918711651539969	0.0017205720274201
140.	0.	0.00006903206734163472	0.01277730755334026	0.0017056991618620552
140.99999999999997	0.	0.00006419867965254956	0.012636513703470654	0.0016908342653797134
141.99999999999997	0.	0.00005969595885137884	0.01249633300844124	0.0016759778616870185
143.	0.	0.000055501820009140176	0.01235676887466831	0.0016611305481894936
144.	0.	0.00005159561793233267	0.0122178252108125	0.0016462929971212414
145.	0.	0.00004795805557460752	0.012079506427285037	0.0016314659563125822
146.	0.	0.00004457109811917916	0.011941817433103902	0.0016166502496067594
147.	0.	0.00004141789239362672	0.011804763630277082	0.0016018467769439225
148.	0.	0.000038482691298017144	0.01166835090588658	0.0015870565141304202
149.	0.	0.000035750782944979223	0.01153258562204141	0.0015722805123111379
150.	0.	0.00003320842422752341	0.01139747460386274	0.0015575198971622337
150.99999999999997	0.	0.00003084277854608045	0.011263025125660188	0.001542775867821411
151.99999999999997	0.	0.000028641857442746412	0.011129244895452913	0.0015280496955725137
153.	0.	0.000026594465903612534	0.010996142037983889	0.0015133427223007986
154.	0.	0.000024690151105807313	0.010863725076370904	0.0014986563587349358
155.	0.	0.000022919154397397403	0.01073200291253237	0.001483992082491358
156.	0.	0.000021272366311722463	0.010600984806522058	0.001469351435936319
157.	0.	0.000019741284429210757	0.01047068035489922	0.0014547360238803036
158.	0.	0.00001831797391052381	0.01034109946825832	0.0014401475111193976
159.	0.	0.00001699503053609569	0.01021225234803563	0.001425587619837541
160.	0.	0.000015765546096202983	0.010084149462704972	0.0014110581268831966
160.99999999999997	0.	0.000014623075985671885	0.009956801523471073	0.0013965608609336922
161.99999999999997	0.	0.000013561608866076192	0.009830219459562068	0.0013820976995597724
163.	0.	0.000012575538266198331	0.009704414393219533	0.0013676705662027386
164.	0.	0.00001165963599981766	0.009579397614478766	0.0013532814270759688
165.	0.	0.000010809027287176805	0.009455180555826712	0.0013389322880021245
166.	0.	0.000010019167473145891	0.00933177476682132	0.0013246251911970324
167.	0.	9.285820242007777e-6	0.009209191888750846	0.00131036221201074
168.	0.	8.605037234773785e-6	0.009087443629406505	0.0012961454556356807
169.	0.	7.973138980651458e-6	0.008966541738039584	0.0012819770537917862
169.99999999999997	0.	7.386697059860646e-6	0.008846497980565984	0.0012678591613974072
170.99999999999997	0.	6.842517420186833e-6	0.00872732411508139	0.001253793953235102
171.99999999999997	0.	6.3376247740541605e-6	0.008609031867742319	0.0012397836206203884
173.	0.	5.869248008135948e-6	0.008491632909067074	0.0012258303680815572
174.	0.	5.4348065408057465e-6	0.00837513883070471	0.0012119364100579223
175.	0.	5.031897567862254e-6	0.00825956112271669	0.0011981039676235456
176.	0.	4.6582841395265454e-6	0.008144911151414512	0.0011843352652433983
177.	0.	4.311884016173566e-6	0.00803120013778888	0.0011706325275679537
178.	0.	3.990759253036055e-6	0.007918439136565997	0.0011569979762722864
179.	0.	3.693106467323395e-6	0.007806639015922578	0.0011434338269453266
179.99999999999997	0.	3.417247744301255e-6	0.0076958104378853625	0.001129942286034143
180.99999999999997	0.	3.161622141261281e-6	0.00758596383944288	0.0011165255478485228
181.99999999999997	0.	2.9247777511106282e-6	0.007477109414387775	0.001103185791629822
183.	0.	2.705364289919009e-6	0.007369257095911715	0.001089925178688677
184.	0.	2.5021261741444335e-6	0.007262416539966968	0.0010767458496150945
185.	0.	2.3138960568269228e-6	0.007156597109409259	0.0010636499215645418
186.	0.	2.1395887923902766e-6	0.00705180785893212	0.0010506394856231106
187.	0.	1.978195802871032e-6	0.0069480575208023115	0.0010377166042547662
188.	0.	1.8287798194700697e-6	0.006845354491401419	0.0010248833088330734
189.	0.	1.6904699750523852e-6	0.006743706818579474	0.0010121415972599449
189.99999999999997	0.	1.5624572248155472e-6	0.0066431221898205686	0.0009994934316731295
190.99999999999997	0.	1.4439900738712824e-6	0.00654360792122267	0.0009869407362444983
192.	0.	1.3343705918387234e-6	0.0064451709472880085	0.0009744853950703531
193.	0.	1.2329506954093103e-6	0.006347817811522915	0.0009621292501553736
194.	0.	1.1391286816965484e-6	0.006251554657838844	0.0009498740994907444
195.	0.	1.0523459958477673e-6	0.006156387222751279	0.0009377216952277887
196.	0.	9.72084217385088e-7	0.006062320828365398	0.000925673741947218
197.	0.	8.978622512165029e-7	0.005969360376141615	0.0009137318950247971
198.	0.	8.292337094799171e-7	0.005877510341427874	0.0009018977590932189
198.99999999999997	0.	7.657844720235737e-7	0.005786774768748787	0.0008901728866005082
199.99999999999997	0.	7.071304132366714e-7	0.005697157267836674	0.0008785587764644716
200.99999999999997	0.	6.529152847812394e-7	0.0056086610103926295	0.0008670568728231641
202.	0.	6.028087432075422e-7	0.005521288727560035	0.0008556685638804585
203.	0.	5.565045134829486e-7	0.0054350427080974905	0.000844395180846471
204.	0.	5.137186789291827e-7	0.005349924797231642	0.0008332379969715744
205.	0.	4.7418808916089136e-7	0.005265936396175579	0.0008221982266735134
206.	0.	4.376688784179772e-7	0.0051830784622917975	0.0008112770247560477
207.	0.	4.039350864728848e-7	0.005101351509884067	0.0008004754857183759
208.	0.	3.7277737555980205e-7	0.005020755611596892	0.0007897946431536464
208.99999999999997	0.	3.440018366782974e-7	0.004941290400404638	0.0007792354692353826
209.99999999999997	0.	3.174288791935643e-7	0.004862955072169605	0.0007687988742901428
210.99999999999997	0.	2.9289219832653454e-7	0.004785748388749439	0.000758485706454895
212.	0.	2.7023781484281676e-7	0.004709668681632978	0.0007482967514173187
213.	0.	2.493231825476032e-7	0.004634713856084483	0.0007382327322373491
214.	0.	2.3001635845214117e-7	0.004560881395774891	0.000728294309248014
215.	0.	2.1219523170029886e-7	0.004488168367879534	0.0007184820800337075
216.	0.	1.9574680708111352e-7	0.004416571428621337	0.0007087965794839173
217.	0.	1.8056653924531027e-7	0.004346086829238876	0.0006992382799204291
218.	0.	1.665577144981236e-7	0.004276710422356735	0.0006898075912956821
218.99999999999997	0.	1.5363087650974568e-7	0.004208437668739966	0.0006805048614605912
219.99999999999997	0.	1.4170329304187399e-7	0.00414126364440948	0.0006713303764992928
220.99999999999997	0.	1.3069846100393738e-7	0.004075183048098404	0.0006622843611287511
222.	0.	1.2054564691310452e-7	0.004010190209029555	0.0006533669791611155
223.	0.	1.1117946043210062e-7	0.003946279094993373	0.0006445783340265373
224.	0.	1.0253945867909679e-7	0.003883443320704723	0.0006359184693539544
225.	0.	9.456977916090434e-8	0.003821676156422142	0.000627387369608136
226.	0.	8.72187991614795e-8	0.0037609705368059	0.0006189849607800477
227.	0.	8.043882000135985e-8	0.003701319069998919	0.0006107111111288084
227.99999999999997	0.	7.418577420295475e-8	0.0036427140469093996	0.000602565631972588
228.99999999999997	0.	6.841895394255763e-8	0.0035851474506781943	0.0005945482785264584
229.99999999999997	0.	6.310075947416861e-8	0.003528610966311214	0.0005866587507846695
230.99999999999997	0.	5.8196465844640496e-8	0.0034730959904597926	0.000578896694445237
232.	0.	5.367400676831344e-8	0.0034185936413323203	0.00057126170187472
233.	0.	4.95037744470024e-8	0.0033650947687173948	0.0005637533131105147
234.	0.	4.565843405805319e-8	0.0033125899641056698	0.0005563710168990964
235.	0.	4.211275202117349e-8	0.003261069570890248	0.0005491142517673585
236.	0.	3.884343687514975e-8	0.0032105236946329517	0.0005419824071254132
237.	0.	3.582899203874822e-8	0.003160942213379261	0.0005349748243983921
237.99999999999997	0.	3.3049579467090816e-8	0.003112314788007776	0.000528090798185274
238.99999999999997	0.	3.048689351820172e-8	0.0030646308725996354	0.0005213295774426181
239.99999999999997	0.	2.8124044104858677e-8	0.0030178797248134495	0.0005146903666910979
240.99999999999997	0.	2.5945448706867413e-8	0.0029720504162535424	0.0005081723272430139
242.	0.	2.3936732421549453e-8	0.002927131842816873	0.0005017745784485609
243.	0.	2.2084635511249534e-8	0.0028831127350071083	0.0004954961989590614
244.	0.	2.0376927885897976e-8	0.002839981668203276	0.0004893362280051947
245.	0.	1.8802330076637272e-8	0.0027977270728719765	0.0004832936666884492
245.99999999999997	0.	1.7350440105695485e-8	0.002756337244711303	0.0004773674792838609
247.	0.	1.6011665995555334e-8	0.002715800354716017	0.0004715565945522887
248.	0.	1.4777163228133254e-8	0.002676104459154134	0.00046585990706055395
248.99999999999997	0.	1.3638777076824805e-8	0.002637237509445475	0.00046027627850779877
250.	0.	1.2588989331818954e-8	0.0025991873619307633	0.00045480453905604113
250.99999999999997	0.	1.1620868954185138e-8	0.0025619417875260573	0.0004494434886639491
252.	0.	1.0728026628103657e-8	0.0025254884812509395	0.00044419189842171395
252.99999999999997	0.	9.904572721955537e-9	0.0024898150716244553	0.00043904851188584273
254.	0.	9.145078447937769e-9	0.0024549091299202806	0.0004340120464122229
254.99999999999997	0.	8.444540066128421e-9	0.0024207581792750578	0.0004290811944861992
256.	0.	7.798345788899704e-9	0.0023873497036423913	0.0004242546250481462
257.	0.	7.202245221908075e-9	0.0023546711565872263	0.00041953098481335797
258.	0.	6.6523211926736344e-9	0.0023227099699138784	0.0004149088995848126
259.	0.	6.144963731959399e-9	0.002291453562123496	0.00041038697555777594
260.	0.	5.676846053018759e-9	0.0022608893466950566	0.00040596380061489905
261.	0.	5.244902449186849e-9	0.0022310047401857516	0.0004016379456107431
262.	0.	4.846307784474646e-9	0.0022017871701469735	0.0003974079656447108
263.	0.	4.478458732707576e-9	0.002173224082851718	0.0003932724013212756
263.99999999999994	0.	4.138956308523947e-9	0.002145302950829445	0.00038922977999641543
265.	0.	3.825589900566345e-9	0.0021180112802069184	0.0003852786170095892
266.	0.	3.536322446600188e-9	0.002091336617850328	0.0003814174168999948
267.	0.	3.2692768324576726e-9	0.0020652665583083124	0.0003776446746066121
268.	0.	3.0227233011826618e-9	0.0020397887505521008	0.00037395887665090424
269.	0.	2.7950678571402872e-9	0.0020148909045124013	0.00037035850230165393
270.	0.	2.5848416291525878e-9	0.001990560797411023	0.00036684202472109993
271.	0.	2.390690964398776e-9	0.0019667862798857585	0.0003634079120916315
272.	0.	2.2113684281874597e-9	0.0019435552819083218	0.00036005462872250457
272.99999999999994	0.	2.0457243651828753e-9	0.0019208558184951464	0.0003567806361360566
274.	0.	1.892699266023763e-9	0.0018986759952094366	0.00035358439413260746
274.99999999999994	0.	1.7513166095338605e-9	0.001877004013455986	0.0003504643618338207
276.	0.	1.6206763767693554e-9	0.001855828175567597	0.00034741899870377506
277.	0.	1.4999489712947556e-9	0.0018351368896852164	0.00034444676554762533
278.	0.	1.3883696944984635e-9	0.0018149186744306023	0.0003415461254870805
279.	0.	1.2852336422341937e-9	0.0017951621633745818	0.00033871554491274797
280.	0.	1.1898909770405346e-9	0.0017758561092996495	0.00033595349441255506
281.	0.	1.101742587325062e-9	0.0017569893882610442	0.0003332584496764826
281.99999999999994	0.	1.0202360968945075e-9	0.0017385510034447463	0.00033062889237676685
283.	0.	9.448621829275613e-10	0.0017205300888273	0.00032806331102394257
283.99999999999994	0.	8.751511894877379e-10	0.0017029159126368506	0.0003255602017980625
285.	0.	8.106699972013905e-10	0.0016856978806190105	0.0003231180693552181
286.	0.	7.510191656035929e-10	0.0016688655391088646	0.00032073542760906523
287.	0.	6.958302561482947e-10	0.0016524085779120012	0.0003184108004873429
288.	0.	6.447634156074245e-10	0.0016363168329976494	0.0003161427226634265
289.	0.	5.975051159538713e-10	0.0016205802890046363	0.0003139297402625021
290.	0.	5.53766117834649e-10	0.0016051890815656847	0.0003117704115428683
291.	0.	5.132795153741724e-10	0.0015901334994506435	0.00030966330755193705
292.	0.	4.7579903167259e-10	0.0015754039865324063	0.0003076070127571162
292.99999999999994	0.	4.4109736340580443e-10	0.0015609911435799982	0.0003056001256518993
294.	0.	4.0896473093971877e-10	0.0015468857298793453	0.0003036412593367264
294.99999999999994	0.	3.7920748120584365e-10	0.0015330786646871508	0.0003017290420751432
296.	0.	3.5164683302744037e-10	0.0015195610285212888	0.000299862117825396
297.	0.	3.261177205087389e-10	0.001506324064288755	0.00029803914674714416
298.	0.	3.0246772419468124e-10	0.0014933591782584738	0.00029625880568420895
299.	0.	2.8055608006066074e-10	0.001480657940878846	0.00029451978862282517
300.	0.	2.6025276997580206e-10	0.0014682120874458134	0.00029282080712603355
301.	0.	2.4143769083401033e-10	0.0014560135186249842	0.0002911605907444119
301.99999999999994	0.	2.2399989316975422e-10	0.0014440543008306973	0.00028953788740323854
303.	0.	2.0783684728449644e-10	0.0014323266664659096	0.00028795146376637
303.99999999999994	0.	1.9285381430275043e-10	0.0014208230140274525	0.0002864001055772608
305.	0.	1.7896323415239649e-10	0.001409535908080016	0.0002848826179773424
306.	0.	1.6608416194960562e-10	0.0013984580791019943	0.00028339782580192257
307.	0.	1.5414178421014502e-10	0.0013875824232080368	0.0002819445738541274
308.	0.	1.4306690785522458e-10	0.0013769020017518113	0.00028052172715715723
309.	0.	1.3279556598416932e-10	0.0013664100408123216	0.00027912817118509265
310.	0.	1.2326859406268125e-10	0.0013560999305684972	0.000277762812072788
310.99999999999994	0.	1.1443125471152401e-10	0.0013459652245649924	0.0002764245768050288
312.	0.	1.0623292329503665e-10	0.0013359996388733818	0.0002751124133854029
312.99999999999994	0.	9.862676755643158e-11	0.0013261970511530942	0.0002738252909853764
314.	0.	9.156942715353058e-11	0.0013165514996146958	0.0002725622000737216
314.99999999999994	0.	8.502079783901316e-11	0.0013070571818903864	0.0002713221525269153
316.	0.	7.894374173635196e-11	0.00129770845381481	0.0002701041817207839
317.	0.	7.3303887913012e-11	0.0012884998281200194	0.00026890734260382626
318.	0.	6.806941071369385e-11	0.0012794259730488108	0.0002677307117527405
319.	0.	6.321085132452313e-11	0.001270481710888323	0.0002665733874102081
320.	0.	5.870090301227739e-11	0.0012616620164306687	0.0002654344895060183
321.	0.	5.4514304827919735e-11	0.0012529620153604894	0.0002643131596611909
321.99999999999994	0.	5.062763229820895e-11	0.001244376982575815	0.00026320856117612403
323.	0.	4.7019189384010844e-11	0.0012359023404438707	0.00026211987900281406
323.99999999999994	0.	4.3668882687918853e-11	0.0012275336569967964	0.0002610463197019026
325.	0.	4.0558084200569293e-11	0.0012192666440691126	0.000259987111384664
326.	0.	3.7669535276987116e-11	0.0012110971553816064	0.00025894150364064725
327.	0.	3.4987218883536954e-11	0.0012030211845736126	0.00025790876745113975
328.	0.	3.2496312536611755e-11	0.0011950348631885425	0.000256888195089231
329.	0.	3.0183062819926435e-11	0.0011871344586139242	0.0002558791000065125
330.	0.	2.8034720440006015e-11	0.0011793163719806968	0.0002548808167071959
330.99999999999994	0.	2.6039442890830896e-11	0.0011715771360240232	0.00025389270060991896
332.	0.	2.4186284218130765e-11	0.0011639134129082102	0.00025291412789758626
332.99999999999994	0.	2.2465052432404912e-11	0.001156321992020123	0.00025194449535598934
334.	0.	2.0866320384483268e-11	0.001148799787731834	0.00025098322020118024
335.	0.	1.9381330658190312e-11	0.001141343837137458	0.00025002973989648867
336.	0.	1.8001960738341867e-11	0.0011339512977657212	0.0002490835119593511
337.	0.	1.6720675203836105e-11	0.0011266194452703203	0.0002481440137582342
338.	0.	1.553047148394373e-11	0.0011193456711027676	0.0002472107423005331
339.	0.	1.4424865971778413e-11	0.0011121274801679216	0.00024628321401133624
339.99999999999994	0.	1.3397820109184366e-11	0.0011049624884663716	0.0002453609645038484
341.	0.	1.2443753679860735e-11	0.0010978484207252303	0.00024444354834168055
341.99999999999994	0.	1.1557471139288592e-11	0.001090783108019764	0.0002435305387934312
343.	0.	1.0734148332686805e-11	0.0010837644853884851	0.00024262152758003082
343.99999999999994	0.	9.969312648533061e-12	0.0010767905894438759	0.00024171612461523125
345.	0.	9.258803047798111e-12	0.0010698595559798729	0.00024081395773940228
346.	0.	8.598770529131266e-12	0.0010629696175802209	0.00023991467244746515
347.	0.	7.985624725341205e-12	0.0010561191012275321	0.00023901793161085728
348.	0.	7.416034412685846e-12	0.001049306425916367	0.00023812341519420041
349.	0.	6.8869078436875894e-12	0.0010425301002716077	0.0002372308199668986
350.	0.	6.395386619399439e-12	0.001035788720174719	0.00023633985921020503
350.99999999999994	0.	5.938792142239316e-12	0.0010290809663982409	0.0002354502624197845
352.	0.	5.5146465040439965e-12	0.0010224056022515374	0.00023456177500442302
352.99999999999994	0.	5.120652793979768e-12	0.0010157614712387767	0.00023367415798107886
354.	0.	4.7546753458018765e-12	0.0010091474947307544	0.00023278718766661178
355.	0.	4.414726725373998e-12	0.0010025626696523167	0.00023190065536658682
356.	0.	4.0989546826884765e-12	0.0009960060661862483	0.00023101436706132703
357.	0.	3.805656348393514e-12	0.0009894768254958975	0.00023012814308974845
358.	0.	3.533231085289402e-12	0.000982974157466845	0.00022924181783103869
359.	0.	3.280194604133248e-12	0.0009764973384693147	0.00022835523938458598
359.99999999999994	0.	3.0451863347842184e-12	0.0009700457091430927	0.00022746826924858462
361.	0.	2.8269152312771335e-12	0.0009636186722051178	0.00022658078199736954
361.99999999999994	0.	2.6242012281892918e-12	0.0009572156902807736	0.00022569266495774825
363.	0.	2.4359346252154813e-12	0.0009508362837615988	0.00022480381788499737
363.99999999999994	0.	2.2611039024832624e-12	0.000944480028687696	0.00022391415263815783
365.	0.	2.0987343764105453e-12	0.0009381465546585054	0.00022302359285552613
366.	0.	1.9479640490317762e-12	0.0009318355427706782	0.0002221320736300977
367.	0.	1.8079546986855687e-12	0.0009255467235844718	0.00022123954118534247
368.	0.	1.6779402536203825e-12	0.000919279875120667	0.00022034595255184677
368.99999999999994	0.	1.5572271546406246e-12	0.0009130348208865591	0.00021945127524453358
370.	0.	1.4451395480748573e-12	0.0009068114279333317	0.00021855548694108012
370.99999999999994	0.	1.3410677379476666e-12	0.0009006096049447711	0.00021765857516158396
372.	0.	1.244447791834991e-12	0.000894429300357961	0.0002167605369497103
372.99999999999994	0.	1.1547410535874252e-12	0.000888270500516317	0.000215861378555477
374.	0.	1.0714619656406671e-12	0.0008821332278558971	0.00021496111511998424
375.	0.	9.941506488062733e-13	0.0008760175391247621	0.0002140597703621168
376.	0.	9.223869043249363e-13	0.0008699235236363362	0.00021315737626753417
377.	0.	8.557627042118075e-13	0.0008638513015569275	0.00021225397278007871
378.	0.	7.939308092472275e-13	0.000857801022227406	0.00021134960749568917
379.	0.	7.365287379512984e-13	0.0008517728625197797	0.00021044433535909716
379.99999999999994	0.	6.832551008171736e-13	0.0008457670252284097	0.00020953821836334352
381.	0.	6.338142970404341e-13	0.0008397837374967649	0.00020863132525242702
381.99999999999994	0.	5.879235311441605e-13	0.0008338232492788892	0.00020772373122699718
383.	0.	5.453406887613776e-13	0.0008278858318363914	0.00020681551765337874
384.	0.	5.05822782292412e-13	0.0008219717762710158	0.00020590677177606602
385.	0.	4.691468571984044e-13	0.0008160813920924485	0.00020499758643369338
386.	0.	4.351170371337036e-13	0.0008102150058217411	0.00020408805977870244
387.	0.	4.035437466106378e-13	0.0008043729596300482	0.0002031782950007306
388.	0.	3.742437633916131e-13	0.0007985556100130499	0.0002022684000539292
388.99999999999994	0.	3.470611579083822e-13	0.000792763326500209	0.00020135848738811818
390.	0.	3.2183951449881343e-13	0.0007869964904000967	0.00020044867368419867
390.99999999999994	0.	2.9844286555312033e-13	0.0007812554935797297	0.00019953907959342147
392.	0.	2.767348455532748e-13	0.0007755407372800278	0.00019862982948116496
392.99999999999994	0.	2.5659963256495487e-13	0.0007698526309650532	0.00019772105117474807
394.	0.	2.3792805652099355e-13	0.0007641915912065266	0.00019681287571577776
395.	0.	2.2059670779411026e-13	0.000758558040602278	0.00019590543711680907
396.	0.	2.0453072853698457e-13	0.0007529524067289713	0.00019499887212252474
397.	0.	1.8962713444450302e-13	0.0007473751211287188	0.00019409331997546133
397.99999999999994	0.	1.7579667701728565e-13	0.0007418266183290233	0.0001931889221862515
399.	0.	1.629778356648239e-13	0.0007363073348962855	0.00019228582230857526
399.99999999999994	0.	1.5108798914079473e-13	0.0007308177085220768	0.0001913841657187289
401.	0.	1.400583237649046e-13	0.0007253581771417853	0.00019048409939983235
401.99999999999994	0.	1.2983385814942024e-13	0.0007199291780858395	0.00018958577173085536
403.	0.	1.2035251218606368e-13	0.0007145311472628923	0.00018868933228041897
404.	0.	1.1155908337797036e-13	0.0007091645183736398	0.00018779493160514963
405.	0.	1.0340526133889912e-13	0.0007038297221570449	0.00018690272105317037
406.	0.	9.58496407415672e-14	0.0006985271856658423	0.00018601285257203147
407.	0.	8.883677089765225e-14	0.000693257331573312	0.0001851254785217217
408.	0.	8.233908420999695e-14	0.0006880205775094838	0.00018424075149240025
408.99999999999994	0.	7.631498420998094e-14	0.0006828173354265536	0.00018335882412690428
410.	0.	7.072981255334918e-14	0.0006776480109934536	0.0001824798489481392
410.99999999999994	0.	6.555585721383482e-14	0.0006725130030186468	0.0001816039781912237
412.	0.	6.075138929660022e-14	0.0006674127029011645	0.0001807313636405062
412.99999999999994	0.	5.63026060458103e-14	0.000662347494108952	0.0001798621564713256
414.	0.	5.2181697616851794e-14	0.0006573177516841662	0.00017899650709653282
415.	0.	4.8360828583384044e-14	0.0006523238417751473	0.00017813456501780854
416.	0.	4.481214080144762e-14	0.0006473661211942614	0.0001772764786816831
417.	0.	4.1528733477359974e-14	0.0006424449370014359	0.00017642239534031262
417.99999999999994	0.	3.848271433300593e-14	0.0006375606261123958	0.00017557246091686138
419.	0.	3.5660161785082803e-14	0.0006327135149318626	0.00017472681987566407
419.99999999999994	0.	3.304714341452246e-14	0.0006279039190100457	0.00017388561509682724
421.	0.	3.062272271100118e-14	0.0006231321427233712	0.00017304898775562968
421.99999999999994	0.	2.8379943081354457e-14	0.0006183984789776632	0.00017221707720634343
423.	0.	2.629785112752428e-14	0.0006137032089337415	0.00017139002087056574
424.	0.	2.4369477392063167e-14	0.0006090466017550414	0.0001705679541300553
425.	0.	2.2580851622269273e-14	0.000604428914376894	0.0001697510102240807
426.	0.	2.0924995997242878e-14	0.0005998503912959393	0.00016893932015094872
426.99999999999994	0.	1.9387931214772115e-14	0.00059531126438057	0.00016813301257406706
428.	0.	1.796267249032589e-14	0.0005908117527009037	0.0001673322137322145
428.99999999999994	0.	1.6649234549248314e-14	0.0005863520623778924	0.00016653704735400938
430.	0.	1.5426627575268862e-14	0.0005819323864514642	0.00016574763457663586
430.99999999999994	0.	1.4294861956035583e-14	0.0005775529047667943	0.00016496409386866645
432.	0.	1.3246946157157022e-14	0.0005732137838782082	0.00016418654095693564
432.99999999999994	0.	1.2275886781173154e-14	0.0005689151769707165	0.00016341508875754773
434.	0.	1.1374688228677836e-14	0.0005646572237974582	0.0001626498473106168
435.	0.	1.0536352222613956e-14	0.0005604400506343428	0.00016189092371919598
436.	0.	9.767901461128055e-15	0.0005562637702496376	0.00016113842209183163
437.	0.	9.0483143230755e-15	0.0005521284818890217	0.00016039244348897496
437.99999999999994	0.	8.384614004557832e-15	0.000548034271275456	0.00015965308587314713
439.	0.	7.769799220721982e-15	0.0005439812106230972	0.0001589204440627062
439.99999999999994	0.	7.203884935529654e-15	0.0005399693586649885	0.00015819460968922647
441.	0.	6.672842631214279e-15	0.0005359987606940689	0.0001574756711584193
441.99999999999994	0.	6.183706551949165e-15	0.0005320694486168981	0.0001567637136145053
443.	0.	5.7294665741148754e-15	0.0005281814410196548	0.00015605881890797216
444.	0.	5.310137631804926e-15	0.0005243347432460663	0.00015536106556668939
445.	0.	4.9187019667325315e-15	0.0005205293474866806	0.00015467052877027855
446.	0.	4.5622124217519686e-15	0.0005167652328789395	0.0001539872803276398
446.99999999999994	0.	4.22660787066456e-15	0.000513042365618003	0.00015331138865768877
448.	0.	3.918944737441346e-15	0.0005093606990774229	0.0001526429187730982
448.99999999999994	0.	3.632193914076444e-15	0.0005057201739394508	0.00015198193226703872
450.	0.	3.366369684696463e-15	0.0005021207183344525	0.00015132848730282483
450.99999999999994	0.	3.121489479416566e-15	0.000498562247989283	0.0001506826386064745
452.	0.	2.8905068235043204e-15	0.0004950446663837958	0.00015004443746199502
453.	0.	2.680502674456739e-15	0.0004915678649155822	0.00014941393170947358
454.	0.	2.484426196664469e-15	0.00048813172307176847	0.00014879116574567435
455.	0.	2.3022911046769622e-15	0.0004847361086083705	0.00014817618052734175
455.99999999999994	0.	2.134113601938308e-15	0.0004813808777363426	0.00014756901357699384
457.	0.	1.9799125110204604e-15	0.0004780658753139006	0.0001469696989911329
457.99999999999994	0.	1.832606276729957e-15	0.0004747909350447767	0.00014637826745080295
459.	0.	1.6993085623571825e-15	0.00047155587968241856	0.00014579474623455145
459.99999999999994	0.	1.5729286031202848e-15	0.0004683605212391966	0.00014521915923354145
461.	0.	1.4605982870422004e-15	0.0004652046612005833	0.00014465152696885097
461.99999999999994	0.	1.355216850251751e-15	0.00046208809074417903	0.00014409186661094934
463.	0.	1.2567950773267649e-15	0.000459010590962729	0.00014354019200113474
464.	0.	1.1653452846199727e-15	0.0004559719330910759	0.00014299651367493925
465.	0.	1.0808813799739026e-15	0.0004529718787370194	0.00014246083888753435
466.	0.	1.0034189211035788e-15	0.00045001018011515747	0.00014193317164087364
466.99999999999994	0.	9.257984405011307e-16	0.0004470865802839942	0.0001414135127127
468.	0.	8.623826394947412e-16	0.0004442008133854488	0.0001409018596871648
468.99999999999994	0.	7.988284263726406e-16	0.00044135260488713777	0.00014039820698721168
470.	0.	7.423342101038857e-16	0.00043854167182660273	0.00013990254590848656
470.99999999999994	0.	6.857056155820393e-16	0.0004357677230573108	0.0001394148646547413
472.	0.	6.361637674941986e-16	0.00043303045949653305	0.0001389351483747913
473.	0.	5.864944485747055e-16	0.000430329574374277	0.00013846337920078437
474.	0.	5.439430133496691e-16	0.00042766475348347626	0.00013799953628786376
475.	0.	5.085389215510912e-16	0.0004250356754310341	0.00013754359585511748
475.99999999999994	0.	4.730362555359109e-16	0.00042244201188930137	0.00013709553122769858
477.	0.	4.3742968307452986e-16	0.0004198834278481945	0.00013665531288019271
477.99999999999994	0.	4.0171378811941317e-16	0.0004173595818671462	0.00013622290848098954
479.	0.	3.7320073529632637e-16	0.00041487012632733744	0.00013579828293782
479.99999999999994	0.	3.5192742994747315e-16	0.000412414707683431	0.00013538139844421394
481.	0.	3.232402955394692e-16	0.0004099929667148459	0.00013497221452690323
481.99999999999994	0.	3.0181376702192626e-16	0.00040760453877651277	0.0001345706880941598
483.	0.	2.803126113984935e-16	0.0004052490540486049	0.00013417677348491393
484.	0.	2.5873337543056965e-16	0.00040292613778531274	0.00013379042251867828
484.99999999999994	0.	2.370725660916019e-16	0.00040063541056246775	0.00013341158454622425
486.	0.	2.2275170947729426e-16	0.0003983764885236149	0.00013304020650088086
486.99999999999994	0.	2.08376073053449e-16	0.00039614898362476663	0.0001326762329505355
488.	0.	1.9394328239250203e-16	0.00039395250387724124	0.00013231960615014602
488.99999999999994	0.	1.7945094032475443e-16	0.0003917866535888665	0.00013197026609485345
490.	0.	1.6489662825255932e-16	0.000389651033602998	0.00013162815057352078
491.	0.	1.5027790747161033e-16	0.0003875452415355993	0.0001312931952227667
491.99999999999994	0.	1.4312522719264127e-16	0.00038546887200982603	0.00013096533358132278
492.99999999999994	0.	1.2838972942762518e-16	0.00038342151688858993	0.00013064449714485766
494.	0.	1.2115500816526133e-16	0.00038140276550423994	0.00013033061542098125
495.	0.	1.138869173957134e-16	0.0003794122048858652	0.00013002361598459707
496.	0.	1.065842098794193e-16	0.0003774494199838282	0.0001297234245334569
496.99999999999994	0.	9.924563112489964e-17	0.00037551399389147396	0.00012942996494390486
497.99999999999994	0.	9.186992006200908e-17	0.0003736055080638724	0.00012914315932674656
499.	0.	8.44558097159123e-17	0.0003717235425335948	0.00012886292808324016
500.	0.	7.700202788138555e-17	0.0003698676761234218	0.00012858918996116675
500.99999999999994	0.	6.950729779704262e-17	0.0003680374866558484	0.00012832186211092243
501.99999999999994	0.	6.9716631171488e-17	0.0003662325511592377	0.00012806086014157574
503.	0.	6.215984810784659e-17	0.0003644524460708476	0.00012780609817695347
504.	0.	5.455869560400041e-17	0.00036269674743626845	0.00012755748891158321
505.	0.	5.473053316328233e-17	0.0003609650311055599	0.0001273149436665885
505.99999999999994	0.	4.7061754293594706e-17	0.0003592568729257341	0.0001270783724453949
506.99999999999994	0.	4.721420181528172e-17	0.0003575718489298197	0.00012684768398931451
508.	0.	3.947435562464856e-17	0.0003559095355222323	0.00012662278583290847
509.	0.	3.9605689103003543e-17	0.0003542695096603875	0.00012640358435908364
509.99999999999994	0.	3.973916614928081e-17	0.00035265134903287443	0.00012618998485401978
510.99999999999994	0.	3.1899826917587376e-17	0.0003510546322336805	0.0001259818915617446
512.	0.	3.2010030265331636e-17	0.00034947893893265067	0.00012577920773838746
513.	0.	3.212193943561156e-17	0.00034792385004233793	0.00012558183570617035
514.	0.	2.41766627916891e-17	0.00034638894788082097	0.00012538967690695397
514.9999999999999	0.	2.4263143932359958e-17	0.0003448738163307742	0.00012520263195543697
516.	0.	2.4350894207713463e-17	0.00034337804099471693	0.00012502060069195377
517.	0.	2.4439909449948073e-17	0.00034190120934632107	0.00012484348223481542
518.	0.	2.45301851172198e-17	0.00034044291087785073	0.00012467117503220742
518.9999999999999	0.	1.6414477531005718e-17	0.00033900273724375756	0.00012450357691362352
520.	0.	1.6476331804392915e-17	0.00033758028240030554	0.00012434058514077968
521.	0.	1.6539015800745398e-17	0.00033617514274139604	0.0001241820964580522
522.	0.	1.6602525514540324e-17	0.00033478691723035065	0.0001240280071423257
523.	0.	1.6666856701156812e-17	0.0003334152075279598	0.00012387821305235108
524.	0.	1.673200487913499e-17	0.00033205961811660266	0.00012373260967752067
525.	0.	8.39898266624673e-18	0.00033071975642036947	0.00012359109218601405
526.	0.	8.43236655655866e-18	0.00032939523292148767	0.00012345355547240702
527.	0.	8.466151521602044e-18	0.0003280856612728365	0.0001233198942046446
527.9999999999999	0.	8.500334858883425e-18	0.00032679065840659897	0.00012319000287037526
529.	0.	8.534913753598996e-18	0.000325509844639163	0.00012306377582266894
530.	0.	8.56988527994135e-18	0.00032424284377213287	0.000122941107325042
531.	0.	8.60524640243718e-18	0.00032298928318971645	0.00012282189159587594
532.	0.	8.640993977307381e-18	0.00032174879395224895	0.00012270602285211027
533.	0.	8.677124753854898e-18	0.0003205210108860921	0.00012259339535228687
534.	0.	8.71363537587378e-18	0.0003193055726697416	0.00012248390343885414
535.	0.	8.750522383084434e-18	0.00031810212191638054	0.00012237744157980824
536.	0.	8.787782212591959e-18	0.00031691030525284367	0.0001222739044096281
536.9999999999999	0.	8.825411200361851e-18	0.0003157297733948206	0.0001221731867694277
538.	0.	8.863405582721252e-18	0.0003145601812187018	0.00012207518374644655
539.	0.	0.	0.00031340118782980855	0.00012197979071277419
540.	0.	0.	0.0003122524566271565	0.00012188690336332661
540.9999999999999	0.	0.	0.0003111136553648747	0.00012179641775311672
542.	0.	0.	0.00030998445621007077	0.00012170823033370867
543.	0.	0.	0.0003088645357975098	0.00012162223798897619
544.	0.	0.	0.0003077535752809175	0.00012153833807007812
545.	0.	0.	0.000306651260381017	0.00012145642842966497
545.9999999999999	0.	0.	0.0003055572814303395	0.00012137640745531674
547.	0.	0.	0.00030447133341494827	0.00012129817410224082
548.	0.	0.	0.00030339311601292984	0.0001212216279251586
549.	0.	0.	0.00030232233362993894	0.00012114666910947217
549.9999999999999	0.	0.	0.0003012586954316223	0.00012107319850160972
551.	0.	0.	0.0003002019153730765	0.00012100111763861074
552.	0.	0.	0.00029915171222547293	0.00012093032877697104
553.	0.	0.	0.00029810780959973045	0.0001208607349206785
554.	0.	0.	0.0002970699359673986	0.0001207922398484954
554.9999999999999	0.	0.	0.0002960378246787473	0.00012072474814045507
556.	0.	0.	0.0002950112139782132	0.00012065816520362214
557.	0.	0.	0.0002939898470171036	0.0001205923972970517
558.	0.	0.	0.0002929734718637531	0.00012052735155600889
558.9999999999999	0.	0.	0.0002919618415110653	0.00012046293601540692
560.	0.	0.	0.00029095471388162965	0.00012039905963251179
561.	0.	0.	0.00028995185183034686	0.00012033563230888001
562.	0.	0.	0.0002889530231446549	0.00012027256491154136
563.	0.	0.	0.00028795800054240195	0.00012020976929342866
563.9999999999999	0.	0.	0.00028696656166753983	0.00012014715831311015
565.	0.	0.	0.0002859784890834533	0.00012008464585372929
566.	0.	0.	0.0002849935702641765	0.00012002214684123902
567.	0.	0.	0.000284011597583464	0.00011995957726189868
567.9999999999999	0.	0.	0.000283032368301876	0.00011989685417908599
569.	0.	0.	0.0002820556845517271	0.0001198338957493401
570.	0.	0.	0.0002810813533201106	0.00011977062123771347
571.	0.	0.	0.00028010918643013057	0.000119706951032468
572.	0.	0.	0.0002791390005200912	0.00011964280665899269
572.9999999999999	0.	0.	0.00027817061702102927	0.00011957811079309838
574.	0.	0.	0.0002772038621324198	0.00011951278727358967
575.	0.	0.	0.00027623856679629045	0.00011944676111421132
576.	0.	0.	0.00027527456666951746	0.0001193799585148485
576.9999999999999	0.	0.	0.00027431170209468394	0.00011931230687213304
578.	0.	0.	0.00027334981806935514	0.00011924373478938214
579.	0.	0.	0.00027238876421385337	0.00011917417208587843
580.	0.	0.	0.00027142839473754575	0.00011910354980550329
581.	0.	0.	0.00027046856840387437	0.00011903180022479034
582.	0.	0.	0.0002695091484938986	0.00011895885686029487
583.	0.	0.	0.0002685500027686565	0.00011888465447540381
584.	0.	0.	0.0002675910034302141	0.00011880912908650286
585.	0.	0.	0.0002666320270815971	0.00011873221796859074
585.9999999999999	0.	0.	0.00026567295468545856	0.000118653859660247
587.	0.	0.	0.0002647136715218232	0.00011857399396810485
588.	0.	0.	0.00026375406714458405	0.00011849256197067024
589.	0.	0.	0.0002627940353371308	0.00011840950602163896
589.9999999999999	0.	0.	0.000261833474066977	0.00011832476975264508
591.	0.	0.	0.0002608722854394792	0.00011823829807547975
592.	0.	0.	0.00025991037565063844	0.00011815003718374814
593.	0.	0.	0.00025894765493912793	0.00011805993455403537
594.	0.	0.	0.000257984037537527	0.00011796793894655133
594.9999999999999	0.	0.	0.00025701944162278976	0.00011787400040526888
596.	0.	0.	0.0002560537892660217	0.00011777807025756306
597.	0.	0.	0.00025508700638161245	0.00011768010111338244
598.	0.	0.	0.0002541190226757123	0.00011758004686392219
598.9999999999999	0.	0.	0.00025314977159415856	0.00011747786267985164
600.	0.	0.	0.0002521791902698502	0.00011737350500907749
601.	0.	0.	0.00025120721946961553	0.00011726693157406219
602.	0.	0.	0.00025023380354063614	0.00011715810136871262
603.	0.	0.	0.00024925889035636066	0.00011704697465481052
603.9999999999999	0.	0.	0.0002482824312621567	0.00011693351295807702
605.	0.	0.	0.0002473043810204953	0.00011681767906378708
606.	0.	0.	0.0002463246977558497	0.00011669943701200075
607.	0.	0.	0.00024534334289929964	0.00011657875209239794
607.9999999999999	0.	0.	0.00024436028113292114	0.00011645559083875944
609.	0.	0.	0.00024337548033387545	0.00011632992102304005
610.	0.	0.	0.00024238891151835197	0.0001162017116490987
611.	0.	0.	0.00024140054878536547	0.00011607093294609059
612.	0.	0.	0.00024041036926040379	0.00011593755636150023
612.9999999999999	0.	0.	0.00023941835303893885	0.00011580155455383404
614.	0.	0.	0.0002384244831299584	0.00011566290138502264
615.	0.	0.	0.00023742874539935187	0.00011552157191246982
616.	0.	0.	0.00023643112851337467	0.00011537754238083227
616.9999999999999	0.	0.	0.00023543162388203973	0.00011523079021347019
618.	0.	0.	0.00023443022560260904	0.0001150812940036323
619.	0.	0.	0.00023342693040314262	0.00011492903350536944
620.	0.	0.	0.00023242173758609562	0.00011477398962414987
621.	0.	0.	0.00023141464897207965	0.00011461614440724556
621.9999999999999	0.	0.	0.00023040566884373258	0.00011445548103384911
623.	0.	0.	0.00022939480388974536	0.00011429198380494852
624.	0.	0.	0.00022838206314910014	0.00011412563813298045
625.	0.	0.	0.00022736745795549367	0.00011395643053124797
625.9999999999999	0.	0.	0.0002263510018819647	0.00011378434860311569
627.	0.	0.	0.0002253327106858238	0.00011360938103101524
628.	0.	0.	0.00022431260225378387	0.00011343151756522594
629.	0.	0.	0.0002232906965474317	0.00011325074901248847
629.9999999999999	0.	0.	0.00022226701554897474	0.00011306706722441656
630.9999999999999	0.	0.	0.0002212415832072853	0.00011288046508572913
632.	0.	0.	0.00022021442538435715	0.00011269093650234329
633.	0.	0.	0.00021918556980202804	0.00011249847638926452
634.	0.	0.	0.00021815504598913865	0.00011230308065836005
634.9999999999999	0.	0.	0.0002171228852290665	0.00011210474620597666
636.	0.	0.	0.00021608912050762147	0.00011190347090040224
637.	0.	0.	0.000215053786461405	0.00011169925356922524
638.	0.	0.	0.00021401691932657996	0.00011149209398655485
638.9999999999999	0.	0.	0.00021297855688809877	0.00011128199286013675
640.	0.	0.	0.00021193873842933385	0.00011106895181833551
641.	0.	0.	0.00021089750468226382	0.0001108529733970564
642.	0.	0.	0.00020985489777805967	0.0001106340610265363
643.	0.	0.	0.00020881096119818512	0.00011041221901805068
643.9999999999999	0.	0.	0.00020776573972603986	0.00011018745255057376
645.	0.	0.	0.00020671927939905032	0.00010995976765732281
646.	0.	0.	0.0002056716274613233	0.00010972917121225392
647.	0.	0.	0.00020462283231679836	0.000109495670916491
647.9999999999999	0.	0.	0.00020357294348298825	0.00010925927528471166
649.	0.	0.	0.00020252201154518756	0.00010901999363146027
650.	0.	0.	0.00020147008811133096	0.00010877783605744665
651.	0.	0.	0.00020041722576731702	0.00010853281343577594
652.	0.	0.	0.00019936347803297275	0.00010828493739817922
652.9999999999999	0.	0.	0.0001983088993185483	0.00010803422032118941
654.	0.	0.	0.00019725354488181346	0.0001077806753123178
655.	0.	0.	0.00019619747078573313	0.00010752431619620862
656.	0.	0.	0.0001951407338567367	0.00010726515750078287
656.9999999999999	0.	0.	0.0001940833916435626	0.00010700321444337577
658.	0.	0.	0.0001930255023767242	0.00010673850291688267
659.	0.	0.	0.00019196712492857866	0.00010647103947590601
660.	0.	0.	0.00019090831877398832	0.00010620084132292027
661.	0.	0.	0.00018984914395159068	0.00010592792629443686
661.9999999999999	0.	0.	0.00018878966102568685	0.00010565231284720634
663.	0.	0.	0.00018772993104875665	0.00010537402004444303
664.	0.	0.	0.00018667001552456357	0.00010509306754207108
665.	0.	0.	0.000185609976371897	0.00010480947557501386
665.9999999999999	0.	0.	0.00018454987588891497	0.00010452326494351155
667.	0.	0.	0.0001834897767181311	0.0001042344569994955
668.	0.	0.	0.00018242974181200658	0.00010394307363299765
669.	0.	0.	0.00018136983439916122	0.00010364913725861456
670.	0.	0.	0.0001803101179512105	0.00010335267080202675
670.9999999999999	0.	0.	0.00017925065615022825	0.00010305369768657987
672.	0.	0.	0.00017819151285681346	0.0001027522418199141
673.	0.	0.	0.00017713275207880032	0.00010244832758067932
674.	0.	0.	0.00017607443794056242	0.00010214197980530624
674.9999999999999	0.	0.	0.00017501663465294682	0.00010183322377484697
676.	0.	0.	0.00017395940648382772	0.00010152208520190792
677.	0.	0.	0.00017290281772925308	0.00010120859021763714
678.	0.	0.	0.00017184693268523468	0.00010089276535882209
678.9999999999999	0.	0.	0.0001707918156201189	0.00010057463755504744
679.9999999999999	0.	0.	0.000169737530747573	0.00010025423411595403
681.	0.	0.	0.00016868414220018893	0.0000999315827185883
682.	0.	0.	0.00016763171400366176	0.00009960671139483446
683.	0.	0.	0.00016658031005159008	0.00009927964851895654
683.9999999999999	0.	0.	0.00016552999408086697	0.00009895042279523265
685.	0.	0.	0.0001644808296476408	0.00009861906324568447
686.	0.	0.	0.00016343288010389761	0.00009828559919792137
687.	0.	0.	0.00016238620857459297	0.00009795006027307807
687.9999999999999	0.	0.	0.00016134087793539517	0.00009761247637387088
688.9999999999999	0.	0.	0.00016029695079097502	0.00009727287767275529
690.	0.	0.	0.00015925448945388365	0.00009693129460019557
691.	0.	0.	0.00015821355592400267	0.00009658775783305853
692.	0.	0.	0.00015717421186852906	0.00009624229828310681
692.9999999999999	0.	0.	0.00015613651860254738	0.00009589494708561615
694.	0.	0.	0.000155100537070132	0.00009554573558811968
695.	0.	0.	0.0001540663278260192	0.00009519469533925878
696.	0.	0.	0.0001530339510177944	0.00009484185807776391
696.9999999999999	0.	0.	0.0001520034663686365	0.00009448725572155364
698.	0.	0.	0.000150974933160581	0.00009413092035696483
699.	0.	0.	0.0001499484102183151	0.00009377288422809958
700.	0.	0.	0.00014892395589351218	0.00009341317972631508
701.	0.	0.	0.00014790162804963048	0.00009305183937981724
701.9999999999999	0.	0.	0.00014688148404727044	0.00009268889584340505
703.	0.	0.	0.00014586358073001354	0.00009232438188833619
704.	0.	0.	0.0001448479744107681	0.00009195833039232459
705.	0.	0.	0.00014383472085857595	0.00009159077432966516
705.9999999999999	0.	0.	0.00014282387528596075	0.00009122174676150487
707.	0.	0.	0.00014181549233670357	0.00009085128082623194
708.	0.	0.	0.0001408096260741094	0.0000904794097300049
709.	0.	0.	0.0001398063299697519	0.00009010616673742201
710.	0.	0.	0.00013880565689266291	0.00008973158516231506
710.9999999999999	0.	0.	0.00013780765909898155	0.00008935569835868834
712.	0.	0.	0.00013681238822205275	0.00008897853971178912
713.	0.	0.	0.00013581989526297326	0.00008860014262931332
714.	0.	0.	0.00013483023058155465	0.00008822054053275227
714.9999999999999	0.	0.	0.00013384344388773454	0.00008783976684887278
716.	0.	0.	0.00013285958423339222	0.00008745785500133209
717.	0.	0.	0.00013187870000460472	0.00008707483840243938
718.	0.	0.	0.00013090083891428234	0.00008669075044504557
719.	0.	0.	0.00012992604799523907	0.00008630562449457469
719.9999999999999	0.	0.	0.00012895437359361646	0.00008591949388118655
721.	0.	0.	0.00012798586136275575	0.00008553239189209227
722.	0.	0.	0.00012702055625738796	0.00008514435176398289
723.	0.	0.	0.00012605850252825517	0.00008475540667561884
723.9999999999999	0.	0.	0.00012509974371707245	0.00008436558974054262
725.	0.	0.	0.00012414432265186152	0.00008397493399992871
726.	0.	0.	0.0001231922814426367	0.00008358347241557304
727.	0.	0.	0.00012224366147745396	0.0000831912378630221
727.9999999999999	0.	0.	0.00012129850341879166	0.00008279826312482563
728.9999999999999	0.	0.	0.00012035684720026629	0.00008240458088393712
730.	0.	0.	0.00011941873202370421	0.00008201022371724323
731.	0.	0.	0.0001184841963564982	0.00008161522408922357
732.	0.	0.	0.00011755327792932322	0.00008121961434575195
732.9999999999999	0.	0.	0.00011662601373413073	0.00008082342670802783
734.	0.	0.	0.00011570244002247273	0.00008042669326663581
735.	0.	0.	0.00011478259230411667	0.00008002944597574405
736.	0.	0.	0.00011386650534594174	0.00007963171664742863
736.9999999999999	0.	0.	0.00011295421317114182	0.0000792335369461301
737.9999999999999	0.	0.	0.00011204574905869733	0.00007883493838324165
739.	0.	0.	0.0001111411455431217	0.00007843595231182193
740.	0.	0.	0.00011024043441448141	0.00007803660992144032
741.	0.	0.	0.00010934364671867132	0.00007763694223314806
741.9999999999999	0.	0.	0.00010845081275794895	0.00007723698009457476
743.	0.	0.	0.00010756196209172365	0.00007683675417515411
744.	0.	0.	0.00010667712353758215	0.00007643629496146741
745.	0.	0.	0.00010579632517255971	0.00007603563275272165
745.9999999999999	0.	0.	0.00010491959433462232	0.00007563479765633631
746.9999999999999	0.	0.	0.00010404695762442075	0.00007523381958367002
748.	0.	0.	0.00010317844090721118	0.00007483272824585127
749.	0.	0.	0.00010231406931503144	0.00007443155314974047
750.	0.	0.	0.00010145386724906257	0.00007403032359400182
750.9999999999999	0.	0.	0.00010059785838220691	0.0000736290686653052
752.	0.	0.	0.00009974606566185877	0.00007322781723463247
753.	0.	0.	0.00009889851131286953	0.00007282659795370895
754.	0.	0.	0.00009805521684069954	0.00007242543925154128
754.9999999999999	0.	0.	0.0000972162030347546	0.00007202436933108094
756.	0.	0.	0.00009638148997188166	0.00007162341616598208
757.	0.	0.	0.00009555109702006931	0.00007122260749749387
758.	0.	0.	0.00009472504284228431	0.00007082197083144002
759.	0.	0.	0.00009390334540047596	0.00007042153343532308
759.9999999999999	0.	0.	0.00009308602195975098	0.00007002132233553351
761.	0.	0.	0.00009227308909267485	0.00006962136431465784
762.	0.	0.	0.00009146456268373926	0.00006922168590890318
763.	0.	0.	0.00009066045793396354	0.00006882231340561812
763.9999999999999	0.	0.	0.00008986078936562878	0.00006842327284091992
765.	0.	0.	0.00008906557082714066	0.00006802458999742403
766.	0.	0.	0.0000882748154980405	0.00006762629040207356
767.	0.	0.	0.00008748853589410287	0.00006722839932406543
768.	0.	0.	0.00008670674387258288	0.00006683094177288091
768.9999999999999	0.	0.	0.00008592945063755125	0.0000664339424964065
770.	0.	0.	0.0000851566667453676	0.00006603742597915555
771.	0.	0.	0.00008438840211021933	0.00006564141644057848
772.	0.	0.	0.00008362466600979713	0.0000652459378334758
772.9999999999999	0.	0.	0.0000828654670910419	0.00006485101384249012
774.	0.	0.	0.00008211081337599023	0.00006445666788269999
775.	0.	0.	0.00008136071226771235	0.00006406292309829696
776.	0.	0.	0.00008061517055632427	0.00006366980236135222
776.9999999999999	0.	0.	0.00007987419442509048	0.0000632773282706713
777.9999999999999	0.	0.	0.00007913778945658588	0.00006288552315073071
779.	0.	0.	0.00007840596063894546	0.0000624944090507025
780.	0.	0.	0.00007767871237217317	0.0000621040077435618
781.	0.	0.	0.00007695604847451904	0.00006171434072526999
781.9999999999999	0.	0.	0.00007623797218890789	0.00006132542921404775
783.	0.	0.	0.00007552448618943763	0.00006093729414971767
784.	0.	0.	0.00007481559258791954	0.00006054995619313161
785.	0.	0.	0.00007411129294047751	0.000060163435725671574
785.9999999999999	0.	0.	0.00007341158825418982	0.000059777752848825646
786.9999999999999	0.	0.	0.00007271647899376567	0.00005939292738383878
788.	0.	0.	0.00007202596508828258	0.000059008978871434594
789.	0.	0.	0.00007134004593793784	0.00005862592657161313
790.	0.	0.	0.00007065872042085028	0.00005824378946351149
790.9999999999999	0.	0.	0.00006998198689987727	0.00005786258624533997
792.	0.	0.	0.00006930984322947787	0.00005748233533438317
793.	0.	0.	0.00006864228676258316	0.000057103054867065717
794.	0.	0.	0.00006797931435750045	0.00005672476269908647
794.9999999999999	0.	0.	0.00006732092238483003	0.00005634747640561656
795.9999999999999	0.	0.	0.0000666671067343967	0.000055971213281554354
797.	0.	0.	0.00006601786282220333	0.00005559599034185124
798.	0.	0.	0.00006537318559738434	0.000055221824321888315
799.	0.	0.	0.00006473306954917763	0.000054848731677918585
799.9999999999999	0.	0.	0.00006409750871389597	0.000054476728587565495
801.	0.	0.	0.00006346649668190066	0.000054105830950374614
802.	0.	0.	0.00006284002660458255	0.00005373605438842597
803.	0.	0.	0.00006221809120133649	0.000053367414246995856
803.9999999999999	0.	0.	0.00006160068276653243	0.00005299992559527596
804.9999999999999	0.	0.	0.00006098779317647835	0.00005263360322714143
806.	0.	0.	0.00006037941389638979	0.000052268461661969654
807.	0.	0.	0.000059775535987324385	0.00005190451514550989
808.	0.	0.	0.00005917615011312393	0.00005154177765080171
808.9999999999999	0.	0.	0.000058581246547333805	0.000051180262879139756
810.	0.	0.	0.00005799081518011154	0.00005081998426108369
811.	0.	0.	0.00005740484552510962	0.0000504609549575145
812.	0.	0.	0.00005682332672634538	0.00005010318786073567
812.9999999999999	0.	0.	0.0000562462475650363	0.000049746695595615146
814.	0.	0.	0.0000556735964664443	0.000049391490520769967
815.	0.	0.	0.00005510536150664302	0.00004903758472979082
816.	0.	0.	0.00005454153041931205	0.00004868499005250909
816.9999999999999	0.	0.	0.00005398209060246106	0.000048333718056297506
817.9999999999999	0.	0.	0.00005342702912515479	0.000047983780047413094
819.	0.	0.	0.00005287633273417777	0.000047635187072373536
820.	0.	0.	0.000052329987860692925	0.00004728794991936916
821.	0.	0.	0.00005178798062684681	0.00004694207911971251
821.9999999999999	0.	0.	0.00005125029685235256	0.000046597584949316735
823.	0.	0.	0.000050716922061019124	0.000046254477430208325
824.	0.	0.	0.00005018784148726653	0.00004591276633207358
825.	0.	0.	0.00004966304008257314	0.00004557246117383137
825.9999999999999	0.	0.	0.000049142502521905515	0.000045233571225239567
826.9999999999999	0.	0.	0.00004862621321009558	0.00004489610550852456
828.	0.	0.	0.00004811415628817337	0.000044560072800044984
829.	0.	0.	0.00004760631563966417	0.00004422548163197693
830.	0.	0.	0.000047102674896834115	0.00004389234029402856
830.9999999999999	0.	0.	0.0000466032174468834	0.00004356065683517417
832.	0.	0.	0.00004610792643811386	0.00004323043906542033
833.	0.	0.	0.00004561678478602663	0.00004290169455758643
834.	0.	0.	0.000045129775179379604	0.00004257443064911508
834.9999999999999	0.	0.	0.00004464688008619834	0.00004224865444389703
835.9999999999999	0.	0.	0.000044168081759732124	0.00004192437281412262
837.	0.	0.	0.00004369336224435889	0.00004160159240214721
838.	0.	0.	0.00004322270338144345	0.000041280319622380854
839.	0.	0.	0.000042756086815138325	0.00004096056066319147
839.9999999999999	0.	0.	0.000042293493998131846	0.00004064232148882804
841.	0.	0.	0.000041834906197348293	0.000040325607841358035
842.	0.	0.	0.00004138030449957783	0.00004001042524262333
843.	0.	0.	0.00004092966981707697	0.00003969677899620812
843.9999999999999	0.	0.	0.00004048298289308867	0.00003938467418942204
844.9999999999999	0.	0.	0.000040040224307323817	0.000039074115695296346
846.	0.	0.	0.000039601374481378127	0.00003876510817459405
847.	0.	0.	0.00003916641368408877	0.00003845765607782968
848.	0.	0.	0.00003873532203685259	0.00003815176364730221
848.9999999999999	0.	0.	0.00003830807951885491	0.00003784743491913651
850.	0.	0.	0.00003788466597228091	0.00003754467372533716
851.	0.	0.	0.00003746506110742384	0.00003724348369584771
852.	0.	0.	0.000037049244507777886	0.000036943868260623543
852.9999999999999	0.	0.	0.00003663719563504227	0.00003664583065170535
853.9999999999999	0.	0.	0.000036228893834076774	0.00003634937390530763
855.	0.	0.	0.000035824318337801304	0.000036054500863907157
856.	0.	0.	0.00003542344827203017	0.00003576121417834196
857.	0.	0.	0.00003502626266025046	0.00003546951630991188
857.9999999999999	0.	0.	0.000034632740428344305	0.000035179409532487
859.	0.	0.	0.00003424286040923746	0.00003489089593461723
860.	0.	0.	0.00003385660134750773	0.000034603977421647424
861.	0.	0.	0.000033473941903913267	0.00003431865571783515
861.9999999999999	0.	0.	0.00003309486065988345	0.0000340349323684693
863.	0.	0.	0.00003271933612192455	0.000033752808741992624
864.	0.	0.	0.000032347346725987386	0.000033472286032123795
865.	0.	0.	0.00003197887084176595	0.00003319336525998108
865.9999999999999	0.	0.	0.00003161388677692741	0.00003291604727620676
866.9999999999999	0.	0.	0.00003125237278129925	0.000032640332763088866
868.	0.	0.	0.000030894307050989946	0.000032366222236686195
869.	0.	0.	0.00003053966773243816	0.00003209371604894764
870.	0.	0.	0.000030188432926426417	0.00003182281438983259
870.9999999999999	0.	0.	0.000029840580692006797	0.00003155351728942926
872.	0.	0.	0.000029496089050394097	0.00003128582462006795
873.	0.	0.	0.000029154935988780638	0.00003101973609843391
874.	0.	0.	0.000028817099464106197	0.00003075525128767576
874.9999999999999	0.	0.	0.000028482557406750808	0.000030492369599507963
875.9999999999999	0.	0.	0.000028151287724187695	0.000030231090296312754
877.	0.	0.	0.000027823268304572537	0.000029971412493233684
878.	0.	0.	0.000027498477020267674	0.000029713335160266712
879.	0.	0.	0.000027176891731314256	0.000029456857124343252
879.9999999999999	0.	0.	0.00002685849028884361	0.000029201977071410142
881.	0.	0.	0.000026543250538436392	0.000028948693548499875
882.	0.	0.	0.000026231150323418267	0.000028697004965797775
883.	0.	0.	0.00002592216748810576	0.00002844690959869879
883.9999999999999	0.	0.	0.000025616279880983437	0.00002819840558985991
884.9999999999999	0.	0.	0.00002531346535784414	0.000027951490951242514
886.	0.	0.	0.000025013701784850344	0.000027706163566148116
887.	0.	0.	0.000024716967041559052	0.00002746242119124516
888.	0.	0.	0.000024423239023881203	0.000027220261458587474
888.9999999999999	0.	0.	0.000024132495646988677	0.00002697968187762388
890.	0.	0.	0.000023844714848171882	0.00002674067983719732
891.	0.	0.	0.000023559874589627102	0.000026503252607536858
892.	0.	0.	0.000023277952861212447	0.000026267397342238157
892.9999999999999	0.	0.	0.00002299892768313441	0.000026033111080233475
893.9999999999999	0.	0.	0.00002272277710858341	0.000025800390747752867
895.	0.	0.	0.000022449479226325294	0.000025569233160274503
896.	0.	0.	0.00002217901216322855	0.000025339635024462657
897.	0.	0.	0.000021911354086752216	0.000025111592940097016
897.9999999999999	0.	0.	0.00002164648320736867	0.00002488510340198908
899.	0.	0.	0.0000213843777809489	0.000024660162801886465
900.	0.	0.	0.000021125016111087824	0.000024436767430368807
901.	0.	0.	0.000020868376551385068	0.000024214913478727084
901.9999999999999	0.	0.	0.00002061443750767064	0.000023994597040835747
902.9999999999999	0.	0.	0.000020363177440186637	0.000023775814115007662
904.	0.	0.	0.00002011457486571785	0.000023558560605840745
905.	0.	0.	0.000019868608359674886	0.000023342832326049748
906.	0.	0.	0.000019625256558125743	0.000023128624998285333
906.9999999999999	0.	0.	0.000019384498159788535	0.000022915934256941022
908.	0.	0.	0.000019146311927964235	0.00002270475564994643
909.	0.	0.	0.00001891067669243843	0.000022495084640546705
910.	0.	0.	0.000018677571351322188	0.00002228691660907075
910.9999999999999	0.	0.	0.000018446974872863268	0.000022080246854682063
911.9999999999999	0.	0.	0.000018218866297190457	0.00002187507059711954
913.	0.	0.	0.000017993224738037742	0.000021671382978423175
914.	0.	0.	0.000017770029384410847	0.000021469179064644667
914.9999999999999	0.	0.	0.00001754925950220521	0.00002126845384754517
915.9999999999999	0.	0.	0.000017330894435796294	0.00002106920224627911
917.	0.	0.	0.000017114913609576598	0.000020871419109062892
918.	0.	0.	0.000016901296529450845	0.000020675099214829692
919.	0.	0.	0.000016690022784290304	0.00002048023727486986
919.9999999999999	0.	0.	0.00001648107204735365	0.000020286827934456045
921.	0.	0.	0.00001627442407765539	0.000020094865774455208
922.	0.	0.	0.00001607005872129818	0.000019904345312923873
923.	0.	0.	0.000015867955912774157	0.00001971526100669096
923.9999999999999	0.	0.	0.00001566809567621224	0.000019527607252923264
924.9999999999999	0.	0.	0.000015470458126594687	0.000019341378390678593
926.	0.	0.	0.000015275023470943358	0.000019156568702441914
927.	0.	0.	0.000015081772009449803	0.00001897317241564739
928.	0.	0.	0.000014890684136581438	0.000018791183704185175
928.9999999999999	0.	0.	0.000014701740342152277	0.000018610596689893763
930.	0.	0.	0.000014514921212342937	0.000018431405444036007
931.	0.	0.	0.000014330207430710554	0.000018253603988761226
932.	0.	0.	0.000014147579779131489	0.00001807718629855059
932.9999999999999	0.	0.	0.000013967019138735449	0.000017902146301649634
933.9999999999999	0.	0.	0.000013788506490792082	0.000017728477881482826
935.	0.	0.	0.000013612022917570054	0.00001755617487805478
936.	0.	0.	0.00001343754960315541	0.000017385231089336144
937.	0.	0.	0.000013265067834247467	0.000017215640272632493
937.9999999999999	0.	0.	0.000013094559000909174	0.00001704739614594044
939.	0.	0.	0.00001292600459730142	0.000016880492389286646
940.	0.	0.	0.00001275938622237028	0.000016714922646052085
941.	0.	0.	0.000012594685580518522	0.000016550680524281095
941.9999999999999	0.	0.	0.000012431884482229135	0.000016387759597975845
942.9999999999999	0.	0.	0.000012270964844674643	0.000016226153408374037
944.	0.	0.	0.00001211190869229412	0.000016065855465212814
945.	0.	0.	0.000011954698157328225	0.000015906859247976735
946.	0.	0.	0.00001179931548034366	0.00001574915820713086
946.9999999999999	0.	0.	0.000011645743010717178	0.000015592745765339137
948.	0.	0.	0.00001149396320709784	0.000015437615318665992
949.	0.	0.	0.000011343958637839359	0.0000152837602377649
950.	0.	0.	0.000011195711981407093	0.000015131173869050831
950.9999999999999	0.	0.	0.00001104920602675525	0.00001497984953585781
951.9999999999999	0.	0.	0.000010904423673684978	0.000014829780539581592
953.	0.	0.	0.000010761347933174226	0.000014680960160807133
954.	0.	0.	0.000010619961927677336	0.000014533381660422165
954.9999999999999	0.	0.	0.000010480248891403155	0.000014387038280714168
955.9999999999999	0.	0.	0.000010342192170579592	0.000014241923246454774
957.	0.	0.	0.00001020577522367523	0.000014098029765967309
958.	0.	0.	0.000010070981621612835	0.000013955351032181022
959.	0.	0.	9.937795047954709e-6	0.000013813880223670592
959.9999999999999	0.	0.	9.80619929906173e-6	0.000013673610505680755
960.9999999999999	0.	0.	9.676178284241381e-6	0.000013534535031136136
962.	0.	0.	9.547716025861021e-6	0.000013396646941637358
963.	0.	0.	9.42079665945088e-6	0.00001325993936844254
963.9999999999999	0.	0.	9.295404433777494e-6	0.00001312440543343448
964.9999999999999	0.	0.	9.171523710907493e-6	0.000012990038250073342
966.	0.	0.	9.049138966234886e-6	0.000012856830924335862
967.	0.	0.	8.928234788511134e-6	0.000012724776555639817
968.	0.	0.	8.808795879833904e-6	0.00001259386823775483
968.9999999999999	0.	0.	8.690807055631608e-6	0.000012464099059699492
969.9999999999999	0.	0.	8.574253244624777e-6	0.00001233546210662396
971.	0.	0.	8.459119488766856e-6	0.000012207950460679528
972.	0.	0.	8.345390943175424e-6	0.000012081557201874254
972.9999999999999	0.	0.	8.233052876034411e-6	0.000011956275408914934
973.9999999999999	0.	0.	8.122090668489343e-6	0.000011832098160035318
975.	0.	0.	8.012489814523304e-6	0.000011709018533811646
976.	0.	0.	7.904235920812648e-6	0.000011587029609964397
977.	0.	0.	7.797314706573669e-6	0.000011466124470146526
977.9999999999999	0.	0.	7.69171200338797e-6	0.000011346296198719099
979.	0.	0.	7.5874137550172545e-6	0.000011227537883513684
980.	0.	0.	7.4844060171971605e-6	0.000011109842616581544
980.9999999999999	0.	0.	7.382674957425751e-6	0.00001099320349493031
982.	0.	0.	7.2822068547292556e-6	0.000010877613621247726
982.9999999999999	0.	0.	7.182988099417791e-6	0.000010763066104612685
983.9999999999999	0.	0.	7.0850051928303855e-6	0.000010649554061193787
985.	0.	0.	6.988244747061076e-6	0.000010537070614934877
985.9999999999999	0.	0.	6.8926934846769925e-6	0.00001042560889822972
987.	0.	0.	6.798338238420161e-6	0.000010315162052582159
988.	0.	0.	6.705165950898453e-6	0.000010205723229255802
988.9999999999999	0.	0.	6.613163674271711e-6	0.000010097285589911539
990.	0.	0.	6.522318569913401e-6	9.989842307231661e-6
990.9999999999999	0.	0.	6.432617908067394e-6	9.883386565533608e-6
992.	0.	0.	6.344049067499084e-6	9.777911561371445e-6
993.	0.	0.	6.256599535126868e-6	9.673410504125264e-6
993.9999999999999	0.	0.	6.170256905649683e-6	9.569876616579757e-6
995.	0.	0.	6.085008881159632e-6	9.467303135490277e-6
995.9999999999999	0.	0.	6.00084327074804e-6	9.36568331213893e-6
997.	0.	0.	5.9177479901019725e-6	9.265010412877937e-6
998.	0.	0.	5.835711061089882e-6	9.16527771966299e-6
998.9999999999999	0.	0.	5.754720611339229e-6	9.06647853057487e-6
1000.	0.	0.	5.674764873806718e-6	8.968606160330156e-6