0.	0.	0.	0.	0.
1.	2.8855998957978395e-6	4.86371273569965e-6	5.041701746821158e-7	5.0503869734853606e-8
2.	1.796149796893452e-7	9.135038231651069e-6	9.822502882001382e-7	9.856438206068744e-8
3.	6.479247002856572e-9	0.000012862397585907082	1.4355467708882456e-6	1.4430066249266137e-7
4.	1.778252051445927e-10	0.000016091148185086745	1.865244069077591e-6	1.8782031851676714e-7
5.	4.1098995665275665e-12	0.00001886372284023996	2.272417481693594e-6	2.2922063971407125e-7
6.	8.41845749907935e-14	0.00002121977185276862	2.658044891763386e-6	2.6858969808338014e-7
7.	1.5747915035390247e-15	0.00002319630493153038	3.023017470386002e-6	3.0600735529601034e-7
8.	2.743949539766954e-17	0.00002482783076296853	3.3681494261198902e-6	3.4154618323100993e-7
9.	4.482793361853258e-19	0.000026146492721053113	3.694186868380681e-6	3.752723037731643e-7
10.	0.	0.000027182199730006136	4.001815849306058e-6	4.0724615350856596e-7
11.	0.	0.00002796275169110041	4.291669644623982e-6	4.375231786225935e-7
12.	0.	0.000028513959180910245	4.5643353303454706e-6	4.6615446499203956e-7
13.	0.	0.000028859757343452317	4.8203597085842134e-6	4.931873081660794e-7
14.	0.	0.000029022314050120108	5.060254632473575e-6	5.186657276490559e-7
14.999999999999998	0.	0.00002902213250344196	5.2845017769981085e-6	5.426309296309529e-7
16.	0.	0.00002887814852506916	5.493556899573397e-6	5.651217220582855e-7
17.	0.	0.000028607822804379852	5.687853631386865e-6	5.861748856982873e-7
18.	0.	0.000028227228399155995	5.867806837845279e-6	6.058255046221031e-7
18.999999999999996	0.	0.000027751133779901137	6.033815583955007e-6	6.241072593176369e-7
20.	0.	0.00002719308169918134	6.186265738081211e-6	6.410526854391275e-7
21.	0.	0.00002656546415051536	6.325532245285785e-6	6.566934010079709e-7
22.	0.	0.000025879593660578406	6.451981099324052e-6	6.710603046971679e-7
23.	0.	0.000025145771135889285	6.565971040381171e-6	6.841837476596189e-7
24.	0.	0.000024373350462244852	6.667855003744753e-6	6.960936811978057e-7
24.999999999999996	0.	0.00002357080003302002	6.757981342834821e-6	7.06819782418725e-7
26.	0.	0.000022745761361792134	6.836694848340327e-6	7.16391559872869e-7
27.	0.	0.0000219051049160288	6.904337583637999e-6	7.248384410391369e-7
28.	0.	0.000021054983292041576	6.961249555189249e-6	7.32189843388407e-7
29.	0.	0.000020200881837143194	7.007769235219462e-6	7.384752306367462e-7
29.999999999999996	0.	0.000019347666812924928	7.044233952676717e-6	7.437241556844827e-7
31.	0.	0.000018499631183686196	7.070980167239587e-6	7.479662916293039e-7
32.	0.	0.000017660538106134867	7.088343639991763e-6	7.512314521397826e-7
32.99999999999999	0.	0.000016833662190340203	7.096659513301221e-6	7.53549602380032e-7
34.	0.	0.000016021828597343053	7.096262311429394e-6	7.549508615861489e-7
35.	0.	0.000015227450035591179	7.0874858724479855e-6	7.554654983105306e-7
36.	0.	0.000014452561716253328	7.070663221154092e-6	7.551239192706813e-7
37.	0.	0.000013698854326269283	7.046126391844834e-6	7.539566526645422e-7
37.99999999999999	0.	0.000012967705077519168	7.014206209037939e-6	7.519943267444302e-7
39.	0.	0.000012260206890571182	6.97523203350114e-6	7.49267644376072e-7
40.	0.	0.000011577195771936378	6.929531480278712e-6	7.458073542478125e-7
41.	0.	0.000010919276444483033	6.877430114774512e-6	7.41644219337555e-7
42.	0.	0.000010286846291528188	6.819251132365585e-6	7.368089831912105e-7
42.99999999999999	0.	9.680117676026506e-6	6.755315026475883e-6	7.313323345161833e-7
44.	0.	9.099138697140233e-6	6.685939249533776e-6	7.25244870546466e-7
44.99999999999999	0.	8.54381244722896e-6	6.611437870767535e-6	7.185770595921395e-7
46.	0.	8.013914832897302e-6	6.532121234357665e-6	7.113592031452529e-7
47.	0.	7.509111024143737e-6	6.448295621062135e-6	7.036213978760597e-7
48.	0.	7.028970595837586e-6	6.360262916057709e-6	6.95393497818219e-7
49.	0.	6.572981425701401e-6	6.268320285396684e-6	6.867050770087294e-7
49.99999999999999	0.	6.140562412681281e-6	6.172759863160944e-6	6.775853928178716e-7
51.	0.	5.731075079052266e-6	6.073868451103251e-6	6.680633501761623e-7
52.	0.	5.3438341188322335e-6	5.971927232297139e-6	6.581674668791603e-7
53.	0.	4.978116954079118e-6	5.86721150007061e-6	6.479258401267676e-7
54.	0.	4.6331723594361095e-6	5.759990403273298e-6	6.373661144313348e-7
54.99999999999999	0.	4.308228213884552e-6	5.650526708720636e-6	6.265154510082875e-7
56.	0.	4.002498437085051e-6	5.53907658147091e-6	6.154004987440549e-7
56.99999999999999	0.	3.715189165953203e-6	5.425889383420017e-6	6.040473668186677e-7
58.	0.	3.445504225248831e-6	5.311207490544088e-6	5.924815990444556e-7
59.	0.	3.1926499439782656e-6	5.195266128979845e-6	5.807281499676721e-7
59.99999999999999	0.	2.9558393673380927e-6	5.078293230006422e-6	5.688113627665618e-7
61.	0.	2.7342959117878917e-6	4.960509303879052e-6	5.567549489672682e-7
62.	0.	2.5272565086458983e-6	4.84212733236353e-6	5.445819699879556e-7
63.	0.	2.3339742793765815e-6	4.723352679730339e-6	5.323148205115902e-7
64.	0.	2.1537207834967504e-6	4.604383021887294e-6	5.199752136788113e-7
65.	0.	1.9857878777857764e-6	4.485408293259429e-6	5.075841680842766e-7
65.99999999999999	0.	1.829489223257686e-6	4.366610650963369e-6	4.951619965526294e-7
67.	0.	1.6841614741528885e-6	4.248164455770411e-6	4.827282966638202e-7
68.	0.	1.5491651810455934e-6	4.130236269306861e-6	4.703019429918214e-7
69.	0.	1.4238854380497633e-6	4.012984866901674e-6	4.5790108101576074e-7
70.	0.	1.307732302050816e-6	3.896561265459381e-6	4.4554312265815386e-7
70.99999999999999	0.	1.200141009898674e-6	3.781108765710003e-6	4.3324474340111826e-7
72.	0.	1.100572017577017e-6	3.666763008166977e-6	4.210218809282346e-7
73.	0.	1.0085108835178473e-6	3.553652042108259e-6	4.088897352369928e-7
74.	0.	9.234680164643585e-7	3.441896406884666e-6	3.968627701645128e-7
75.	0.	8.449783065999876e-7	3.331609224852161e-6	3.8495471626738974e-7
75.99999999999999	0.	7.726006570610427e-7	3.222896305221683e-6	3.7317857499510037e-7
77.	0.	7.059174314334806e-7	3.1158562581199645e-6	3.6154662409533e-7
78.	0.	6.445338314032235e-7	3.0105806181580163e-6	3.500704241888576e-7
79.	0.	5.880772173821072e-7	2.9071539768097e-6	3.387608264512001e-7
80.	0.	5.361963836680141e-7	2.805654122911309e-6	3.276279813380812e-7
80.99999999999999	0.	4.885607985160269e-7	2.7061521906033878e-6	3.1668134829187974e-7
82.	0.	4.4485981839564983e-7	2.6087128140487025e-6	3.0592970636655603e-7
83.	0.	4.0480188468522756e-7	2.513394288274434e-6	2.9538116570910224e-7
84.	0.	3.681137101057358e-7	2.420248735502213e-6	2.8504317983626796e-7
84.99999999999999	0.	3.345394613196123e-7	2.329322276346866e-6	2.7492255864623515e-7
85.99999999999999	0.	3.0383994331286735e-7	2.240655205282696e-6	2.6502548210594334e-7
87.	0.	2.7579179043766133e-7	2.1542821697951025e-6	2.553575145559356e-7
88.	0.	2.5018666831420325e-7	2.0702323526555973e-6	2.4592361957593033e-7
89.	0.	2.2683049017205042e-7	1.988529656778149e-6	2.367281753556544e-7
89.99999999999999	0.	2.0554265064859608e-7	1.9091928921362778e-6	2.2777499051701258e-7
90.99999999999999	0.	1.861552795529282e-7	1.8322359642416115e-6	2.19067320335217e-7
92.	0.	1.6851251764340577e-7	1.7576680637058618e-6	2.1060788330808137e-7
93.	0.	1.524698160539993e-7	1.685493856430572e-6	2.0239887802442781e-7
94.	0.	1.3789326063426295e-7	1.6157136739904646e-6	1.9444200028423007e-7
94.99999999999999	0.	1.2465892213788266e-7	1.5483237037980829e-6	1.8673846042487002e-7
96.	0.	1.1265223290223582e-7	1.4833161786593926e-6	1.792890008096877e-7
97.	0.	1.0176739040300999e-7	1.42067956535146e-6	1.7209391343678861e-7
98.	0.	9.19067878415313e-8	1.3603987518746642e-6	1.6515305762786772e-7
99.	0.	8.2980471724907e-8	1.3024552330530316e-6	1.5846587775863245e-7
99.99999999999999	0.	7.490562622823382e-8	1.2468272941771385e-6	1.5203142099422378e-7
101.	0.	6.760608398158256e-8	1.1934901924041381e-6	1.4584835499480267e-7
102.	0.	6.101186279983772e-8	1.142416335649648e-6	1.399149855582862e-7
103.	0.	5.505872776902864e-8	1.0935754587255537e-6	1.3422927416896308e-7
104.	0.	4.968777801617215e-8	1.0469347964970143e-6	1.287888554224931e-7
104.99999999999999	0.	4.484505741939452e-8	1.002459253850095e-6	1.2359105429947363e-7
106.	0.	4.0481188459333306e-8	9.601115722798184e-7	1.1863290326149815e-7
107.	0.	3.655102836997423e-8	9.198524929254452e-7	1.1391115914524502e-7
108.	0.	3.3013346715796114e-8	8.816409158969629e-7	1.0942231983180061e-7
109.	0.	2.9830523500952465e-8	8.45434055752805e-7	1.0516264066998481e-7
109.99999999999999	0.	2.69682669039987e-8	8.111875930046304e-7	1.011281506340138e-7
111.	0.	2.439534972727897e-8	7.788558215398876e-7	9.731466819732328e-8
112.	0.	2.208336365243229e-8	7.483917918677265e-7	9.371781690588759e-8
113.	0.	2.0006490401687993e-8	7.197474501072191e-7	9.033304063573686e-8
113.99999999999999	0.	1.814128891776669e-8	6.928737726506025e-7	8.715561852081391e-8
114.99999999999999	0.	1.6466497692560614e-8	6.677208964467143e-7	8.418067953862108e-8
116.	0.	1.496285139564035e-8	6.442382448617533e-7	8.140321674238248e-8
117.	0.	1.3612910977347411e-8	6.223746490865042e-7	7.881810112975567e-8
118.	0.	1.2400906447275173e-8	6.020784650694121e-7	7.642009513924005e-8
118.99999999999999	0.	1.1312591556799907e-8	5.832976859659165e-7	7.420386576666822e-8
119.99999999999999	0.	1.0335109643514723e-8	5.659800501038045e-7	7.21639972952182e-8
121.	0.	9.456869925611538e-9	5.500731444737816e-7	7.029500363346896e-8
122.	0.	8.667433565041078e-9	5.355245037632241e-7	6.859134025704889e-8
122.99999999999999	0.	7.957408849435691e-9	5.222817049589357e-7	6.704741575035455e-8
124.	0.	7.318354873927733e-9	5.102924575529572e-7	6.565760294581825e-8
125.	0.	6.74269313504018e-9	4.995046893920226e-7	6.441624965900486e-8
126.	0.	6.223626479461157e-9	4.898666282184535e-7	6.331768901872586e-8
127.	0.	5.755064880652728e-9	4.813268789558724e-7	6.235624939207688e-8
128.	0.	5.331557545729542e-9	4.738344967998353e-7	6.15262639051847e-8
129.	0.	4.948230883697926e-9	4.6733905617744225e-7	6.082207956099242e-8
130.	0.	4.60073189402537e-9	4.617907156461797e-7	6.023806595625496e-8
131.	0.	4.285176561350736e-9	4.571402788055158e-7	5.976862360039945e-8
131.99999999999997	0.	3.998102868082772e-9	4.5333925129988163e-7	5.9408191839637856e-8
133.	0.	3.736428061470791e-9	4.5033989399438214e-7	5.915125639015294e-8
134.	0.	3.4974098355470067e-9	4.480952724084604e-7	5.899235648477845e-8
135.	0.	3.2786111110407647e-9	4.465593024953844e-7	5.8926091638040703e-8
136.	0.	3.0778681180384563e-9	4.456867928582407e-7	5.894712803491035e-8
137.	0.	2.893261506686912e-9	4.454334834948914e-7	5.905020454896693e-8
138.	0.	2.723090230746418e-9	4.457560811671445e-7	5.923013839617309e-8
139.	0.	2.565847967236144e-9	4.466122914896974e-7	5.94818304306347e-8
140.	0.	2.420201852795456e-9	4.479608478374621e-7	5.980027008926668e-8
140.99999999999997	0.	2.284973333811285e-9	4.4976153716931833e-7	6.018053999236111e-8
141.99999999999997	0.	2.159120942756805e-9	4.519752228682971e-7	6.061782020746665e-8
143.	0.	2.041724827666156e-9	4.5456386469827274e-7	6.110739218415989e-8
144.	0.	1.931972875259855e-9	4.574905359775499e-7	6.164464236749364e-8
145.	0.	1.829148280874714e-9	4.6071943807042707e-7	6.222506549816897e-8
146.	0.	1.732618430265766e-9	4.6421591229679775e-7	6.284426760751316e-8
147.	0.	1.6418249693609464e-9	4.6794644936049996e-7	6.349796871560699e-8
148.	0.	1.5562749483611438e-9	4.718786963960083e-7	6.418200524093281e-8
149.	0.	1.4755329361465097e-9	4.75981461733038e-7	6.489233213009118e-8
150.	0.	1.3992140098403958e-9	4.802247174771828e-7	6.562502471611842e-8
150.99999999999997	0.	1.326977532601957e-9	4.845796000043499e-7	6.637628031407257e-8
151.99999999999997	0.	1.2585216403915422e-9	4.890184084653958e-7	6.71424195625532e-8
153.	0.	1.193578365433128e-9	4.935146013962432e-7	6.791988751985218e-8
154.	0.	1.1319093306876392e-9	4.980427915273966e-7	6.87052545234299e-8
155.	0.	1.0733019555852197e-9	5.025787388855532e-7	6.949521682142974e-8
156.	0.	1.0175661188325453e-9	5.070993422782016e-7	7.028659698487871e-8
157.	0.	9.645312291815322e-10	5.115826292505139e-7	7.107634410918728e-8
158.	0.	9.140436596973693e-10	5.160077446027471e-7	7.18615338135936e-8
159.	0.	8.659645053746012e-10	5.20354937553346e-7	7.263936804695952e-8
160.	0.	8.201676278315581e-10	5.246055476326035e-7	7.340717470845883e-8
160.99999999999997	0.	7.765379544243971e-10	5.287419893886776e-7	7.416240709145136e-8
161.99999999999997	0.	7.349700023946507e-10	5.327477359863333e-7	7.490264315881212e-8
163.	0.	6.953666016292982e-10	5.366073017767944e-7	7.562558465788198e-8
164.	0.	6.576377923556169e-10	5.403062239147944e-7	7.632905608305583e-8
165.	0.	6.216998765645413e-10	5.438310430973347e-7	7.701100349397087e-8
166.	0.	5.874746041876554e-10	5.47169283495904e-7	7.766949319703647e-8
167.	0.	5.548884771129287e-10	5.503094319522166e-7	7.830271029797084e-8
168.	0.	5.23872155963273e-10	5.532409165056968e-7	7.890895713291041e-8
169.	0.	4.943599562273307e-10	5.559540843179436e-7	7.948665158539197e-8
169.99999999999997	0.	4.662894218501526e-10	5.584401790581183e-7	8.003432529647687e-8
170.99999999999997	0.	4.396009657571578e-10	5.606913178104492e-7	8.055062177504635e-8
171.99999999999997	0.	4.142375679852555e-10	5.627004675633173e-7	8.103429441519587e-8
173.	0.	3.901445232416367e-10	5.644614213368624e-7	8.148420442744078e-8
174.	0.	3.6726923063943217e-10	5.659687740044791e-7	8.189931869035736e-8
175.	0.	3.455610193189277e-10	5.672178978606543e-7	8.22787075290038e-8
176.	0.	3.2497100437936995e-10	5.682049179861588e-7	8.262154242638628e-8
177.	0.	3.0545196831641997e-10	5.689266874593895e-7	8.292709367404835e-8
178.	0.	2.869582637563506e-10	5.693807624603371e-7	8.319472796764747e-8
179.	0.	2.694457338456122e-10	5.695653773116237e-7	8.342390595321045e-8
179.99999999999997	0.	2.5287164716683173e-10	5.694794194998258e-7	8.361417972969765e-8
180.99999999999997	0.	2.371946444676714e-10	5.691224047170422e-7	8.376519031314442e-8
181.99999999999997	0.	2.2237469489566492e-10	5.684944519612128e-7	8.387666506754518e-8
183.	0.	2.0837305979191533e-10	5.675962587331921e-7	8.394841510767806e-8
184.	0.	1.9515226233114852e-10	5.664290763635546e-7	8.398033267843145e-8
185.	0.	1.8267606167134747e-10	5.649946855038097e-7	8.397238851554074e-8
186.	0.	1.7090943038214237e-10	5.632953718120629e-7	8.392462919205601e-8
187.	0.	1.5981853422351582e-10	5.613339018633509e-7	8.38371744549765e-8
188.	0.	1.4937071346981415e-10	5.591134993116437e-7	8.371021455609711e-8
189.	0.	1.395344651318991e-10	5.566378213299339e-7	8.354400758110827e-8
189.99999999999997	0.	1.302794255647415e-10	5.539109353527305e-7	8.333887678075768e-8
190.99999999999997	0.	1.2157635306606135e-10	5.509372961433241e-7	8.30952079076656e-8
192.	0.	1.1339711016771194e-10	5.47721723207528e-7	8.281344656235874e-8
193.	0.	1.0571464536732301e-10	5.442693785729578e-7	8.249409555175931e-8
194.	0.	9.85029741713161e-11	5.405857449524849e-7	8.213771226336637e-8
195.	0.	9.17371593394207e-11	5.366766043080069e-7	8.174490605805241e-8
196.	0.	8.539329026244396e-11	5.32548016830509e-7	8.131633568442915e-8
197.	0.	7.944846148583046e-11	5.282063003499313e-7	8.085270671742236e-8
198.	0.	7.388075036228279e-11	5.236580101876392e-7	8.035476902363209e-8
198.99999999999997	0.	6.866919390908406e-11	5.189099194625258e-7	7.982331425583889e-8
199.99999999999997	0.	6.379376488603855e-11	5.139689998618639e-7	7.925917337907203e-8
200.99999999999997	0.	5.923534721970529e-11	5.088424028846943e-7	7.866321423018969e-8
202.	0.	5.4975710796183756e-11	5.035374415663784e-7	7.803633911308772e-8
203.	0.	5.0997485775433125e-11	4.980615726912087e-7	7.737948243142437e-8
204.	0.	4.728413648011843e-11	4.924223794975983e-7	7.669360836041484e-8
205.	0.	4.381993495979546e-11	4.866275548826349e-7	7.597970855963027e-8
206.	0.	4.058993435426003e-11	4.806848851073386e-7	7.523879992792007e-8
207.	0.	3.757994211191952e-11	4.7460223400738267e-7	7.447192240213215e-8
208.	0.	3.4776493187902186e-11	4.683875277103838e-7	7.368013680075976e-8
208.99999999999997	0.	3.216682329251568e-11	4.620487398602535e-7	7.286452271356854e-8
209.99999999999997	0.	2.9738842269486896e-11	4.5559387735060615e-7	7.20261764385084e-8
210.99999999999997	0.	2.7481107703656728e-11	4.490309665647047e-7	7.11662089665253e-8
212.	0.	2.5382798791163576e-11	4.4236804012224326e-7	7.028574401534032e-8
213.	0.	2.34336905880587e-11	4.3561312413030667e-7	6.938591611281167e-8
214.	0.	2.162412864743382e-11	4.2877422593595406e-7	6.846786873051811e-8
215.	0.	1.994500413521176e-11	4.218593223777792e-7	6.753275246819631e-8
216.	0.	1.838772945736067e-11	4.148763485319378e-7	6.658172328937261e-8
217.	0.	1.6944214427853186e-11	4.078331869485876e-7	6.561594080860528e-8
218.	0.	1.5606843048497607e-11	4.007376573742994e-7	6.463656663069291e-8
218.99999999999997	0.	1.436845089439274e-11	3.9359750695405946e-7	6.364476274189438e-8
219.99999999999997	0.	1.3222303144402046e-11	3.8642040090834295e-7	6.26416899535013e-8
220.99999999999997	0.	1.2162073291923416e-11	3.79213913677863e-7	6.162850639763762e-8
222.	0.	1.1181822526433039e-11	3.7198552053009226e-7	6.060636607539787e-8
223.	0.	1.0275979811468854e-11	3.64742589620133e-7	5.957641745718065e-8
224.	0.	9.439322666962156e-12	3.5749237449859503e-7	5.853980213508121e-8
225.	0.	8.666958660230463e-12	3.5024200705960933e-7	5.749765352727346e-8
226.	0.	7.954307591460594e-12	3.42998490919229e-7	5.645109563383206e-8
227.	0.	7.297084397738422e-12	3.357686952181075e-7	5.540124184402738e-8
227.99999999999997	0.	6.691282749977575e-12	3.2855934883827186e-7	5.434919379444753e-8
228.99999999999997	0.	6.133159335890563e-12	3.213770350264618e-7	5.3296040277722776e-8
229.99999999999997	0.	5.619218837169598e-12	3.142281864143988e-7	5.2242856201264975e-8
230.99999999999997	0.	5.146199564713282e-12	3.0711908042707423e-7	5.119070159554015e-8
232.	0.	4.71105975502083e-12	3.000558350705903e-7	5.0140620671447315e-8
233.	0.	4.3109645134894056e-12	2.9304440508875103e-7	4.909364092597336e-8
234.	0.	3.94327337633901e-12	2.8609057848057634e-7	4.8050772295768365e-8
235.	0.	3.605528489091854e-12	2.791999733677748e-7	4.701300635774502e-8
236.	0.	3.295443367790377e-12	2.7237803520369435e-7	4.598131557620108e-8
237.	0.	3.0108922410477906e-12	2.656300343133113e-7	4.4956652595613986e-8
237.99999999999997	0.	2.749899942133865e-12	2.589610637547493e-7	4.393994957839446e-8
238.99999999999997	0.	2.5106323408733725e-12	2.5237603749276566e-7	4.293211758685246e-8
239.99999999999997	0.	2.2913872801261473e-12	2.4587968887424294e-7	4.193404600854328e-8
240.99999999999997	0.	2.0905860189243447e-12	2.3947656939590137e-7	4.094660202416521e-8
242.	0.	1.9067651470001653e-12	2.331710477547416e-7	3.9970630117211435e-8
243.	0.	1.7385689554050465e-12	2.2696730917125707e-7	3.9006951624472884e-8
244.	0.	1.584742242857041e-12	2.208693549755381e-7	3.805636432648066e-8
245.	0.	1.4441235438559754e-12	2.1488100244755782e-7	3.711964207715341e-8
245.99999999999997	0.	1.3156387501813787e-12	2.0900588490086617e-7	3.619753447153721e-8
247.	0.	1.1982951214494693e-12	2.0324745200095407e-7	3.5290766550850394e-8
248.	0.	1.0911756451112238e-12	1.9760897030921002e-7	3.440003854396557e-8
248.99999999999997	0.	9.934337513877381e-13	1.92093524041879e-7	3.3526025644173205e-8
250.	0.	9.042883558583618e-13	1.867040160362577e-7	3.266937782053735e-8
250.99999999999997	0.	8.230192031887624e-13	1.8144316891434575e-7	3.1830719662780896e-8
252.	0.	7.489625157776479e-13	1.7631352643459326e-7	3.101065025868444e-8
252.99999999999997	0.	6.815069163828264e-13	1.7131745502407197e-7	3.0209743103255544e-8
254.	0.	6.200896135381106e-13	1.664571454809903e-7	2.9428546038479124e-8
254.99999999999997	0.	5.64192841229675e-13	1.6173461483987463e-7	2.8667581222855197e-8
256.	0.	5.133405304959245e-13	1.5715170839070814e-7	2.792734512972824e-8
257.	0.	4.670952027694063e-13	1.5271010184376927e-7	2.7208308573465754e-8
258.	0.	4.250550749638494e-13	1.4841130363163155e-7	2.6510916762470744e-8
259.	0.	3.868513602492959e-13	1.4425665734123256e-7	2.5835589378246482e-8
260.	0.	3.521457535784551e-13	1.4024734426716732e-7	2.5182720679396757e-8
261.	0.	3.2062809535670704e-13	1.3638438607918128e-7	2.45526796297457e-8
262.	0.	2.920141911619089e-13	1.3266864759618949e-7	2.3945810049623158e-8
263.	0.	2.6604379517764034e-13	1.29100839659578e-7	2.3362430789415942e-8
263.99999999999994	0.	2.424787270965585e-13	1.2568152209829128e-7	2.2802835924417496e-8
265.	0.	2.211011330239315e-13	1.2241110677908538e-7	2.2267294970143715e-8
266.	0.	2.0171186626246716e-13	1.192898607351795e-7	2.1756053117235938e-8
267.	0.	1.8412899040103519e-13	1.1631790936604751e-7	2.1269331484960207e-8
268.	0.	1.681863896592785e-13	1.134952397028011e-7	2.0807327392602233e-8
269.	0.	1.5373248312427185e-13	1.108217037321304e-7	2.037021464776621e-8
270.	0.	1.4062903808637283e-13	1.0829702177310092e-7	1.9958143850808555e-8
271.	0.	1.2875006724630363e-13	1.0592078590052349e-7	1.9571242714510803e-8
272.	0.	1.1798081688728896e-13	1.0369246340967962e-7	1.920961639827191e-8
272.99999999999994	0.	1.0821682471211861e-13	1.0161140031626895e-7	1.887334785591329e-8
274.	0.	9.936305814071514e-14	9.967682488656221e-8	1.8562498196375756e-8
274.99999999999994	0.	9.133311300122328e-14	9.78878511923407e-8	1.8277107056495982e-8
276.	0.	8.404848081307227e-14	9.624348268559367e-8	1.8017192985103027e-8
277.	0.	7.743786847082411e-14	9.474261578827742e-8	1.7782753837721205e-8
278.	0.	7.143657606304846e-14	9.338404349213655e-8	1.7573767181090202e-8
279.	0.	6.598592381418983e-14	9.216645896432774e-8	1.739019070683625e-8
280.	0.	6.103272393125883e-14	9.108845915455053e-8	1.7231962653604268e-8
281.	0.	5.652879614414159e-14	9.014854839874204e-8	1.7099002236823147e-8
281.99999999999994	0.	5.243052334215377e-14	8.934514201673055e-8	1.6991210085701335e-8
283.	0.	4.8698443551179266e-14	8.867656989853863e-8	1.6908468686525106e-8
283.99999999999994	0.	4.5296876081314805e-14	8.814108007641727e-8	1.6850642831767873e-8
285.	0.	4.219357840019652e-14	8.773684227920667e-8	1.6817580074414204e-8
286.	0.	3.935943326282513e-14	8.746195146483728e-8	1.680911118673892e-8
287.	0.	3.676816008402511e-14	8.731443132868956e-8	1.6825050623130908e-8
288.	0.	3.4396053536043135e-14	8.72922377841371e-8	1.6865196986273364e-8
289.	0.	3.2221742881647724e-14	8.739326241250979e-8	1.6929333496153234e-8
290.	0.	3.0225974603385987e-14	8.76153358799827e-8	1.7017228461412922e-8
291.	0.	2.839140977826772e-14	8.795623131802421e-8	1.7128635752377002e-8
292.	0.	2.6702444466062e-14	8.841366766576734e-8	1.7263295275410098e-8
292.99999999999994	0.	2.5145041402073172e-14	8.89853129715445e-8	1.7420933448033964e-8
294.	0.	2.3706580846376805e-14	8.966878765126728e-8	1.760126367430641e-8
294.99999999999994	0.	2.2375721445331477e-14	9.046166770164395e-8	1.7803986820015475e-8
296.	0.	2.1142275476929686e-14	9.13614878667106e-8	1.802879168732725e-8
297.	0.	1.999709547683196e-14	9.236574475512016e-8	1.8275355488315047e-8
298.	0.	1.8931971124282464e-14	9.347189990682905e-8	1.854334431702145e-8
299.	0.	1.793953529556916e-14	9.467738280816303e-8	1.883241361976669e-8
300.	0.	1.701317907327529e-14	9.597959385248986e-8	1.9142208663060207e-8
301.	0.	1.614697520847903e-14	9.737590724644288e-8	1.9472364999002315e-8
301.99999999999994	0.	1.533560917361569e-14	9.886367386004026e-8	1.9822508927740685e-8
303.	0.	1.4574314637404674e-14	1.0044022401881539e-7	2.0192257956490666e-8
303.99999999999994	0.	1.385881829216981e-14	1.021028702384274e-7	2.05812212550929e-8
305.	0.	1.3185287917986636e-14	1.0384890989927877e-7	2.0989000107488025e-8
306.	0.	1.2550285456651353e-14	1.0567562786158861e-7	2.1415188359066333e-8
307.	0.	1.1950727365335794e-14	1.075802990192703e-7	2.1859372859424153e-8
308.	0.	1.1383844094042483e-14	1.095601907925434e-7	2.232113390037166e-8
309.	0.	1.0847149370673106e-14	1.116125655584441e-7	2.2800045648876955e-8
310.	0.	1.0338408074435491e-14	1.1373468301911292e-7	2.329567657477311e-8
310.99999999999994	0.	9.855608398851927e-15	1.1592380250681159e-7	2.3807589872859913e-8
312.	0.	9.396939556031817e-15	1.1817718522634365e-7	2.433534387938145e-8
312.99999999999994	0.	8.960769424898778e-15	1.2049209643380032e-7	2.487849248249811e-8
314.	0.	8.545622117771359e-15	1.2286580755199808e-7	2.5436585526664098e-8
314.99999999999994	0.	8.150165022757898e-15	1.252955982224311e-7	2.60091692107075e-8
316.	0.	7.773189166224496e-15	1.2777875829346723e-7	2.659578647938752e-8
317.	0.	7.413597785488217e-15	1.3031258974541914e-7	2.7195977408387552e-8
318.	0.	7.070392713485944e-15	1.32894408552139e-7	2.7809279582497792e-8
319.	0.	6.742664811592328e-15	1.355215464793922e-7	2.8435228466863857e-8
320.	0.	6.429580262715331e-15	1.3819135282064782e-7	2.9073357771257283e-8
321.	0.	6.1303779835519e-15	1.4090119607026225e-7	2.9723199807184165e-8
321.99999999999994	0.	5.844355685700543e-15	1.4364846553428748e-7	3.038428583769973e-8
323.	0.	5.57086641276583e-15	1.4643057287964944e-7	3.105614641990365e-8
323.99999999999994	0.	5.309312974305705e-15	1.4924495362216057e-7	3.173831174003227e-8
325.	0.	5.059140491043205e-15	1.5208906855373182e-7	3.2430311941042106e-8
326.	0.	4.81983333942443e-15	1.5496040510901758e-7	3.313167744254969e-8
327.	0.	4.590907660098128e-15	1.578564786730768e-7	3.384193925328102e-8
328.	0.	4.3719136646828336e-15	1.607748338295344e-7	3.456062927573686e-8
329.	0.	4.1624275181627025e-15	1.6371304555055168e-7	3.5287280603168734e-8
330.	0.	3.9620504654602125e-15	1.666687203294961e-7	3.6021427808873414e-8
330.99999999999994	0.	3.770403044761548e-15	1.6963949725642681e-7	3.676260722764736e-8
332.	0.	3.587131207800983e-15	1.7262304903749554e-7	3.751035722945442e-8
332.99999999999994	0.	3.411893057416398e-15	1.7561708295950827e-7	3.82642184853942e-8
334.	0.	3.244367254116964e-15	1.7861934179949e-7	3.902373422575537e-8
335.	0.	3.0842455607484152e-15	1.8162760468106357e-7	3.978845049036642e-8
336.	0.	2.931233835587446e-15	1.8463968787798464e-7	4.055791637113916e-8
337.	0.	2.7850507350629184e-15	1.8765344556578817e-7	4.133168424683477e-8
338.	0.	2.645424839694113e-15	1.9066677052275814e-7	4.2109310010141614e-8
339.	0.	2.5120981148903514e-15	1.9367759478067126e-7	4.289035328698711e-8
339.99999999999994	0.	2.384818857778843e-15	1.9668389022677085e-7	4.3674377648231114e-8
341.	0.	2.263349243829887e-15	1.9968366915762462e-7	4.4460950813712095e-8
341.99999999999994	0.	2.1474574276927215e-15	2.0267498478590015e-7	4.524964484870478e-8
343.	0.	2.036919742378865e-15	2.056559317011337e-7	4.604003635285915e-8
343.99999999999994	0.	1.931521639767316e-15	2.0862464628538747e-7	4.6831706641652125e-8
345.	0.	1.8310544803184486e-15	2.1157930708487497e-7	4.762424192042982e-8
346.	0.	1.7353197945517858e-15	2.145181351386126e-7	4.8417233451112484e-8
347.	0.	1.644122714083399e-15	2.1743939426496635e-7	4.921027771159784e-8
348.	0.	1.5572756442874448e-15	2.2034139130728004e-7	5.000297654797086e-8
349.	0.	1.4745978296351764e-15	2.2322247633949786e-7	5.079493731956939e-8
350.	0.	1.3959175728334216e-15	2.2608104283307664e-7	5.158577303704626e-8
350.99999999999994	0.	1.3210639221205955e-15	2.289155277856043e-7	5.237510249336989e-8
352.	0.	1.2498740369694804e-15	2.3172441181302362e-7	5.3162550388046817e-8
352.99999999999994	0.	1.1821918438365178e-15	2.3450621920581018e-7	5.3947747444500706e-8
354.	0.	1.1178663044259602e-15	2.372595179503537e-7	5.473033052074784e-8
355.	0.	1.0567509058303251e-15	2.399829197167355e-7	5.550994271350421e-8
356.	0.	9.987029080882213e-16	2.426750798135902e-7	5.628623345574117e-8
357.	0.	9.435891003063153e-16	2.453346971115112e-7	5.7058858607893725e-8
358.	0.	8.912765296081949e-16	2.4796051393559745e-7	5.7827480542724476e-8
359.	0.	8.416378029814007e-16	2.505513159283014e-7	5.859176822398293e-8
359.99999999999994	0.	7.945550583444714e-16	2.5310593188367557e-7	5.935139727898854e-8
361.	0.	7.499078559249554e-16	2.556232335541689e-7	6.010605006528041e-8
361.99999999999994	0.	7.075854978884489e-16	2.581021354301034e-7	6.085541573124349e-8
363.	0.	6.674779898242524e-16	2.6054159449415123e-7	6.159919027113541e-8
363.99999999999994	0.	6.2948503009313115e-16	2.6294060995069055e-7	6.233707657437122e-8
365.	0.	5.935005545792531e-16	2.652982229312479e-7	6.306878446923562e-8
366.	0.	5.594350983854877e-16	2.6761351617763085e-7	6.379403076129305e-8
367.	0.	5.271921459687531e-16	2.698856137023743e-7	6.451253926629927e-8
368.	0.	4.966827952071592e-16	2.721136804290055e-7	6.522404083810453e-8
368.99999999999994	0.	4.678273000198107e-16	2.7429692181164536e-7	6.592827339133288e-8
370.	0.	4.4053982633315737e-16	2.764345834357992e-7	6.662498191918188e-8
370.99999999999994	0.	4.1474370746301394e-16	2.785259506005437e-7	6.731391850629635e-8
372.	0.	3.903664042965345e-16	2.80570347883665e-7	6.799484233699721e-8
372.99999999999994	0.	3.6733390926555243e-16	2.8256713868987256e-7	6.866751969880612e-8
374.	0.	3.4558020047989623e-16	2.8451572478369686e-7	6.933172398156723e-8
375.	0.	3.2503938331727086e-16	2.8641554580699384e-7	6.998723567206307e-8
376.	0.	3.056508403394025e-16	2.8826607878291397e-7	7.063384234449468e-8
377.	0.	2.8735082172670463e-16	2.900668376062205e-7	7.127133864672069e-8
378.	0.	2.7008921266695537e-16	2.918173725213935e-7	7.189952628252925e-8
379.	0.	2.5380463929972655e-16	2.9351726958877063e-7	7.25182139899314e-8
379.99999999999994	0.	2.384507454842471e-16	2.951661501399791e-7	7.312721751571646e-8
381.	0.	2.239779703167071e-16	2.9676367022295865e-7	7.372635958627219e-8
381.99999999999994	0.	2.1033616722267105e-16	2.9830952003768485e-7	7.431546987488323e-8
383.	0.	1.9748496604546138e-16	2.998034233628736e-7	7.489438496551188e-8
384.	0.	1.85379422670649e-16	3.0124513697487257e-7	7.546294831330457e-8
385.	0.	1.7397774597095989e-16	3.026344500588721e-7	7.602101020179721e-8
386.	0.	1.6324437320663645e-16	3.0397118361361565e-7	7.656842769706432e-8
387.	0.	1.5314267033665014e-16	3.052551898498253e-7	7.710506459881121e-8
388.	0.	1.4363508841017304e-16	3.0648635158320594e-7	7.763079138857721e-8
388.99999999999994	0.	1.346914298076143e-16	3.076645816226466e-7	7.81454851751622e-8
390.	0.	1.2627853828640597e-16	3.087898221541163e-7	7.864902963735577e-8
390.99999999999994	0.	1.1836859661597182e-16	3.0986204412077324e-7	7.914131496405964e-8
392.	0.	1.1093121176981695e-16	3.108812466002537e-7	7.962223779200903e-8
392.99999999999994	0.	1.0394189673877462e-16	3.118474561789854e-7	8.009170114101894e-8
394.	0.	9.737682621328049e-17	3.127607263248598e-7	8.05496143470589e-8
395.	0.	9.120434635241367e-17	3.1362113675816867e-7	8.099589299310247e-8
396.	0.	8.541090976543257e-17	3.144287928215365e-7	8.143045883790715e-8
397.	0.	7.996975526719559e-17	3.151838248494233e-7	8.185323974284771e-8
397.99999999999994	0.	7.485816209883604e-17	3.1588638753760464e-7	8.226416959687952e-8
399.	0.	7.006375897457083e-17	3.1653665931284956e-7	8.266318823966898e-8
399.99999999999994	0.	6.556390870221659e-17	3.1713484170375486e-7	8.30502413831161e-8
401.	0.	6.134057901754258e-17	3.176811587126498e-7	8.342528053122893e-8
401.99999999999994	0.	5.738064275831528e-17	3.181758561891396e-7	8.378826289848105e-8
403.	0.	5.3666829560554305e-17	3.1861920120604965e-7	8.413915132683565e-8
404.	0.	5.0183881926062005e-17	3.190114814374952e-7	8.447791420135257e-8
405.	0.	4.6918707542823713e-17	3.193530045401153e-7	8.480452536463774e-8
406.	0.	4.3860529042817264e-17	3.1964409753710614e-7	8.51189640300312e-8
407.	0.	4.099135861877377e-17	3.198851062062499e-7	8.542121469384187e-8
408.	0.	3.8305245598064036e-17	3.200763944715193e-7	8.571126704651184e-8
408.99999999999994	0.	3.578915850972131e-17	3.202183437989939e-7	8.598911588290204e-8
410.	0.	3.343263989618176e-17	3.2031135259717535e-7	8.625476101171847e-8
410.99999999999994	0.	3.1227948490810385e-17	3.203558356221822e-7	8.650820716420994e-8
412.	0.	2.916013217979713e-17	3.2035222338796385e-7	8.674946390217073e-8
412.99999999999994	0.	2.722706587769927e-17	3.2030096158178524e-7	8.697854552532298e-8
414.	0.	2.5419533453172256e-17	3.20202510485279e-7	8.719547097815965e-8
415.	0.	2.3727844021974652e-17	3.2005734440153954e-7	8.740026375638032e-8
416.	0.	2.214184148421116e-17	3.198659510877221e-7	8.759295181278561e-8
417.	0.	2.0661351312554987e-17	3.19628831194559e-7	8.777356746301589e-8
417.99999999999994	0.	1.92755316770826e-17	3.193464977118252e-7	8.794214729088629e-8
419.	0.	1.798015347801737e-17	3.1901947542059665e-7	8.809873205355236e-8
419.99999999999994	0.	1.6770744315695765e-17	3.1864830035243716e-7	8.824336658656151e-8
421.	0.	1.563902124341678e-17	3.1823351925548003e-7	8.837609970878982e-8
421.99999999999994	0.	1.4583567513438196e-17	3.1777568906765497e-7	8.84969841273495e-8
423.	0.	1.3595595547597592e-17	3.172753763973193e-7	8.860607634255348e-8
424.	0.	1.267328556937856e-17	3.1673315701119933e-7	8.870343655292654e-8
425.	0.	1.1811029195325893e-17	3.161496153300173e-7	8.878912856038658e-8
426.	0.	1.1006688758737305e-17	3.1552534393178046e-7	8.8863219675606e-8
426.99999999999994	0.	1.0254303372997436e-17	3.1486094306286195e-7	8.892578062361054e-8
428.	0.	9.551434340667339e-18	3.141570201570208e-7	8.897688544967532e-8
428.99999999999994	0.	8.89927175934989e-18	3.134141893623411e-7	8.90166114255363e-8
430.	0.	8.287687826789454e-18	3.1263307107641003e-7	8.904503895602674e-8
430.99999999999994	0.	7.717634550830754e-18	3.118142914894602e-7	8.906225148608484e-8
432.	0.	7.186237291950495e-18	3.109584821359069e-7	8.906833540828002e-8
432.99999999999994	0.	6.69052030129561e-18	3.100662794540703e-7	8.90633799708205e-8
434.	0.	6.2274100301366546e-18	3.091383243542439e-7	8.904747718611237e-8
435.	0.	5.793738511185477e-18	3.081752617952414e-7	8.902072173993821e-8
436.	0.	5.3939912312316324e-18	3.071777403692072e-7	8.898321090121475e-8
437.	0.	5.017145564071548e-18	3.061464118949296e-7	8.893504443242945e-8
437.99999999999994	0.	4.6675807799618465e-18	3.0508193101974677e-7	8.887632450080784e-8
439.	0.	4.341881702938996e-18	3.0398495482970257e-7	8.880715559013983e-8
439.99999999999994	0.	4.040490015497904e-18	3.0285614246839485e-7	8.872764441342548e-8
441.	0.	3.7559246603057255e-18	3.0169615476422783e-7	8.863789982628002e-8
441.99999999999994	0.	3.492474122580087e-18	3.005056538661648e-7	8.853803274116237e-8
443.	0.	3.2465077449714143e-18	2.9928530288797014e-7	8.842815604244846e-8
444.	0.	3.018321701383567e-18	2.980357655609485e-7	8.83083845023851e-8
445.	0.	2.804189079206973e-18	2.9675770589502245e-7	8.817883469790801e-8
446.	0.	2.608367844410732e-18	2.9545178784841137e-7	8.803962492843207e-8
446.99999999999994	0.	2.4230441577477944e-18	2.9411867500553123e-7	8.789087513453322e-8
448.	0.	2.252444020646139e-18	2.9275903026337347e-7	8.773270681763095e-8
448.99999999999994	0.	2.0927089017884727e-18	2.9137351552614006e-7	8.756524296063528e-8
450.	0.	1.9439985546184513e-18	2.899627914080887e-7	8.738860794957931e-8
450.99999999999994	0.	1.806465716763913e-18	2.885275169448031e-7	8.720292749633098e-8
452.	0.	1.6761578880564994e-18	2.8706834931235963e-7	8.700832856226159e-8
453.	0.	1.5572903359287228e-18	2.855859435548968e-7	8.680493928305262e-8
454.	0.	1.4458764439149612e-18	2.8408095231995706e-7	8.65928888944862e-8
455.	0.	1.3420118868425893e-18	2.825540256020445e-7	8.637230765938593e-8
455.99999999999994	0.	1.2457875876143352e-18	2.810058104939463e-7	8.614332679560166e-8
457.	0.	1.1572897037593669e-18	2.794369509460455e-7	8.590607840514516e-8
457.99999999999994	0.	1.0724428619152193e-18	2.7784808753323626e-7	8.566069540438586e-8
459.	0.	9.954636870839268e-19	2.7623985722970597e-7	8.540731145542601e-8
459.99999999999994	0.	9.222521004615985e-19	2.746128931912534e-7	8.514606089858179e-8
461.	0.	8.570342694315536e-19	2.729678245450907e-7	8.487707868599331e-8
461.99999999999994	0.	7.956869895933988e-19	2.713052761872727e-7	8.460050031643392e-8
463.	0.	7.382497725155531e-19	2.6962586858729395e-7	8.431646177121755e-8
464.	0.	6.847597253865814e-19	2.679302176000605e-7	8.402509945129415e-8
465.	0.	6.352515521879738e-19	2.662189342850386e-7	8.372655011551047e-8
466.	0.	5.897575563313275e-19	2.644926247324969e-7	8.342095082003725e-8
466.99999999999994	0.	5.440898936188047e-19	2.627518898967258e-7	8.310843885896611e-8
468.	0.	5.067067768184925e-19	2.609973254361481e-7	8.278915170607408e-8
468.99999999999994	0.	4.691938112164165e-19	2.59229521560228e-7	8.246322695776484e-8
470.	0.	4.357926715181566e-19	2.5744906288315695e-7	8.213080227720972e-8
470.99999999999994	0.	4.022902749075237e-19	2.5565652828400576e-7	8.179201533962196e-8
472.	0.	3.729339435059355e-19	2.5385249077345796e-7	8.144700377873327e-8
473.	0.	3.4350092015684467e-19	2.520375173669507e-7	8.109590513444941e-8
474.	0.	3.1824264229038174e-19	2.5021216896402116e-7	8.073885680165046e-8
475.	0.	2.9717357656849747e-19	2.4837700023390945e-7	8.03759959801832e-8
475.99999999999994	0.	2.7605880933913614e-19	2.465325595072417e-7	8.000745962602374e-8
477.	0.	2.549041480176081e-19	2.4467938867358685e-7	7.963338440356853e-8
477.99999999999994	0.	2.3371536707210656e-19	2.428180230849964e-7	7.92539066391231e-8
479.	0.	2.167481702762434e-19	2.4094899146520917e-7	7.886916227551661e-8
479.99999999999994	0.	2.0400892615119179e-19	2.3907281582459253e-7	7.847928682789228e-8
481.	0.	1.870016697895197e-19	2.3719001138047617e-7	7.80844153405937e-8
481.99999999999994	0.	1.7423041340261595e-19	2.3530108648309335e-7	7.768468234524444e-8
483.	0.	1.6144836565345682e-19	2.3340654254669145e-7	7.728022181990867e-8
484.	0.	1.4865889632030126e-19	2.3150687398595715e-7	7.68711671494066e-8
484.99999999999994	0.	1.358653493406633e-19	2.2960256815745484e-7	7.645765108671632e-8
486.	0.	1.2731487087205367e-19	2.2769410530614215e-7	7.603980571550918e-8
486.99999999999994	0.	1.1876228345089902e-19	2.2578195851671647e-7	7.561776241376481e-8
488.	0.	1.1020978815220372e-19	2.2386659366975584e-7	7.519165181848243e-8
488.99999999999994	0.	1.0165956694308058e-19	2.219484694025239e-7	7.476160379146943e-8
490.	0.	9.31137820913677e-20	2.2002803707432774e-7	7.432774738620116e-8
491.	0.	8.457457559157067e-20	2.1810574073636213e-7	7.389021081574779e-8
491.99999999999994	0.	8.026873908627775e-20	2.1618201710585194e-7	7.34491214217407e-8
492.99999999999994	0.	7.17446334938987e-20	2.142572955444494e-7	7.300460564438064e-8
494.	0.	6.744860625845747e-20	2.1233199804082388e-7	7.255678899349649e-8
495.	0.	6.315704091879337e-20	2.1040653919717144e-7	7.210579602058629e-8
496.	0.	5.887098046327971e-20	2.0848132621973773e-7	7.165175029189314e-8
496.99999999999994	0.	5.459145660327567e-20	2.0655675891314811e-7	7.119477436247519e-8
497.99999999999994	0.	5.031948953325533e-20	2.046332296784132e-7	7.073498975124327e-8
499.	0.	4.6056087699370856e-20	2.027111235146023e-7	7.027251691698872e-8
500.	0.	4.180224757637526e-20	2.0079081802399482e-7	6.980747523535894e-8
500.99999999999994	0.	3.7558953452871354e-20	1.9887268342068847e-7	6.933998297679434e-8
501.99999999999994	0.	3.7493074377910094e-20	1.9695708254246085e-7	6.887015728538051e-8
503.	0.	3.326614651108675e-20	1.950443708659308e-7	6.839811415865059e-8
504.	0.	2.9052336709627305e-20	1.931348965247715e-7	6.792396842827273e-8
505.	0.	2.899467882620074e-20	1.9122900033096608e-7	6.744783374164352e-8
505.99999999999994	0.	2.4801366849607962e-20	1.8932701579904383e-7	6.696982254438212e-8
506.99999999999994	0.	2.4748378171583788e-20	1.8742926917305976e-7	6.649004606366187e-8
508.	0.	2.057803023152805e-20	1.8553607945641568e-7	6.600861429243635e-8
509.	0.	2.0530968167083837e-20	1.836477584442337e-7	6.552563597447501e-8
509.99999999999994	0.	2.0482479612786756e-20	1.8176461075840472e-7	6.504121859026746e-8
510.99999999999994	0.	1.634606562276235e-20	1.7988693388498312e-7	6.455546834370583e-8
512.	0.	1.630503439812247e-20	1.7801501821407843e-7	6.406849014960633e-8
513.	0.	1.6262904177202443e-20	1.7614914708197688e-7	6.358038762200115e-8
514.	0.	1.2164766907508915e-20	1.742895968154854e-7	6.309126306320878e-8
514.9999999999999	0.	1.2131552873106472e-20	1.7243663677841664e-7	6.260121745367471e-8
516.	0.	1.2097546839958728e-20	1.70590529420107e-7	6.211035044255587e-8
517.	0.	1.2062759674324136e-20	1.68751530325912e-7	6.16187603390459e-8
518.	0.	1.2027202294915806e-20	1.669198882695581e-7	6.11265441044156e-8
518.9999999999999	0.	7.993923779601201e-21	1.65095845267317e-7	6.063379734476641e-8
520.	0.	7.969213873963005e-21	1.6327963663390121e-7	6.014061430447687e-8
521.	0.	7.94401251652052e-21	1.614714910400147e-7	5.964708786033473e-8
522.	0.	7.91832710322656e-21	1.596716305714498e-7	5.9153309516323084e-8
523.	0.	7.892165053603224e-21	1.5788027078971606e-7	5.865936939907345e-8
524.	0.	7.865533808543233e-21	1.5609762079409103e-7	5.816535625395635e-8
525.	0.	3.9192204140689406e-21	1.5432388328500252e-7	5.767135744178871e-8
526.	0.	3.905446794766667e-21	1.525592546287091e-7	5.717745893615753e-8
527.	0.	3.89144979240893e-21	1.508039249232492e-7	5.6683745321362455e-8
527.9999999999999	0.	3.8772331594653505e-21	1.4905807806541098e-7	5.619029979089449e-8
529.	0.	3.862800653804411e-21	1.4732189181896778e-7	5.569720414655523e-8
530.	0.	3.848156037677068e-21	1.45595537883776e-7	5.5204538798073915e-8
531.	0.	3.833303076716945e-21	1.4387918196590876e-7	5.47123827633015e-8
532.	0.	3.818245538954299e-21	1.4217298384866113e-7	5.422081366892589e-8
533.	0.	3.802987193845486e-21	1.4047709746442142e-7	5.372990775171932e-8
534.	0.	3.787531811316035e-21	1.3879167096728064e-7	5.323973986027638e-8
535.	0.	3.771883160818876e-21	1.3711684680637557e-7	5.2750383457252445e-8
536.	0.	3.756045010407533e-21	1.3545276179990625e-7	5.226191062208523e-8
536.9999999999999	0.	3.740021125823693e-21	1.3379954720973692e-7	5.1774392054177435e-8
538.	0.	3.723815269600079e-21	1.321573288165762e-7	5.128789707654174e-8
539.	0.	0.	1.3052622699563994e-7	5.080249363988489e-8
540.	0.	0.	1.2890635679277493e-7	5.0318248327122973e-8
540.9999999999999	0.	0.	1.2729782800096455e-7	4.983522635831033e-8
542.	0.	0.	1.2570074523719987e-7	4.9353491595979356e-8
543.	0.	0.	1.2411520801967563e-7	4.8873106550881586e-8
544.	0.	0.	1.2254131084519684e-7	4.839413238809431e-8
545.	0.	0.	1.209791432668186e-7	4.791662893350411e-8
545.9999999999999	0.	0.	1.1942878997168637e-7	4.744065468066285e-8
547.	0.	0.	1.1789033085892222e-7	4.696626679795747e-8
548.	0.	0.	1.1636384111771318e-7	4.649352113616364e-8
549.	0.	0.	1.1484939130531525e-7	4.6022472236273625e-8
549.9999999999999	0.	0.	1.1334704742516767e-7	4.555317333767553e-8
551.	0.	0.	1.1185687100490562e-7	4.50856763866116e-8
552.	0.	0.	1.1037891917435915e-7	4.4620032044949e-8
553.	0.	0.	1.089132447433774e-7	4.4156289699202244e-8
554.	0.	0.	1.074598962796046e-7	4.3694497469864936e-8
554.9999999999999	0.	0.	1.0601891818598771e-7	4.3234702220961614e-8
556.	0.	0.	1.0459035077815335e-7	4.2776949569880386e-8
557.	0.	0.	1.0317423036151367e-7	4.2321283897431136e-8
558.	0.	0.	1.0177058930810658e-7	4.186774835813364e-8
558.9999999999999	0.	0.	1.0037945613315234e-7	4.141638489073233e-8
560.	0.	0.	9.90008555712771e-8	4.096723422891572e-8
561.	0.	0.	9.763480865237771e-8	4.052033591223546e-8
562.	0.	0.	9.628133277714748e-8	4.007572829723271e-8
563.	0.	0.	9.494044179213506e-8	3.963344856872005e-8
563.9999999999999	0.	0.	9.361214606443953e-8	3.9193532751263534e-8
565.	0.	0.	9.229645255592295e-8	3.8756015720816026e-8
566.	0.	0.	9.09933648969525e-8	3.8320931216507766e-8
567.	0.	0.	8.970288345964774e-8	3.7888311852583393e-8
567.9999999999999	0.	0.	8.842500543063677e-8	3.7458189130489205e-8
569.	0.	0.	8.715972488324318e-8	3.703059345107524e-8
570.	0.	0.	8.590703284914224e-8	3.660555412693136e-8
571.	0.	0.	8.466691738943457e-8	3.618309939483241e-8
572.	0.	0.	8.343936366515289e-8	3.576325642829956e-8
572.9999999999999	0.	0.	8.222435400712889e-8	3.534605135024776e-8
574.	0.	0.	8.102186798527264e-8	3.493150924573746e-8
575.	0.	0.	7.983188247720395e-8	3.451965417480739e-8
576.	0.	0.	7.865437173621893e-8	3.411050918537714e-8
576.9999999999999	0.	0.	7.748930745862676e-8	3.370409632623515e-8
578.	0.	0.	7.633665885038748e-8	3.33004366600807e-8
579.	0.	0.	7.51963926930742e-8	3.2899550276626084e-8
580.	0.	0.	7.406847340911209e-8	3.2501456305741056e-8
581.	0.	0.	7.295286312636298e-8	3.210617293066325e-8
582.	0.	0.	7.184952174193005e-8	3.1713717401219854e-8
583.	0.	0.	7.07584069852685e-8	3.132410604709721e-8
584.	0.	0.	6.967947448056611e-8	3.0937354291136515e-8
585.	0.	0.	6.861267780835617e-8	3.055347666264172e-8
585.9999999999999	0.	0.	6.755796856639005e-8	3.017248681070425e-8
587.	0.	0.	6.651529642976739e-8	2.9794397517544677e-8
588.	0.	0.	6.548460921026445e-8	2.9419220711841504e-8
589.	0.	0.	6.446585291493604e-8	2.9046967482076154e-8
589.9999999999999	0.	0.	6.345897180390867e-8	2.8677648089855565e-8
591.	0.	0.	6.246390844741815e-8	2.8311271983235364e-8
592.	0.	0.	6.148060378205204e-8	2.7947847810018333e-8
593.	0.	0.	6.050899716619491e-8	2.7587383431028118e-8
594.	0.	0.	5.954902643471665e-8	2.7229885933370482e-8
594.9999999999999	0.	0.	5.8600627952825715e-8	2.6875361643645818e-8
596.	0.	0.	5.7663736669171806e-8	2.6523816141144558e-8
597.	0.	0.	5.6738286168123354e-8	2.6175254270991674e-8
598.	0.	0.	5.582420872124782e-8	2.5829680157246397e-8
598.9999999999999	0.	0.	5.4921435338012814e-8	2.5487097215964076e-8
600.	0.	0.	5.4029895815682204e-8	2.5147508168203128e-8
601.	0.	0.	5.314951878839744e-8	2.4810915052969658e-8
602.	0.	0.	5.22802317754914e-8	2.447731924011676e-8
603.	0.	0.	5.142196122897792e-8	2.414672144317053e-8
603.9999999999999	0.	0.	5.057463258026657e-8	2.3819121732098082e-8
605.	0.	0.	4.973817028606584e-8	2.349451954600069e-8
606.	0.	0.	4.89124978735108e-8	2.3172913705742432e-8
607.	0.	0.	4.80975379844888e-8	2.285430242649726e-8
607.9999999999999	0.	0.	4.7293212419188016e-8	2.2538683330224317e-8
609.	0.	0.	4.6499442178848605e-8	2.2226053458056433e-8
610.	0.	0.	4.571614750774894e-8	2.191640928261231e-8
611.	0.	0.	4.4943247934400495e-8	2.1609746720217786e-8
612.	0.	0.	4.4180662311982446e-8	2.1306061143043687e-8
612.9999999999999	0.	0.	4.342830885797972e-8	2.1005347391142438e-8
614.	0.	0.	4.268610519309441e-8	2.070759978440828e-8
615.	0.	0.	4.195396837935817e-8	2.0412812134426337e-8
616.	0.	0.	4.1231814957515725e-8	2.0120977756236076e-8
616.9999999999999	0.	0.	4.051956098363664e-8	1.9832089479987383e-8
618.	0.	0.	3.981712206499547e-8	1.954613966250119e-8
619.	0.	0.	3.912441339519594e-8	1.9263120198721775e-8
620.	0.	0.	3.8441349788577015e-8	1.8983022533071367e-8
621.	0.	0.	3.776784571386557e-8	1.870583767068808e-8
621.9999999999999	0.	0.	3.7103815327134954e-8	1.843155618857011e-8
623.	0.	0.	3.6449172504008585e-8	1.816016824659275e-8
624.	0.	0.	3.58038308711913e-8	1.7891663598434012e-8
625.	0.	0.	3.5167703837255635e-8	1.7626031602368508e-8
625.9999999999999	0.	0.	3.454070462276324e-8	1.736326123196583e-8
627.	0.	0.	3.3922746289666776e-8	1.7103341086659518e-8
628.	0.	0.	3.3313741770050394e-8	1.68462594022139e-8
629.	0.	0.	3.271360389416272e-8	1.6592004061059484e-8
629.9999999999999	0.	0.	3.212224541780801e-8	1.634056260252539e-8
630.9999999999999	0.	0.	3.153957904904748e-8	1.6091922232941983e-8
632.	0.	0.	3.096551747426018e-8	1.5846069835631818e-8
633.	0.	0.	3.039997338354454e-8	1.5602991980776427e-8
634.	0.	0.	2.984285949547751e-8	1.536267493516321e-8
634.9999999999999	0.	0.	2.9294088581246107e-8	1.5125104671814486e-8
636.	0.	0.	2.875357348813599e-8	1.4890266879487428e-8
637.	0.	0.	2.8221227162410744e-8	1.4658146972057882e-8
638.	0.	0.	2.7696962671587133e-8	1.4428730097785212e-8
638.9999999999999	0.	0.	2.718069322607715e-8	1.4202001148440048e-8
640.	0.	0.	2.6672332200262946e-8	1.3977944768324698e-8
641.	0.	0.	2.6171793152964692e-8	1.3756545363160224e-8
642.	0.	0.	2.567898984732977e-8	1.353778710885208e-8
643.	0.	0.	2.519383627015706e-8	1.3321653960135437e-8
643.9999999999999	0.	0.	2.4716246650640967e-8	1.3108129659090496e-8
645.	0.	0.	2.4246135478571e-8	1.2897197743539957e-8
646.	0.	0.	2.3783417521971794e-8	1.268884155531723e-8
647.	0.	0.	2.3328007844209784e-8	1.2483044248416555e-8
647.9999999999999	0.	0.	2.2879821820559412e-8	1.2279788797014446e-8
649.	0.	0.	2.2438775154245558e-8	1.2079058003370644e-8
650.	0.	0.	2.200478389196863e-8	1.1880834505603638e-8
651.	0.	0.	2.157776443891756e-8	1.1685100785344092e-8
652.	0.	0.	2.115763357329021e-8	1.1491839175269746e-8
652.9999999999999	0.	0.	2.0744308460302958e-8	1.1301031866508213e-8
654.	0.	0.	2.0337706665730983e-8	1.1112660915927668e-8
655.	0.	0.	1.99377461689588e-8	1.0926708253299069e-8
656.	0.	0.	1.9544345375572166e-8	1.074315568834309e-8
656.9999999999999	0.	0.	1.9157423129472764e-8	1.0561984917648945e-8
658.	0.	0.	1.8776898724556295e-8	1.038317753148218e-8
659.	0.	0.	1.840269191592653e-8	1.0206715020462634e-8
660.	0.	0.	1.8034722930685908e-8	1.0032578782133039e-8
661.	0.	0.	1.7672912478289764e-8	9.86075012740465e-9
661.9999999999999	0.	0.	1.731718176046734e-8	9.691210286880563e-9
663.	0.	0.	1.696745248074814e-8	9.523940417072512e-9
664.	0.	0.	1.6623646853564074e-8	9.358921606492598e-9
665.	0.	0.	1.628568761295782e-8	9.196134881632622e-9
665.9999999999999	0.	0.	1.595349802089626e-8	9.035561212827055e-9
667.	0.	0.	1.5627001875203002e-8	8.87718152000416e-9
668.	0.	0.	1.5306123517115647e-8	8.720976678324718e-9
669.	0.	0.	1.499078783845506e-8	8.566927523698418e-9
670.	0.	0.	1.4680920288458953e-8	8.415014858203676e-9
670.9999999999999	0.	0.	1.4376446880242815e-8	8.265219455386808e-9
672.	0.	0.	1.4077294196915371e-8	8.11752206545236e-9
673.	0.	0.	1.3783389397353773e-8	7.971903420345284e-9
674.	0.	0.	1.349466022164721e-8	7.828344238726219e-9
674.9999999999999	0.	0.	1.3211034996212518e-8	7.686825230838092e-9
676.	0.	0.	1.2932442638592247e-8	7.547327103268807e-9
677.	0.	0.	1.2658812661932105e-8	7.409830563603143e-9
678.	0.	0.	1.2390075179161292e-8	7.274316324976181e-9
678.9999999999999	0.	0.	1.2126160906872272e-8	7.140765110522076e-9
679.9999999999999	0.	0.	1.1867001168902732e-8	7.009157657717879e-9
681.	0.	0.	1.1612527899637096e-8	6.879474722628664e-9
682.	0.	0.	1.1362673647028342e-8	6.751697084052485e-9
683.	0.	0.	1.1117371575343005e-8	6.625805547563611e-9
683.9999999999999	0.	0.	1.0876555467647493e-8	6.50178094946188e-9
685.	0.	0.	1.0640159728023682e-8	6.3796041606189885e-9
686.	0.	0.	1.0408119383543579e-8	6.2592560902356885e-9
687.	0.	0.	1.0180370085985714e-8	6.140717689498165e-9
687.9999999999999	0.	0.	9.956848113317804e-9	6.023969955144487e-9
688.9999999999999	0.	0.	9.73749037093928e-9	5.90899393293598e-9
690.	0.	0.	9.522234392698336e-9	5.795770721038521e-9
691.	0.	0.	9.311018341681743e-9	5.684281473311381e-9
692.	0.	0.	9.10378101079184e-9	5.5745074025094985e-9
692.9999999999999	0.	0.	8.900461823106546e-9	5.466429783393567e-9
694.	0.	0.	8.701000832037924e-9	5.360029955756991e-9
695.	0.	0.	8.505338721288082e-9	5.255289327363858e-9
696.	0.	0.	8.313416804610745e-9	5.152189376803777e-9
696.9999999999999	0.	0.	8.125177025380978e-9	5.050711656260445e-9
698.	0.	0.	7.940561955984572e-9	4.950837794200697e-9
699.	0.	0.	7.759514797025648e-9	4.852549497979517e-9
700.	0.	0.	7.581979376360809e-9	4.7558285563649965e-9
701.	0.	0.	7.407900147966292e-9	4.660656841985356e-9
701.9999999999999	0.	0.	7.237222190640224e-9	4.567016313696469e-9
703.	0.	0.	7.069891206545395e-9	4.474889018871999e-9
704.	0.	0.	6.905853519599944e-9	4.384257095618447e-9
705.	0.	0.	6.7450560737183625e-9	4.295102774915568e-9
705.9999999999999	0.	0.	6.5874464309081575e-9	4.207408382682023e-9
707.	0.	0.	6.4329727692269225e-9	4.121156341769275e-9
708.	0.	0.	6.2815838806037695e-9	4.036329173883415e-9
709.	0.	0.	6.133229168532314e-9	3.95290950143789e-9
710.	0.	0.	5.987858645633973e-9	3.870880049334721e-9
710.9999999999999	0.	0.	5.845422931101975e-9	3.790223646679505e-9
712.	0.	0.	5.705873248028468e-9	3.7109232284295442e-9
713.	0.	0.	5.5691614206143974e-9	3.632961836973391e-9
714.	0.	0.	5.435239871275587e-9	3.5563226236497815e-9
714.9999999999999	0.	0.	5.3040616176378346e-9	3.480988850198425e-9
716.	0.	0.	5.175580269434112e-9	3.4069438901507445e-9
717.	0.	0.	5.049750025304386e-9	3.334171230158779e-9
718.	0.	0.	4.926525669499873e-9	3.262654471262721e-9
719.	0.	0.	4.805862568499308e-9	3.1923773300995987e-9
719.9999999999999	0.	0.	4.687716667537111e-9	3.1233236400531732e-9
721.	0.	0.	4.572044487051055e-9	3.0554773523470595e-9
722.	0.	0.	4.458803119047982e-9	2.988822537080365e-9
723.	0.	0.	4.34795022339713e-9	2.9233433842098192e-9
723.9999999999999	0.	0.	4.23944402404773e-9	2.859024204475611e-9
725.	0.	0.	4.133243305180358e-9	2.7958494302756846e-9
726.	0.	0.	4.029307407291398e-9	2.733803616487328e-9
727.	0.	0.	3.92759622321455e-9	2.672871441237152e-9
727.9999999999999	0.	0.	3.828070194082106e-9	2.6130377066202896e-9
728.9999999999999	0.	0.	3.730690305233283e-9	2.5542873393732105e-9
730.	0.	0.	3.6354180820643165e-9	2.4966053914944073e-9
731.	0.	0.	3.5422155858314297e-9	2.4399770408209128e-9
732.	0.	0.	3.45104540940427e-9	2.384387591556684e-9
732.9999999999999	0.	0.	3.3618706729747578e-9	2.3298224747565468e-9
734.	0.	0.	3.2746550197245092e-9	2.2762672487656993e-9
735.	0.	0.	3.1893626114517877e-9	2.223707599615561e-9
736.	0.	0.	3.105958124161457e-9	2.1721293413772015e-9
736.9999999999999	0.	0.	3.0244067436204015e-9	2.1215184164728025e-9
737.9999999999999	0.	0.	2.944674160881437e-9	2.071860895947058e-9
739.	0.	0.	2.8667265677775658e-9	2.0231429796986636e-9
740.	0.	0.	2.7905306523880527e-9	1.9753509966722608e-9
741.	0.	0.	2.7160535944807104e-9	1.9284714050132916e-9
741.9999999999999	0.	0.	2.643263060930714e-9	1.88249079218511e-9
743.	0.	0.	2.5721272011195995e-9	1.8373958750503385e-9
744.	0.	0.	2.502614642315011e-9	1.7931734999161849e-9
745.	0.	0.	2.434694485034107e-9	1.7498106425453182e-9
745.9999999999999	0.	0.	2.368336298393377e-9	1.7072944081335352e-9
746.9999999999999	0.	0.	2.3035101154461054e-9	1.6656120312542001e-9
748.	0.	0.	2.2401864285081764e-9	1.6247508757702125e-9
749.	0.	0.	2.178336184476965e-9	1.584698434715467e-9
750.	0.	0.	2.117930780141321e-9	1.545442330144468e-9
750.9999999999999	0.	0.	2.05894205748943e-9	1.5069703129543727e-9
752.	0.	0.	2.0013422990104947e-9	1.469270262675829e-9
753.	0.	0.	1.9451042229965958e-9	1.4323301872371166e-9
754.	0.	0.	1.8902009788435384e-9	1.3961382226999918e-9
754.9999999999999	0.	0.	1.8366061423547066e-9	1.360682632970115e-9
756.	0.	0.	1.7842937110448991e-9	1.3259518094791533e-9
757.	0.	0.	1.7332380994529583e-9	1.291934270844761e-9
758.	0.	0.	1.6834141344559935e-9	1.2586186625027991e-9
759.	0.	0.	1.6347970505952537e-9	1.225993756319119e-9
759.9999999999999	0.	0.	1.5873624854068403e-9	1.1940484501750996e-9
761.	0.	0.	1.5410864747647223e-9	1.1627717675326424e-9
762.	0.	0.	1.4959454482345054e-9	1.1321528569769458e-9
763.	0.	0.	1.4519162244393532e-9	1.102180991737887e-9
763.9999999999999	0.	0.	1.4089760064402248e-9	1.0728455691915416e-9
765.	0.	0.	1.3671023771296213e-9	1.0441361103409412e-9
766.	0.	0.	1.3262732946435103e-9	1.0160422592791242e-9
767.	0.	0.	1.2864670877869497e-9	9.885537826315165e-10
768.	0.	0.	1.2476624514817406e-9	9.6166056898317e-10
768.9999999999999	0.	0.	1.209838442228824e-9	9.353526282856047e-10
770.	0.	0.	1.172974473594312e-9	9.096200912494857e-10
771.	0.	0.	1.1370503117139574e-9	8.844532087196249e-10
772.	0.	0.	1.1020460708203493e-9	8.598423510348821e-10
772.9999999999999	0.	0.	1.0679422087927347e-9	8.357780073731592e-10
774.	0.	0.	1.0347195227293363e-9	8.122507850812818e-10
775.	0.	0.	1.0023591445459472e-9	7.89251408992456e-10
776.	0.	0.	9.708425365964472e-10	7.667707207280774e-10
776.9999999999999	0.	0.	9.401514873222579e-10	7.44799677989153e-10
777.9999999999999	0.	0.	9.102681069253717e-10	7.233293538332905e-10
779.	0.	0.	8.811748230701471e-10	7.023509359411227e-10
780.	0.	0.	8.528543766125865e-10	6.818557258713332e-10
781.	0.	0.	8.252898173563971e-10	6.618351383035567e-10
781.9999999999999	0.	0.	7.984644998403146e-10	6.422807002730263e-10
783.	0.	0.	7.723620791530185e-10	6.231840503936762e-10
784.	0.	0.	7.469665067774219e-10	6.045369380715504e-10
785.	0.	0.	7.222620264686232e-10	5.863312227117423e-10
785.9999999999999	0.	0.	6.982331701587261e-10	5.685588729136123e-10
786.9999999999999	0.	0.	6.748647538953825e-10	5.512119656599038e-10
788.	0.	0.	6.521418738114402e-10	5.342826854975032e-10
789.	0.	0.	6.300499021274165e-10	5.177633237117265e-10
790.	0.	0.	6.085744831844836e-10	5.016462774919274e-10
790.9999999999999	0.	0.	5.877015295131809e-10	4.859240490931859e-10
792.	0.	0.	5.674172179330042e-10	4.705892449898913e-10
793.	0.	0.	5.477079856865138e-10	4.5563457502461076e-10
794.	0.	0.	5.285605266074581e-10	4.410528515518067e-10
794.9999999999999	0.	0.	5.09961787322213e-10	4.268369885760739e-10
795.9999999999999	0.	0.	4.918989634860337e-10	4.1298000088621164e-10
797.	0.	0.	4.743594960535657e-10	3.9947500318489233e-10
798.	0.	0.	4.573310675848113e-10	3.8631520921508457e-10
799.	0.	0.	4.4080159858472045e-10	3.7349393088185575e-10
799.9999999999999	0.	0.	4.247592438792189e-10	3.610045773721506e-10
801.	0.	0.	4.0919238902585416e-10	3.488406542711624e-10
802.	0.	0.	3.9408964675969885e-10	3.369957626760529e-10
803.	0.	0.	3.794398534750477e-10	3.254635983076784e-10
803.9999999999999	0.	0.	3.652320657428623e-10	3.142379506205315e-10
804.9999999999999	0.	0.	3.5145555686340635e-10	3.033127019106012e-10
806.	0.	0.	3.3809981345572473e-10	2.926818264227351e-10
807.	0.	0.	3.251545320809249e-10	2.8233938945531785e-10
808.	0.	0.	3.126096159043288e-10	2.7227954646664427e-10
808.9999999999999	0.	0.	3.004551713904287e-10	2.6249654217812125e-10
810.	0.	0.	2.8868150503591123e-10	2.529847096790327e-10
811.	0.	0.	2.77279120137855e-10	2.4373846953068397e-10
812.	0.	0.	2.662387135978815e-10	2.347523288707878e-10
812.9999999999999	0.	0.	2.555511727621967e-10	2.2602088051836522e-10
814.	0.	0.	2.452075722975571e-10	2.1753880207928508e-10
815.	0.	0.	2.351991711031018e-10	2.0930085505299764e-10
816.	0.	0.	2.2551740925806524e-10	2.0130188394033354e-10
816.9999999999999	0.	0.	2.1615390500463616e-10	1.9353681535234005e-10
817.9999999999999	0.	0.	2.0710045176716478e-10	1.8600065712126066e-10
819.	0.	0.	1.9834901520652288e-10	1.786884974130705e-10
820.	0.	0.	1.898917303096208e-10	1.715955038416629e-10
821.	0.	0.	1.8172089851520084e-10	1.6471692258615856e-10
821.9999999999999	0.	0.	1.7382898487374283e-10	1.5804807750954345e-10
823.	0.	0.	1.6620861524300446e-10	1.5158436928041853e-10
824.	0.	0.	1.5885257351857998e-10	1.453212744974806e-10
825.	0.	0.	1.5175379889895125e-10	1.392543448166927e-10
825.9999999999999	0.	0.	1.4490538318560366e-10	1.3337920608184115e-10
826.9999999999999	0.	0.	1.3830056811721415e-10	1.2769155745794767e-10
828.	0.	0.	1.319327427383766e-10	1.2218717056827468e-10
829.	0.	0.	1.257954408027097e-10	1.1686188863503333e-10
830.	0.	0.	1.1988233820959805e-10	1.117116256234774e-10
830.9999999999999	0.	0.	1.1418725047447315e-10	1.0673236538957558e-10
832.	0.	0.	1.0870413023401021e-10	1.019201608328308e-10
833.	0.	0.	1.0342706478278284e-10	9.727113305139953e-11
834.	0.	0.	9.835027364507204e-11	9.278147050324329e-11
834.9999999999999	0.	0.	9.346810617798496e-11	8.84474281700119e-11
835.9999999999999	0.	0.	8.877503920875869e-11	8.426532672672097e-11
837.	0.	0.	8.426567470345191e-11	8.023155171487241e-11
838.	0.	0.	7.993473746914598e-11	7.634255272135764e-11
839.	0.	0.	7.577707288697344e-11	7.259484256091913e-11
839.9999999999999	0.	0.	7.178764467841433e-11	6.898499646481664e-11
841.	0.	0.	6.796153270178967e-11	6.550965127307283e-11
842.	0.	0.	6.429393078151631e-11	6.216550463311603e-11
843.	0.	0.	6.078014456753942e-11	5.89493142025914e-11
843.9999999999999	0.	0.	5.741558942621718e-11	5.585789685797191e-11
844.9999999999999	0.	0.	5.419578836161788e-11	5.2888127908222265e-11
846.	0.	0.	5.111636996724501e-11	5.003694031389251e-11
847.	0.	0.	4.8173066408167736e-11	4.730132391193087e-11
848.	0.	0.	4.5361711432789153e-11	4.467832464576869e-11
848.9999999999999	0.	0.	4.267823841404219e-11	4.216504380084716e-11
850.	0.	0.	4.0118678420806926e-11	3.9758637246610376e-11
851.	0.	0.	3.767915831723593e-11	3.7456314683100074e-11
852.	0.	0.	3.535589889198192e-11	3.525533889434896e-11
852.9999999999999	0.	0.	3.3145213015291577e-11	3.315302500694999e-11
853.9999999999999	0.	0.	3.1043503824885215e-11	3.1146739755002385e-11
855.	0.	0.	2.9047262939350435e-11	2.92339007504818e-11
856.	0.	0.	2.715306869968937e-11	2.7411975760009035e-11
857.	0.	0.	2.535758443833731e-11	2.5678481987639532e-11
857.9999999999999	0.	0.	2.3657556775098833e-11	2.4030985363437273e-11
859.	0.	0.	2.204981394013209e-11	2.2467099838285764e-11
860.	0.	0.	2.053126412364047e-11	2.098448668488793e-11
861.	0.	0.	1.909889385199934e-11	1.958085380501956e-11
861.9999999999999	0.	0.	1.7749766389605643e-11	1.8253955042591947e-11
863.	0.	0.	1.648102016700516e-11	1.7001589503434217e-11
864.	0.	0.	1.5289867234202113e-11	1.5821600880954128e-11
865.	0.	0.	1.4173591739294529e-11	1.4711876788150955e-11
865.9999999999999	0.	0.	1.3129548432211575e-11	1.3670348096056727e-11
866.9999999999999	0.	0.	1.2155161192746886e-11	1.2694988278062786e-11
868.	0.	0.	1.1247921583686393e-11	1.1783812761281785e-11
869.	0.	0.	1.04053874272374e-11	1.0934878283378952e-11
870.	0.	0.	9.625181405880936e-12	1.0146282256330272e-11
870.9999999999999	0.	0.	8.904989686591714e-12	9.416162136326192e-12
872.	0.	0.	8.242560568213044e-12	8.742694799870608e-12
873.	0.	0.	7.635703152183159e-12	8.1240959265988e-12
874.	0.	0.	7.08228603555182e-12	7.558619387974865e-12
874.9999999999999	0.	0.	6.580236026795699e-12	7.044556642708486e-12
875.9999999999999	0.	0.	6.127536883668139e-12	6.580236138363137e-12
877.	0.	0.	5.722228072775914e-12	6.164022719118994e-12
878.	0.	0.	5.362403551283895e-12	5.794317040411565e-12
879.	0.	0.	5.046210569271805e-12	5.469554989142314e-12
879.9999999999999	0.	0.	4.77184849382623e-12	5.188207110912645e-12
881.	0.	0.	4.537567653455281e-12	4.948778043037698e-12
882.	0.	0.	4.341668203300465e-12	4.74980595413414e-12
883.	0.	0.	4.18249901063076e-12	4.589861989999611e-12
883.9999999999999	0.	0.	4.058456560050761e-12	4.467549725442235e-12
884.9999999999999	0.	0.	3.967983878906491e-12	4.381504622857251e-12
886.	0.	0.	3.90956948155717e-12	4.330393496369572e-12
887.	0.	0.	3.881746333664832e-12	4.312913983072223e-12
888.	0.	0.	3.883090834500049e-12	4.3277940194248204e-12
888.9999999999999	0.	0.	3.912221818685075e-12	4.3737913246445915e-12
890.	0.	0.	3.967799576001406e-12	4.449692889833634e-12
891.	0.	0.	4.048524889461782e-12	4.5543144733269205e-12
892.	0.	0.	4.153138091267544e-12	4.686500102089606e-12
892.9999999999999	0.	0.	4.280418136440563e-12	4.845121579190797e-12
893.9999999999999	0.	0.	4.429181693987035e-12	5.029077997446571e-12
895.	0.	0.	4.598282255046993e-12	5.23729525886623e-12
896.	0.	0.	4.7866092579388986e-12	5.4687256000507845e-12
897.	0.	0.	4.993087230261794e-12	5.722347123975284e-12
897.9999999999999	0.	0.	5.216674946862265e-12	5.997163337046927e-12
899.	0.	0.	5.456364604368481e-12	6.292202692474454e-12
900.	0.	0.	5.7111810116924e-12	6.606518139515819e-12
901.	0.	0.	5.9801807960101276e-12	6.9391866782717826e-12
901.9999999999999	0.	0.	6.262451624352851e-12	7.289308920418532e-12
902.9999999999999	0.	0.	6.557111440419883e-12	7.656008655660196e-12
904.	0.	0.	6.863307716544537e-12	8.038432424059017e-12
905.	0.	0.	7.180216720192915e-12	8.435749093748037e-12
906.	0.	0.	7.507042795069484e-12	8.847149444339475e-12
906.9999999999999	0.	0.	7.843017656857425e-12	9.271845756286173e-12
908.	0.	0.	8.187399702634206e-12	9.709071405300097e-12
909.	0.	0.	8.539473334470401e-12	1.0158080462631691e-11
910.	0.	0.	8.898548296588066e-12	1.0618147300709288e-11
910.9999999999999	0.	0.	9.263959025992377e-12	1.1088566204233252e-11
911.9999999999999	0.	0.	9.635064016392418e-12	1.1568650986744045e-11
913.	0.	0.	1.0011245194996602e-11	1.2057734612352236e-11
914.	0.	0.	1.0391907312343918e-11	1.2555168823053628e-11
914.9999999999999	0.	0.	1.0776477344590031e-11	1.3060323771138516e-11
915.9999999999999	0.	0.	1.1164403908235343e-11	1.3572587656867322e-11
917.	0.	0.	1.1555156687090316e-11	1.4091366371385324e-11
918.	0.	0.	1.194822587125846e-11	1.461608314480534e-11
919.	0.	0.	1.2343121607773055e-11	1.5146178199211753e-11
919.9999999999999	0.	0.	1.2739373463115538e-11	1.5681108407052808e-11
921.	0.	0.	1.3136529896848176e-11	1.6220346954195403e-11
922.	0.	0.	1.3534157746735433e-11	1.6763383008275897e-11
923.	0.	0.	1.393184172465909e-11	1.7309721391678712e-11
923.9999999999999	0.	0.	1.4329183923568123e-11	1.7858882259645827e-11
924.9999999999999	0.	0.	1.4725803335030603e-11	1.8410400783149707e-11
926.	0.	0.	1.5121335377210994e-11	1.8963826836484604e-11
927.	0.	0.	1.5515431433157384e-11	1.951872468964535e-11
928.	0.	0.	1.5907758399316408e-11	2.0074672705533312e-11
928.9999999999999	0.	0.	1.6297998243847228e-11	2.0631263041640243e-11
930.	0.	0.	1.6685847574772516e-11	2.118810135645061e-11
931.	0.	0.	1.707101721777837e-11	2.1744806520445465e-11
932.	0.	0.	1.7453231803243123e-11	2.230101033142099e-11
932.9999999999999	0.	0.	1.7832229362856743e-11	2.285635723467168e-11
933.9999999999999	0.	0.	1.8207760934964457e-11	2.3410504047150177e-11
935.	0.	0.	1.8579590179143505e-11	2.3963119686391288e-11
936.	0.	0.	1.894749299934961e-11	2.4513884903533332e-11
937.	0.	0.	1.9311257175796712e-11	2.506249202077069e-11
937.9999999999999	0.	0.	1.967068200519869e-11	2.560864467296389e-11
939.	0.	0.	2.0025577949440405e-11	2.6152057553589962e-11
940.	0.	0.	2.0375766292193458e-11	2.669245616461796e-11
941.	0.	0.	2.072107880374788e-11	2.7229576570752678e-11
941.9999999999999	0.	0.	2.1061357413523525e-11	2.776316515756283e-11
942.9999999999999	0.	0.	2.1396453890420447e-11	2.8292978393775925e-11
944.	0.	0.	2.1726229530580476e-11	2.8818782597363726e-11
945.	0.	0.	2.2050554852681583e-11	2.934035370574234e-11
946.	0.	0.	2.23693093004439e-11	2.9857477049734226e-11
946.9999999999999	0.	0.	2.2682380952328086e-11	3.036994713147481e-11
948.	0.	0.	2.298966623816486e-11	3.087756740600564e-11
949.	0.	0.	2.3291069662701096e-11	3.138015006669706e-11
950.	0.	0.	2.3586503535859056e-11	3.1877515834344544e-11
950.9999999999999	0.	0.	2.3875887709595922e-11	3.236949374993369e-11
951.9999999999999	0.	0.	2.4159149321232896e-11	3.285592097099728e-11
953.	0.	0.	2.44362225432124e-11	3.333664257166159e-11
954.	0.	0.	2.470704833890025e-11	3.3811511345998726e-11
954.9999999999999	0.	0.	2.4971574224707277e-11	3.42803876151512e-11
955.9999999999999	0.	0.	2.5229754038013056e-11	3.4743139037627984e-11
957.	0.	0.	2.5481547711033876e-11	3.519964042317061e-11
958.	0.	0.	2.5726921050435103e-11	3.564977354993245e-11
959.	0.	0.	2.5965845522575266e-11	3.609342698499398e-11
959.9999999999999	0.	0.	2.619829804419644e-11	3.653049590806865e-11
960.9999999999999	0.	0.	2.6424260778568544e-11	3.696088193846789e-11
962.	0.	0.	2.6643720937007634e-11	3.7384492965417227e-11
963.	0.	0.	2.685667058539613e-11	3.780124298122198e-11
963.9999999999999	0.	0.	2.7063106455938627e-11	3.821105191779101e-11
964.9999999999999	0.	0.	2.72630297638166e-11	3.8613845486076156e-11
966.	0.	0.	2.7456446028724966e-11	3.900955501861908e-11
967.	0.	0.	2.764336490119879e-11	3.939811731501624e-11
968.	0.	0.	2.782379999356579e-11	3.9779474490356607e-11
968.9999999999999	0.	0.	2.799776871551142e-11	4.0153573826559697e-11
969.9999999999999	0.	0.	2.8165292114107104e-11	4.052036762657657e-11
971.	0.	0.	2.8326394718189786e-11	4.087981307138692e-11
972.	0.	0.	2.8481104387051537e-11	4.123187207977417e-11
972.9999999999999	0.	0.	2.8629452163336353e-11	4.15765111709182e-11
973.9999999999999	0.	0.	2.8771472130001247e-11	4.1913701329587896e-11
975.	0.	0.	2.8907201271321697e-11	4.224341787405648e-11
976.	0.	0.	2.903667933780952e-11	4.2565640326642656e-11
977.	0.	0.	2.915994871499527e-11	4.288035228683843e-11
977.9999999999999	0.	0.	2.9277054295904064e-11	4.3187541306927606e-11
979.	0.	0.	2.938804335732846e-11	4.3487198770274194e-11
980.	0.	0.	2.9492965439527516e-11	4.377931977187627e-11
980.9999999999999	0.	0.	2.959187222960566e-11	4.406390300155697e-11
982.	0.	0.	2.968481744819568e-11	4.434095062941609e-11
982.9999999999999	0.	0.	2.977185673958433e-11	4.461046819375592e-11
983.9999999999999	0.	0.	2.985304756506863e-11	4.4872464491247815e-11
985.	0.	0.	2.992844909955438e-11	4.5126951469482126e-11
985.9999999999999	0.	0.	2.9998122131277694e-11	4.537394412174222e-11
987.	0.	0.	3.0062128964534417e-11	4.561346038393911e-11
988.	0.	0.	3.012053332550399e-11	4.58455210338947e-11
988.9999999999999	0.	0.	3.017340027095243e-11	4.607014959267182e-11
990.	0.	0.	3.0220796099729535e-11	4.6287372228018634e-11
990.9999999999999	0.	0.	3.0262788267124545e-11	4.6497217659978767e-11
992.	0.	0.	3.029944530195217e-11	4.669971706853332e-11
993.	0.	0.	3.033083672624227e-11	4.689490400324797e-11
993.9999999999999	0.	0.	3.035703297757109e-11	4.7082814294943716e-11
995.	0.	0.	3.037810533388414e-11	4.7263485969296894e-11
995.9999999999999	0.	0.	3.0394125840837185e-11	4.743695916242364e-11
997.	0.	0.	3.040516724153209e-11	4.760327603832886e-11
998.	0.	0.	3.0411302908590943e-11	4.776248070821645e-11
998.9999999999999	0.	0.	3.041260677855933e-11	4.791461915167682e-11
1000.	0.	0.	3.0409153288518857e-11	4.805973913962082e-11