0.	0.	0.	0.	0.
1.	2.7585313269827475e-7	4.649537160855371e-7	4.819688353247764e-8	4.827991122411997e-9
2.	1.7689511108434284e-8	8.996708434577702e-7	9.67376296477673e-8	9.70718441398415e-9
3.	6.565930774637113e-10	1.3034479486226024e-6	1.4547524916476345e-7	1.4623121486854396e-8
4.	1.852095895289374e-11	1.6759350554303835e-6	1.9427003507418725e-7	1.9561976081736855e-8
5.	4.3947171555426053e-13	2.0170985942959647e-6	2.42989686966765e-7	2.4510571644138572e-8
6.	9.232572985441822e-15	2.3271851450997476e-6	2.9150938238353115e-7	2.9456393774795213e-8
7.	1.769673058529293e-16	2.606686396421889e-6	3.397118006277656e-7	3.4387598051054085e-8
8.	3.1567633339232103e-18	2.8563056527652577e-6	3.874871041707565e-7	3.9293013681171456e-8
9.	5.2753630198982613e-20	3.076926141062619e-6	4.347328824006399e-7	4.416214342073844e-8
10.	0.	3.2695812975059834e-6	4.813540621037573e-7	4.898516014960343e-8
11.	0.	3.4354271549502534e-6	5.272627887301003e-7	5.3752900478624457e-8
12.	0.	3.575716899136916e-6	5.723782821773322e-7	5.8456855728266966e-8
13.	0.	3.691777618031438e-6	6.166266705305206e-7	6.308916059537808e-8
14.	0.	3.7849892319350657e-6	6.599408049160284e-7	6.764257980032842e-8
14.999999999999998	0.	3.856765561990174e-6	7.022600583670078e-7	7.211049298404144e-8
16.	0.	3.908537470541185e-6	7.435301113536761e-7	7.648687810314804e-8
17.	0.	3.941737987864464e-6	7.83702726403141e-7	8.076629355154231e-8
18.	0.	3.957789325401461e-6	8.227355140200781e-7	8.49438592178964e-8
18.999999999999996	0.	3.958091665224093e-6	8.605916919202947e-7	8.901523667116243e-8
20.	0.	3.9440136084781155e-6	8.972398394032975e-7	9.297660864967269e-8
21.	0.	3.916884161484256e-6	9.326536485167035e-7	9.682465801409501e-8
22.	0.	3.87798613656952e-6	9.668116735039976e-7	1.0055654631014684e-7
23.	0.	3.8285508451382565e-6	9.99697079877031e-7	1.0416989207356263e-7
24.	0.	3.769753962605223e-6	1.0312973943151814e-6	1.0766274899729964e-7
24.999999999999996	0.	3.7027124482722978e-6	1.0616042564636007e-6	1.1103358406929757e-7
26.	0.	3.628482407747938e-6	1.0906131735829177e-6	1.1428125577824145e-7
27.	0.	3.548057790831422e-6	1.118323278891562e-6	1.1740499247466058e-7
28.	0.	3.4623698236936704e-6	1.1447370943390183e-6	1.204043709652928e-7
29.	0.	3.372287080494953e-6	1.1698602984533204e-6	1.2327929540990845e-7
29.999999999999996	0.	3.27861610612752e-6	1.1937014998184538e-6	1.2602997658168827e-7
31.	0.	3.182102508423475e-6	1.2162720166566215e-6	1.286569115447391e-7
32.	0.	3.0834324448132735e-6	1.2375856629161257e-6	1.3116086379538689e-7
32.99999999999999	0.	2.983234434966757e-6	1.2576585411974918e-6	1.3354284390746632e-7
34.	0.	2.882081437322656e-6	1.2765088427880594e-6	1.3580409071590052e-7
35.	0.	2.7804931335561147e-6	1.2941566550182095e-6	1.3794605306740894e-7
36.	0.	2.678938370902573e-6	1.3106237761003491e-6	1.3997037216215999e-7
37.	0.	2.57783771781787e-6	1.3259335375643949e-6	1.4187886450557457e-7
37.99999999999999	0.	2.477566093686028e-6	1.3401106343605253e-6	1.436735054852653e-7
39.	0.	2.3784554381740146e-6	1.3531809626610196e-6	1.4535641358423082e-7
40.	0.	2.280797390370525e-6	1.3651714653579369e-6	1.4692983523790288e-7
41.	0.	2.1848459520323152e-6	1.3761099852217938e-6	1.4839613033943474e-7
42.	0.	2.090820113101697e-6	1.3860251256581555e-6	1.497577583947096e-7
42.99999999999999	0.	1.998906421160318e-6	1.3949461189738585e-6	1.5101726532591394e-7
44.	0.	1.9092614796590334e-6	1.4029027020422532e-6	1.5217727092014335e-7
44.99999999999999	0.	1.8220143626250433e-6	1.409924999237143e-6	1.532404569173783e-7
46.	0.	1.7372689361113618e-6	1.4160434124878605e-6	1.5420955573025323e-7
47.	0.	1.6551060789369496e-6	1.4212885182929424e-6	1.5508733978634653e-7
48.	0.	1.5755857972857678e-6	1.4256909715169679e-6	1.5587661148221057e-7
49.	0.	1.4987492295083266e-6	1.4292814157841925e-6	1.5658019373703982e-7
49.99999999999999	0.	1.4246205390172794e-6	1.4320904002734073e-6	1.5720092113271612e-7
51.	0.	1.3532086945081723e-6	1.4341483027109455e-6	1.5774163162597015e-7
52.	0.	1.2845091378843106e-6	1.4354852583526952e-6	1.5820515881754153e-7
53.	0.	1.2185053412385101e-6	1.4361310947413377e-6	1.5859432476249692e-7
54.	0.	1.1551702550603945e-6	1.43611527202162e-6	1.5891193330526264e-7
54.99999999999999	0.	1.0944676505113195e-6	1.4354668285942053e-6	1.5916076392244132e-7
56.	0.	1.0363533591550581e-6	1.4342143318874487e-6	1.5934356605610014e-7
56.99999999999999	0.	9.807764139645148e-7	1.4323858340261556e-6	1.5946305391992605e-7
58.	0.	9.276800957561956e-7	1.4300088321769896e-6	1.595219017604457e-7
59.	0.	8.770028894468357e-7	1.4271102333515392e-6	1.5952273955538632e-7
59.99999999999999	0.	8.286793546914417e-7	1.4237163234500937e-6	1.594681491312038e-7
61.	0.	7.826409155596917e-7	1.4198527403318711e-6	1.593606606818252e-7
62.	0.	7.388165739467486e-7	1.4155444507006234e-6	1.5920274967072856e-7
63.	0.	6.971335514044723e-7	1.4108157305982704e-6	1.5899683409861773e-7
64.	0.	6.575178640265e-7	1.4056901493033222e-6	1.587452721191288e-7
65.	0.	6.198948349335148e-7	1.4001905564353665e-6	1.58450359985233e-7
65.99999999999999	0.	5.841895487887118e-7	1.3943390720716882e-6	1.5811433030926058e-7
67.	0.	5.503272526340586e-7	1.388157079687216e-6	1.5773935061977457e-7
68.	0.	5.182337071800506e-7	1.3816652217342867e-6	1.5732752219884763e-7
69.	0.	4.87835492509702e-7	1.374883397684231e-6	1.5688087918365352e-7
70.	0.	4.590602719753612e-7	1.3678307643584788e-6	1.5640138791666557e-7
70.99999999999999	0.	4.318370178777579e-7	1.3605257383826212e-6	1.5589094652914926e-7
72.	0.	4.060962023234908e-7	1.3529860006027868e-6	1.553513847430564e-7
73.	0.	3.817699564622453e-7	1.3452285023095942e-6	1.5478446387685738e-7
74.	0.	3.587922011107439e-7	1.3372694731209152e-6	1.541918770412861e-7
75.	0.	3.370987515780952e-7	1.3291244303806668e-6	1.5357524951142785e-7
75.99999999999999	0.	3.1662739931888746e-7	1.3208081899368192e-6	1.529361392620345e-7
77.	0.	2.973179728565856e-7	1.3123348781677305e-6	1.5227603765341332e-7
78.	0.	2.7911238024214403e-7	1.3037179451318196e-6	1.5159637025570167e-7
79.	0.	2.6195463514148263e-7	1.2949701787214075e-6	1.5089849779980817e-7
80.	0.	2.457908684814889e-7	1.2861037197073095e-6	1.5018371724376062e-7
80.99999999999999	0.	2.3056932742779547e-7	1.277130077566406e-6	1.4945326294367205e-7
82.	0.	2.162403633189633e-7	1.268060146989987e-6	1.487083079189935e-7
83.	0.	2.0275641004117768e-7	1.2589042249761102e-6	1.4794996520217872e-7
84.	0.	1.9007195419505896e-7	1.2496720284145107e-6	1.4717928926333922e-7
84.99999999999999	0.	1.7814349828176296e-7	1.2403727120778488e-6	1.4639727750091372e-7
85.99999999999999	0.	1.66929518018982e-7	1.2310148869380858e-6	1.4560487178981092e-7
87.	0.	1.5639041478879563e-7	1.2216066387317505e-6	1.4480296007892054e-7
88.	0.	1.4648846411809698e-7	1.2121555467026317e-6	1.4399237803030465e-7
89.	0.	1.3718776099847513e-7	1.2026687024550391e-6	1.4317391069279746e-7
89.99999999999999	0.	1.284541627656652e-7	1.1931527288553018e-6	1.4234829420314283e-7
90.99999999999999	0.	1.2025523017855793e-7	1.1836137989234974e-6	1.4151621750819698e-7
92.	0.	1.1256016726411965e-7	1.1740576546615683e-6	1.406783241020997e-7
93.	0.	1.053397604270402e-7	1.1644896257680467e-6	1.398352137726981e-7
94.	0.	9.856631726111683e-8	1.1549146481934595e-6	1.389874443518632e-7
94.99999999999999	0.	9.221360544298736e-8	1.145337282494222e-6	1.3813553346469163e-7
96.	0.	8.62567920376285e-8	1.135761731946404e-6	1.3727996027292686e-7
97.	0.	8.067238349842355e-8	1.1261918603841574e-6	1.3642116720825822e-7
98.	0.	7.543816660265862e-8	1.116631209730895e-6	1.3555956169147723e-7
99.	0.	7.05331505253227e-8	1.1070830171943888e-6	1.3469551783377182e-7
99.99999999999999	0.	6.593751022001079e-8	1.097550232099995e-6	1.3382937811673855e-7
101.	0.	6.163253124525636e-8	1.0880355323389819e-6	1.3296145504796912e-7
102.	0.	5.7600556147274814e-8	1.078541340411696e-6	1.320920327893454e-7
103.	0.	5.3824932485965876e-8	1.0690698390477996e-6	1.3122136875543178e-7
104.	0.	5.028996256945475e-8	1.0596229863882862e-6	1.303496951796086e-7
104.99999999999999	0.	4.698085494356225e-8	1.0502025307162343e-6	1.2947722064582188e-7
106.	0.	4.38836776659486e-8	1.0408100247254594e-6	1.2860413158406043e-7
107.	0.	4.098531338012699e-8	1.0314468393182173e-6	1.2773059372787976e-7
108.	0.	3.827341619192941e-8	1.0221141769250814e-6	1.2685675353250602e-7
109.	0.	3.5736370340120795e-8	1.0128130843418787e-6	1.259827395522452e-7
109.99999999999999	0.	3.3363250643505514e-8	1.0035444650802738e-6	1.2510866377611062e-7
111.	0.	3.114378469896392e-8	9.9430909123017e-7	1.2423462292075915e-7
112.	0.	2.9068316798154588e-8	9.851076148335577e-7	1.233606996799937e-7
113.	0.	2.7127773525126636e-8	9.759405787708094e-7	1.2248696393024404e-7
113.99999999999999	0.	2.5313630992519603e-8	9.668084271617161e-7	1.2161347389159446e-7
114.99999999999999	0.	2.3617883670400504e-8	9.577115152846879e-7	1.2074027724405842e-7
116.	0.	2.203301475897147e-8	9.486501190186696e-7	1.1986741219893732e-7
117.	0.	2.055196805420041e-8	9.396244438132997e-7	1.1899490852522422e-7
118.	0.	1.916812125392885e-8	9.306346331937432e-7	1.1812278853112354e-7
118.99999999999999	0.	1.7875260651019365e-8	9.216807768074906e-7	1.1725106800087298e-7
119.99999999999999	0.	1.666755715957248e-8	9.127629180211336e-7	1.163797570871479e-7
121.	0.	1.5539543620140083e-8	9.038810610758385e-7	1.155088611594241e-7
122.	0.	1.4486093330063962e-8	8.950351778108483e-7	1.1463838160876339e-7
122.99999999999999	0.	1.350239974565337e-8	8.862252139648512e-7	1.1376831660955862e-7
124.	0.	1.2583957303621757e-8	8.774510950656094e-7	1.1289866183885819e-7
125.	0.	1.1726543310251891e-8	8.687127319185891e-7	1.1202941115394797e-7
126.	0.	1.0926200847871097e-8	8.600100257057253e-7	1.1116055722893238e-7
127.	0.	1.017922264954657e-8	8.513428727058041e-7	1.1029209215111625e-7
128.	0.	9.482135894327992e-9	8.427111686481417e-7	1.0942400797803247e-7
129.	0.	8.831687876824448e-9	8.341148127114881e-7	1.0855629725600753e-7
130.	0.	8.224832506524756e-9	8.255537111802596e-7	1.0768895350120048e-7
131.	0.	7.658717593814777e-9	8.170277807702765e-7	1.0682197164407715e-7
131.99999999999997	0.	7.1306728813339046e-9	8.085369516363722e-7	1.0595534843832776e-7
133.	0.	6.638198780933884e-9	8.000811700741404e-7	1.0508908283524045e-7
134.	0.	6.178955778171325e-9	7.916604009282391e-7	1.0422317632458814e-7
135.	0.	5.75075446787142e-9	7.832746297195558e-7	1.0335763324308759e-7
136.	0.	5.351546185981093e-9	7.74923864503561e-7	1.0249246105151744e-7
137.	0.	4.979414204469283e-9	7.666081374720036e-7	1.0162767058157974e-7
138.	0.	4.632565457620948e-9	7.583275063101243e-7	1.0076327625361431e-7
139.	0.	4.30932276961501e-9	7.50082055321309e-7	9.989929626626334e-8
140.	0.	4.0081175547036844e-9	7.418718963310464e-7	9.903575275920118e-8
140.99999999999997	0.	3.7274829628199365e-9	7.336971693818462e-7	9.81726719500336e-8
141.99999999999997	0.	3.466047444776035e-9	7.255580432305557e-7	9.73100842464702e-8
143.	0.	3.222528712572248e-9	7.174547156594151e-7	9.644802433487708e-8
144.	0.	2.995728071664463e-9	7.093874136118136e-7	9.558653124629327e-8
145.	0.	2.7845251031922416e-9	7.013563931636212e-7	9.472564840100065e-8
146.	0.	2.587872675459583e-9	6.933619393406503e-7	9.38654236327192e-8
147.	0.	2.4047922650231937e-9	6.854043657925414e-7	9.300590919348254e-8
148.	0.	2.234369568862641e-9	6.774840143331439e-7	9.214716174024312e-8
149.	0.	2.075750390134253e-9	6.696012543571734e-7	9.128924230423516e-8
150.	0.	1.9281367810073716e-9	6.617564821426059e-7	9.043221624410344e-8
150.99999999999997	0.	1.7907834269918267e-9	6.539501200480525e-7	8.95761531837933e-8
151.99999999999997	0.	1.6629942581243527e-9	6.46182615614027e-7	8.872112693617578e-8
153.	0.	1.54411927313017e-9	6.384544405767273e-7	8.786721541335851e-8
154.	0.	1.4335515635903214e-9	6.307660898026597e-7	8.701450052461301e-8
155.	0.	1.3307245258142265e-9	6.231180801521311e-7	8.61630680628264e-8
156.	0.	1.2351092488965432e-9	6.155109492793862e-7	8.531300758036897e-8
157.	0.	1.146212068103542e-9	6.07945254376743e-7	8.446441225522782e-8
158.	0.	1.0635722733613256e-9	6.004215708699297e-7	8.361737874825442e-8
159.	0.	9.867599632695168e-10	5.929404910714388e-7	8.277200705233546e-8
160.	0.	9.153740355907022e-10	5.855026227984086e-7	8.19284003342715e-8
160.99999999999997	0.	8.490403057448025e-10	5.781085879613429e-7	8.108666477013362e-8
161.99999999999997	0.	7.874097453454286e-10	5.707590211295481e-7	8.024690937482675e-8
163.	0.	7.301568332750418e-10	5.634545680790155e-7	7.940924582657745e-8
164.	0.	6.769780122771783e-10	5.561958843281209e-7	7.857378828703057e-8
165.	0.	6.275902444670804e-10	5.489836336662221e-7	7.774065321761226e-8
166.	0.	5.817296595492806e-10	5.418184866800149e-7	7.690995919279708e-8
167.	0.	5.39150289931514e-10	5.347011192822108e-7	7.608182671088787e-8
168.	0.	4.996228872718981e-10	5.276322112467945e-7	7.525637800288644e-8
169.	0.	4.629338153279847e-10	5.206124447549925e-7	7.44337368400256e-8
169.99999999999997	0.	4.288840142999611e-10	5.136425029556061e-7	7.361402834047737e-8
170.99999999999997	0.	3.9728803216176637e-10	5.067230685433817e-7	7.279737877576265e-8
171.99999999999997	0.	3.6797311872899663e-10	4.998548223586244e-7	7.19839153773342e-8
173.	0.	3.4077837851643054e-10	4.930384420111915e-7	7.117376614380005e-8
174.	0.	3.155539786287686e-10	4.862746005316593e-7	7.036705964921907e-8
175.	0.	2.921604082260397e-10	4.79563965052258e-7	6.956392485287474e-8
176.	0.	2.7046778625407375e-10	4.7290719552008745e-7	6.876449091093232e-8
177.	0.	2.503552143895889e-10	4.663049434446791e-7	6.796888699032764e-8
178.	0.	2.3171017231064118e-10	4.5975785068196795e-7	6.717724208524002e-8
179.	0.	2.1442795258923028e-10	4.532665482565136e-7	6.638968483647688e-8
179.99999999999997	0.	1.9841113268303687e-10	4.468316552234623e-7	6.560634335405391e-8
180.99999999999997	0.	1.8356908164166109e-10	4.4045377757186455e-7	6.482734504327589e-8
181.99999999999997	0.	1.6981749930532593e-10	4.341335071704103e-7	6.40528164345492e-8
183.	0.	1.5707798592543306e-10	4.278714207568592e-7	6.328288301719265e-8
184.	0.	1.4527764021668334e-10	4.2166807897198736e-7	6.251766907745044e-8
185.	0.	1.343486840576488e-10	4.155240254388943e-7	6.175729754091815e-8
186.	0.	1.2422811207704512e-10	4.094397858882653e-7	6.100188981955983e-8
187.	0.	1.1485736454754085e-10	4.0341586733014717e-7	6.025156566349081e-8
188.	0.	1.0618202207142882e-10	3.974527572725304e-7	5.950644301766554e-8
189.	0.	9.815152064293535e-11	3.915509229870795e-7	5.876663788361844e-8
189.99999999999997	0.	9.071888576455449e-11	3.8571081082200826e-7	5.803226418635645e-8
190.99999999999997	0.	8.384048438327268e-11	3.799328455622285e-7	5.7303433646524125e-8
192.	0.	7.747579349117142e-11	3.7421742983656517e-7	5.658025565791121e-8
193.	0.	7.15871842849136e-11	3.685649435719653e-7	5.586283717039734e-8
194.	0.	6.613972088621905e-11	3.629757434942274e-7	5.5151282578364796e-8
195.	0.	6.110097266398457e-11	3.5745016267505743e-7	5.444569361465674e-8
196.	0.	5.6440839256188176e-11	3.519885101248037e-7	5.3746169250086836e-8
197.	0.	5.213138747528364e-11	3.4659107043047464e-7	5.3052805598547004e-8
198.	0.	4.814669929367646e-11	3.412581034382743e-7	5.2365695827701405e-8
198.99999999999997	0.	4.4462730201127615e-11	3.3598984398008196e-7	5.168493007528487e-8
199.99999999999997	0.	4.105717722072867e-11	3.307865016430073e-7	5.101059537097804e-8
200.99999999999997	0.	3.790935597676494e-11	3.2564826058133305e-7	5.034277556385734e-8
202.	0.	3.500008617475947e-11	3.2057527936982226e-7	4.968155125536676e-8
203.	0.	3.2311584972880496e-11	3.1556769089763623e-7	4.902699973779729e-8
204.	0.	2.9827367692831476e-11	3.106256023017273e-7	4.8379194938200084e-8
205.	0.	2.7532155382095454e-11	3.0574909493887646e-7	4.773820736770517e-8
206.	0.	2.5411788785826404e-11	3.0093822439515517e-7	4.710410407615481e-8
207.	0.	2.3453148274414414e-11	2.961930205319021e-7	4.6476948612007215e-8
208.	0.	2.164407934624413e-11	2.915134875669794e-7	4.585680098741335e-8
208.99999999999997	0.	1.9973323319682897e-11	2.8689960419026356e-7	4.524371764839771e-8
209.99999999999997	0.	1.843045286140943e-11	2.8235132371217134e-7	4.463775145004632e-8
210.99999999999997	0.	1.7005812037158902e-11	2.7786857424408197e-7	4.4038951636613376e-8
212.	0.	1.569046055445292e-11	2.7345125890944055e-7	4.3447363826442653e-8
213.	0.	1.4476121942257551e-11	2.6909925608437835e-7	4.2863030001606114e-8
214.	0.	1.3355135369457556e-11	2.648124196666118e-7	4.228598850214633e-8
215.	0.	1.2320410875040187e-11	2.6059057937142386e-7	4.1716274024815044e-8
216.	0.	1.1365387767632618e-11	2.5643354105351216e-7	4.1153917626192554e-8
217.	0.	1.0483995968996883e-11	2.5234108705350423e-7	4.059894673007357e-8
218.	0.	9.670620119884776e-12	2.483129765678303e-7	4.005138513898393e-8
218.99999999999997	0.	8.920066235823718e-12	2.443489460409004e-7	3.9511253049730886e-8
219.99999999999997	0.	8.227530744366166e-12	2.404487095782336e-7	3.8978567072839016e-8
220.99999999999997	0.	7.588571747824335e-12	2.3661195937938842e-7	3.8453340255751927e-8
222.	0.	6.999082341607943e-12	2.3283836618953507e-7	3.793558210967767e-8
223.	0.	6.455265853114944e-12	2.291275797684744e-7	3.742529863994419e-8
224.	0.	5.953612867300348e-12	2.254792293758469e-7	3.692249237972079e-8
225.	0.	5.490879914162152e-12	2.2189292427158171e-7	3.64271624270059e-8
226.	0.	5.0640696922669115e-12	2.1836825423020983e-7	3.5939304484710944e-8
227.	0.	4.670412736323323e-12	2.1490479006811776e-7	3.545891090373946e-8
227.99999999999997	0.	4.307350414708081e-12	2.1150208418251199e-7	3.498597072890814e-8
228.99999999999997	0.	3.972519162934489e-12	2.0815967110111104e-7	3.4520469747593696e-8
229.99999999999997	0.	3.663735876717852e-12	2.0487706804141882e-7	3.406239054095933e-8
230.99999999999997	0.	3.378984367065794e-12	2.0165377547858928e-7	3.36117125376379e-8
232.	0.	3.1164028116772157e-12	1.9848927772091236e-7	3.316841206974848e-8
233.	0.	2.874272132155201e-12	1.953830434917745e-7	3.27324624310912e-8
234.	0.	2.651005222872554e-12	1.923345265173506e-7	3.230383393742935e-8
235.	0.	2.4451369798561117e-12	1.8934316611885616e-7	3.188249398869312e-8
236.	0.	2.255315061822184e-12	1.864083878086236e-7	3.146840713301003e-8
237.	0.	2.080291341227628e-12	1.8352960388900485e-7	3.1061535132419206e-8
237.99999999999997	0.	1.91891398793047e-12	1.8070621405327934e-7	3.0661837030154814e-8
238.99999999999997	0.	1.7701201456701524e-12	1.779376059877187e-7	3.026926921937564e-8
239.99999999999997	0.	1.6329291476681317e-12	1.7522315597397355e-7	2.988378551321845e-8
240.99999999999997	0.	1.5064362466795078e-12	1.725622294910706e-7	2.9505337216069466e-8
242.	0.	1.3898068117567866e-12	1.6995418181617248e-7	2.913387319592464e-8
243.	0.	1.2822709603031778e-12	1.6739835862342996e-7	2.8769339957735256e-8
244.	0.	1.1831185927868028e-12	1.6489409658019732e-7	2.8411681717623893e-8
245.	0.	1.0916948043369763e-12	1.6244072393997024e-7	2.806084047786844e-8
245.99999999999997	0.	1.0073956386864608e-12	1.60037561131359e-7	2.771675610254121e-8
247.	0.	9.296641695406832e-13	1.5768392134248933e-7	2.737936639370183e-8
248.	0.	8.57986869352826e-13	1.5537911110025994e-7	2.7048607168046827e-8
248.99999999999997	0.	7.918902610257122e-13	1.5312243084390749e-7	2.6724412333920158e-8
250.	0.	7.309378246942424e-13	1.5091317549221685e-7	2.640671396856745e-8
250.99999999999997	0.	6.747271326189648e-13	1.4875063500407344e-7	2.6095442395577266e-8
252.	0.	6.22887210412386e-13	1.466340949316864e-7	2.5790526262385962e-8
252.99999999999997	0.	5.750760961893735e-13	1.44562836966132e-7	2.5491892617778043e-8
254.	0.	5.309785854293043e-13	1.4253613947472454e-7	2.5199466989286115e-8
254.99999999999997	0.	4.90304152604079e-13	1.405532780298612e-7	2.491317346041739e-8
256.	0.	4.5278502959286097e-13	1.3861352592890646e-7	2.4632934747618634e-8
257.	0.	4.1817443137473444e-13	1.3671615470480843e-7	2.43586722769112e-8
258.	0.	3.862449203487977e-13	1.348604346270563e-7	2.4090306260112278e-8
259.	0.	3.5678689564942536e-13	1.330456351927353e-7	2.3827755770582438e-8
260.	0.	3.2960719846110847e-13	1.312710256073349e-7	2.3570938818421177e-8
261.	0.	3.045278287155572e-13	1.295358752550708e-7	2.331977242504847e-8
262.	0.	2.813847542812116e-13	1.2783945415850047e-7	2.3074172697113433e-8
263.	0.	2.600268216761792e-13	1.2618103342718913e-7	2.283405489966526e-8
263.99999999999994	0.	2.403147417887186e-13	1.2455988569519631e-7	2.2599333528523313e-8
265.	0.	2.22120162817566e-13	1.2297528554729708e-7	2.2369922381807704e-8
266.	0.	2.0532480951446533e-13	1.2142650993366627e-7	2.2145734630557283e-8
267.	0.	1.8981969348405355e-13	1.199128385730014e-7	2.1926682888406132e-8
268.	0.	1.755043821377057e-13	1.1843355434386677e-7	2.1712679280253236e-8
269.	0.	1.6228632541669868e-13	1.1698794366423644e-7	2.150363550989477e-8
270.	0.	1.5008023819803534e-13	1.1557529685911836e-7	2.129946292657073e-8
271.	0.	1.3880752512968707e-13	1.1419490851617572e-7	2.1100072590382722e-8
272.	0.	1.2839575806228137e-13	1.1284607782933213e-7	2.0905375336551705e-8
272.99999999999994	0.	1.1877818607975016e-13	1.1152810893035018e-7	2.071528183848553e-8
274.	0.	1.0989329229242483e-13	1.1024031120828977e-7	2.052970266960875e-8
274.99999999999994	0.	1.0168437824377889e-13	1.0898199961693413e-7	2.034854836394206e-8
276.	0.	9.40991873251494e-14	1.0775249497011586e-7	2.0171729475387342e-8
277.	0.	8.708955177676234e-14	1.0655112422506584e-7	1.999915663571155e-8
278.	0.	8.061107191529321e-14	1.0537722075371606e-7	1.9830740611184723e-8
279.	0.	7.462281982431265e-14	1.0423012460213416e-7	1.966639235787459e-8
280.	0.	6.908706485142828e-14	1.0310918273801697e-7	1.9506023075552305e-8
281.	0.	6.396902157323779e-14	1.0201374928648357e-7	1.934954426022283e-8
281.99999999999994	0.	5.923661810196061e-14	1.0094318575407708e-7	1.919686775523087e-8
283.	0.	5.486028230076647e-14	9.989686124125986e-8	1.9047905800964244e-8
283.99999999999994	0.	5.0812745158655224e-14	9.887415264336735e-8	1.8902571083115806e-8
285.	0.	4.706885903871492e-14	9.787444484022971e-8	1.876077677951145e-8
286.	0.	4.3605431757932786e-14	9.689713087453753e-8	1.8622436605486775e-8
287.	0.	4.040107115667754e-14	9.594161211911928e-8	1.8487464857811816e-8
288.	0.	3.7436044786799916e-14	9.500729843330958e-8	1.8355776457166307e-8
289.	0.	3.469214868544975e-14	9.409360830844901e-8	1.822728698914126e-8
290.	0.	3.215258913091396e-14	9.319996900283685e-8	1.8101912743796595e-8
291.	0.	2.980186912061703e-14	9.23258166661708e-8	1.7979570753749538e-8
292.	0.	2.762568940489681e-14	9.147059645369116e-8	1.786017883080482e-8
292.99999999999994	0.	2.5610852371706587e-14	9.063376263029078e-8	1.7743655601145188e-8
294.	0.	2.374517786381767e-14	8.981477866461942e-8	1.7629920539057205e-8
294.99999999999994	0.	2.201742205943497e-14	8.901311731349835e-8	1.7518893999222783e-8
296.	0.	2.0417204623729613e-14	8.82282606968429e-8	1.741049724758442e-8
297.	0.	1.893494155407794e-14	8.745970036315279e-8	1.7304652490765857e-8
298.	0.	1.7561783121404416e-14	8.670693734599536e-8	1.720128290410121e-8
299.	0.	1.6289556330464625e-14	8.596948221147355e-8	1.71003126582419e-8
300.	0.	1.5110712110618506e-14	8.524685509701483e-8	1.700166694437813e-8
301.	0.	1.4018277074186219e-14	8.453858574168672e-8	1.690527199808668e-8
301.99999999999994	0.	1.300580930920416e-14	8.384421350820596e-8	1.6811055121810255e-8
303.	0.	1.2067355769495224e-14	8.316328739686664e-8	1.6718944705984787e-8
303.99999999999994	0.	1.1197415757129105e-14	8.249536605165177e-8	1.6628870248839683e-8
305.	0.	1.039090538753348e-14	8.184001775872245e-8	1.6540762374883405e-8
306.	0.	9.643124865057824e-15	8.11968204374677e-8	1.645455285208388e-8
307.	0.	8.949730393390807e-15	8.056536162439525e-8	1.6370174607774048e-8
308.	0.	8.306704506383114e-15	7.994523845006709e-8	1.6287561743298257e-8
309.	0.	7.710333178547915e-15	7.933605760927441e-8	1.6206649547413238e-8
310.	0.	7.15718121784088e-15	7.873743532472521e-8	1.6127374508474894e-8
310.99999999999994	0.	6.644070480262202e-15	7.814899730441535e-8	1.6049674325421062e-8
312.	0.	6.16806161459865e-15	7.757037869292612e-8	1.5973487917576505e-8
312.99999999999994	0.	5.726435461511877e-15	7.70012240169005e-8	1.5898755433308476e-8
314.	0.	5.316674446846063e-15	7.644118712484964e-8	1.5825418257541508e-8
314.99999999999994	0.	4.936450050771316e-15	7.588993112157205e-8	1.5753419018167374e-8
316.	0.	4.583605985918794e-15	7.534712829736531e-8	1.568270159136612e-8
317.	0.	4.256146618326334e-15	7.48124600522536e-8	1.5613211105863286e-8
318.	0.	3.952224097094967e-15	7.428561681547553e-8	1.5544893946153967e-8
319.	0.	3.670127994106602e-15	7.376629796034254e-8	1.5477697754696553e-8
320.	0.	3.4082728346535378e-15	7.325421171486038e-8	1.5411571433139243e-8
321.	0.	3.165191925687425e-15	7.274907506810818e-8	1.534646514255949e-8
321.99999999999994	0.	2.9395252030232644e-15	7.225061367274437e-8	1.528233030277576e-8
323.	0.	2.7300129582578443e-15	7.175856174373614e-8	1.5219119590734615e-8
323.99999999999994	0.	2.5354885350533163e-15	7.127266195359982e-8	1.515678693801681e-8
325.	0.	2.3548703599581686e-15	7.079266532425903e-8	1.5095287527468922e-8
326.	0.	2.1871563671128836e-15	7.031833111579182e-8	1.5034577789002203e-8
327.	0.	2.0314165806937547e-15	6.984942671218184e-8	1.4974615394568067e-8
328.	0.	1.8867903824542567e-15	6.938572750435444e-8	1.4915359252355676e-8
329.	0.	1.7524792259887488e-15	6.892701677057214e-8	1.4856769500213478e-8
330.	0.	1.6277428659452537e-15	6.847308555446422e-8	1.4798807498340403e-8
330.99999999999994	0.	1.5118937065715842e-15	6.802373254082169e-8	1.4741435821261972e-8
332.	0.	1.4042962074130879e-15	6.757876392930871e-8	1.4684618249111858e-8
332.99999999999994	0.	1.304358604473579e-15	6.71379933063444e-8	1.4628319758261904e-8
334.	0.	1.2115335416686386e-15	6.670124151519858e-8	1.4572506511299103e-8
335.	0.	1.1253125487342489e-15	6.626833652458852e-8	1.4517145846401367e-8
336.	0.	1.0452240188222917e-15	6.583911329586702e-8	1.4462206266121624e-8
337.	0.	9.7083043275127e-16	6.541341364892059e-8	1.4407657425596938e-8
338.	0.	9.017252095255844e-16	6.499108612705117e-8	1.4353470120233419e-8
339.	0.	8.375319000603426e-16	6.457198586085199e-8	1.4299616272861063e-8
339.99999999999994	0.	7.778998955460258e-16	6.415597443132078e-8	1.4246068920404054e-8
341.	0.	7.225051992695727e-16	6.374291973229942e-8	1.4192802200078901e-8
341.99999999999994	0.	6.710461492064421e-16	6.333269583238197e-8	1.4139791335145074e-8
343.	0.	6.232426468428638e-16	6.29251828364427e-8	1.4087012620235357e-8
343.99999999999994	0.	5.788350048559996e-16	6.252026674691097e-8	1.403444340628824e-8
345.	0.	5.375816263442758e-16	6.211783932485762e-8	1.3982062085091718e-8
346.	0.	4.992590318368342e-16	6.171779795113192e-8	1.3929848073486624e-8
347.	0.	4.636587585956816e-16	6.132004548753974e-8	1.3877781797223444e-8
348.	0.	4.3058739018591394e-16	6.092449013825486e-8	1.3825844674511623e-8
349.	0.	3.9986541456599887e-16	6.053104531153782e-8	1.377401909927443e-8
350.	0.	3.713268683012748e-16	6.013962948191262e-8	1.3722288424140763e-8
350.99999999999994	0.	3.4481622752574535e-16	5.975016605282137e-8	1.367063694317545e-8
352.	0.	3.201896207375066e-16	5.9362583219932544e-8	1.3619049874385807e-8
352.99999999999994	0.	2.973136854430288e-16	5.897681383515944e-8	1.3567513342015817e-8
354.	0.	2.760644212799265e-16	5.8592795271482263e-8	1.3516014358647375e-8
355.	0.	2.563264344905247e-16	5.821046928867597e-8	1.3464540807131716e-8
356.	0.	2.379921803342809e-16	5.782978189999437e-8	1.3413081422361159e-8
357.	0.	2.2096278736195167e-16	5.745068323994167e-8	1.3361625772911976e-8
358.	0.	2.0514531989442575e-16	5.70731274331502e-8	1.3310164242562164e-8
359.	0.	1.9045359761000938e-16	5.6697072464462004e-8	1.3258688011707552e-8
359.99999999999994	0.	1.7680862352547592e-16	5.6322480050317735e-8	1.3207189038701127e-8
361.	0.	1.64135437347787e-16	5.594931551146163e-8	1.3155660041118496e-8
361.99999999999994	0.	1.5236552250024784e-16	5.557754764702255e-8	1.3104094476965233e-8
363.	0.	1.4143444792284419e-16	5.5207148610129234e-8	1.3052486525864644e-8
363.99999999999994	0.	1.3128348307607783e-16	5.483809378495932e-8	1.300083107020488e-8
365.	0.	1.2185603619722037e-16	5.447036166543538e-8	1.2949123676297436e-8
366.	0.	1.131020582393446e-16	5.410393373549436e-8	1.2897360575532812e-8
367.	0.	1.0497288064760188e-16	5.373879435101313e-8	1.2845538645555516e-8
368.	0.	9.742402401186069e-17	5.3374930623506105e-8	1.279365539148936e-8
368.99999999999994	0.	9.041521912254743e-17	5.301233230551096e-8	1.2741708927196323e-8
370.	0.	8.390722478250233e-17	5.265099167779654e-8	1.2689697956604907e-8
370.99999999999994	0.	7.786464102130299e-17	5.229090343839042e-8	1.2637621755111076e-8
372.	0.	7.225472497703625e-17	5.19320645934632e-8	1.2585480151065054e-8
372.99999999999994	0.	6.704620137066845e-17	5.157447435009074e-8	1.2533273507353373e-8
374.	0.	6.221087791603106e-17	5.121813401094816e-8	1.2481002703093684e-8
375.	0.	5.772205325650503e-17	5.0863046870922994e-8	1.2428669115444197e-8
376.	0.	5.355532994770683e-17	5.050921811570238e-8	1.2376274601545927e-8
377.	0.	4.9687017200821045e-17	5.015665472234361e-8	1.232382148060532e-8
378.	0.	4.6096953724644993e-17	4.9805365361827966e-8	1.2271312516122375e-8
379.	0.	4.276409323679455e-17	4.945536030364072e-8	1.2218750898280313e-8
379.99999999999994	0.	3.967093655725503e-17	4.9106651322362484e-8	1.2166140226499008e-8
381.	0.	3.680032060777887e-17	4.8759251606323764e-8	1.211348449217028e-8
381.99999999999994	0.	3.413582580889986e-17	4.841317566827544e-8	1.2060788061569893e-8
383.	0.	3.166339459459268e-17	4.806843925812122e-8	1.200805565896307e-8
384.	0.	2.9368918697477703e-17	4.7725059277716396e-8	1.1955292349911412e-8
385.	0.	2.7239453003269385e-17	4.7383053697712184e-8	1.1902503524781659e-8
386.	0.	2.5263624602973576e-17	4.704244147646825e-8	1.184969488246911e-8
387.	0.	2.3430426425973097e-17	4.670324248101544e-8	1.17968724143371e-8
388.	0.	2.1729220282000822e-17	4.636547741009052e-8	1.1744042388384635e-8
388.99999999999994	0.	2.015095263892516e-17	4.602916771919366e-8	1.1691211333636772e-8
390.	0.	1.8686541741188676e-17	4.569433554773965e-8	1.1638386024782217e-8
390.99999999999994	0.	1.7328093081432063e-17	4.536100364818442e-8	1.1585573467034877e-8
392.	0.	1.6067689049076458e-17	4.502919531724843e-8	1.1532780881257081e-8
392.99999999999994	0.	1.489860482845211e-17	4.4698934329101543e-8	1.1480015689317273e-8
394.	0.	1.3814501822447399e-17	4.437024487059622e-8	1.1427285499710816e-8
395.	0.	1.280821466121942e-17	4.404315147847085e-8	1.1374598093431321e-8
396.	0.	1.1875396972661612e-17	4.3717678978543406e-8	1.1321961410104304e-8
397.	0.	1.1010069315376952e-17	4.339385242687232e-8	1.1269383534384865e-8
397.99999999999994	0.	1.0207049771875923e-17	4.307169705285285e-8	1.121687268261756e-8
399.	0.	9.46276635354093e-18	4.275123820426206e-8	1.1164437189769707e-8
399.99999999999994	0.	8.772421932304809e-18	4.243250129420636e-8	1.1112085496632767e-8
401.	0.	8.132021070530967e-18	4.211551174994852e-8	1.10598261372931e-8
401.99999999999994	0.	7.538371456677223e-18	4.180029496362632e-8	1.1007667726882424e-8
403.	0.	6.987868615586324e-18	4.148687624482696e-8	1.0955618949605604e-8
404.	0.	6.477307397749249e-18	4.1175280774939895e-8	1.0903688547032774e-8
405.	0.	6.003882821153664e-18	4.086553356339136e-8	1.0851885306689674e-8
406.	0.	5.565190823085948e-18	4.055765940557911e-8	1.0800218050905788e-8
407.	0.	5.158011843624982e-18	4.0251682842622275e-8	1.0748695625957495e-8
408.	0.	4.780745261865693e-18	3.994762812282052e-8	1.0697326891485224e-8
408.99999999999994	0.	4.430975917107969e-18	3.9645519164808966e-8	1.0646120710188002e-8
410.	0.	4.106691487783371e-18	3.9345379522405854e-8	1.0595085937801399e-8
410.99999999999994	0.	3.806282967190609e-18	3.904723235109909e-8	1.054423141335161e-8
412.	0.	3.5273275057414e-18	3.8751100376172566e-8	1.0493565949692354e-8
412.99999999999994	0.	3.2690236922931185e-18	3.845700586241807e-8	1.0443098324317242e-8
414.	0.	3.029756840647302e-18	3.816497058541192e-8	1.0392837270448551e-8
415.	0.	2.8079107792875073e-18	3.787501580434053e-8	1.0342791468404477e-8
416.	0.	2.6018680176742628e-18	3.758716223632809e-8	1.0292969537239431e-8
417.	0.	2.4112278841579217e-18	3.7301430032255785e-8	1.0243380026660448e-8
417.99999999999994	0.	2.234370906312705e-18	3.701783875401538e-8	1.0194031409211075e-8
419.	0.	2.070488773674022e-18	3.6736407353212196e-8	1.0144932072732754e-8
419.99999999999994	0.	1.9187725466345706e-18	3.645715415122038e-8	1.0096090313084004e-8
421.	0.	1.778006616307146e-18	3.618009682064551e-8	1.004751432713817e-8
421.99999999999994	0.	1.6477870712306336e-18	3.590525236809073e-8	9.999212206037908e-9
423.	0.	1.5268973219876632e-18	3.5632637118224576e-8	9.951191928711513e-9
424.	0.	1.4149327101952889e-18	3.536226669912733e-8	9.903461355650856e-9
425.	0.	1.3110820995620118e-18	3.5094156028895033e-8	9.856028222951236e-9
426.	0.	1.214940346108826e-18	3.482831930341248e-8	9.808900136593944e-9
426.99999999999994	0.	1.1256957881145127e-18	3.4564769985347275e-8	9.762084566992122e-9
428.	0.	1.0429428772799543e-18	3.430352079427768e-8	9.715588843780893e-9
428.99999999999994	0.	9.666824685833172e-19	3.404458369793169e-8	9.669420150851256e-9
430.	0.	8.956958581047588e-19	3.378796990453114e-8	9.623585521631189e-9
430.99999999999994	0.	8.299836489685414e-19	3.3533689856188425e-8	9.578091834604627e-9
432.	0.	7.691399009673386e-19	3.3281753223326884e-8	9.532945809065566e-9
432.99999999999994	0.	7.127585657209414e-19	3.3032168900124994e-8	9.488154001112334e-9
434.	0.	6.604334670004591e-19	3.278494500088434e-8	9.443722799858408e-9
435.	0.	6.1175827310809475e-19	3.254008885739588e-8	9.399658423886609e-9
436.	0.	5.671407336710364e-19	3.2297607017174294e-8	9.355966917913659e-9
437.	0.	5.25360298125136e-19	3.205750524259001e-8	9.312654149678771e-9
437.99999999999994	0.	4.86824745009683e-19	3.181978851086194e-8	9.269725807050155e-9
439.	0.	4.511275679892063e-19	3.1584461014865e-8	9.22718739534063e-9
439.99999999999994	0.	4.1826963589640705e-19	3.135152616473817e-8	9.185044234833009e-9
441.	0.	3.874364294724556e-19	3.112098659026545e-8	9.143301458511093e-9
441.99999999999994	0.	3.5903636872620866e-19	3.089284414399514e-8	9.101964009991076e-9
443.	0.	3.3266243412860235e-19	3.066709990507195e-8	9.061036641649475e-9
444.	0.	3.083154927781416e-19	3.044375418376164e-8	9.020523912946046e-9
445.	0.	2.855880818641775e-19	3.022280652663432e-8	8.98043018893564e-9
446.	0.	2.6488970126616293e-19	3.000425572237491e-8	8.940759638963386e-9
446.99999999999994	0.	2.4540393842503466e-19	2.9788099808217735e-8	8.901516235546221e-9
448.	0.	2.2754050114588827e-19	2.9574336076953044e-8	8.862703753428909e-9
448.99999999999994	0.	2.1089126763435742e-19	2.93629610844929e-8	8.824325768814194e-9
450.	0.	1.954570672507789e-19	2.9153970657965857e-8	8.78638565876162e-9
450.99999999999994	0.	1.8123891201685869e-19	2.89473599043319e-8	8.74888660075553e-9
452.	0.	1.678276717969735e-19	2.8743123219469454e-8	8.711831572431359e-9
453.	0.	1.5563447885386485e-19	2.8541254297740643e-8	8.675223351464772e-9
454.	0.	1.4424994985208495e-19	2.8341746141965983e-8	8.639064515606322e-9
455.	0.	1.336748810813659e-19	2.814459107383806e-8	8.603357442873247e-9
455.99999999999994	0.	1.239102133408349e-19	2.794978074472385e-8	8.568104311885855e-9
457.	0.	1.1495703950057355e-19	2.7757306146831252e-8	8.533307102344218e-9
457.99999999999994	0.	1.0640419259458259e-19	2.7567157624720225e-8	8.49896759564119e-9
459.	0.	9.866470383879442e-20	2.7379324887158768e-8	8.465087375614967e-9
459.99999999999994	0.	9.132687154306891e-20	2.7193797019269986e-8	8.431667829426524e-9
461.	0.	8.480478508186221e-20	2.7010562494967616e-8	8.398710148564055e-9
461.99999999999994	0.	7.868616220114561e-20	2.6829609189673058e-8	8.36621532997379e-9
463.	0.	7.297162907158693e-20	2.6650924393264143e-8	8.334184177304711e-9
464.	0.	6.766190080127281e-20	2.647449482325233e-8	8.302617302267465e-9
465.	0.	6.275778490285538e-20	2.6300306638186815e-8	8.271515126109475e-9
466.	0.	5.826018468334989e-20	2.6128345451231803e-8	8.240877881190874e-9
466.99999999999994	0.	5.3753409457170766e-20	2.595859634393328e-8	8.210705612668721e-9
468.	0.	5.007138174095886e-20	2.5791043880125393e-8	8.18099818027479e-9
468.99999999999994	0.	4.6381317585275684e-20	2.5625672119997734e-8	8.151755260195844e-9
470.	0.	4.3101168682224464e-20	2.546246463427563e-8	8.122976347042483e-9
470.99999999999994	0.	3.9813217552528e-20	2.5301404518503297e-8	8.09466075590478e-9
472.	0.	3.6936734800959375e-20	2.51424744074361e-8	8.066807624498051e-9
473.	0.	3.405285087921382e-20	2.4985656489494023e-8	8.039415915384843e-9
474.	0.	3.158224321713614e-20	2.4830932521288058e-8	8.012484418277836e-9
475.	0.	2.9526622296152435e-20	2.4678283842196202e-8	7.98601175241741e-9
475.99999999999994	0.	2.746527799090369e-20	2.452769138896478e-8	7.959996369017237e-9
477.	0.	2.539790070320055e-20	2.4379135710346707e-8	7.934436553782255e-9
477.99999999999994	0.	2.332417596824367e-20	2.423259698173026e-8	7.909330429484975e-9
479.	0.	2.1668660322263875e-20	2.4088055019784057e-8	7.884675958609422e-9
479.99999999999994	0.	2.043349655129732e-20	2.3945489297073153e-8	7.860470946048564e-9
481.	0.	1.8767873436668142e-20	2.380487895664842e-8	7.836713041856605e-9
481.99999999999994	0.	1.7523813271665285e-20	2.3666202826605818e-8	7.813399744055572e-9
483.	0.	1.6275420131790123e-20	2.3529439434586267e-8	7.790528401487213e-9
484.	0.	1.5022493516220505e-20	2.3394567022219838e-8	7.76809621671166e-9
484.99999999999994	0.	1.3764830613979073e-20	2.326156355950324e-8	7.746100248949798e-9
486.	0.	1.2933337671574006e-20	2.3130406759087213e-8	7.724537417061743e-9
486.99999999999994	0.	1.209866412159471e-20	2.3001074090487308e-8	7.70340450256612e-9
488.	0.	1.1260672100796351e-20	2.2873542794183534e-8	7.682698152688971e-9
488.99999999999994	0.	1.0419222425487609e-20	2.2747789895625052e-8	7.662414883447594e-9
490.	0.	9.574174667834583e-21	2.262379221910795e-8	7.642551082759081e-9
491.	0.	8.725387232577023e-21	2.2501526401540488e-8	7.623103013577618e-9
491.99999999999994	0.	8.310090624879635e-21	2.238096890606354e-8	7.604066817050551e-9
492.99999999999994	0.	7.454522922163067e-21	2.226209603555355e-8	7.585438515701551e-9
494.	0.	7.034462877436877e-21	2.214488394595826e-8	7.567214016624278e-9
495.	0.	6.6124653431831836e-21	2.2029308659494288e-8	7.549389114696222e-9
496.	0.	6.1884579025821444e-21	2.1915346077683895e-8	7.531959495804291e-9
496.99999999999994	0.	5.762367717755454e-21	2.1802971994227786e-8	7.514920740081411e-9
497.99999999999994	0.	5.334121568856419e-21	2.169216210770568e-8	7.498268325150378e-9
499.	0.	4.903645893202159e-21	2.1582892034104624e-8	7.481997629374806e-9
500.	0.	4.470866824424662e-21	2.1475137319169237e-8	7.466103935114658e-9
500.99999999999994	0.	4.0357102316174946e-21	2.13688734505658e-8	7.450582431983035e-9
501.99999999999994	0.	4.04786447826272e-21	2.126407586985203e-8	7.43542822010099e-9
503.	0.	3.6091049854523236e-21	2.116071998426506e-8	7.420636313353944e-9
504.	0.	3.167769328563039e-21	2.1058781178301166e-8	7.406201642639811e-9
505.	0.	3.1777465053221636e-21	2.0958234825103744e-8	7.3921190591143574e-9
505.99999999999994	0.	2.732484348263783e-21	2.0859056297639284e-8	7.378383337425607e-9
506.99999999999994	0.	2.741335706934832e-21	2.0761220979674697e-8	7.3649891789411545e-9
508.	0.	2.291947262085621e-21	2.0664704276540248e-8	7.3519312149626085e-9
509.	0.	2.299572704005386e-21	2.0569481625674285e-8	7.339204009924604e-9
509.99999999999994	0.	2.307322605072179e-21	2.0475528506968346e-8	7.326802064583965e-9
510.99999999999994	0.	1.8521574274696105e-21	2.0382820452882878e-8	7.314719819188406e-9
512.	0.	1.8585560185837208e-21	2.0291333058344463e-8	7.302951656626626e-9
513.	0.	1.8650536526138804e-21	2.0201041990433362e-8	7.29149190556308e-9
514.	0.	1.4037375712645972e-21	2.0111922997837026e-8	7.280334843546986e-9
514.9999999999999	0.	1.4087588112682934e-21	2.002395192008596e-8	7.269474700101132e-9
516.	0.	1.413853739359232e-21	1.993710469656774e-8	7.258905659787431e-9
517.	0.	1.4190221135478688e-21	1.9851357375312194e-8	7.2486218652459035e-9
518.	0.	1.424263670127127e-21	1.9766686121552017e-8	7.238617420207957e-9
518.9999999999999	0.	9.530520825592184e-22	1.968306722606011e-8	7.228886392482727e-9
520.	0.	9.566434453641267e-22	1.9600477113256484e-8	7.21942281691321e-9
521.	0.	9.602829832753407e-22	1.9518892349094438e-8	7.210220698304794e-9
522.	0.	9.639704637254902e-22	1.9438289648712135e-8	7.20127401431952e-9
523.	0.	9.677056402647694e-22	1.9358645883867297e-8	7.192576718341887e-9
524.	0.	9.714882526921077e-22	1.9279938090143825e-8	7.1841227423108105e-9
525.	0.	4.876590135948588e-22	1.920214347392626e-8	7.175905999515057e-9
526.	0.	4.895973382308769e-22	1.9125239419159757e-8	7.167920387357501e-9
527.	0.	4.91558949938162e-22	1.904920349388282e-8	7.160159790082449e-9
527.9999999999999	0.	4.935436918054134e-22	1.8974013456535822e-8	7.152618081465899e-9
529.	0.	4.9555140040040335e-22	1.8899647262051742e-8	7.145289127469979e-9
530.	0.	4.975819058458493e-22	1.882608306772106e-8	7.138166788857194e-9
531.	0.	4.9963503189708195e-22	1.8753299238846256e-8	7.131244923769443e-9
532.	0.	5.017105960210165e-22	1.8681274354171883e-8	7.124517390264904e-9
533.	0.	5.038084094767326e-22	1.8609987211104346e-8	7.117978048817246e-9
534.	0.	5.0592827739728615e-22	1.853941683071138e-8	7.111620764771907e-9
535.	0.	5.080699988730435e-22	1.8469542462515272e-8	7.105439410763824e-9
536.	0.	5.102333670363539e-22	1.8400343589077652e-8	7.099427869094217e-9
536.9999999999999	0.	5.124181691472313e-22	1.8331799930365938e-8	7.093580034061871e-9
538.	0.	5.146241866805202e-22	1.826389144792479e-8	7.087889814256044e-9
539.	0.	0.	1.8196598348837686e-8	7.0823511348048506e-9
540.	0.	0.	1.8129901089487187e-8	7.0769579395802566e-9
540.9999999999999	0.	0.	1.8063780379121073e-8	7.0717041933620604e-9
542.	0.	0.	1.7998217183212025e-8	7.0665838839544905e-9
543.	0.	0.	1.7933192726632416e-8	7.06159102426239e-9
544.	0.	0.	1.7868688496633055e-8	7.056719654321962e-9
545.	0.	0.	1.7804686245632268e-8	7.051963843286859e-9
545.9999999999999	0.	0.	1.7741167993817692e-8	7.047317691369631e-9
547.	0.	0.	1.7678116031568837e-8	7.0427753317402255e-9
548.	0.	0.	1.7615512921691947e-8	7.038330932377386e-9
549.	0.	0.	1.755334150148381e-8	7.033978697878223e-9
549.9999999999999	0.	0.	1.7491584884614315e-8	7.029712871220144e-9
551.	0.	0.	1.7430226462836855e-8	7.025527735478598e-9
552.	0.	0.	1.736924990753418e-8	7.021417615501874e-9
553.	0.	0.	1.7308639171092907e-8	7.017376879538901e-9
554.	0.	0.	1.724837848811603e-8	7.013399940823316e-9
554.9999999999999	0.	0.	1.7188452376473184e-8	7.009481259111893e-9
556.	0.	0.	1.7128845638197564e-8	7.005615342180228e-9
557.	0.	0.	1.7069543360223508e-8	7.001796747271916e-9
558.	0.	0.	1.7010530914976175e-8	6.9980200825047725e-9
558.9999999999999	0.	0.	1.695179396080946e-8	6.994280008231684e-9
560.	0.	0.	1.68933184423031e-8	6.990571238358892e-9
561.	0.	0.	1.683509059041508e-8	6.986888541619733e-9
562.	0.	0.	1.677709692249476e-8	6.983226742804534e-9
563.	0.	0.	1.6719324242159407e-8	6.979580723946801e-9
563.9999999999999	0.	0.	1.6661759639044096e-8	6.9759454254689215e-9
565.	0.	0.	1.6604390488414444e-8	6.9723158472818424e-9
566.	0.	0.	1.6547204450656595e-8	6.968687049843776e-9
567.	0.	0.	1.6490189470642665e-8	6.965054155176092e-9
567.9999999999999	0.	0.	1.643333377698092e-8	6.9614123478394756e-9
569.	0.	0.	1.6376625881141844e-8	6.957756875865382e-9
570.	0.	0.	1.6320054576472506e-8	6.9540830516474185e-9
571.	0.	0.	1.6263608937106854e-8	6.950386252794601e-9
572.	0.	0.	1.6207278316757473e-8	6.946661922939471e-9
572.9999999999999	0.	0.	1.6151052347410977e-8	6.942905572509974e-9
574.	0.	0.	1.609492093791756e-8	6.939112779459434e-9
575.	0.	0.	1.60388742724879e-8	6.935279189960159e-9
576.	0.	0.	1.5982902809084763e-8	6.931400519053771e-9
576.9999999999999	0.	0.	1.592699727773086e-8	6.927472551266996e-9
578.	0.	0.	1.587114867872499e-8	6.923491141188742e-9
579.	0.	0.	1.581534828077097e-8	6.919452214008915e-9
580.	0.	0.	1.5759587619020235e-8	6.915351766019667e-9
581.	0.	0.	1.5703858493041494e-8	6.911185865083002e-9
582.	0.	0.	1.5648152964703847e-8	6.906950651058678e-9
583.	0.	0.	1.5592463355991467e-8	6.902642336199572e-9
584.	0.	0.	1.5536782246742086e-8	6.898257205509778e-9
585.	0.	0.	1.5481102472320514e-8	6.893791617070571e-9
585.9999999999999	0.	0.	1.5425417121218817e-8	6.889242002328845e-9
587.	0.	0.	1.536971953260293e-8	6.884604866356813e-9
588.	0.	0.	1.531400329378673e-8	6.879876788073759e-9
589.	0.	0.	1.5258262237655757e-8	6.875054420438624e-9
589.9999999999999	0.	0.	1.5202490440032796e-8	6.870134490609584e-9
591.	0.	0.	1.5146682216990748e-8	6.865113800072882e-9
592.	0.	0.	1.5090832122112183e-8	6.859989224739038e-9
593.	0.	0.	1.5034934943703984e-8	6.854757715010532e-9
594.	0.	0.	1.497898570196593e-8	6.84941629581925e-9
594.9999999999999	0.	0.	1.492297964611481e-8	6.843962066634514e-9
596.	0.	0.	1.4866912251468366e-8	6.83839220144212e-9
597.	0.	0.	1.481077921649188e-8	6.8327039486962416e-9
598.	0.	0.	1.4754576459806567e-8	6.826894631242374e-9
598.9999999999999	0.	0.	1.4698300117166196e-8	6.820961646214427e-9
600.	0.	0.	1.4641946538401492e-8	6.814902464904847e-9
601.	0.	0.	1.4585512284335182e-8	6.808714632608943e-9
602.	0.	0.	1.452899412367136e-8	6.802395768444193e-9
603.	0.	0.	1.447238902985506e-8	6.795943565143033e-9
603.9999999999999	0.	0.	1.4415694177916756e-8	6.789355788824334e-9
605.	0.	0.	1.4358906941289688e-8	6.782630278738776e-9
606.	0.	0.	1.4302024888610566e-8	6.7757649469919595e-9
607.	0.	0.	1.4245045780503226e-8	6.76875777824451e-9
607.9999999999999	0.	0.	1.4187967566349794e-8	6.761606829391643e-9
609.	0.	0.	1.4130788381044408e-8	6.754310229219026e-9
610.	0.	0.	1.4073506541738431e-8	6.746866178038739e-9
611.	0.	0.	1.401612054457724e-8	6.739272947305635e-9
612.	0.	0.	1.3958629061428319e-8	6.731528879212797e-9
612.9999999999999	0.	0.	1.390103093660139e-8	6.7236323862672705e-9
614.	0.	0.	1.38433251835698e-8	6.715581950848931e-9
615.	0.	0.	1.3785510981683399e-8	6.70737612474883e-9
616.	0.	0.	1.3727587672885977e-8	6.69901352869191e-9
616.9999999999999	0.	0.	1.3669554758428476e-8	6.690492851840614e-9
618.	0.	0.	1.361141189558805e-8	6.681812851283085e-9
619.	0.	0.	1.3553158894390359e-8	6.672972351505567e-9
620.	0.	0.	1.3494795714334789e-8	6.663970243847544e-9
621.	0.	0.	1.3436322461129096e-8	6.65480548594352e-9
621.9999999999999	0.	0.	1.3377739383430423e-8	6.64547710114923e-9
623.	0.	0.	1.3319046869595377e-8	6.635984177953713e-9
624.	0.	0.	1.3260245444442409e-8	6.626325869378587e-9
625.	0.	0.	1.3201335766024954e-8	6.616501392363626e-9
625.9999999999999	0.	0.	1.3142318622416403e-8	6.6065100271393916e-9
627.	0.	0.	1.3083194928512613e-8	6.596351116588893e-9
628.	0.	0.	1.3023965722846128e-8	6.586024065596165e-9
629.	0.	0.	1.2964632164420134e-8	6.575528340385155e-9
629.9999999999999	0.	0.	1.2905195529558447e-8	6.564863467846907e-9
630.9999999999999	0.	0.	1.2845657208772743e-8	6.554029034856267e-9
632.	0.	0.	1.2786018703653742e-8	6.543024687580565e-9
633.	0.	0.	1.272628162377781e-8	6.531850130776499e-9
634.	0.	0.	1.2666447683638933e-8	6.520505127080224e-9
634.9999999999999	0.	0.	1.260651869960246e-8	6.508989496288433e-9
636.	0.	0.	1.2546496586879809e-8	6.4973031146303435e-9
637.	0.	0.	1.2486383356530123e-8	6.4854459140337805e-9
638.	0.	0.	1.242618111248577e-8	6.473417881383141e-9
638.9999999999999	0.	0.	1.2365892048604423e-8	6.461219057771328e-9
640.	0.	0.	1.2305518445744534e-8	6.4488495377439175e-9
641.	0.	0.	1.2245062668873081e-8	6.43630946853982e-9
642.	0.	0.	1.2184527164196466e-8	6.42359904932434e-9
643.	0.	0.	1.2123914456321369e-8	6.410718530417359e-9
643.9999999999999	0.	0.	1.2063227145447051e-8	6.3976682125188026e-9
645.	0.	0.	1.2002467904583667e-8	6.3844484459273756e-9
646.	0.	0.	1.1941639476803258e-8	6.371059629756499e-9
647.	0.	0.	1.1880744672519699e-8	6.357502211146329e-9
647.9999999999999	0.	0.	1.1819786366802784e-8	6.343776684473327e-9
649.	0.	0.	1.1758767496719532e-8	6.329883590555555e-9
650.	0.	0.	1.1697691058713138e-8	6.315823515857153e-9
651.	0.	0.	1.1636560106009018e-8	6.3015970916888355e-9
652.	0.	0.	1.1575377746058059e-8	6.2872049934084114e-9
652.9999999999999	0.	0.	1.1514147138010599e-8	6.2726479396181236e-9
654.	0.	0.	1.1452871490225386e-8	6.257926691362055e-9
655.	0.	0.	1.1391554057812138e-8	6.243042051322227e-9
656.	0.	0.	1.1330198140208616e-8	6.227994863014084e-9
656.9999999999999	0.	0.	1.1268807078791039e-8	6.212786009981616e-9
658.	0.	0.	1.1207384254520645e-8	6.197416414992978e-9
659.	0.	0.	1.114593308562517e-8	6.181887039236135e-9
660.	0.	0.	1.1084457025314829e-8	6.166198881515593e-9
661.	0.	0.	1.1022959559533563e-8	6.150352977449104e-9
661.9999999999999	0.	0.	1.0961444204746229e-8	6.1343503986665515e-9
663.	0.	0.	1.089991450576215e-8	6.118192252010111e-9
664.	0.	0.	1.083837403359293e-8	6.101879678735694e-9
665.	0.	0.	1.0776826383347295e-8	6.085413853716871e-9
665.9999999999999	0.	0.	1.071527517216073e-8	6.068795984650457e-9
667.	0.	0.	1.065372403716259e-8	6.052027311265377e-9
668.	0.	0.	1.0592176633478305e-8	6.035109104533587e-9
669.	0.	0.	1.0530636632267537e-8	6.0180426658841335e-9
670.	0.	0.	1.0469107718798681e-8	6.000829326420466e-9
670.9999999999999	0.	0.	1.0407593590559704e-8	5.983470446141294e-9
672.	0.	0.	1.0346097955404038e-8	5.965967413164289e-9
673.	0.	0.	1.0284624529733841e-8	5.948321642954733e-9
674.	0.	0.	1.0223177036717734e-8	5.930534577557419e-9
674.9999999999999	0.	0.	1.0161759204545147e-8	5.912607684832625e-9
676.	0.	0.	1.0100374764716591e-8	5.894542457697374e-9
677.	0.	0.	1.0039027450368393e-8	5.876340413369931e-9
678.	0.	0.	9.977720994634788e-9	5.858003092620668e-9
678.9999999999999	0.	0.	9.9164591290437e-9	5.8395320590264085e-9
679.9999999999999	0.	0.	9.855245581948304e-9	5.820928898230686e-9
681.	0.	0.	9.7940840769944e-9	5.802195217209208e-9
682.	0.	0.	9.732978331621166e-9	5.783332643540168e-9
683.	0.	0.	9.671932055598058e-9	5.764342824680906e-9
683.9999999999999	0.	0.	9.61094894959593e-9	5.74522742724992e-9
685.	0.	0.	9.550032703791305e-9	5.725988136314452e-9
686.	0.	0.	9.489186996506695e-9	5.706626654684655e-9
687.	0.	0.	9.428415492882832e-9	5.687144702213275e-9
687.9999999999999	0.	0.	9.367721843586437e-9	5.6675440151021476e-9
688.9999999999999	0.	0.	9.307109683549645e-9	5.64782634521462e-9
690.	0.	0.	9.246582630743623e-9	5.627993459394459e-9
691.	0.	0.	9.18614428498544e-9	5.6080471387919804e-9
692.	0.	0.	9.12579822677594e-9	5.587989178195944e-9
692.9999999999999	0.	0.	9.065548016171705e-9	5.5678213853726525e-9
694.	0.	0.	9.00539719168787e-9	5.547545580412429e-9
695.	0.	0.	8.945349269233937e-9	5.527163595082284e-9
696.	0.	0.	8.885407741079539e-9	5.506677272186107e-9
696.9999999999999	0.	0.	8.825576074852569e-9	5.486088464931766e-9
698.	0.	0.	8.765857712567383e-9	5.465399036305763e-9
699.	0.	0.	8.706256069683939e-9	5.444610858454721e-9
700.	0.	0.	8.646774534198216e-9	5.423725812075142e-9
701.	0.	0.	8.58741646575959e-9	5.402745785809184e-9
701.9999999999999	0.	0.	8.528185194820683e-9	5.381672675649228e-9
703.	0.	0.	8.469084021815137e-9	5.360508384349423e-9
704.	0.	0.	8.410116216364805e-9	5.339254820844963e-9
705.	0.	0.	8.351285016513754e-9	5.317913899678685e-9
705.9999999999999	0.	0.	8.292593627993654e-9	5.296487540436209e-9
707.	0.	0.	8.234045223514044e-9	5.274977667187898e-9
708.	0.	0.	8.175642942081045e-9	5.253386207938996e-9
709.	0.	0.	8.117389888343865e-9	5.231715094087837e-9
710.	0.	0.	8.05928913196711e-9	5.2099662598913364e-9
710.9999999999999	0.	0.	8.001343707029831e-9	5.188141641938903e-9
712.	0.	0.	7.943556611450593e-9	5.166243178633963e-9
713.	0.	0.	7.885930806438564e-9	5.144272809683341e-9
714.	0.	0.	7.828469215968826e-9	5.1222324755948524e-9
714.9999999999999	0.	0.	7.771174726283699e-9	5.100124117182614e-9
716.	0.	0.	7.714050185417522e-9	5.077949675080199e-9
717.	0.	0.	7.657098402747032e-9	5.055711089262288e-9
718.	0.	0.	7.6003221485638e-9	5.033410298573785e-9
719.	0.	0.	7.54372415367184e-9	5.0110492402671424e-9
719.9999999999999	0.	0.	7.487307109005838e-9	4.9886298495473175e-9
721.	0.	0.	7.431073665275307e-9	4.966154059125585e-9
722.	0.	0.	7.375026432627295e-9	4.943623798779948e-9
723.	0.	0.	7.319167980334071e-9	4.921040994924853e-9
723.9999999999999	0.	0.	7.2635008365006046e-9	4.898407570188093e-9
725.	0.	0.	7.208027487793635e-9	4.875725442995648e-9
726.	0.	0.	7.1527503791911784e-9	4.852996527164647e-9
727.	0.	0.	7.09767191375316e-9	4.830222731504429e-9
727.9999999999999	0.	0.	7.04279445241123e-9	4.807405959424791e-9
728.9999999999999	0.	0.	6.988120313778112e-9	4.7845481085527996e-9
730.	0.	0.	6.933651773977557e-9	4.761651070357109e-9
731.	0.	0.	6.879391066490878e-9	4.738716729779826e-9
732.	0.	0.	6.825340382024317e-9	4.715746964876607e-9
732.9999999999999	0.	0.	6.771501868392586e-9	4.692743646464313e-9
734.	0.	0.	6.717877630421563e-9	4.669708637776077e-9
735.	0.	0.	6.664469729867882e-9	4.646643794124474e-9
736.	0.	0.	6.611280185354827e-9	4.623550962571969e-9
736.9999999999999	0.	0.	6.5583109723260735e-9	4.600431981609063e-9
737.9999999999999	0.	0.	6.505564023015013e-9	4.57728868084007e-9
739.	0.	0.	6.453041226430036e-9	4.554122880676133e-9
740.	0.	0.	6.400744428355687e-9	4.530936392035941e-9
741.	0.	0.	6.348675431368677e-9	4.507731016053729e-9
741.9999999999999	0.	0.	6.2968359948688695e-9	4.4845085437945835e-9
743.	0.	0.	6.24522783512513e-9	4.461270755977244e-9
744.	0.	0.	6.193852625334853e-9	4.438019422703722e-9
745.	0.	0.	6.14271199569777e-9	4.414756303196771e-9
745.9999999999999	0.	0.	6.091807533502014e-9	4.391483145543642e-9
746.9999999999999	0.	0.	6.0411407832259695e-9	4.368201686447954e-9
748.	0.	0.	5.9907132466497656e-9	4.344913650987637e-9
749.	0.	0.	5.940526382981649e-9	4.321620752380474e-9
750.	0.	0.	5.890581608995099e-9	4.298324691756022e-9
750.9999999999999	0.	0.	5.840880299178511e-9	4.275027157935093e-9
752.	0.	0.	5.7914237858960674e-9	4.251729827215297e-9
753.	0.	0.	5.742213359559894e-9	4.228434363163835e-9
754.	0.	0.	5.693250268813072e-9	4.20514241641649e-9
754.9999999999999	0.	0.	5.644535720723353e-9	4.181855624483907e-9
756.	0.	0.	5.5960708809861315e-9	4.15857561156334e-9
757.	0.	0.	5.547856874139291e-9	4.135303988358221e-9
758.	0.	0.	5.499894783785965e-9	4.112042351902783e-9
759.	0.	0.	5.452185652827043e-9	4.088792285393935e-9
759.9999999999999	0.	0.	5.404730483703564e-9	4.065555358029218e-9
761.	0.	0.	5.357530238646465e-9	4.0423331248505034e-9
762.	0.	0.	5.310585839935957e-9	4.019127126594457e-9
763.	0.	0.	5.263898170168709e-9	3.995938889548607e-9
763.9999999999999	0.	0.	5.217468072532707e-9	3.972769925413572e-9
765.	0.	0.	5.1712963510895935e-9	3.949621731171223e-9
766.	0.	0.	5.125383771065639e-9	3.926495788958673e-9
767.	0.	0.	5.079731059147692e-9	3.903393565947854e-9
768.	0.	0.	5.034338903787866e-9	3.8803165142311716e-9
768.9999999999999	0.	0.	4.989207955513285e-9	3.857266070712411e-9
770.	0.	0.	4.9443388272438874e-9	3.834243657003456e-9
771.	0.	0.	4.899732094614012e-9	3.811250679326203e-9
772.	0.	0.	4.855388296301935e-9	3.788288528420403e-9
772.9999999999999	0.	0.	4.811307934363538e-9	3.7653585794561095e-9
774.	0.	0.	4.7674914745717195e-9	3.742462191952037e-9
775.	0.	0.	4.723939346761143e-9	3.7196007096987457e-9
776.	0.	0.	4.680651945177327e-9	3.6967754606870307e-9
776.9999999999999	0.	0.	4.637629628830974e-9	3.673987757041426e-9
777.9999999999999	0.	0.	4.59487272185574e-9	3.6512388949584615e-9
779.	0.	0.	4.552381513871108e-9	3.628530154650035e-9
780.	0.	0.	4.510156260348679e-9	3.6058628002915736e-9
781.	0.	0.	4.4681971829824545e-9	3.5832380799746364e-9
781.9999999999999	0.	0.	4.426504470062085e-9	3.560657225664686e-9
783.	0.	0.	4.385078276850177e-9	3.538121453162923e-9
784.	0.	0.	4.34391872596203e-9	3.5156319620730447e-9
785.	0.	0.	4.303025907748814e-9	3.493189935772254e-9
785.9999999999999	0.	0.	4.2623998806831775e-9	3.4707965413866508e-9
786.9999999999999	0.	0.	4.222040671746916e-9	3.4484529297709434e-9
788.	0.	0.	4.181948276822153e-9	3.4261602354923023e-9
789.	0.	0.	4.142122661083333e-9	3.4039195768186184e-9
790.	0.	0.	4.102563759392159e-9	3.3817320557104102e-9
790.9999999999999	0.	0.	4.0632714766933825e-9	3.3595987578171085e-9
792.	0.	0.	4.024245688413304e-9	3.3375207524771343e-9
793.	0.	0.	3.985486240858662e-9	3.3154990927217074e-9
794.	0.	0.	3.946992951617511e-9	3.2935348152826327e-9
794.9999999999999	0.	0.	3.908765609960822e-9	3.2716289406038113e-9
795.9999999999999	0.	0.	3.870803977244931e-9	3.2497824728560333e-9
797.	0.	0.	3.8331077873152795e-9	3.2279963999559035e-9
798.	0.	0.	3.7956767469101455e-9	3.2062716935877e-9
799.	0.	0.	3.758510536065444e-9	3.1846093092290626e-9
799.9999999999999	0.	0.	3.721608808519493e-9	3.1630101861799257e-9
801.	0.	0.	3.684971192117933e-9	3.1414752475945608e-9
802.	0.	0.	3.6485972892190283e-9	3.120005400517122e-9
803.	0.	0.	3.61248667709864e-9	3.0986015359200767e-9
803.9999999999999	0.	0.	3.576638908354971e-9	3.0772645287459556e-9
804.9999999999999	0.	0.	3.541053511312845e-9	3.0559952379519497e-9
806.	0.	0.	3.505729990428366e-9	3.03479450655745e-9
807.	0.	0.	3.470667826691557e-9	3.0136631616945417e-9
808.	0.	0.	3.4358664780294226e-9	2.992602014661325e-9
808.9999999999999	0.	0.	3.4013253797076983e-9	2.971611860977935e-9
810.	0.	0.	3.3670439447319865e-9	2.9506934804451833e-9
811.	0.	0.	3.333021564247368e-9	2.92984763720588e-9
812.	0.	0.	3.2992576079372927e-9	2.9090750798087795e-9
812.9999999999999	0.	0.	3.2657514244204382e-9	2.8883765412748795e-9
814.	0.	0.	3.23250234164811e-9	2.8677527391662015e-9
815.	0.	0.	3.199509667297154e-9	2.8472043756568956e-9
816.	0.	0.	3.1667726891644438e-9	2.826732137606802e-9
816.9999999999999	0.	0.	3.134290675557295e-9	2.8063366966369755e-9
817.9999999999999	0.	0.	3.1020628756839258e-9	2.78601870920765e-9
819.	0.	0.	3.0700885200404344e-9	2.7657788166981622e-9
820.	0.	0.	3.038366820797389e-9	2.7456176454889262e-9
821.	0.	0.	3.0068969721833556e-9	2.725535807045605e-9
821.9999999999999	0.	0.	2.9756781508671074e-9	2.7055338980049403e-9
823.	0.	0.	2.944709516336723e-9	2.6856125002625924e-9
824.	0.	0.	2.9139902112778767e-9	2.6657721810629256e-9
825.	0.	0.	2.8835193619481762e-9	2.6460134930903266e-9
825.9999999999999	0.	0.	2.8532960785504875e-9	2.6263369745624758e-9
826.9999999999999	0.	0.	2.8233194556032098e-9	2.606743149324966e-9
828.	0.	0.	2.7935885723079606e-9	2.5872325269478887e-9
829.	0.	0.	2.7641024929152005e-9	2.5678056028236913e-9
830.	0.	0.	2.734860267086861e-9	2.5484628582667274e-9
830.9999999999999	0.	0.	2.7058609302559386e-9	2.5292047606139393e-9
832.	0.	0.	2.677103503984585e-9	2.5100317633273984e-9
833.	0.	0.	2.648586996318158e-9	2.4909443060976944e-9
834.	0.	0.	2.6203104021369224e-9	2.4719428149490455e-9
834.9999999999999	0.	0.	2.5922727035050457e-9	2.453027702345259e-9
835.9999999999999	0.	0.	2.5644728700164354e-9	2.434199367297225e-9
837.	0.	0.	2.536909859137573e-9	2.4154581954712317e-9
838.	0.	0.	2.509582616547657e-9	2.3968045592986793e-9
839.	0.	0.	2.482490076475412e-9	2.378238818086585e-9
839.9999999999999	0.	0.	2.455631162032831e-9	2.3597613181292382e-9
841.	0.	0.	2.429004785546132e-9	2.3413723928207085e-9
842.	0.	0.	2.4026098488826463e-9	2.32307236276839e-9
843.	0.	0.	2.3764452437759896e-9	2.304861535907269e-9
843.9999999999999	0.	0.	2.350509852146566e-9	2.2867402076150727e-9
844.9999999999999	0.	0.	2.324802546419832e-9	2.2687086608281682e-9
846.	0.	0.	2.299322189840815e-9	2.2507671661582648e-9
847.	0.	0.	2.2740676367851237e-9	2.232915982009699e-9
848.	0.	0.	2.2490377330677332e-9	2.2151553546974596e-9
848.9999999999999	0.	0.	2.2242313162465836e-9	2.197485518565725e-9
850.	0.	0.	2.1996472159251515e-9	2.1799066961071023e-9
851.	0.	0.	2.17528425404905e-9	2.162419098082202e-9
852.	0.	0.	2.1511412452017263e-9	2.145022923639982e-9
852.9999999999999	0.	0.	2.1272169968950067e-9	2.127718360438143e-9
853.9999999999999	0.	0.	2.1035103098568236e-9	2.110505584764389e-9
855.	0.	0.	2.080019978315693e-9	2.0933847616576863e-9
856.	0.	0.	2.0567447902814e-9	2.076356045030135e-9
857.	0.	0.	2.0336835278224406e-9	2.05941957778893e-9
857.9999999999999	0.	0.	2.0108349673402026e-9	2.0425754919587804e-9
859.	0.	0.	1.988197879838872e-9	2.025823908804395e-9
860.	0.	0.	1.965771031193003e-9	2.00916493895329e-9
861.	0.	0.	1.9435531824104408e-9	1.992598682518751e-9
861.9999999999999	0.	0.	1.921543089893069e-9	1.9761252292228393e-9
863.	0.	0.	1.8997395056926104e-9	1.9597446585196372e-9
864.	0.	0.	1.87814117776422e-9	1.943457039718452e-9
865.	0.	0.	1.856746850216069e-9	1.927262432107122e-9
865.9999999999999	0.	0.	1.8355552635549507e-9	1.911160885075363e-9
866.9999999999999	0.	0.	1.8145651549293845e-9	1.895152438237962e-9
868.	0.	0.	1.793775258368878e-9	1.8792371215581595e-9
869.	0.	0.	1.7731843050190236e-9	1.8634149554706957e-9
870.	0.	0.	1.7527910233745446e-9	1.8476859510049335e-9
870.9999999999999	0.	0.	1.732594139507222e-9	1.8320501099078438e-9
872.	0.	0.	1.7125923772919422e-9	1.8165074247667104e-9
873.	0.	0.	1.6927844586281896e-9	1.8010578791318039e-9
874.	0.	0.	1.673169103658934e-9	1.7857014476387997e-9
874.9999999999999	0.	0.	1.6537450309850443e-9	1.7704380961308556e-9
875.9999999999999	0.	0.	1.6345109578773777e-9	1.7552677817806454e-9
877.	0.	0.	1.6154656004851864e-9	1.7401904532119211e-9
878.	0.	0.	1.5966076740407333e-9	1.7252060506209224e-9
879.	0.	0.	1.5779358930608922e-9	1.7103145058973187e-9
879.9999999999999	0.	0.	1.5594489715452176e-9	1.695515742744983e-9
881.	0.	0.	1.541145623170983e-9	1.680809676802183e-9
882.	0.	0.	1.5230245614845328e-9	1.6661962157616159e-9
883.	0.	0.	1.5050845000897428e-9	1.6516752594898204e-9
883.9999999999999	0.	0.	1.4873241528324933e-9	1.6372467001463484e-9
884.9999999999999	0.	0.	1.4697422339829935e-9	1.6229104223023445e-9
886.	0.	0.	1.4523374584135313e-9	1.6086663030587452e-9
887.	0.	0.	1.4351085417741042e-9	1.5945142121639606e-9
888.	0.	0.	1.418054200664247e-9	1.580454012131066e-9
888.9999999999999	0.	0.	1.401173152801815e-9	1.566485558354485e-9
890.	0.	0.	1.3844641171889038e-9	1.552608699226062e-9
891.	0.	0.	1.3679258142736861e-9	1.5388232762507187e-9
892.	0.	0.	1.351556966110426e-9	1.5251291241614506e-9
892.9999999999999	0.	0.	1.3353562965154654e-9	1.5115260710336971e-9
893.9999999999999	0.	0.	1.3193225312202484e-9	1.4980139383992248e-9
895.	0.	0.	1.3034543980217887e-9	1.4845925413593569e-9
896.	0.	0.	1.287750626929403e-9	1.4712616886975001e-9
897.	0.	0.	1.2722099503091621e-9	1.458021182991163e-9
897.9999999999999	0.	0.	1.2568311030245655e-9	1.4448708207232259e-9
899.	0.	0.	1.2416128225750306e-9	1.4318103923925059e-9
900.	0.	0.	1.2265538492309068e-9	1.4188396826238376e-9
901.	0.	0.	1.2116529261659007e-9	1.405958470277192e-9
901.9999999999999	0.	0.	1.1969087995863013e-9	1.39316652855637e-9
902.9999999999999	0.	0.	1.1823202188576568e-9	1.3804636251167083e-9
904.	0.	0.	1.1678859366284775e-9	1.3678495221722976e-9
905.	0.	0.	1.1536047089511868e-9	1.3553239766023356e-9
906.	0.	0.	1.139475295400079e-9	1.3428867400567494e-9
906.9999999999999	0.	0.	1.125496459187018e-9	1.3305375590611098e-9
908.	0.	0.	1.1116669672736577e-9	1.318276175120745e-9
909.	0.	0.	1.097985590481859e-9	1.3061023248240638e-9
910.	0.	0.	1.084451103600576e-9	1.2940157399452174e-9
910.9999999999999	0.	0.	1.071062285491016e-9	1.2820161475457592e-9
911.9999999999999	0.	0.	1.0578179191879196e-9	1.2701032700757144e-9
913.	0.	0.	1.0447167919996676e-9	1.2582768254737825e-9
914.	0.	0.	1.031757695605046e-9	1.2465365272666532e-9
914.9999999999999	0.	0.	1.0189394261471852e-9	1.2348820846675833e-9
915.9999999999999	0.	0.	1.0062607843258973e-9	1.2233132026741614e-9
917.	0.	0.	9.937205754869184e-10	1.2118295821651963e-9
918.	0.	0.	9.813176097087201e-10	1.2004309199967938e-9
919.	0.	0.	9.690507018869513e-10	1.1891169090976078e-9
919.9999999999999	0.	0.	9.569186718169356e-10	1.1778872385631904e-9
921.	0.	0.	9.44920344273123e-10	1.1667415937495933e-9
922.	0.	0.	9.330545490864475e-10	1.1556796563659876e-9
923.	0.	0.	9.213201212198856e-10	1.1447011045665688e-9
923.9999999999999	0.	0.	9.097159008408746e-10	1.1338056130414481e-9
924.9999999999999	0.	0.	8.982407333919497e-10	1.1229928531068318e-9
926.	0.	0.	8.868934696596185e-10	1.1122624927942124e-9
927.	0.	0.	8.756729658399786e-10	1.1016141969387402e-9
928.	0.	0.	8.64578083602941e-10	1.0910476272667112e-9
928.9999999999999	0.	0.	8.536076901544011e-10	1.0805624424822133e-9
930.	0.	0.	8.427606582954599e-10	1.0701582983528293e-9
931.	0.	0.	8.320358664810629e-10	1.0598348477945278e-9
932.	0.	0.	8.214321988747346e-10	1.0495917409555845e-9
932.9999999999999	0.	0.	8.109485454028153e-10	1.039428625299755e-9
933.9999999999999	0.	0.	8.005838018059372e-10	1.0293451456884123e-9
935.	0.	0.	7.903368696889065e-10	1.0193409444618957e-9
936.	0.	0.	7.802066565682151e-10	1.009415661519986e-9
937.	0.	0.	7.701920759182551e-10	9.99568934401378e-10
937.9999999999999	0.	0.	7.602920472148838e-10	9.89800398362425e-10
939.	0.	0.	7.50505495978059e-10	9.801096864548792e-10
940.	0.	0.	7.408313538117425e-10	9.704964296027845e-10
941.	0.	0.	7.312685584428888e-10	9.6096025667848e-10
941.9999999999999	0.	0.	7.218160537576468e-10	9.515007945777582e-10
942.9999999999999	0.	0.	7.1247278983674e-10	9.421176682940531e-10
944.	0.	0.	7.032377229889666e-10	9.328105009918232e-10
945.	0.	0.	6.941098157822657e-10	9.235789140790113e-10
946.	0.	0.	6.850880370741684e-10	9.14422527278638e-10
946.9999999999999	0.	0.	6.761713620398998e-10	9.053409586995479e-10
948.	0.	0.	6.673587721992181e-10	8.963338249061687e-10
949.	0.	0.	6.586492554415177e-10	8.874007409875284e-10
950.	0.	0.	6.500418060494591e-10	8.785413206253273e-10
950.9999999999999	0.	0.	6.415354247208717e-10	8.697551761611447e-10
951.9999999999999	0.	0.	6.331291185895432e-10	8.610419186627895e-10
953.	0.	0.	6.248219012443732e-10	8.524011579897592e-10
954.	0.	0.	6.166127927467675e-10	8.438325028578987e-10
954.9999999999999	0.	0.	6.085008196467853e-10	8.353355609030906e-10
955.9999999999999	0.	0.	6.004850149985008e-10	8.26909938744217e-10
957.	0.	0.	5.925644183728701e-10	8.18555242045146e-10
958.	0.	0.	5.847380758701276e-10	8.102710755759373e-10
959.	0.	0.	5.770050401305474e-10	8.020570432732022e-10
959.9999999999999	0.	0.	5.693643703436786e-10	7.939127482995921e-10
960.9999999999999	0.	0.	5.618151322569392e-10	7.85837793102432e-10
962.	0.	0.	5.543563981821931e-10	7.778317794715573e-10
963.	0.	0.	5.469872470017309e-10	7.69894308596299e-10
963.9999999999999	0.	0.	5.397067641725323e-10	7.620249811216423e-10
964.9999999999999	0.	0.	5.325140417299702e-10	7.542233972035397e-10
966.	0.	0.	5.254081782893958e-10	7.464891565634436e-10
967.	0.	0.	5.183882790478833e-10	7.388218585419818e-10
968.	0.	0.	5.11453455783578e-10	7.312211021518413e-10
968.9999999999999	0.	0.	5.046028268547983e-10	7.236864861298557e-10
969.9999999999999	0.	0.	4.978355171977928e-10	7.162176089882514e-10
971.	0.	0.	4.911506583233029e-10	7.088140690651349e-10
972.	0.	0.	4.845473883125695e-10	7.014754645741745e-10
972.9999999999999	0.	0.	4.780248518116557e-10	6.942013936534828e-10
973.9999999999999	0.	0.	4.715822000253627e-10	6.869914544137086e-10
975.	0.	0.	4.65218590710032e-10	6.79845244985385e-10
976.	0.	0.	4.589331881651624e-10	6.727623635654815e-10
977.	0.	0.	4.5272516322451246e-10	6.657424084631716e-10
977.9999999999999	0.	0.	4.4659369324595847e-10	6.587849781448651e-10
979.	0.	0.	4.405379621007406e-10	6.518896712784755e-10
980.	0.	0.	4.345571601614941e-10	6.450560867769179e-10
980.9999999999999	0.	0.	4.286504842899681e-10	6.382838238408845e-10
982.	0.	0.	4.228171378234236e-10	6.315724820008622e-10
982.9999999999999	0.	0.	4.1705633056045053e-10	6.249216611584198e-10
983.9999999999999	0.	0.	4.1136727874616415e-10	6.183309616267665e-10
985.	0.	0.	4.0574920505630054e-10	6.117999841705549e-10
985.9999999999999	0.	0.	4.0020133858084944e-10	6.053283300450539e-10
987.	0.	0.	3.9472291480673904e-10	5.989156010344795e-10
988.	0.	0.	3.8931317559989346e-10	5.925613994897154e-10
988.9999999999999	0.	0.	3.839713691870069e-10	5.862653283653287e-10
990.	0.	0.	3.786967501359007e-10	5.800269912558088e-10
990.9999999999999	0.	0.	3.7348857933559395e-10	5.738459924311999e-10
992.	0.	0.	3.6834612397604706e-10	5.677219368720259e-10
993.	0.	0.	3.6326865752676523e-10	5.616544303035113e-10
993.9999999999999	0.	0.	3.582554597151729e-10	5.55643079229174e-10
995.	0.	0.	3.5330581650412125e-10	5.496874909636919e-10
995.9999999999999	0.	0.	3.4841902006901587e-10	5.437872736651905e-10
997.	0.	0.	3.4359436877438983e-10	5.379420363667918e-10
998.	0.	0.	3.3883116714984544e-10	5.321513890075808e-10
998.9999999999999	0.	0.	3.3412872586552997e-10	5.264149424628929e-10
1000.	0.	0.	3.29486361707184e-10	5.207323085739653e-10