0.	0.	0.	0.	0.
1.	1.8636042189966178e-13	3.907613797038927e-13	4.079088049639635e-14	4.08752067047274e-15
2.	9.901772242487517e-15	6.750403748604991e-13	7.35868198890818e-14	7.38916550339669e-15
3.	3.157603251350367e-16	8.727676148429207e-13	9.939173548421903e-14	1.0001052278229714e-14
4.	7.767122538759754e-18	1.000845210981628e-12	1.1911263011704104e-13	1.2010328383884996e-14
5.	1.6190928451866315e-19	1.0735364489876534e-12	1.3356737581591033e-13	1.3495863497111972e-14
6.	2.9999294206307698e-21	1.1028133974887723e-12	1.434919556080827e-13	1.4528896098657014e-14
7.	5.0812701062690645e-23	1.098665929054163e-12	1.4954719699088685e-13	1.5173636553290853e-14
8.	7.914270682952861e-25	1.069375521418481e-12	1.5232502871725673e-13	1.5487829334436175e-14
9.	1.436661162857961e-26	1.0217570498974128e-12	1.5235429076569253e-13	1.552327683587279e-14
10.	7.126762519825321e-27	9.613716061688314e-13	1.5010612567724982e-13	1.5326327081517568e-14
11.	1.0703112469892778e-28	8.927131909322625e-13	1.4599897784174022e-13	1.493832751926543e-14
12.	1.5336943720649244e-30	8.193719342731839e-13	1.4040322579783166e-13	1.4396046966041525e-14
13.	2.1086106261594597e-32	7.441763024569644e-13	1.3364547117320395e-13	1.3732067658271363e-14
14.	2.7937353203523793e-34	6.693165569558719e-13	1.2601250652756753e-13	1.297514925465583e-14
14.999999999999998	3.5794721481365864e-36	5.964515435223669e-13	1.1775498306957745e-13	1.2150566536182725e-14
16.	4.4474274774452805e-38	5.268007081134159e-13	1.0909079799501294e-13	1.1280422451469012e-14
17.	5.370618671970949e-40	4.612230639173981e-13	1.0020822003475315e-13	1.0383938063571763e-14
18.	6.314444115760179e-42	4.0028467063923685e-13	9.126877070390474e-14	9.477720867103593e-15
18.999999999999996	7.238371437035261e-44	3.443160341803209e-13	8.240987770492053e-14	8.576012861624728e-15
20.	8.098235488390076e-46	2.934606922203536e-13	7.374731595482125e-14	7.690919688650451e-15
21.	8.848984845256189e-48	2.477161190380804e-13	6.537745077693445e-14	6.832622065011364e-15
22.	9.447679028324355e-50	2.0696796107682034e-13	5.737929691830058e-14	6.009570674545695e-15
23.	9.856520454935271e-52	1.7101850300325943e-13	4.981640622254487e-14	5.228665613005382e-15
24.	1.0045705475338838e-53	1.3961016195025888e-13	4.273859600219624e-14	4.495421417447725e-15
24.999999999999996	9.995896266571183e-56	1.1244471482463125e-13	3.618352941188928e-14	3.81411865109741e-15
26.	9.700147034233694e-58	8.919887949398029e-14	3.017815842240399e-14	3.187942957537867e-15
27.	9.165160213245883e-60	6.953679480512714e-14	2.4740039333058923e-14	2.6191124439792156e-15
28.	8.411797013152105e-62	5.3119876175829834e-14	1.9878530134558342e-14	2.108994202103651e-15
29.	7.474817530427078e-64	3.961446238331987e-14	1.55958784441391e-14	1.6582107264712856e-15
29.999999999999996	6.401874864542051e-66	2.8697614595743395e-14	1.188820817798022e-14	1.266736944548961e-15
31.	5.2518319150018185e-68	2.0061380117943546e-14	8.746412600590913e-15	9.339885289721926e-16
32.	4.0925062429558305e-70	1.341579023310745e-14	6.156960895687926e-15	6.589021215495886e-16
32.99999999999999	2.9979758334009203e-72	8.490823422291362e-15	4.102624936308842e-15	4.4000805964948965e-16
34.	2.0455959218708804e-74	5.03753166738988e-15	2.5631324921625536e-15	2.754961588662385e-16
35.	1.3128841746825924e-76	2.8284980506343523e-15	1.5157526980172414e-15	1.6327507113659603e-16
36.	8.74429041423322e-79	1.657768045808149e-15	9.358192169921211e-16	1.0102570467185711e-16
37.	7.98965185008286e-81	1.3403743730623098e-15	7.971961656225994e-16	8.624916108706258e-17
37.99999999999999	1.146742080233868e-82	1.7115557100486279e-15	1.0726915223317951e-15	1.1630961585811878e-16
39.	1.9672889293880701e-84	2.6257525950374287e-15	1.73442241625105e-15	1.8847254062747426e-16
40.	3.297652829343559e-86	3.955449228611133e-15	2.7541363881987604e-15	2.999386398382169e-16
41.	5.161159447989973e-88	5.5899173111391976e-15	4.103492428840029e-15	4.478738496081776e-16
42.	7.566717986575457e-90	7.4339073007552e-15	5.754305329780891e-15	6.29435723602403e-16
42.99999999999999	1.0508666345803786e-91	9.406323321087275e-15	7.678756630511123e-15	8.417965088367657e-16
44.	1.3967129324175859e-93	1.143891019194957e-14	9.849575206927582e-15	1.0821631937928567e-15
44.99999999999999	1.7908843197839937e-95	1.3474974521913777e-14	1.2240190324654526e-14	1.3477947918644663e-15
46.	2.2288384695561945e-97	1.5468156330591827e-14	1.4824859771844752e-14	1.6360171049405742e-15
47.	2.704973143265416e-99	1.738126311893577e-14	1.7578775490715384e-14	1.944235194787756e-15
48.	3.212807428631659e-101	1.9185174552296236e-14	2.0478148944118795e-14	2.2699437737813342e-15
49.	3.745179974560611e-103	2.0857822851847583e-14	2.3500278282115486e-14	2.6107357113780602e-15
49.99999999999999	4.294456154356842e-105	2.2383251507228818e-14	2.6623599213383514e-14	2.9643088384988747e-15
51.	4.85273653442187e-107	2.375075294004154e-14	2.982772133643703e-14	3.3284712186162883e-15
52.	5.412059730339638e-109	2.4954084188616983e-14	3.3093451545742006e-14	3.701145041803755e-15
53.	5.9645936306335674e-111	2.5990758482649087e-14	3.640280599710193e-14	4.080369286233232e-15
54.	6.502809996587325e-113	2.6861409674259122e-14	3.973901199475386e-14	4.464301280576157e-15
54.99999999999999	7.019638543821764e-115	2.7569225839614156e-14	4.3086501048904316e-14	4.8512172904264744e-15
56.	7.508597723035139e-117	2.8119447918992264e-14	4.6430894246440324e-14	5.239512242181392e-15
56.99999999999999	7.963900496259281e-119	2.851892898588362e-14	4.9758980978880876e-14	5.627698688757264e-15
58.	8.380534412393288e-121	2.877574959527489e-14	5.305869197980294e-14	6.0144051130436635e-15
59.	8.754316191814294e-123	2.889888463034317e-14	5.631906753855907e-14	6.398373657074563e-15
59.99999999999999	9.081921813584036e-125	2.889791712223536e-14	5.953022167781692e-14	6.778457357501432e-15
61.	9.360893747381156e-127	2.8782794639700946e-14	6.268330300877599e-14	7.153616961042955e-15
62.	9.589627480597047e-129	2.856362401770882e-14	6.577045290963836e-14	7.522917387146588e-15
63.	9.767339860388036e-131	2.8250500402976954e-14	6.878476160961257e-14	7.885523899091816e-15
64.	9.894022007320153e-133	2.7853366828274967e-14	7.172022270217859e-14	8.240698039177278e-15
65.	9.970379672478777e-135	2.7381900776989307e-14	7.457168655714118e-14	8.587793378428139e-15
65.99999999999999	9.997763917282353e-137	2.684542445725103e-14	7.73348130509728e-14	8.926251126425192e-15
67.	9.978094910378246e-139	2.6252835764788628e-14	8.000602398879329e-14	9.255595642366874e-15
68.	9.913781475710251e-141	2.561255717074648e-14	8.258245554877237e-14	9.575429884305583e-15
69.	9.807638806787994e-143	2.4932500021296e-14	8.50619110406047e-14	9.88543082963895e-15
70.	9.662806500697365e-145	2.4220041977079276e-14	8.744281423366257e-14	1.0185344896352948e-14
70.99999999999999	9.482668776520062e-147	2.3482015550367246e-14	8.972416347751023e-14	1.0474983391218224e-14
72.	9.270778440315495e-149	2.272470591472016e-14	9.190548680706397e-14	1.0754218008069275e-14
73.	9.030785854341864e-151	2.1953856365126363e-14	9.398679819709256e-14	1.1022976396488692e-14
74.	8.766373871994248e-153	2.117467999544579e-14	9.596855510545487e-14	1.1281237818619512e-14
75.	8.481199419754644e-155	2.039187633438674e-14	9.785161742133014e-14	1.1529028909428352e-14
75.99999999999999	8.178842149697307e-157	1.9609651841338707e-14	9.963720791389286e-14	1.1766419553565922e-14
77.	7.862760354878143e-159	1.883174330942172e-14	1.0132687425771636e-13	1.1993518889941868e-14
78.	7.536254138225545e-161	1.8061443355636214e-14	1.0292245269403882e-13	1.2210471453297553e-14
79.	7.202435654452182e-163	1.7301627297601894e-14	1.0442603337147257e-13	1.2417453460376869e-14
80.	6.864206104228507e-165	1.6554780823715043e-14	1.0583992739571146e-13	1.2614669246757904e-14
80.99999999999999	6.524239049468489e-167	1.5823027959419357e-14	1.0716663560525735e-13	1.280234785901606e-14
82.	6.184969536331097e-169	1.5108158917429464e-14	1.0840881907894691e-13	1.2980739805621795e-14
83.	5.848588456148864e-171	1.4411657494952732e-14	1.0956927137105147e-13	1.3150113968829686e-14
84.	5.517041541357832e-173	1.3734727747028059e-14	1.1065089246088454e-13	1.33107546787849e-14
84.99999999999999	5.192032380527149e-175	1.3078319722799472e-14	1.1165666439603808e-13	1.3462958950144083e-14
85.99999999999999	4.875028840912019e-177	1.2443154101622807e-14	1.1258962860149083e-13	1.3607033880671935e-14
87.	4.5672723053898386e-179	1.1829745609062868e-14	1.1345286482089262e-13	1.3743294210534744e-14
88.	4.269789160496128e-181	1.1238425129809595e-14	1.142494716512512e-13	1.3872060040360842e-14
89.	3.9834040106309925e-183	1.066936046588611e-14	1.1498254862772298e-13	1.3993654705540745e-14
89.99999999999999	3.7087541380053145e-185	1.012257571491103e-14	1.1565517981161726e-13	1.4108402803742624e-14
90.99999999999999	3.446304776355465e-187	9.597969265151686e-15	1.162704188316576e-13	1.4216628372176803e-14
92.	3.1963648167930752e-189	9.095330422136436e-15	1.1683127532587894e-13	1.431865321073975e-14
93.	2.959102614966278e-191	8.614354696233957e-15	1.1734070272979763e-13	1.4414795346870783e-14
94.	2.7345616184565573e-193	8.154657792200453e-15	1.1780158735474748e-13	1.4505367637650568e-14
94.99999999999999	2.5226755810816184e-195	7.71578835073974e-15	1.1821673869936093e-13	1.459067650446258e-14
96.	2.3232831756149104e-197	7.297239498832069e-15	1.1858888093632347e-13	1.4671020795335066e-14
97.	2.136141857852979e-199	6.898459270475475e-15	1.1892064551638539e-13	1.4746690769960268e-14
98.	1.9609408725128912e-201	6.5188599626107245e-15	1.1921456483136512e-13	1.4817967202252132e-14
99.	1.7973133249608022e-203	6.157826492833731e-15	1.1947306687821753e-13	1.4885120595239043e-14
99.99999999999999	1.6448472721372859e-205	5.8147238261408704e-15	1.1969847086677105e-13	1.494841050304593e-14
101.	1.5030958113867135e-207	5.4889035376098326e-15	1.1989298371442703e-13	1.500808495469813e-14
102.	1.3715861672684203e-209	5.17970957685932e-15	1.200586973718741e-13	1.506437997446532e-14
103.	1.2498277941376373e-211	4.886483298371026e-15	1.2019758692525443e-13	1.511751919352925e-14
104.	1.1373195265415424e-213	4.608567819576677e-15	1.2031150942109084e-13	1.5167713547761468e-14
104.99999999999999	1.0335558206119031e-215	4.3453117660094896e-15	1.20402203361937e-13	1.5215161056498736e-14
106.	9.380321379889506e-218	4.096072459958448e-15	1.2047128882192628e-13	1.5260046677252673e-14
107.	8.502495296717898e-220	3.860218606024144e-15	1.2052026813313923e-13	1.5302542231408098e-14
108.	7.697184809354875e-222	3.6371325238058456e-15	1.2055052709520066e-13	1.5342806396052528e-14
109.	6.9596208036156885e-224	3.42621197471943e-15	1.2056333666223545e-13	1.5380984757199543e-14
109.99999999999999	6.285185764132199e-226	3.2268716267334895e-15	1.2055985506311841e-13	1.5417209919802945e-14
111.	5.669433841281576e-228	3.038544197600759e-15	1.2054113031255123e-13	1.5451601670069243e-14
112.	5.108106026353531e-230	2.8606813140646933e-15	1.205081030725051e-13	1.5484267185742645e-14
113.	4.597141015776822e-232	2.6927541214616242e-15	1.2046160982513145e-13	1.551530129014968e-14
113.99999999999999	4.1326823131303404e-234	2.5342536752536115e-15	1.2040238632029354e-13	1.5544786745970114e-14
114.99999999999999	3.711082081698478e-236	2.384691143237495e-15	1.2033107126246628e-13	1.5572794584825013e-14
116.	3.328902221740783e-238	2.243597844521822e-15	1.2024821020366823e-13	1.559938446894247e-14
117.	2.982913106904749e-240	2.110525148899794e-15	1.2015425961082603e-13	1.562460508131154e-14
118.	2.6700903741140605e-242	1.9850442578875496e-15	1.2004959107777728e-13	1.5648494540897807e-14
118.99999999999999	2.387610121836843e-244	1.8667458865154793e-15	1.199344956536732e-13	1.567108083962809e-14
119.99999999999999	2.1328428333896405e-246	1.7552398629401565e-15	1.1980918826154477e-13	1.569238229804799e-14
121.	1.9033463054243035e-248	1.6501546610502432e-15	1.1967381218209702e-13	1.571240803666436e-14
122.	1.6968578273053214e-250	1.5511368795319974e-15	1.1952844357971485e-13	1.573115846017732e-14
122.99999999999999	1.5112858249903486e-252	1.4578506792248486e-15	1.1937309604904203e-13	1.5748625751932686e-14
124.	1.3447011533497304e-254	1.3699771891931708e-15	1.192077251621259e-13	1.5764794376087826e-14
125.	1.1953281937695297e-256	1.287213890570157e-15	1.1903223299760024e-13	1.5779641585130242e-14
126.	1.061535889258995e-258	1.2092739860587023e-15	1.1884647263474482e-13	1.5793137930522992e-14
127.	9.418288271979112e-261	1.1358857618681778e-15	1.1865025259672017e-13	1.5805247774401348e-14
128.	8.348384600983319e-263	1.0667919478764107e-15	1.1844334122864665e-13	1.581592980038731e-14
129.	7.393145373143216e-265	1.0017490809600454e-15	1.1822547099726484e-13	1.5825137521693576e-14
130.	6.541168052768579e-267	9.405268756011894e-16	1.1799634270051075e-13	1.583281978486675e-14
131.	5.782070204775714e-269	8.8290760522768e-16	1.1775562957613394e-13	1.5838921267594756e-14
131.99999999999997	5.106413078699859e-271	8.286854970834545e-16	1.1750298129990585e-13	1.584338296916395e-14
133.	4.50562887462374e-273	7.776661428962364e-16	1.172380278648928e-13	1.5846142692249672e-14
134.	3.9719518347418176e-275	7.296659271163021e-16	1.16960383334335e-13	1.5847135514843394e-14
135.	3.498353233661821e-277	6.845114741073036e-16	1.1666964946159877e-13	1.5846294251222378e-14
136.	3.0784802819010893e-279	6.420391152535311e-16	1.163654191717745e-13	1.5843549900998493e-14
137.	2.7065989088266965e-281	6.020943766787185e-16	1.16047279900064e-13	1.583883208534166e-14
138.	2.3775403524452087e-283	5.645314879798276e-16	1.1571481678319503e-13	1.5832069469607856e-14
139.	2.0866514525940388e-285	5.292129121260862e-16	1.1536761570075418e-13	1.5823190171676056e-14
140.	1.829748520215702e-287	4.960088965339247e-16	1.1500526616409437e-13	1.58121221553925e-14
140.99999999999997	1.6030746375093955e-289	4.647970450941057e-16	1.146273640511493e-13	1.579879360860249e-14
141.99999999999997	1.4032602309645124e-291	4.354619108439102e-16	1.142335141860706e-13	1.5783133305322253e-14
143.	1.2272867507935722e-293	4.078946088548139e-16	1.1382333276340992e-13	1.5765070951708197e-14
144.	1.072453285385882e-295	3.8199244877235363e-16	1.1339644961680663e-13	1.574453751550808e-14
145.	9.363459375057505e-298	3.5765858646983457e-16	1.1295251033295686e-13	1.5721465538788082e-14
146.	8.168097894918634e-300	3.348016941144329e-16	1.1249117821199116e-13	1.5695789433776717e-14
147.	0.	3.1333564798421064e-16	1.1201213607571387e-13	1.5667445761709935e-14
148.	0.	2.9317923331476587e-16	1.1151508792583158e-13	1.563637349465677e-14
149.	0.	2.7425586544669574e-16	1.1099976045449547e-13	1.560251426033344e-14
150.	0.	2.5649332652803732e-16	1.1046590440971227e-13	1.5565812569948486e-14
150.99999999999997	0.	2.3982351706251887e-16	1.0991329581881825e-13	1.5526216029214723e-14
151.99999999999997	0.	2.241822215214676e-16	1.0934173707314013e-13	1.548367553265816e-14
153.	0.	2.0950888737072552e-16	1.0875105787743057e-13	1.5438145441424526e-14
154.	0.	1.9574641674589106e-16	1.0814111606777737e-13	1.5389583744805754e-14
155.	0.	1.8284097014370635e-16	1.0751179830196768e-13	1.5337952205755327e-14
156.	0.	1.7074178144867744e-16	1.0686302062632499e-13	1.5283216490673898e-14
157.	0.	1.5940098365768728e-16	1.0619472892337318e-13	1.5225346283802086e-14
158.	0.	1.4877344471619274e-16	1.0550689924454407e-13	1.516431538654654e-14
159.	0.	1.388166128511953e-16	1.0479953803254699e-13	1.5100101802131083e-14
160.	0.	1.294903708780895e-16	1.0407268223781973e-13	1.503268780594603e-14
160.99999999999997	0.	1.2075689893938428e-16	1.0332639933372603e-13	1.496206000201315e-14
161.99999999999997	0.	1.1258054516445437e-16	1.0256078723513414e-13	1.4888209365990042e-14
163.	0.	1.0492770379970213e-16	1.0177597412509204e-13	1.4811131275158673e-14
164.	0.	9.776670034769115e-17	1.009721181941365e-13	1.473082552582815e-14
165.	0.	9.106768328658002e-17	1.0014940729716378e-13	1.4647296338648893e-14
166.	0.	8.480252198922364e-17	9.930805853229256e-14	1.4560552352273876e-14
167.	0.	7.894471045516309e-17	9.844831774650516e-14	1.447060660586506e-14
168.	0.	7.346927650453323e-17	9.75704589725947e-14	1.4377476510916817e-14
169.	0.	6.835269611205955e-17	9.66747838020173e-14	1.4281183812889235e-14
169.99999999999997	0.	6.357281256791156e-17	9.576162069803724e-14	1.4181754543124402e-14
170.99999999999997	0.	5.910876016470691e-17	9.483132425375708e-14	1.4079218961559712e-14
171.99999999999997	0.	5.494089216582972e-17	9.388427439913153e-14	1.3973611490690674e-14
173.	0.	5.105071276225745e-17	9.292087556143995e-14	1.3864970641301562e-14
174.	0.	4.7420812829741224e-17	9.194155578325011e-14	1.375333893042858e-14
175.	0.	4.4034809206947964e-17	9.094676580198006e-14	1.3638762792040726e-14
176.	0.	4.087728734026669e-17	8.993697809498267e-14	1.352129248090786e-14
177.	0.	3.7933747064954444e-17	8.891268589406146e-14	1.3400981970132857e-14
178.	0.	3.5190551354265463e-17	8.787440217309008e-14	1.3277888842800034e-14
179.	0.	3.2634877870452646e-17	8.682265861240624e-14	1.315207417820144e-14
179.99999999999997	0.	3.0254673142676636e-17	8.57580045434822e-14	1.3023602433087347e-14
180.99999999999997	0.	2.803860924155796e-17	8.468100587725613e-14	1.289254131837903e-14
181.99999999999997	0.	2.597604280592238e-17	8.359224401930151e-14	1.2758961671759751e-14
183.	0.	2.4056976264748025e-17	8.249231477512022e-14	1.2622937326585858e-14
184.	0.	2.2272021195014548e-17	8.138182724849853e-14	1.248454497751572e-14
185.	0.	2.0612363614356236e-17	8.026140273572808e-14	1.2343864043242417e-14
186.	0.	1.9069731183155372e-17	7.913167361862778e-14	1.2200976526744375e-14
187.	0.	1.76363621610523e-17	7.799328225883751e-14	1.2055966873405645e-14
188.	0.	1.6304976038111568e-17	7.68468798959697e-14	1.1908921827382411e-14
189.	0.	1.506874575761905e-17	7.569312555199825e-14	1.1759930286568534e-14
189.99999999999997	0.	1.392127144658282e-17	7.453268494407991e-14	1.1609083156491446e-14
190.99999999999997	0.	1.2856555566051358e-17	7.336622940807175e-14	1.1456473203487647e-14
192.	0.	1.1868979397043977e-17	7.219443483458811e-14	1.1302194907448066e-14
193.	0.	1.0953280827051352e-17	7.101798061959201e-14	1.1146344314453898e-14
194.	0.	1.0104533333303064e-17	6.983754863132138e-14	1.0989018889599338e-14
195.	0.	9.31812611181363e-18	6.86538221950583e-14	1.0830317370257444e-14
196.	0.	8.589745311239161e-18	6.746748509746529e-14	1.0670339620085062e-14
197.	0.	7.915356278892556e-18	6.627922061180483e-14	1.0509186484003777e-14
198.	0.	7.291186806867043e-18	6.508971054535488e-14	1.0346959644398305e-14
198.99999999999997	0.	6.713711281986734e-18	6.38996343102963e-14	1.0183761478772569e-14
199.99999999999997	0.	6.179635746745982e-18	6.270966801917389e-14	1.0019694919080748e-14
200.99999999999997	0.	5.685883759087109e-18	6.152048360586688e-14	9.85486331292801e-15
202.	0.	5.229583085856595e-18	6.03327479730386e-14	9.689370286845254e-15
203.	0.	4.8080531102280794e-18	5.914712216690582e-14	9.523319611825049e-15
204.	0.	4.418792966902394e-18	5.796426057993705e-14	9.356815071272188e-15
205.	0.	4.059470362802053e-18	5.678481018226648e-14	9.18996033155401e-15
206.	0.	3.727911013594552e-18	5.5609409782208493e-14	9.022858815273862e-15
207.	0.	3.4220887112593246e-18	5.443868931644139e-14	8.855613577422888e-15
208.	0.	3.140115949510255e-18	5.327326917023778e-14	8.688327184537468e-15
208.99999999999997	0.	2.8802350979621344e-18	5.2113759527943214e-14	8.521101596962565e-15
209.99999999999997	0.	2.6408101004829805e-18	5.096075975411279e-14	8.354038054357372e-15
210.99999999999997	0.	2.420318642845774e-18	4.9814857805230634e-14	8.187236964502168e-15
212.	0.	2.2173448113373314e-18	4.867662967233996e-14	8.020797795532424e-15
213.	0.	2.030572155947001e-18	4.7546638854442234e-14	7.854818971650877e-15
214.	0.	1.8587771953675424e-18	4.642543586273302e-14	7.689397772403484e-15
215.	0.	1.7008232967148347e-18	4.531355775547459e-14	7.524630235561832e-15
216.	0.	1.5556549267984696e-18	4.4211527703452555e-14	7.36061106367974e-15
217.	0.	1.4222922695853668e-18	4.311985458581475e-14	7.197433534367628e-15
218.	0.	1.2998261481270702e-18	4.203903261594509e-14	7.035189414304031e-15
218.99999999999997	0.	1.1874132771375231e-18	4.0969540997159844e-14	6.873968877026672e-15
219.99999999999997	0.	1.0842718117802881e-18	3.9911843607838046e-14	6.713860424515508e-15
220.99999999999997	0.	9.896771583558554e-19	3.8866388715679235e-14	6.554950812594391e-15
222.	0.	9.02958061688705e-19	3.783360872051127e-14	6.397324980131553e-15
223.	0.	8.234929373076199e-19	3.6813919925362863e-14	6.241065982068075e-15
224.	0.	7.507064339351463e-19	3.5807722335167884e-14	6.086254926244318e-15
225.	0.	6.840662125038893e-19	3.481539948271178e-14	5.93297091403449e-15
226.	0.	6.230799463929534e-19	3.383731828108803e-14	5.7812909847407136e-15
227.	0.	5.672924994947824e-19	3.2873828902294435e-14	5.631290063758426e-15
227.99999999999997	0.	5.162832949622841e-19	3.1925264681181975e-14	5.483040914452856e-15
228.99999999999997	0.	4.696638628564481e-19	3.099194204428091e-14	5.3366140937382815e-15
229.99999999999997	0.	4.270755353498936e-19	3.007416046268217e-14	5.192077911291222e-15
230.99999999999997	0.	3.8818730858242104e-19	2.917220242858908e-14	5.04949839240223e-15
232.	0.	3.526938426144845e-19	2.828633345452449e-14	4.9089392443613735e-15
233.	0.	3.203135902636793e-19	2.7416802094728254e-14	4.770461826365097e-15
234.	0.	2.907870609662164e-19	2.6563839988086006e-14	4.634125122897942e-15
235.	0.	2.6387519449078344e-19	2.572766192160271e-14	4.499985720483317e-15
236.	0.	2.393578557559502e-19	2.4908465913982503e-14	4.368097787791348e-15
237.	0.	2.1703242459651453e-19	2.4106433318492508e-14	4.238513059023122e-15
237.99999999999997	0.	1.9671248763978295e-19	2.3321728944299926e-14	4.1112808204908946e-15
238.99999999999997	0.	1.7822661562955988e-19	2.2554501195655825e-14	3.9864479003438024e-15
239.99999999999997	0.	1.6141723832847752e-19	2.1804882228122576e-14	3.864058661356074e-15
240.99999999999997	0.	1.4613958657355289e-19	2.1072988121162728e-14	3.744154996713852e-15
242.	0.	1.322607142131573e-19	2.035891906630272e-14	3.626776328716176e-15
243.	0.	1.1965859010282743e-19	1.9662759570129817e-14	3.511959610311875e-15
244.	0.	1.0822125662643096e-19	1.898457867145282e-14	3.3997393294043927e-15
245.	0.	9.784604454861862e-20	1.8324430171852208e-14	3.290147515836354e-15
245.99999999999997	0.	8.84388508677442e-20	1.7682352878915167e-14	3.1832137509755863e-15
247.	0.	7.991345990351926e-20	1.7058370861347906e-14	3.078965179803888e-15
248.	0.	7.219092817012297e-20	1.64524937155389e-14	2.9774265254761645e-15
248.99999999999997	0.	6.519900368256374e-20	1.5864716842426685e-14	2.878620106185945e-15
250.	0.	5.887158797262792e-20	1.5295021734424507e-14	2.7825658543328076e-15
250.99999999999997	0.	5.3148248686488075e-20	1.4743376271417032e-14	2.6892813378525257e-15
252.	0.	4.797375788529219e-20	1.4209735025337064e-14	2.5987817836573028e-15
252.99999999999997	0.	4.329767048853118e-20	1.3694039572528829e-14	2.5110801030769766e-15
254.	0.	3.907393608452695e-20	1.3196218813386781e-14	2.426186919241159e-15
254.99999999999997	0.	3.5260535342011395e-20	1.2716189298474226e-14	2.344110596288413e-15
256.	0.	3.181914812072298e-20	1.2253855560687811e-14	2.2648572703524583e-15
257.	0.	2.871484777252366e-20	1.1809110452673276e-14	2.1884308822074827e-15
258.	0.	2.59158167602194e-20	1.1381835489033829e-14	2.114833211514026e-15
259.	0.	2.3393086012635642e-20	1.0971901192661615e-14	2.0440639125663507e-15
260.	0.	2.112029555558817e-20	1.0579167444747967e-14	1.97612055148169e-15
261.	0.	1.907347007703336e-20	1.0203483837670646e-14	1.9109986447034723e-15
262.	0.	1.7230820260704422e-20	9.844690030586132e-15	1.848691698805928e-15
263.	0.	1.5572549660137842e-20	9.502616106860051e-15	1.789191251456042e-15
263.99999999999994	0.	1.408068784093041e-20	9.177082933014723e-15	1.7324869134887887e-15
265.	0.	1.2738927842467512e-20	8.867902518715408e-15	1.6785664120204716e-15
266.	0.	1.1532483288587638e-20	8.574878377182303e-15	1.627415634497871e-15
267.	0.	1.044795299804216e-20	8.297805885725414e-15	1.5790186736373935e-15
268.	0.	9.473199872755717e-21	8.036472645848592e-15	1.5333578731595784e-15
269.	0.	8.597239079645424e-21	7.790658842558993e-15	1.490413874258414e-15
270.	0.	7.810132602853538e-21	7.56013760247873e-15	1.4501656627359474e-15
271.	0.	7.10289846898817e-21	7.344675350209835e-15	1.4125906167030959e-15
272.	0.	6.467420315163571e-21	7.144032162896636e-15	1.377664554840358e-15
272.99999999999994	0.	5.896372707426617e-21	6.9579621222055095e-15	1.3453617850719503e-15
274.	0.	5.383144943745723e-21	6.7862136637674904e-15	1.3156551536636817e-15
274.99999999999994	0.	4.921778203955479e-21	6.628529923468223e-15	1.2885160946265578e-15
276.	0.	4.5069022456019254e-21	6.4846490804160345e-15	1.263914679392548e-15
277.	0.	4.1336831830199585e-21	6.354304696234595e-15	1.241819666692068e-15
278.	0.	3.797771773915487e-21	6.237226050396073e-15	1.2221985525749521e-15
279.	0.	3.4952570264875284e-21	6.133138471363216e-15	1.2050176205255688e-15
280.	0.	3.2226253183263705e-21	6.041763663215678e-15	1.1902419916034521e-15
281.	0.	2.9767224304424617e-21	5.962820027571106e-15	1.1778356745659597e-15
281.99999999999994	0.	2.7547185911936264e-21	5.896022980520704e-15	1.1677616159106573e-15
283.	0.	2.5540770271156017e-21	5.8410852644727306e-15	1.1599817498081532e-15
283.99999999999994	0.	2.3725251278198184e-21	5.797717254563799e-15	1.1544570478492068e-15
285.	0.	2.2080288557619335e-21	5.7656272595812406e-15	1.1511475685847001e-15
286.	0.	2.0587681707534013e-21	5.744521817069035e-15	1.1500125067825666e-15
287.	0.	1.9231171528008036e-21	5.7341059826253444e-15	1.1510102423915436e-15
288.	0.	1.7996233959408175e-21	5.734083613195462e-15	1.1540983891602367e-15
289.	0.	1.6869912025318334e-21	5.744157644049309e-15	1.1592338428359528e-15
290.	0.	1.584063870615933e-21	5.764030359689758e-15	1.1663728289788258e-15
291.	0.	1.489812143300018e-21	5.7934036581574055e-15	1.1754709502692694e-15
292.	0.	1.4033183722799307e-21	5.831979308916552e-15	1.186483233330527e-15
292.99999999999994	0.	1.3237670918682624e-21	5.8794592042190305e-15	1.1993641750298965e-15
294.	0.	1.250432174405754e-21	5.9355456036959806e-15	1.2140677881915599e-15
294.99999999999994	0.	1.1826688804707413e-21	5.999941372233256e-15	1.2305476467152061e-15
296.	0.	1.1199048474658239e-21	6.072350211152614e-15	1.24875693008784e-15
297.	0.	1.0616319948090782e-21	6.15247688244967e-15	1.268648467220006e-15
298.	0.	1.0073994369793027e-21	6.240027426187307e-15	1.2901747796082138e-15
299.	0.	9.568075635755953e-22	6.334709371061976e-15	1.3132881238086946e-15
300.	0.	9.095025543977698e-22	6.436231937930186e-15	1.3379405331595336e-15
301.	0.	8.651709718544542e-22	6.544306236552006e-15	1.3640838587849536e-15
301.99999999999994	0.	8.235345396572951e-22	6.6586454552702506e-15	1.3916698098037973e-15
303.	0.	7.843479270318797e-22	6.778965043851868e-15	1.4206499927692447e-15
303.99999999999994	0.	7.473932617888917e-22	6.90498288942769e-15	1.4509759503065185e-15
305.	0.	7.124776100557587e-22	7.036419485487534e-15	1.4825991989190143e-15
306.	0.	6.794308561810469e-22	7.172998094083749e-15	1.5154712659744496e-15
307.	0.	6.481007647595107e-22	7.314444901213709e-15	1.5495437258441788e-15
308.	0.	6.183541548773611e-22	7.460489165364342e-15	1.5847682351711351e-15
309.	0.	5.90071321855882e-22	7.610863359404192e-15	1.6210965672846117e-15
310.	0.	5.631463078182531e-22	7.765303305786968e-15	1.65848064573334e-15
310.99999999999994	0.	5.374860277049764e-22	7.923548305109127e-15	1.6968725769246597e-15
312.	0.	5.130063272277561e-22	8.085341258184698e-15	1.736224681883416e-15
312.99999999999994	0.	4.89631256804521e-22	8.250428781596061e-15	1.7764895271006852e-15
314.	0.	4.672953840802635e-22	8.418561316857742e-15	1.8176199544803814e-15
314.99999999999994	0.	4.459373476429027e-22	8.589493233312661e-15	1.859569110388379e-15
316.	0.	4.255038039789288e-22	8.762982924736234e-15	1.9022904737778067e-15
317.	0.	4.0594562187676814e-22	8.938792899845343e-15	1.9457378834119476e-15
318.	0.	3.87218646146513e-22	9.116689866714014e-15	1.9898655641642754e-15
319.	0.	3.6928127336224307e-22	9.29644481128257e-15	2.0346281524153466e-15
320.	0.	3.520986977457246e-22	9.477833069993037e-15	2.0799807205330363e-15
321.	0.	3.356348938880545e-22	9.660634396669064e-15	2.1258788004413574e-15
321.99999999999994	0.	3.1985986008117557e-22	9.84463302379344e-15	2.1722784062910255e-15
323.	0.	3.047450892027086e-22	1.0029617718148933e-14	2.2191360562040115e-15
323.99999999999994	0.	2.9026262708512917e-22	1.021538183116151e-14	2.266408793146574e-15
325.	0.	2.7638742015902034e-22	1.0401723343874826e-14	2.314054204895556e-15
326.	0.	2.630949981532339e-22	1.0588444906661646e-14	2.3620304431014368e-15
327.	0.	2.5036546102868454e-22	1.0775353873941628e-14	2.4102962414885533e-15
328.	0.	2.3817579085201344e-22	1.0962262333954185e-14	2.4588109331844698e-15
329.	0.	2.265058594356048e-22	1.1148987133551106e-14	2.5075344671515624e-15
330.	0.	2.1533583925163614e-22	1.133534989842729e-14	2.5564274237956726e-15
330.99999999999994	0.	2.0465030040092784e-22	1.1521177048620755e-14	2.60545102969593e-15
332.	0.	1.9442757094672136e-22	1.1706299809588486e-14	2.654567171506371e-15
332.99999999999994	0.	1.8465411918300558e-22	1.1890554218953254e-14	2.7037384090331972e-15
334.	0.	1.75311661947016e-22	1.207378112892675e-14	2.7529279874714613e-15
335.	0.	1.663847667687868e-22	1.2255826204694377e-14	2.8020998488486294e-15
336.	0.	1.5785792318494426e-22	1.2436539918806147e-14	2.8512186426684092e-15
337.	0.	1.4971574908736293e-22	1.2615777541645437e-14	2.9002497357546983e-15
338.	0.	1.4194542282214283e-22	1.2793399128237656e-14	2.949159221339337e-15
339.	0.	1.3453112013232518e-22	1.2969269501351525e-14	2.9979139273670765e-15
339.99999999999994	0.	1.2746214495020075e-22	1.3143258231206383e-14	3.0464814240742937e-15
341.	0.	1.2072234513018054e-22	1.3315239611728597e-14	3.0948300308132784e-15
341.99999999999994	0.	1.1429958021463328e-22	1.3485092633561454e-14	3.142928822154374e-15
343.	0.	1.0818224564876743e-22	1.3652700954005755e-14	3.1907476332927646e-15
343.99999999999994	0.	1.0235748612035556e-22	1.3817952863911492e-14	3.238257064750683e-15
345.	0.	9.68148660931561e-23	1.3980741251647821e-14	3.2854284863906996e-15
346.	0.	9.154039226901275e-23	1.4140963564379e-14	3.3322340407802085e-15
347.	0.	8.652466736798453e-23	1.4298521766604483e-14	3.378646645884241e-15
348.	0.	8.175777130879641e-23	1.4453322296246122e-14	3.4246399971404624e-15
349.	0.	7.722951183224956e-23	1.460527601822083e-14	3.4701885688897457e-15
350.	0.	7.292623922950194e-23	1.4754298175804386e-14	3.515267615222479e-15
350.99999999999994	0.	6.884144398130171e-23	1.4900308339685225e-14	3.559853170205342e-15
352.	0.	6.496590585404285e-23	1.5043230355037317e-14	3.603922047555431e-15
352.99999999999994	0.	6.128922188394661e-23	1.5182992286555992e-14	3.6474518397378026e-15
354.	0.	5.780186343701903e-23	1.5319526361613714e-14	3.6904209165134355e-15
355.	0.	5.449565067218722e-23	1.5452768911709668e-14	3.7328084229692436e-15
356.	0.	5.1364555334594186e-23	1.5582660312200017e-14	3.7745942770174704e-15
357.	0.	4.839697290696135e-23	1.57091449204952e-14	3.815759166399904e-15
358.	0.	4.558770466967626e-23	1.583217101279369e-14	3.856284545204972e-15
359.	0.	4.293083965072905e-23	1.5951690719454647e-14	3.8961526299136556e-15
359.99999999999994	0.	4.0414369945143746e-23	1.6067659959110897e-14	3.935346394991107e-15
361.	0.	3.8035927780014616e-23	1.6180038371631003e-14	3.973849568042212e-15
361.99999999999994	0.	3.5786447299440783e-23	1.6288789249921787e-14	4.011646624521795e-15
363.	0.	3.366187820692714e-23	1.639387947089604e-14	4.048722782071663e-15
363.99999999999994	0.	3.165121360159006e-23	1.6495279425383212e-14	4.085063994423286e-15
365.	0.	2.9756652999705144e-23	1.6592962947333947e-14	4.120656944946009e-15
366.	0.	2.796404414537109e-23	1.668690724226539e-14	4.155489039821561e-15
367.	0.	2.627382888173404e-23	1.677709281505353e-14	4.18954840086548e-15
368.	0.	2.4681606097324037e-23	1.6863503397181148e-14	4.222823858016916e-15
368.99999999999994	0.	2.3175946657401334e-23	1.6946125873486397e-14	4.255304941502954e-15
370.	0.	2.175829906971324e-23	1.702495020853175e-14	4.286981873702557e-15
370.99999999999994	0.	2.0422768952980536e-23	1.709996937257678e-14	4.317845560701557e-15
372.	0.	1.9162601075082194e-23	1.7171179267365913e-14	4.347887583587443e-15
372.99999999999994	0.	1.7977396059112e-23	1.7238578651683038e-14	4.3771001894680956e-15
374.	0.	1.686052551137197e-23	1.7302169066774782e-14	4.405476282236673e-15
375.	0.	1.5809328697225854e-23	1.7361954761730836e-14	4.433009413101567e-15
376.	0.	1.4818195603373578e-23	1.741794261886734e-14	4.459693770890321e-15
377.	0.	1.388948987433028e-23	1.7470142079201717e-14	4.4855241721473666e-15
378.	0.	1.3011357137578513e-23	1.751856506798543e-14	4.510496051014546e-15
379.	0.	1.219033173145051e-23	1.7563225920511765e-14	4.534605448947847e-15
379.99999999999994	0.	1.1416647607601581e-23	1.7604141308097248e-14	4.5578490042426784e-15
381.	0.	1.06880731350702e-23	1.764133016438085e-14	4.580223941402965e-15
381.99999999999994	0.	1.0006335717500257e-23	1.7674813611986975e-14	4.601728060364801e-15
383.	0.	9.363381916642508e-24	1.770461488952529e-14	4.6223597255665864e-15
384.	0.	8.760114031066201e-24	1.77307592791246e-14	4.642117854915793e-15
385.	0.	8.196116311174743e-24	1.7753274034356234e-14	4.661001908614705e-15
386.	0.	7.665505790022566e-24	1.777218830878739e-14	4.679011877906757e-15
387.	0.	7.166406109179958e-24	1.7787533085013418e-14	4.696148273704638e-15
388.	0.	6.700627575944493e-24	1.7799341104397205e-14	4.712412115159524e-15
388.99999999999994	0.	6.262718352355285e-24	1.780764679737391e-14	4.727804918134829e-15
390.	0.	5.853386475536929e-24	1.7812486214541063e-14	4.742328683642861e-15
390.99999999999994	0.	5.468519886009337e-24	1.7813896958367945e-14	4.755985886201276e-15
392.	0.	5.10946383515117e-24	1.7811918115766935e-14	4.7687794621746894e-15
392.99999999999994	0.	4.7718158293670484e-24	1.780659019136797e-14	4.7807127980601246e-15
394.	0.	4.452209371219585e-24	1.779795504167516e-14	4.791789718765684e-15
395.	0.	4.159327605030325e-24	1.7786055810022575e-14	4.802014475861328e-15
396.	0.	3.8798949314194826e-24	1.7770936862442766e-14	4.811391735834387e-15
397.	0.	3.619564367805375e-24	1.7752643724391917e-14	4.819926568336023e-15
397.99999999999994	0.	3.380265680984452e-24	1.7731223018446308e-14	4.8276244344521015e-15
399.	0.	3.1519064569426505e-24	1.7706722402901712e-14	4.834491174981635e-15
399.99999999999994	0.	2.9392212459934946e-24	1.7679190511339763e-14	4.840532998742899e-15
401.	0.	2.742278171504134e-24	1.764867689320269e-14	4.8457564709206716e-15
401.99999999999994	0.	2.5560342558642573e-24	1.7615231955329933e-14	4.850168501444537e-15
403.	0.	2.3820689798432904e-24	1.7578906904547367e-14	4.85377633342591e-15
404.	0.	2.2204936919732808e-24	1.7539753691256746e-14	4.85658753164212e-15
405.	0.	2.0696996341558836e-24	1.7497824954078755e-14	4.858609971085359e-15
406.	0.	1.926112907309577e-24	1.7453173965567033e-14	4.859851825584206e-15
407.	0.	1.796521827009194e-24	1.7405854578931365e-14	4.8603215564840254e-15
408.	0.	1.673005824602071e-24	1.7355921175918516e-14	4.8600279014304066e-15
408.99999999999994	0.	1.5577373462212012e-24	1.7303428615712763e-14	4.858979863221152e-15
410.	0.	1.4503854622049122e-24	1.7248432184937686e-14	4.857186698752738e-15
410.99999999999994	0.	1.3478953551013471e-24	1.7190987548781208e-14	4.854657908070843e-15
412.	0.	1.2573105249992713e-24	1.71311507031803e-14	4.8514032235113786e-15
412.99999999999994	0.	1.1697680853055719e-24	1.706897792815089e-14	4.847432598959144e-15
414.	0.	1.0862724444437579e-24	1.700452574219622e-14	4.842756199209561e-15
415.	0.	1.0090756262459069e-24	1.6937850857830163e-14	4.8373843894476575e-15
416.	0.	9.416261196138453e-25	1.6869010138213318e-14	4.831327724847344e-15
417.	0.	8.750485157268235e-25	1.6798060554908604e-14	4.8245969402975056e-15
417.99999999999994	0.	8.14786860524379e-25	1.6725059146719506e-14	4.817202940247638e-15
419.	0.	7.582540024253145e-25	1.665006297967801e-14	4.809156788697484e-15
419.99999999999994	0.	7.03661588997652e-25	1.6573129108061108e-14	4.800469699298882e-15
421.	0.	6.545820541061494e-25	1.6494314536608318e-14	4.7911530256245104e-15
421.99999999999994	0.	6.061722182818495e-25	1.6413676183737608e-14	4.7812182515491054e-15
423.	0.	5.634773790807947e-25	1.6331270845925364e-14	4.770676981795242e-15
424.	0.	5.229575836779826e-25	1.6247155163123575e-14	4.7595409326113535e-15
425.	0.	4.8630178664350195e-25	1.6161385585285637e-14	4.747821922607141e-15
426.	0.	4.51078504074123e-25	1.6074018339947333e-14	4.735531863735082e-15
426.99999999999994	0.	4.2007924443529e-25	1.598510940086487e-14	4.722682752422945e-15
428.	0.	3.91874250025172e-25	1.5894714457733274e-14	4.7092866608687964e-15
428.99999999999994	0.	3.606738132755424e-25	1.580288888693264e-14	4.6953557284871855e-15
430.	0.	3.3544254960387733e-25	1.5709687723307286e-14	4.680902153512657e-15
430.99999999999994	0.	3.1120770930862075e-25	1.5615165632980848e-14	4.6659381847658824e-15
432.	0.	2.881306667151081e-25	1.551937688718812e-14	4.650476113581012e-15
432.99999999999994	0.	2.6672049274222987e-25	1.5422375337113842e-14	4.634528265895979e-15
434.	0.	2.478154776314987e-25	1.5324214389699152e-14	4.618106994498528e-15
435.	0.	2.3256537844415416e-25	1.5224946984476252e-14	4.601224671449986e-15
436.	0.	2.1255219699655134e-25	1.512462557133676e-14	4.583893680663865e-15
437.	0.	1.9928727570844182e-25	1.5023302089259896e-14	4.566126410650275e-15
437.99999999999994	0.	1.8482384366464376e-25	1.492102794599516e-14	4.547935247430045e-15
439.	0.	1.7129284186112697e-25	1.48178539986874e-14	4.529332567618676e-15
439.99999999999994	0.	1.5606253216896316e-25	1.471383053537608e-14	4.510330731663906e-15
441.	0.	1.4669535646255874e-25	1.4609007257457087e-14	4.49094207726825e-15
441.99999999999994	0.	1.3593114420486538e-25	1.450343326298045e-14	4.471178912961897e-15
443.	0.	1.2668233119178006e-25	1.4397157030845965e-14	4.4510535118495615e-15
444.	0.	1.1698930073241698e-25	1.429022640586909e-14	4.430578105526609e-15
445.	0.	1.100921439912043e-25	1.4182688584666407e-14	4.40976487815361e-15
446.	0.	9.921820040305949e-26	1.4074590102395198e-14	4.38862596070372e-15
446.99999999999994	0.	9.296239859578677e-26	1.3965976820289393e-14	4.3671734253693365e-15
448.	0.	8.477164156996169e-26	1.3856893914018727e-14	4.3454192801405194e-15
448.99999999999994	0.	7.839543830335613e-26	1.3747385862803344e-14	4.323375463537964e-15
450.	0.	7.257758714010798e-26	1.3637496439311312e-14	4.3010538395134054e-15
450.99999999999994	0.	6.614288984432575e-26	1.352726870032233e-14	4.278466192515907e-15
452.	0.	6.315790010498736e-26	1.341674497810385e-14	4.255624222711187e-15
453.	0.	5.745148777796492e-26	1.3305966872530935e-14	4.232539541368012e-15
454.	0.	5.32493532496713e-26	1.3194975243896532e-14	4.209223666398117e-15
455.	0.	4.968397454567361e-26	1.3083810206415433e-14	4.1856880180549064e-15
455.99999999999994	0.	4.594525227257105e-26	1.2972511122415504e-14	4.161943914792659e-15
457.	0.	4.1277057406798e-26	1.2861116597164365e-14	4.138002569273007e-15
457.99999999999994	0.	4.019728693653452e-26	1.2749664474362967e-14	4.113875084532891e-15
459.	0.	3.6841236942079134e-26	1.2638191832238963e-14	4.089572450295672e-15
459.99999999999994	0.	3.583398507517502e-26	1.2526734980281935e-14	4.065105539442798e-15
461.	0.	3.137897586328616e-26	1.2415329456544642e-14	4.040485104624631e-15
461.99999999999994	0.	2.819613000455351e-26	1.2304010025540946e-14	4.015721775024338e-15
463.	0.	2.5808751951087733e-26	1.2192810676709139e-14	3.990826053267458e-15
464.	0.	2.3772814264947096e-26	1.2081764623400327e-14	3.9658083124678085e-15
465.	0.	2.1674902484615962e-26	1.1970904302426839e-14	3.9406787934240304e-15
466.	0.	1.9130285817341755e-26	1.1860261374120848e-14	3.915447601954165e-15
466.99999999999994	0.	2.1063925467716644e-26	1.1749866722879774e-14	3.890124706362953e-15
468.	0.	1.6582262936426706e-26	1.1639750458216249e-14	3.86471993505163e-15
468.99999999999994	0.	1.5945906729769756e-26	1.1529941916263098e-14	3.8392429742561695e-15
470.	0.	1.3583994873026162e-26	1.1420469661760906e-14	3.813703365926495e-15
470.99999999999994	0.	1.452904128963637e-26	1.131136149044672e-14	3.788110505722268e-15
472.	0.	1.3240099296776563e-26	1.1202644431919416e-14	3.7624736411534495e-15
473.	0.	1.479282185453836e-26	1.1094344752864215e-14	3.7368018698288645e-15
474.	0.	1.3672659225562286e-26	1.0986487960732428e-14	3.711104137848003e-15
475.	0.	9.680856143633066e-27	1.0879098807744831e-14	3.685389238294252e-15
475.99999999999994	0.	7.947569398810808e-27	1.077220129531736e-14	3.659665809865315e-15
477.	0.	8.308756805660405e-27	1.0665818678810966e-14	3.6339423356106024e-15
477.99999999999994	0.	1.0611772701964118e-26	1.0559973472636636e-14	3.608227141787967e-15
479.	0.	9.395532832419456e-27	1.045468745568226e-14	3.582528396831478e-15
479.99999999999994	0.	4.524426781476981e-27	1.0349981677062556e-14	3.5568541104323465e-15
481.	0.	6.515845991633928e-27	1.0245876462165431e-14	3.5312121327266915e-15
481.99999999999994	0.	4.615318960191181e-27	1.0142391418990031e-14	3.505610153590544e-15
483.	0.	4.038171418034441e-27	1.0039545444759216e-14	3.480055702038154e-15
484.	0.	4.686906970373938e-27	9.937356732799876e-15	3.4545561457237083e-15
484.99999999999994	0.	6.470925842764104e-27	9.83584277967126e-15	3.4291186905413363e-15
486.	0.	3.983710418068517e-27	9.735020392532196e-15	3.4037503803224434e-15
486.99999999999994	0.	2.470159841226246e-27	9.634905696741562e-15	3.3784580966301787e-15
488.	0.	1.8582007424765822e-27	9.535514143670954e-15	3.3532485586455795e-15
488.99999999999994	0.	2.0809092845834458e-27	9.436860518717611e-15	3.3281283231431266e-15
490.	0.	3.0761538440075305e-27	9.338958949517537e-15	3.303103784556911e-15
491.	0.	4.786262259660737e-27	9.24182291433629e-15	3.2781811751320645e-15
491.99999999999994	0.	1.8402218707672188e-27	9.145465250631633e-15	3.2533665651599897e-15
492.99999999999994	0.	4.824698938425303e-27	9.049898163777293e-15	3.2286658632959974e-15
494.	0.	3.060250507338339e-27	8.955133235938505e-15	3.2040848169568986e-15
495.	0.	1.8220009190389888e-27	8.861181435082729e-15	3.17962901279445e-15
496.	0.	1.070657330740166e-27	8.768053124120128e-15	3.155303877244095e-15
496.99999999999994	0.	7.697834125723084e-28	8.675758070173727e-15	3.1311146771499395e-15
497.99999999999994	0.	8.85598007351665e-28	8.58430545394592e-15	3.1070665204557427e-15
499.	0.	1.3867878630400025e-27	8.493703879199138e-15	3.083164356969229e-15
500.	0.	2.2443334780478415e-27	8.403961382315662e-15	3.0594129791883288e-15
500.99999999999994	0.	3.4313471628262384e-27	8.31508544195277e-15	3.0358170231964662e-15
501.99999999999994	0.	-3.763982558031211e-28	8.227082988764312e-15	3.0123809696170117e-15
503.	0.	1.3988924935920052e-27	8.139960415196558e-15	2.989109144631316e-15
504.	0.	3.434361287825872e-27	8.053723585325093e-15	2.966005721048966e-15
505.	0.	4.176683310190548e-28	7.9683778447618e-15	2.9430747194413507e-15
505.99999999999994	0.	2.917949346778194e-27	7.88392803059599e-15	2.9203200093268603e-15
506.99999999999994	0.	3.3546143316120393e-28	7.800378481354225e-15	2.8977453104025347e-15
508.	0.	3.232782344933986e-27	7.717733047023246e-15	2.875354193839176e-15
509.	0.	1.0217952559131532e-27	7.635995099048332e-15	2.8531500836082516e-15
509.99999999999994	0.	-1.0229618727324135e-27	7.555167540380746e-15	2.831136257868988e-15
510.99999999999994	0.	2.3649300956798935e-27	7.475252815512236e-15	2.8093158503923617e-15
512.	0.	6.1403053147507305e-28	7.396252920515785e-15	2.7876918520305542e-15
513.	0.	-1.0052258147998767e-27	7.318169413077277e-15	2.7662671122261544e-15
514.	0.	2.769688064844755e-27	7.241003422509728e-15	2.7450443405586628e-15
514.9999999999999	0.	1.382785026597369e-27	7.164755659761486e-15	2.7240261083327907e-15
516.	0.	1.0010345610848361e-28	7.089426427381557e-15	2.7032148501953945e-15
517.	0.	-1.0861931535749189e-27	7.015015629471748e-15	2.6826128657924852e-15
518.	0.	-2.183360940940444e-27	6.941522781594893e-15	2.6622223214546608e-15
518.9999999999999	0.	2.064977560692721e-27	6.86894702064103e-15	2.6420452519125085e-15
520.	0.	1.1248463698644357e-27	6.797287114644488e-15	2.622083562039249e-15
521.	0.	2.5526627300662838e-28	6.726541472565251e-15	2.602339028625496e-15
522.	0.	-5.490854812475798e-28	6.6567081539996396e-15	2.5828133021739686e-15
523.	0.	-1.2931358507013599e-27	6.5877848788336335e-15	2.5635079087182147e-15
524.	0.	-1.981445249519569e-27	6.5197690368439916e-15	2.5444242516682437e-15
525.	0.	2.6374493134635913e-27	6.452657697209465e-15	2.525563613668112e-15
526.	0.	2.0475578413234213e-27	6.386447617973415e-15	2.5069271584817504e-15
527.	0.	1.5018350652071934e-27	6.321135255416835e-15	2.4885159328909827e-15
527.9999999999999	0.	9.96943002016111e-28	6.256716773348791e-15	2.4703308686083597e-15
529.	0.	5.2979301314910165e-28	6.193188052329738e-15	2.4523727842108894e-15
530.	0.	9.7527273187715e-29	6.1305446987897804e-15	2.43464238707969e-15
531.	0.	-3.0249839794877887e-28	6.06878205407089e-15	2.417140275356678e-15
532.	0.	-6.727304382322586e-28	6.007895203372582e-15	2.399866939910355e-15
533.	0.	-1.0154322739613703e-27	5.947878984600416e-15	2.3828227663098864e-15
534.	0.	-1.3326979626852934e-27	5.888727997121498e-15	2.3660080368092792e-15
535.	0.	-1.6264648278052915e-27	5.8304366104123044e-15	2.3494229323351577e-15
536.	0.	-1.8985251583877734e-27	5.772998972613727e-15	2.3330675344844347e-15
536.9999999999999	0.	-2.1505370424454134e-27	5.7164090189696486e-15	2.3169418275212545e-15
538.	0.	-2.384034397056906e-27	5.660660480172139e-15	2.301045700383173e-15
539.	0.	2.6637230904199663e-27	5.605746890582835e-15	2.285378948682901e-15
540.	0.	2.4655039009222075e-27	5.551661596356091e-15	2.2699412767166833e-15
540.9999999999999	0.	2.282131604240385e-27	5.4983977634398145e-15	2.254732299468213e-15
542.	0.	2.112489680230706e-27	5.445948385470028e-15	2.239751544614816e-15
543.	0.	1.955545649872549e-27	5.3943062915455566e-15	2.22499845452983e-15
544.	0.	1.810344765722265e-27	5.34346415388647e-15	2.2104723882819297e-15
545.	0.	1.676004173094601e-27	5.293414495372221e-15	2.1961726236297075e-15
545.9999999999999	0.	1.5517075072124931e-27	5.244149696967627e-15	2.182098359013959e-15
547.	0.	1.4366998940863048e-27	5.195662005017993e-15	2.16824871553999e-15
548.	0.	1.3302833252471063e-27	5.147943538432283e-15	2.1546227389566914e-15
549.	0.	1.2318123786282303e-27	5.1009862957401274e-15	2.141219401626185e-15
549.9999999999999	0.	1.1406902599222288e-27	5.054782162024682e-15	2.1280376044847474e-15
551.	0.	1.0563651406180525e-27	5.0093229157372475e-15	2.1150761789962774e-15
552.	0.	9.78326770665482e-28	4.9646002353810074e-15	2.102333889092624e-15
553.	0.	9.06103345337956e-28	4.920605706077641e-15	2.08980943310645e-15
554.	0.	8.392586073610275e-28	4.877330826004891e-15	2.0775014456904245e-15
554.9999999999999	0.	7.773891667712195e-28	4.834767012709825e-15	2.0654084997243563e-15
556.	0.	7.201220222611337e-28	4.792905609300685e-15	2.0535291082110337e-15
557.	0.	6.671122689638489e-28	4.751737890507572e-15	2.041861726155769e-15
558.	0.	6.180409787444422e-28	4.7112550686238614e-15	2.0304047524343245e-15
558.9999999999999	0.	5.7261324009369475e-28	4.671448299320977e-15	2.0191565316450113e-15
560.	0.	5.305563456764025e-28	4.632308687335934e-15	2.008115355944703e-15
561.	0.	4.916181164727215e-28	4.593827292038618e-15	1.997279466870472e-15
562.	0.	4.555653522705282e-28	4.555995132872635e-15	1.9866470571438693e-15
563.	0.	4.221823990286682e-28	4.518803194669501e-15	1.976216272457002e-15
563.9999999999999	0.	3.9126982433673543e-28	4.482242432847257e-15	1.9659852132444996e-15
565.	0.	3.626431928481597e-28	4.446303778479018e-15	1.955951936434409e-15
566.	0.	3.3613193417103714e-28	4.410978143243132e-15	1.946114457182465e-15
567.	0.	3.115782962602536e-28	4.376256424248603e-15	1.936470750586112e-15
567.9999999999999	0.	2.8883637787498283e-28	4.342129508742649e-15	1.927018753380784e-15
569.	0.	2.677712341458798e-28	4.308588278698502e-15	1.9177563656167797e-15
570.	0.	2.4825804974191345e-28	4.275623615280056e-15	1.908681452314592e-15
571.	0.	2.3018137453983444e-28	4.243226403189789e-15	1.899791845100687e-15
572.	0.	2.1343441708097717e-28	4.2113875349013865e-15	1.8910853438239233e-15
572.9999999999999	0.	1.97918391453292e-28	4.180097914771646e-15	1.882559718149108e-15
574.	0.	1.8354191356474618e-28	4.149348463039235e-15	1.8742127091308516e-15
575.	0.	1.7022044307664907e-28	4.11913011971059e-15	1.866042030766488e-15
576.	0.	1.578757675457552e-28	4.08943384832193e-15	1.858045371523021e-15
576.9999999999999	0.	1.4643552558498332e-28	4.060250639603819e-15	1.850220395848935e-15
578.	0.	1.358327660907274e-28	4.03157151502432e-15	1.8425647456591513e-15
579.	0.	1.260055408087291e-28	4.0033875302231374e-15	1.835076041798832e-15
580.	0.	1.1689652771534332e-28	3.975689778335491e-15	1.827751885483452e-15
581.	0.	1.084526828819006e-28	3.948469393215048e-15	1.8205898597199977e-15
582.	0.	1.0062491866499712e-28	3.921717552540864e-15	1.8135875307008587e-15
583.	0.	9.336780622945772e-29	3.895425480824128e-15	1.8067424491769603e-15
584.	0.	8.66393005607655e-29	3.869584452312744e-15	1.8000521518092495e-15
585.	0.	8.040048626291248e-29	3.8441857937859105e-15	1.7935141624931194e-15
585.9999999999999	0.	7.46153425671587e-29	3.8192208872526456e-15	1.7871259936625075e-15
587.	0.	6.925052609581049e-29	3.7946811725536936e-15	1.7808851475721466e-15
588.	0.	6.427517003521494e-29	3.7705581498530516e-15	1.7747891175508267e-15
589.	0.	5.966069847480143e-29	3.746843382043768e-15	1.768835389236826e-15
589.9999999999999	0.	5.538065476239342e-29	3.723528497052431e-15	1.76302144178745e-15
591.	0.	5.141054281359935e-29	3.7006051900498474e-15	1.7573447490650058e-15
592.	0.	4.7727680393527374e-29	3.678065225570785e-15	1.751802780800613e-15
593.	0.	4.4311063463392224e-29	3.6559004395361246e-15	1.7463930037315699e-15
594.	0.	4.1141240753703765e-29	3.6341027411935536e-15	1.7411128827193423e-15
594.9999999999999	0.	3.820019778895892e-29	3.612664114963072e-15	1.7359598818408552e-15
596.	0.	3.547124964789379e-29	3.591576622197759e-15	1.7309314654578423e-15
597.	0.	3.293894179752607e-29	3.57083240285936e-15	1.7260250992627038e-15
598.	0.	3.058895838951996e-29	3.5504236771090567e-15	1.7212382513010599e-15
598.9999999999999	0.	2.840803745377924e-29	3.530342746812026e-15	1.716568392969139e-15
600.	0.	2.638389246725015e-29	3.5105819969715523e-15	1.7120129999933243e-15
601.	0.	2.4505139815226613e-29	3.4911338970687807e-15	1.7075695533794209e-15
602.	0.	2.2761231699538417e-29	3.4719910023370604e-15	1.70323554034536e-15
603.	0.	2.114239408146003e-29	3.4531459549517896e-15	1.6990084552267769e-15
603.9999999999999	0.	1.9639569278740372e-29	3.4345914851468632e-15	1.6948858003613588e-15
605.	0.	1.8244362864958632e-29	3.4163204122628118e-15	1.6908650869525651e-15
606.	0.	1.6948994546072933e-29	3.398325645713601e-15	1.6869438359065957e-15
607.	0.	1.5746252713867032e-29	3.38060018589017e-15	1.6831195786507979e-15
607.9999999999999	0.	1.4629452398656248e-29	3.363137124991631e-15	1.6793898579280597e-15
609.	0.	1.3592396364772557e-29	3.345929647789682e-15	1.6757522285695785e-15
610.	0.	1.2629339111794827e-29	3.328971032326379e-15	1.6722042582457649e-15
611.	0.	1.1734953562471662e-29	3.312254650547315e-15	1.668743528195145e-15
612.	0.	1.0904300234930493e-29	3.2957739688737752e-15	1.6653676339331878e-15
612.9999999999999	0.	1.013279871206405e-29	3.2795225487073217e-15	1.6620741859363787e-15
614.	0.	9.41620123526946e-30	3.263494046882442e-15	1.658860810309898e-15
615.	0.	8.750568262703025e-30	3.247682216052776e-15	1.655725149429882e-15
616.	0.	8.132245844427963e-30	3.232080905024346e-15	1.6526648625676977e-15
616.9999999999999	0.	7.557844677951481e-30	3.2166840590316063e-15	1.649677626492538e-15
618.	0.	7.024220718014492e-30	3.2014857199580518e-15	1.6467611360536448e-15
619.	0.	6.528457224044769e-30	3.1864800265067027e-15	1.6439131047434817e-15
620.	0.	6.0678481374853144e-30	3.1716612143134927e-15	1.6411312652385818e-15
621.	0.	5.6398826894004584e-30	3.1570236160166113e-15	1.6384133699236417e-15
621.9999999999999	0.	5.2422311462499784e-30	3.1425616612722646e-15	1.6357571913939934e-15
623.	0.	4.8727316087090656e-30	3.128269876723823e-15	1.6331605229391733e-15
624.	0.	4.529377784837761e-30	3.1141428859271486e-15	1.6306211790087918e-15
625.	0.	4.2103076648225385e-30	3.1001754092259766e-15	1.6281369956570951e-15
625.9999999999999	0.	3.913793030038318e-30	3.086362263590706e-15	1.6257058309723175e-15
627.	0.	3.638229734206555e-30	3.072698362406132e-15	1.6233255654836892e-15
628.	0.	3.3821286991583994e-30	3.0591787152271016e-15	1.6209941025546012e-15
629.	0.	3.144107571998456e-30	3.045798427487729e-15	1.6187093687545164e-15
629.9999999999999	0.	2.9228829944998155e-30	3.032552700175131e-15	1.6164693142153192e-15
630.9999999999999	0.	2.717263439238676e-30	3.0194368294641708e-15	1.6142719129687697e-15
632.	0.	2.526142570409379e-30	3.0064462063199328e-15	1.6121151632693413e-15
633.	0.	2.3484930904005856e-30	2.993576316059568e-15	1.6099970878971292e-15
634.	0.	2.1833610361537738e-30	2.9808227378850597e-15	1.6079157344463525e-15
634.9999999999999	0.	2.0298604920078483e-30	2.968181144382127e-15	1.6058691755971858e-15
636.	0.	1.887168688231664e-30	2.955647300987271e-15	1.6038555093709519e-15
637.	0.	1.7545214567539362e-30	2.9432170654247664e-15	1.6018728593695171e-15
638.	0.	1.6312090177292467e-30	2.930886387115926e-15	1.5999193750003636e-15
638.9999999999999	0.	1.5165720725449512e-30	2.9186513065579293e-15	1.5979932316844627e-15
640.	0.	1.409998180702046e-30	2.906507954678788e-15	1.5960926310510418e-15
641.	0.	1.3109183996789598e-30	2.8944525521637333e-15	1.5942158011160787e-15
642.	0.	1.218804168449607e-30	2.882481408759279e-15	1.5923609964474173e-15
643.	0.	1.1331644167624635e-30	2.870590922551448e-15	1.5905264983149382e-15
643.9999999999999	0.	1.0535428836204497e-30	2.8587775792232374e-15	1.5887106148271367e-15
645.	0.	9.795156296308108e-31	2.84703795128892e-15	1.5869116810536372e-15
646.	0.	9.106887290334554e-31	2.8353686973085794e-15	1.585128059134911e-15
647.	0.	8.466961282673197e-31	2.823766561083435e-15	1.5833581383783882e-15
647.9999999999999	0.	7.87197658908764e-31	2.8122283708300077e-15	1.5816003353412427e-15
649.	0.	7.318771937172241e-31	2.800751038340191e-15	1.5798530939015783e-15
650.	0.	6.804409353545144e-31	2.7893315581207866e-15	1.5781148853162798e-15
651.	0.	6.326158281162554e-31	2.777967006518568e-15	1.5763842082667324e-15
652.	0.	5.881480837271686e-31	2.7666545408323016e-15	1.5746595888940284e-15
652.9999999999999	0.	5.468018129091556e-31	2.755391398405704e-15	1.5729395808202826e-15
654.	0.	5.083577550453226e-31	2.74417489571158e-15	1.5712227651606046e-15
655.	0.	4.726120988245308e-31	2.733002427421724e-15	1.5695077505233125e-15
656.	0.	4.393753872753504e-31	2.7218714654637914e-15	1.5677931729987642e-15
656.9999999999999	0.	4.084715010822973e-31	2.7107795580684444e-15	1.5660776961378212e-15
658.	0.	3.7973671452454715e-31	2.6997243288069867e-15	1.564360010920664e-15
659.	0.	3.530188187918583e-31	2.688703475617846e-15	1.5626388357148165e-15
660.	0.	3.2817630781623328e-31	2.6777147698258308e-15	1.560912916223399e-15
661.	0.	3.050776221135329e-31	2.666756055152053e-15	1.5591810254237972e-15
661.9999999999999	0.	2.836004464576332e-31	2.655825246717596e-15	1.5574419634970454e-15
663.	0.	2.6363105751490982e-31	2.644920330040645e-15	1.5556945577483798e-15
664.	0.	2.450637178483287e-31	2.6340393600272203e-15	1.553937662518555e-15
665.	0.	2.2780011296215246e-31	2.6231804599562514e-15	1.5521701590861669e-15
665.9999999999999	0.	2.117488283002483e-31	2.6123418204610196e-15	1.550390955562409e-15
667.	0.	1.9682486333476793e-31	2.6015216985061513e-15	1.548598986777003e-15
668.	0.	1.8294918009011867e-31	2.5907184163616026e-15	1.546793214157033e-15
669.	0.	1.7004828363889096e-31	2.579930360572302e-15	1.5449726255964548e-15
670.	0.	1.5805383228557324e-31	2.5691559809280346e-15	1.5431362353199519e-15
670.9999999999999	0.	1.4690227531810734e-31	2.5583937894304297e-15	1.5412830837387155e-15
672.	0.	1.365345163610205e-31	2.5476423592581336e-15	1.539412237299001e-15
673.	0.	1.2689560050550977e-31	2.5369003237318594e-15	1.5375227883238266e-15
674.	0.	1.1793442352356436e-31	2.526166375281636e-15	1.5356138548492503e-15
674.9999999999999	0.	1.0960346159462557e-31	2.5154392644102238e-15	1.533684580452593e-15
676.	0.	1.0185852008688546e-31	2.5047177986611806e-15	1.531734134075558e-15
677.	0.	9.465850003968388e-32	2.4940008415867023e-15	1.5297617098414077e-15
678.	0.	8.796518109068731e-32	2.4832873117172838e-15	1.527766526865761e-15
678.9999999999999	0.	8.174301968173444e-32	2.4725761815343407e-15	1.525747829062626e-15
679.9999999999999	0.	7.595896146057249e-32	2.461866476445137e-15	1.5237048849443965e-15
681.	0.	7.058226687341942e-32	2.4511572737612054e-15	1.521636987417513e-15
682.	0.	6.558434901485585e-32	2.440447701679355e-15	1.5195434535721486e-15
683.	0.	6.093862286854799e-32	2.429736938267951e-15	1.5174236244680928e-15
683.9999999999999	0.	5.662036513386251e-32	2.419024210457548e-15	1.5152768649162662e-15
685.	0.	5.260658389089398e-32	2.408308793033948e-15	1.5131025632541607e-15
686.	0.	4.8875897409837517e-32	2.3975900076394962e-15	1.5109001311195072e-15
687.	0.	4.54084214597159e-32	2.386867221777698e-15	1.5086690032182353e-15
687.9999999999999	0.	4.218566451759857e-32	2.3761398478234756e-15	1.5064086370891743e-15
688.9999999999999	0.	3.9190430321859924e-32	2.3654073420412395e-15	1.5041185128655104e-15
690.	0.	3.6406727252535666e-32	2.3546692036067788e-15	1.5017981330320212e-15
691.	0.	3.3819684058527773e-32	2.3439249736376766e-15	1.4994470221797792e-15
692.	0.	3.14154714853938e-32	2.333174234230052e-15	1.4970647267572396e-15
692.9999999999999	0.	2.918122938910548e-32	2.3224166075017716e-15	1.4946508148188347e-15
694.	0.	2.710499895043332e-32	2.3116517546444187e-15	1.4922048757702586e-15
695.	0.	2.5175659631920364e-32	2.3008793749816193e-15	1.48972652011197e-15
696.	0.	2.3382870544629834e-32	2.2900992050354644e-15	1.4872153791789672e-15
696.9999999999999	0.	2.1717015915426687e-32	2.2793110176018938e-15	1.4846711048798787e-15
698.	0.	2.0169154367276902e-32	2.2685146208335682e-15	1.4820933694323903e-15
699.	0.	1.873097174539619e-32	2.257709857331821e-15	1.4794818650980083e-15
700.	0.	1.7394737240840511e-32	2.246896603246029e-15	1.4768363039138332e-15
701.	0.	1.6153262580657542e-32	2.2360747673838304e-15	1.4741564174234337e-15
701.9999999999999	0.	1.4999864069942152e-32	2.2252442903290996e-15	1.4714419564059106e-15
703.	0.	1.3928327286230722e-32	2.214405143569407e-15	1.4686926906035718e-15
704.	0.	1.293287424070612e-32	2.2035573286321743e-15	1.4659084084480555e-15
705.	0.	1.2008132833703098e-32	2.1927008762324916e-15	1.4630889167858155e-15
705.9999999999999	0.	1.114910844411822e-32	2.181835845428075e-15	1.460234040602462e-15
707.	0.	1.0351157503571228e-32	2.1709623227849772e-15	1.4573436227457115e-15
708.	0.	9.609962916644968e-33	2.1600804215541208e-15	1.454417523648361e-15
709.	0.	8.92151119822257e-33	2.149190280856577e-15	1.45145562105017e-15
710.	0.	8.28207120799367e-33	2.1382920648788664e-15	1.4484578097190912e-15
710.9999999999999	0.	7.68817437059999e-33	2.1273859620799004e-15	1.4454240011725802e-15
712.	0.	7.136596277679778e-33	2.11647218440708e-15	1.4423541233983366e-15
713.	0.	6.624339575350649e-33	2.1055509665222147e-15	1.4392481205749157e-15
714.	0.	6.1486180473969865e-33	2.094622565039776e-15	1.43610595279221e-15
714.9999999999999	0.	5.706841810715893e-33	2.0836872577738344e-15	1.4329275957722203e-15
716.	0.	5.296603545394965e-33	2.0727453429963766e-15	1.4297130405895098e-15
717.	0.	4.915665687232931e-33	2.0617971387064103e-15	1.4264622933927485e-15
718.	0.	4.56194851553799e-33	2.0508429819094665e-15	1.4231753751256685e-15
719.	0.	4.233519073744636e-33	2.0398832279070248e-15	1.4198523212490896e-15
719.9999999999999	0.	3.928580864739287e-33	2.0289182495985662e-15	1.4164931814630949e-15
721.	0.	3.6454642668465415e-33	2.0179484367925486e-15	1.413098019430598e-15
722.	0.	3.3826176201911534e-33	2.0069741955289344e-15	1.4096669125003331e-15
723.	0.	3.1385989366687144e-33	1.995995947412859e-15	1.4061999514321214e-15
723.9999999999999	0.	2.9120681900095043e-33	1.9850141289582093e-15	1.4026972401218755e-15
725.	0.	2.701780145461627e-33	1.9740291909426225e-15	1.399158895328397e-15
726.	0.	2.5065776914363207e-33	1.963041597773373e-15	1.395585046400678e-15
727.	0.	2.325385638087931e-33	1.9520518268637836e-15	1.3919758350067053e-15
727.9999999999999	0.	2.1572049502373025e-33	1.941060368019633e-15	1.3883314148630468e-15
728.9999999999999	0.	2.001107384324986e-33	1.9300677228392463e-15	1.3846519514666608e-15
730.	0.	1.8562305011859784e-33	1.9190744041195904e-15	1.3809376218267034e-15
731.	0.	1.7217730284100077e-33	1.908080935277844e-15	1.3771886141988834e-15
732.	0.	1.596990547875439e-33	1.8970878497801632e-15	1.3734051278208744e-15
732.9999999999999	0.	1.4811914857474653e-33	1.886095690583969e-15	1.3695873726493484e-15
734.	0.	1.3737333838123794e-33	1.8751050095878706e-15	1.3657355690984584e-15
735.	0.	1.2740194324944509e-33	1.8641163670943092e-15	1.3618499477803458e-15
736.	0.	1.1814952472675799e-33	1.8531303312825685e-15	1.357930749247101e-15
736.9999999999999	0.	1.0956458714517354e-33	1.8421474776908387e-15	1.3539782237345002e-15
737.9999999999999	0.	1.0159929895679557e-33	1.8311683887106242e-15	1.3499926309080686e-15
739.	0.	9.42092336527839e-34	1.8201936530897487e-15	1.3459742396102708e-15
740.	0.	8.735312889617286e-34	1.8092238654465212e-15	1.341923327610161e-15
741.	0.	8.099266259428464e-34	1.7982596257948032e-15	1.3378401813551767e-15
741.9999999999999	0.	7.509224472529889e-34	1.7873015390778837e-15	1.3337250957244378e-15
743.	0.	6.961882381629992e-34	1.7763502147133718e-15	1.3295783737845857e-15
744.	0.	6.454170704688939e-34	1.7654062661474342e-15	1.325400326547481e-15
745.	0.	5.9832393024069736e-34	1.7544703104199255e-15	1.3211912727303326e-15
745.9999999999999	0.	5.546441634064107e-34	1.7435429677391726e-15	1.316951538517701e-15
746.9999999999999	0.	5.141320309129123e-34	1.7326248610651193e-15	1.3126814573260544e-15
748.	0.	4.7655936578207985e-34	1.72171661570475e-15	1.3083813695704993e-15
749.	0.	4.417143249159234e-34	1.7108188589148298e-15	1.3040516224337233e-15
750.	0.	4.094002290041339e-34	1.6999322195151976e-15	1.299692569637321e-15
750.9999999999999	0.	3.794344843510969e-34	1.6890573275122054e-15	1.2953045712157466e-15
752.	0.	3.5164758087111022e-34	1.6781948137299632e-15	1.2908879932922803e-15
753.	0.	3.2588216090292546e-34	1.6673453094522539e-15	1.28644320785771e-15
754.	0.	3.0199215386778364e-34	1.6565094460725077e-15	1.281970592551333e-15
754.9999999999999	0.	2.7984197214337437e-34	1.6456878547539534e-15	1.2774705304444978e-15
756.	0.	2.5930576384954853e-34	1.6348811660981769e-15	1.2729434098264777e-15
757.	0.	2.4026671854268e-34	1.6240900098229316e-15	1.2683896239934967e-15
758.	0.	2.2261642209540013e-34	1.6133150144471703e-15	1.2638095710390487e-15
759.	0.	2.0625425729949896e-34	1.6025568069879032e-15	1.2592036536482343e-15
759.9999999999999	0.	1.910868469715053e-34	1.5918160126626062e-15	1.2545722788937279e-15
761.	0.	1.7702753656648798e-34	1.5810932546019422e-15	1.2499158580345096e-15
762.	0.	1.639959135152216e-34	1.5703891535701003e-15	1.2452348063173674e-15
763.	0.	1.5191736069496197e-34	1.559704327693563e-15	1.2405295427811328e-15
763.9999999999999	0.	1.407226416255885e-34	1.5490393921979676e-15	1.2358004900629462e-15
765.	0.	1.3034751515204303e-34	1.5383949591541556e-15	1.2310480742079546e-15
766.	0.	1.2073237753071515e-34	1.5277716372294486e-15	1.2262727244810104e-15
767.	0.	1.1182192998377737e-34	1.5171700314504383e-15	1.2214748731815388e-15
768.	0.	1.0356486992138181e-34	1.5065907429703845e-15	1.216654955460605e-15
768.9999999999999	0.	9.591360415802597e-35	1.4960343688465972e-15	1.2118134091408942e-15
770.	0.	8.882398256704392e-35	1.4855015018229587e-15	1.2069506745395083e-15
771.	0.	8.225505072652136e-35	1.4749927301223703e-15	1.2020671942930338e-15
772.	0.	7.61688202117388e-35	1.4645086372450617e-15	1.1971634131856914e-15
772.9999999999999	0.	7.053005528378949e-35	1.4540498017739138e-15	1.1922397779799107e-15
774.	0.	6.530607481214388e-35	1.4436167971881544e-15	1.1872967372496305e-15
775.	0.	6.046656835067017e-35	1.4332101916828174e-15	1.1823347412164608e-15
776.	0.	5.598342536279143e-35	1.422830547995638e-15	1.1773542415881335e-15
776.9999999999999	0.	5.183057666229679e-35	1.4124784232403873e-15	1.172355691400084e-15
777.9999999999999	0.	4.7983847202039104e-35	1.402154368747729e-15	1.167339544859372e-15
779.	0.	4.4420819404094574e-35	1.3918589299113426e-15	1.1623062571913651e-15
780.	0.	4.1120706281809856e-35	1.3815926460416553e-15	1.1572562844891507e-15
781.	0.	3.806423365710679e-35	1.3713560502245682e-15	1.152190083565427e-15
781.9999999999999	0.	3.523353082566436e-35	1.3611496691885713e-15	1.1471081118073566e-15
783.	0.	3.2612029068325586e-35	1.3509740231752409e-15	1.1420108270335963e-15
784.	0.	3.018436744964377e-35	1.3408296258181852e-15	1.1368986873543668e-15
785.	0.	2.7936305384055133e-35	1.3307169840263431e-15	1.1317721510340332e-15
785.9999999999999	0.	2.5854641486909207e-35	1.3206365978732962e-15	1.1266316763560308e-15
786.9999999999999	0.	2.3927138261829355e-35	1.3105889604936059e-15	1.1214777214908397e-15
788.	0.	2.2142452207617193e-35	1.3005745579821736e-15	1.1163107443661876e-15
789.	0.	2.0490068957504642e-35	1.2905938693019676e-15	1.1111312025399664e-15
790.	0.	1.8960243090991812e-35	1.2806473661943972e-15	1.1059395530756802e-15
790.9999999999999	0.	1.7543942284076312e-35	1.2707355130975367e-15	1.1007362524204598e-15
792.	0.	1.6232795487381013e-35	1.2608587670672719e-15	1.0955217562856358e-15
793.	0.	1.5019044843781752e-35	1.2510175777047642e-15	1.0902965195297261e-15
794.	0.	1.3895501077608497e-35	1.241212387088388e-15	1.0850609960440747e-15
794.9999999999999	0.	1.2855502106570213e-35	1.231443629711013e-15	1.0798156386408596e-15
795.9999999999999	0.	1.1892874645258262e-35	1.2217117324213032e-15	1.0745608989435958e-15
797.	0.	1.1001898585543514e-35	1.212017114370251e-15	1.0692972272801314e-15
798.	0.	1.0177273954472979e-35	1.2023601869619971e-15	1.0640250725780674e-15
799.	0.	9.41409026449157e-36	1.1927413538089463e-15	1.05874488226256e-15
799.9999999999999	0.	8.707798084019496e-36	1.1831610106915875e-15	1.0534571021565604e-15
801.	0.	8.054182668684014e-36	1.1736195455224005e-15	1.0481621763834637e-15
802.	0.	7.44933950491782e-36	1.164117338313846e-15	1.0428605472720068e-15
803.	0.	6.889651628216191e-36	1.1546547611501133e-15	1.0375526552636416e-15
803.9999999999999	0.	6.371768588203663e-36	1.1452321781638204e-15	1.0322389388222147e-15
804.9999999999999	0.	5.892586941789158e-36	1.1358499455159102e-15	1.02691983434577e-15
806.	0.	5.449232164201674e-36	1.1265084113781535e-15	1.021595776080982e-15
807.	0.	5.039041875572857e-36	1.1172079159218763e-15	1.0162671960394648e-15
808.	0.	4.6595502880795825e-36	1.1079487913084485e-15	1.0109345239166362e-15
808.9999999999999	0.	4.308473785454355e-36	1.0987313616837563e-15	1.0055981870125967e-15
810.	0.	3.983697553010038e-36	1.0895559431755951e-15	1.0002586101552867e-15
811.	0.	3.683263182189261e-36	1.0804228438953413e-15	9.949162156258421e-16
812.	0.	3.4053571791121207e-36	1.0713323639421424e-15	9.895714230860818e-16
812.9999999999999	0.	3.14830031165835e-36	1.0622847954113954e-15	9.842246495080772e-16
814.	0.	2.9105377343295014e-36	1.0532804224030058e-15	9.788763091059223e-16
815.	0.	2.690629834504832e-36	1.0443195210378785e-15	9.73526813269477e-16
816.	0.	2.4872437477627895e-36	1.035402359472143e-15	9.681765705003517e-16
816.9999999999999	0.	2.2991454937090797e-36	1.0265291979178605e-15	9.628259863496578e-16
817.9999999999999	0.	2.1251926872502887e-36	1.0177002886638263e-15	9.574754633580982e-16
819.	0.	1.9643277835008754e-36	1.0089158761017324e-15	9.521254009977761e-16
820.	0.	1.8155718175276113e-36	1.000176196751993e-15	9.467761956161008e-16
821.	0.	1.67801860293576e-36	9.914814792945377e-16	9.41428240381656e-16
821.9999999999999	0.	1.5508293559005356e-36	9.828319446000328e-16	9.360819252319443e-16
823.	0.	1.4332277136605736e-36	9.742278057655158e-16	9.307376368229939e-16
824.	0.	1.3244951187309139e-36	9.656692681496663e-16	9.253957584809099e-16
825.	0.	1.2239665421715884e-36	9.571565294134492e-16	9.200566701553145e-16
825.9999999999999	0.	1.1310265211780925e-36	9.486897795601277e-16	9.147207483744177e-16
826.9999999999999	0.	1.0451054880517153e-36	9.402692009783857e-16	9.093883662020994e-16
828.	0.	9.656763692703154e-37	9.31894968488125e-16	9.040598931966245e-16
829.	0.	8.922514349223996e-37	9.23567249386851e-16	8.987356953712232e-16
830.	0.	8.243793802000488e-37	9.152862034987922e-16	8.934161351563508e-16
830.9999999999999	0.	7.616426219744914e-37	9.070519832259814e-16	8.881015713635088e-16
832.	0.	7.036547947120679e-37	8.988647335997424e-16	8.827923591510484e-16
833.	0.	6.500584311308021e-37	8.907245923351028e-16	8.774888499913163e-16
834.	0.	6.00522814061443e-37	8.826316898868486e-16	8.721913916396601e-16
834.9999999999999	0.	5.54741986959973e-37	8.745861495059195e-16	8.669003281048436e-16
835.9999999999999	0.	5.124329114337683e-37	8.665880872984962e-16	8.616159996212501e-16
837.	0.	4.733337609903481e-37	8.586376122858392e-16	8.563387426224292e-16
838.	0.	4.372023410050266e-37	8.507348264655677e-16	8.510688897163451e-16
839.	0.	4.038146256324179e-37	8.428798248740791e-16	8.45806769662019e-16
839.9999999999999	0.	3.729634030645008e-37	8.350726956507237e-16	8.405527073476902e-16
841.	0.	3.444570211646245e-37	8.273135201021966e-16	8.353070237705448e-16
842.	0.	3.181182260900014e-37	8.196023727698854e-16	8.300700360175596e-16
843.	0.	2.9378308705461338e-37	8.119393214955446e-16	8.248420572481928e-16
843.9999999999999	0.	2.7130000088544423e-37	8.043244274905773e-16	8.196233966781023e-16
844.9999999999999	0.	2.505287704896355e-37	7.967577454044391e-16	8.144143595643989e-16
846.	0.	2.3133975178044145e-37	7.892393233949355e-16	8.092152471921586e-16
847.	0.	2.1361306400960766e-37	7.817692031998092e-16	8.040263568623943e-16
848.	0.	1.9723785882402197e-37	7.743474202067176e-16	7.98847981881061e-16
848.9999999999999	0.	1.8211164370780995e-37	7.669740035278909e-16	7.936804115495855e-16
850.	0.	1.6813965578957068e-37	7.596489760709123e-16	7.885239311564673e-16
851.	0.	1.552342822895594e-37	7.523723546150119e-16	7.833788219702376e-16
852.	0.	1.433145241552474e-37	7.451441498834457e-16	7.782453612334196e-16
852.9999999999999	0.	1.3230549968756482e-37	7.379643666193388e-16	7.731238221579276e-16
853.9999999999999	0.	1.221379851950554e-37	7.308330036616899e-16	7.680144739213487e-16
855.	0.	1.1274798993150156e-37	7.237500540206235e-16	7.629175816645677e-16
856.	0.	1.0407636277435048e-37	7.167155049544886e-16	7.578334064903147e-16
857.	0.	9.606842828881641e-38	7.097293380463728e-16	7.527622054629708e-16
857.9999999999999	0.	8.867364999598823e-38	7.027915292811607e-16	7.477042316093389e-16
859.	0.	8.184531882424089e-38	6.959020491239878e-16	7.426597339203832e-16
860.	0.	7.554026487234007e-38	6.890608625971078e-16	7.376289573541994e-16
861.	0.	6.971859075081753e-38	6.822679293592617e-16	7.326121428397445e-16
861.9999999999999	0.	6.434342489622048e-38	6.75523203782402e-16	7.276095272816854e-16
863.	0.	5.938069337155161e-38	6.688266350320629e-16	7.226213435661551e-16
864.	0.	5.479890877609379e-38	6.621781671447685e-16	7.176478205674575e-16
865.	0.	5.05689749897615e-38	6.555777391069922e-16	7.126891831556659e-16
865.9999999999999	0.	4.666400657143151e-38	6.4902528493513e-16	7.077456522050829e-16
866.9999999999999	0.	4.305916171818427e-38	6.425207337533485e-16	7.028174446036065e-16
868.	0.	3.9731487773449705e-38	6.36064009872698e-16	6.979047732630082e-16
869.	0.	3.6659778346964175e-38	6.29655032871043e-16	6.930078471298627e-16
870.	0.	3.382444117912257e-38	6.232937176703736e-16	6.8812687119743965e-16
870.9999999999999	0.	3.1207375946586286e-38	6.169799746178521e-16	6.832620465183773e-16
872.	0.	2.879186126572602e-38	6.107137095626116e-16	6.784135702179529e-16
873.	0.	2.656245020568461e-38	6.044948239357737e-16	6.7358163550841355e-16
874.	0.	2.450487367403575e-38	5.983232148277961e-16	6.687664317036327e-16
874.9999999999999	0.	2.2605951085401156e-38	5.921987750685172e-16	6.639681442349077e-16
875.9999999999999	0.	2.085350776726757e-38	5.861213933042529e-16	6.591869546671056e-16
877.	0.	1.923629859789069e-38	5.800909540754361e-16	6.544230407156013e-16
878.	0.	1.7743937408819874e-38	5.741073378951402e-16	6.496765762639929e-16
879.	0.	1.6366831719403244e-38	5.681704213261478e-16	6.449477313822131e-16
879.9999999999999	0.	1.5096122402925826e-38	5.622800770586796e-16	6.402366723454692e-16
881.	0.	1.392362791389196e-38	5.564361739865141e-16	6.355435616536816e-16
882.	0.	1.2841792733638235e-38	5.506385772841225e-16	6.308685580514329e-16
883.	0.	1.1843639717061746e-38	5.448871484823588e-16	6.262118165487725e-16
883.9999999999999	0.	1.0922726046967542e-38	5.39181745545298e-16	6.215734884421174e-16
884.9999999999999	0.	1.0073102524477736e-38	5.335222229442659e-16	6.169537213361369e-16
886.	0.	9.289275944272232e-39	5.279084317344131e-16	6.123526591658045e-16
887.	0.	8.566174322226891e-39	5.22340219628456e-16	6.077704422192039e-16
888.	0.	7.899114760430226e-39	5.168174310711776e-16	6.032072071605918e-16
888.9999999999999	0.	7.283773750673806e-39	5.11339907313393e-16	5.986630870541254e-16
890.	0.	6.716159732411174e-39	5.059074864843593e-16	5.941382113879008e-16
891.	0.	6.192587735000567e-39	5.005200036663717e-16	5.89632706098455e-16
892.	0.	5.709655946803404e-39	4.951772909655277e-16	5.851466935957608e-16
892.9999999999999	0.	5.264224065537237e-39	4.898791775840343e-16	5.806802927885047e-16
893.9999999999999	0.	4.8533932952196036e-39	4.846254898921332e-16	5.762336191098406e-16
895.	0.	4.474487865162901e-39	4.794160514980069e-16	5.718067845435124e-16
896.	0.	4.125037955836736e-39	4.742506833187676e-16	5.673998976502451e-16
897.	0.	3.8027639250926075e-39	4.691292036494412e-16	5.630130635945966e-16
897.9999999999999	0.	3.50556173625211e-39	4.640514282330625e-16	5.586463841720769e-16
899.	0.	3.2314894969817845e-39	4.590171703282628e-16	5.542999578365756e-16
900.	0.	2.9787550247435586e-39	4.540262407779612e-16	5.499738797281465e-16
901.	0.	2.7457043609494904e-39	4.490784480761182e-16	5.456682417009924e-16
901.9999999999999	0.	2.5308111618311433e-39	4.441735984352141e-16	5.413831323517519e-16
902.9999999999999	0.	2.3326668994607046e-39	4.393114958519235e-16	5.371186370481929e-16
904.	0.	2.14997181138793e-39	4.3449194217282776e-16	5.328748379579035e-16
905.	0.	1.981526542004684e-39	4.2971473715920984e-16	5.286518140774103e-16
906.	0.	1.8262244230474218e-39	4.2497967855164755e-16	5.244496412614183e-16
906.9999999999999	0.	1.683044344624189e-39	4.2028656213307905e-16	5.202683922523743e-16
908.	0.	1.551044171829607e-39	4.1563518179268573e-16	5.161081367100453e-16
909.	0.	1.4293546654118037e-39	4.1102532958718016e-16	5.11968941241509e-16
910.	0.	1.3171738681006591e-39	4.064567958035398e-16	5.078508694311117e-16
910.9999999999999	0.	1.2137619211131708e-39	4.0192936901859616e-16	5.037539818707506e-16
911.9999999999999	0.	1.1184362780432137e-39	3.9744283616133493e-16	4.996783361902415e-16
913.	0.	1.0305672858268886e-39	3.9299698257093977e-16	4.956239870877484e-16
914.	0.	9.495741047754104e-40	3.8859159205601644e-16	4.915909863605363e-16
914.9999999999999	0.	8.749209417919901e-40	3.8422644695394524e-16	4.875793829356939e-16
915.9999999999999	0.	8.061135728550388e-40	3.799013281872889e-16	4.835892229009673e-16
917.	0.	7.426961326665952e-40	3.756160153210884e-16	4.796205495357889e-16
918.	0.	6.8424815104433095e-40	3.713702866193925e-16	4.756734033423449e-16
919.	0.	6.303818171882416e-40	3.671639191009545e-16	4.717478220766389e-16
919.9999999999999	0.	5.807394543887142e-40	3.6299668859313953e-16	4.678438407798277e-16
921.	0.	5.3499118906890454e-40	3.588683697869188e-16	4.639614918093732e-16
922.	0.	4.9283279928104e-40	3.5477873629043607e-16	4.601008048705045e-16
923.	0.	4.5398372890943555e-40	3.507275606807355e-16	4.562618070474271e-16
923.9999999999999	0.	4.1818525488090176e-40	3.4671461455684957e-16	4.524445228348817e-16
924.9999999999999	0.	3.851987956511198e-40	3.427396685911612e-16	4.486489741694907e-16
926.	0.	3.5480435013068333e-40	3.3880249257871954e-16	4.448751804611906e-16
927.	0.	3.2679905704109832e-40	3.3490285548870575e-16	4.4112315862472404e-16
928.	0.	3.0099586545546005e-40	3.310405255132667e-16	4.373929231111314e-16
928.9999999999999	0.	2.772223079844618e-40	3.272152701152645e-16	4.336844859390688e-16
930.	0.	2.5531936872098082e-40	3.234268560777422e-16	4.2999785672636744e-16
931.	0.	2.3514043865944258e-40	3.1967504954861946e-16	4.2633304272137327e-16
932.	0.	2.165503518630292e-40	3.1595961608962145e-16	4.226900488343366e-16
932.9999999999999	0.	1.994244961667907e-40	3.122803207205701e-16	4.19068877668759e-16
933.9999999999999	0.	1.8364799267978716e-40	3.0863692796490155e-16	4.1546952955266327e-16
935.	0.	1.6911493878925996e-40	3.0502920189358023e-16	4.1189200256987045e-16
936.	0.	1.5572770977513074e-40	3.0145690616949106e-16	4.0833629259110576e-16
937.	0.	1.4339631451842833e-40	2.9791980408946707e-16	4.0480239330523194e-16
937.9999999999999	0.	1.3203780113330087e-40	2.9441765862775406e-16	4.012902962501789e-16
939.	0.	1.215757086724277e-40	2.909502324762856e-16	3.977999908439526e-16
940.	0.	1.1193956135090524e-40	2.8751728808667697e-16	3.9433146441553036e-16
941.	0.	1.030644020067559e-40	2.8411858770927566e-16	3.9088470223563274e-16
941.9999999999999	0.	9.48903617683006e-41	2.807538934341868e-16	3.8745968754739836e-16
942.9999999999999	0.	8.736226313135779e-41	2.7742296722924937e-16	3.8405640159703237e-16
944.	0.	8.042925386432667e-41	2.7412557097760193e-16	3.8067482366421823e-16
945.	0.	7.404446935781122e-41	2.7086146651681707e-16	3.7731493109252947e-16
946.	0.	6.816472121875165e-41	2.676304156744616e-16	3.739766993196951e-16
946.9999999999999	0.	6.275021007841941e-41	2.644321803048986e-16	3.7066010190765527e-16
948.	0.	5.776426073997139e-41	2.612665223245334e-16	3.673651105726602e-16
949.	0.	5.31730779357354e-41	2.5813320374686924e-16	3.6409169521508673e-16
950.	0.	4.894552109757307e-41	2.5503198671663145e-16	3.6083982394915774e-16
950.9999999999999	0.	4.505289666692611e-41	2.519626335438743e-16	3.5760946313253723e-16
951.9999999999999	0.	4.146876658468107e-41	2.489249067362947e-16	3.5440057739579403e-16
953.	0.	3.816877170600372e-41	2.459185690314103e-16	3.512131296716941e-16
954.	0.	3.5130468982114657e-41	2.429433834289315e-16	3.48047081224257e-16
954.9999999999999	0.	3.233318134044064e-41	2.399991132221114e-16	3.449023916778857e-16
955.9999999999999	0.	2.9757859277113373e-41	2.3708552202658435e-16	3.4177901904601176e-16
957.	0.	2.7386953252024307e-41	2.3420237381183723e-16	3.38676919759853e-16
958.	0.	2.5204296046963586e-41	2.3134943292966735e-16	3.355960486968827e-16
959.	0.	2.3194994312331644e-41	2.285264641427241e-16	3.325363592090878e-16
959.9999999999999	0.	2.1345328587832603e-41	2.257332326532747e-16	3.2949780315111404e-16
960.9999999999999	0.	1.9642661137888225e-41	2.2296950412940693e-16	3.264803309082232e-16
962.	0.	1.8075350993572267e-41	2.2023504473296066e-16	3.234838914240714e-16
963.	0.	1.6632675639968674e-41	2.1752962114499167e-16	3.205084322282731e-16
963.9999999999999	0.	1.5304758831375617e-41	2.1485300059207115e-16	3.175538994637508e-16
964.9999999999999	0.	1.4082504056880057e-41	2.1220495087037952e-16	3.1462023791400754e-16
966.	0.	1.2957533215894866e-41	2.0958524037186177e-16	3.1170739103008014e-16
967.	0.	1.192213009739937e-41	2.0699363810606847e-16	3.0881530095734746e-16
968.	0.	1.0969188288181462e-41	2.0442991372529662e-16	3.0594390856215904e-16
968.9999999999999	0.	1.0092163164472883e-41	2.0189383754658052e-16	3.0309315345822607e-16
969.9999999999999	0.	9.285027648212594e-42	1.993851805739833e-16	3.0026297403282205e-16
971.	0.	8.542231433966665e-42	1.9690371452083435e-16	2.9745330747278023e-16
972.	0.	7.858663415367181e-42	1.944492118299757e-16	2.9466408979027457e-16
972.9999999999999	0.	7.22961706104144e-42	1.9202144569555495e-16	2.918952558483993e-16
973.9999999999999	0.	6.65075850944416e-42	1.8962019008255405e-16	2.891467393865578e-16
975.	0.	6.118097169962126e-42	1.8724521974623524e-16	2.8641847304556867e-16
976.	0.	5.6279586342171357e-42	1.8489631025189394e-16	2.837103883926207e-16
977.	0.	5.1769597167639166e-42	1.8257323799280388e-16	2.810224159460155e-16
977.9999999999999	0.	4.76198545847288e-42	1.8027578020872608e-16	2.7835448519963023e-16
979.	0.	4.3801679388846415e-42	1.780037150031756e-16	2.757065246472283e-16
980.	0.	4.028866755805869e-42	1.7575682136120304e-16	2.730784618064973e-16
980.9999999999999	0.	3.7056510414814674e-42	1.7353487916514337e-16	2.7047022324290955e-16
982.	0.	3.408282894868262e-42	1.713376692113943e-16	2.6788173459330376e-16
982.9999999999999	0.	3.134702118946995e-42	1.6916497322609892e-16	2.6531292058931478e-16
983.9999999999999	0.	2.8830121606793283e-42	1.6701657387979836e-16	2.6276370508048834e-16
985.	0.	2.6514671592229646e-42	1.6489225480275698e-16	2.6023401105730195e-16
985.9999999999999	0.	2.438460015388023e-42	1.627918005989366e-16	2.5772376067378965e-16
987.	0.	2.2425114021281352e-42	1.607149968601285e-16	2.5523287527004255e-16
988.	0.	2.062259642129338e-42	1.5866163017956745e-16	2.527612753945344e-16
988.9999999999999	0.	1.8964513843479535e-42	1.5663148816376975e-16	2.503088808260526e-16
990.	0.	1.7439330166794706e-42	1.5462435944618372e-16	2.4787561059555434e-16
990.9999999999999	0.	1.603642756865266e-42	1.5264003369942856e-16	2.45461383007746e-16
992.	0.	1.4746033682710544e-42	1.5067830164604456e-16	2.430661156623594e-16
993.	0.	1.3559154513606242e-42	1.4873895507050508e-16	2.4068972547531717e-16
993.9999999999999	0.	1.2467512655375458e-42	1.468217868296532e-16	2.3833212869957165e-16
995.	0.	1.1463490395850511e-42	1.4492659086359083e-16	2.3599324094577917e-16
995.9999999999999	0.	1.0540077322095234e-42	1.4305316220563828e-16	2.336729772026872e-16
997.	0.	9.690822072146735e-43	1.412012969918583e-16	2.3137125185733915e-16
998.	0.	8.909787906169537e-43	1.3937079247053853e-16	2.29087978715012e-16
998.9999999999999	0.	8.191511795813929e-43	1.3756144701109014e-16	2.2682307101894747e-16
1000.	0.	7.530966754215098e-43	1.3577306011231713e-16	2.245764414698448e-16