0.	2.2253551042676443	0.2225355104267644	0.02225355104267644	0.002225355104267644
1.	0.11918144620744368	0.20088173645361715	0.02082330632211935	0.0020859178165474565
2.	0.003560834888644785	0.1811005011977667	0.019472936509270043	0.0019540212683064415
3.	0.00008214194576471777	0.1630656100068431	0.018199430419156736	0.0018294004206135717
4.	1.6207017852493775e-6	0.14665498385944295	0.016999864503020302	0.001711797409589477
5.	2.870505103205863e-8	0.13175118224146667	0.015871399950843364	0.0016009613018725841
6.	4.690971596528788e-10	0.1182417884238824	0.014811279965390433	0.001496647865677492
7.	7.197650124780018e-12	0.10601967734119644	0.013816827195243239	0.0013986193563276055
8.	1.0497456108128368e-13	0.09498318388042834	0.012885441315117692	0.001306644315212445
9.	1.4579380102195346e-15	0.08503618724953303	0.012014596742508448	0.001220497381185017
10.	0.	0.07608812517831826	0.01120184048042489	0.0011399591134761107
11.	0.	0.06805394999244788	0.010444790076661208	0.0010648158252606892
12.	0.	0.06085403707247455	0.009741131690684484	0.0009948594270667516
13.	0.	0.054414054847165286	0.009088618259830114	0.0009298872792692921
14.	0.	0.048664804257433913	0.00848506775706538	0.0008697020529614308
14.999999999999998	0.	0.0435420345492132	0.007928361533121013	0.0008141115985415782
16.	0.	0.038986241297169245	0.007416442736298462	0.000762928821399687
17.	0.	0.03494245171410414	0.006947314803739596	0.0007159715641274551
18.	0.	0.031360001552141935	0.006519040018395824	0.0006730624947167817
18.999999999999996	0.	0.02819230724131966	0.006129738126358026	0.000634029000248056
20.	0.	0.025396636329907515	0.005777585009607251	0.0005987030856049778
21.	0.	0.022933878780417846	0.005460811409620872	0.0005669212767857836
22.	0.	0.020768321228366766	0.005177701697620783	0.0005385245284119724
23.	0.	0.01886742592066745	0.004926592687580283	0.0005133581350650419
24.	0.	0.017201615710956894	0.004705872488415951	0.0004912716461094681
24.999999999999996	0.	0.015744066194665982	0.004513979392080769	0.00047211878368618983
26.	0.	0.014470505812257402	0.004349400794546286	0.0004557573635853761
27.	0.	0.013359024530284341	0.004210672146915493	0.000442049218730259
28.	0.	0.012389891522716618	0.00409637593414547	0.00043086012502542326
29.	0.	0.011545382115697302	0.004005140679080299	0.00042205972934321534
29.999999999999996	0.	0.010809614124255403	0.003935639969701455	0.0004155214794409382
31.	0.	0.010168393596567037	0.003886591507695386	0.0004111225556192913
32.	0.	0.009609069887488941	0.003856756176617172	0.0004087438039491778
32.99999999999999	0.	0.009120399905920284	0.0038449371280957546	0.00040826967090957275
34.	0.	0.008692421317966097	0.003849978884680953	0.00040958813929369876
35.	0.	0.008316334437988005	0.0038707664580758757	0.00041259066525433
36.	0.	0.007984392500750597	0.0039062244816312824	0.00041717211637171494
37.	0.	0.007689799978503506	0.003955316356101259	0.00042323071063938574
37.99999999999999	0.	0.007426618585645909	0.004017043407773098	0.0004306679562741014
39.	0.	0.007189680599418088	0.004090444058188835	0.00043938859226635475
40.	0.	0.006974509116806855	0.004174593004772208	0.0004493005295973288
41.	0.	0.006777244864611107	0.004268600411763277	0.0004603147930569611
42.	0.	0.006594579180575924	0.004371611110943918	0.0004723454636058569
42.99999999999999	0.	0.006423692787950945	0.004482803811711735	0.0004853096212313102
44.	0.	0.006262199993133112	0.00460139032012752	0.0004991272882545786
44.99999999999999	0.	0.006108097945665503	0.0047266147666230555	0.0005137213730529216
46.	0.	0.005959720611305934	0.004857752842112019	0.0005290176141657602
47.	0.	0.005815697121735842	0.004994111042297334	0.0005449445247596625
48.	0.	0.005674914178392923	0.005135025920014052	0.000561433337431768
49.	0.	0.005536482202573986	0.005279863345487687	0.0005784179493357272
49.99999999999999	0.	0.00539970493910183	0.00542801777442494	0.0005958348676183089
51.	0.	0.005264052236260246	0.0055789115238860125	0.0006136231551585065
52.	0.	0.005129135740183911	0.005731994055917001	0.0006317243766043241
53.	0.	0.004994687257288221	0.005886741268946057	0.0006500825447054167
54.	0.	0.0048605395535073	0.00604265479696933	0.0006686440669424617
54.99999999999999	0.	0.004726609373968402	0.006199261316571812	0.0006873576924565319
56.	0.	0.004592882481183515	0.006356111861844813	0.0007061744592838943
56.99999999999999	0.	0.004459400523814374	0.006512781147275464	0.0007250476419035158
58.	0.	0.004326249561514177	0.00666886689869543	0.0007439326991062333
59.	0.	0.004193550084229204	0.006823989192385094	0.0007627872221959389
59.99999999999999	0.	0.0040614483766286385	0.006977789802437072	0.0007815708835343936
61.	0.	0.003930109090005831	0.007129931556488345	0.000800245385442295
62.	0.	0.0037997088950479816	0.007280097699934168	0.0008187744094700904
63.	0.	0.0036704310993057637	0.007427991268739346	0.0008371235660527436
64.	0.	0.0035424611230106535	0.007573334470963311	0.0008552603445631956
65.	0.	0.003415982736099063	0.007715868077115278	0.0008731540637796882
65.99999999999999	0.	0.0032911749679192174	0.007855350819454304	0.0008907758227824093
67.	0.	0.0031682096091381995	0.007991558800346564	0.0009080984522950753
68.	0.	0.0030472492328511435	0.008124284909789026	0.0009250964664871663
69.	0.	0.0029284456688435166	0.008253338252204293	0.0009417460152524604
70.	0.	0.002811938871394533	0.008378543582606817	0.0009580248369794281
70.99999999999999	0.	0.0026978561269576868	0.008499740752234934	0.0009739122118288416
72.	0.	0.002586311553538563	0.008616784163737316	0.0009893889155336722
73.	0.	0.002477405848634404	0.008729542235995903	0.0010044371737360355
74.	0.	0.0023712262472304407	0.008837896878660401	0.0010190406168755434
75.	0.	0.0022678466555868877	0.008941742976462238	0.0010331842356429693
75.99999999999999	0.	0.0021673279304252734	0.009040987883368426	0.0010468543370126602
77.	0.	0.002069718276653121	0.009135550926627864	0.0010600385008665892
78.	0.	0.00197505373997837	0.009225362920754888	0.0010727255372223734
79.	0.	0.0018833587736786805	0.009310365691486834	0.0010849054440770119
80.	0.	0.0017946468614286977	0.009390511609744056	0.0010965693658774333
80.99999999999999	0.	0.0017089211804704643	0.009465763135613035	0.0011077095526283497
82.	0.	0.0016261752915570891	0.009536092372364836	0.0011183193196472195
83.	0.	0.0015463938440270827	0.009601480630513111	0.00112839300797546
84.	0.	0.001469553286093006	0.009661918001907913	0.0011379259454543755
84.99999999999999	0.	0.0013956225719700427	0.009717402943853388	0.001146914408473551
85.99999999999999	0.	0.001324563858842848	0.00976794187322992	0.0011553555843987946
87.	0.	0.0012563331878881166	0.009813548770593202	0.0011632475346859898
88.	0.	0.0011908811446477853	0.009854244794215572	0.001170589158686535
89.	0.	0.0011281534949975015	0.009890057904027196	0.001177380158149348
89.99999999999999	0.	0.0010680917937886988	0.00992102249540781	0.0011836210024237198
90.99999999999999	0.	0.0010106339639702562	0.009947179042772609	0.0011893128943666303
92.	0.	0.0009557148446286108	0.009968573752889117	0.0011944577369574429
93.	0.	0.0009032667069323767	0.009985258227855395	0.0011990581006222525
94.	0.	0.0008532197374372651	0.009997289137663675	0.0012031171912694992
94.99999999999999	0.	0.0008055024886075752	0.010004727902267401	0.0012066388190378017
96.	0.	0.0007600422967500041	0.010007640383063801	0.001209627367756364
97.	0.	0.0007167656678383971	0.010006096583698821	0.0012120877651176825
98.	0.	0.0006755986319437318	0.01000017036009568	0.0012140254535616755
99.	0.	0.00063646706717455	0.009989939139603473	0.0012154463618697941
99.99999999999999	0.	0.0005992969941861764	0.009975483649157407	0.0012163568774670903
101.	0.	0.0005640148424371702	0.009956887652337746	0.0012167638194296795
102.	0.	0.0005305476894607687	0.009934237695210488	0.0012166744121945247
103.	0.	0.0004988234744845878	0.009907622860828436	0.0012160962599679001
104.	0.	0.0004687711877733981	0.009877134532268109	0.0012150373218284942
104.99999999999999	0.	0.0004403210370935664	0.009842866164074057	0.001213505887520531
106.	0.	0.00041340459270465193	0.009804913061979264	0.0012115105539319366
107.	0.	0.000387954912276623	0.009763372170767068	0.0012090602022520637
108.	0.	0.0003639066471127669	0.009718341870137648	0.0012061639758031155
109.	0.	0.00034119613103029815	0.009669921778439462	0.001202831258539014
109.99999999999999	0.	0.00031976145321444016	0.009618212564123802	0.0011990716542050516
111.	0.	0.00029954251631953826	0.009563315764778799	0.001194894966151342
112.	0.	0.0002804810810429851	0.00950533361359726	0.0011903111777927325
113.	0.	0.0002625207983469134	0.009444368873131307	0.001185330433707502
113.99999999999999	0.	0.00024560723044821526	0.009380524676185494	0.0011799630213669245
114.99999999999999	0.	0.00022968786164157532	0.009313904373698804	0.0011742193534874182
116.	0.	0.00021471209996341524	0.009244611389465193	0.001168109950996809
117.	0.	0.00020063127064678246	0.009172749081541575	0.0011616454266059448
118.	0.	0.00018739860226015242	0.009098420610191562	0.0011548364689766835
118.99999999999999	0.	0.00017496920636634187	0.009021728812213076	0.0011476938274770727
119.99999999999999	0.	0.0001633000514818992	0.00894277608149765	0.0011402282975143338
121.	0.	0.0001523499320630808	0.008861664255669305	0.0011324507064360914
122.	0.	0.00014207943319145155	0.008778494508651207	0.0011243718999901344
122.99999999999999	0.	0.00013245089158175964	0.00869336724900824	0.0011160027293328212
124.	0.	0.00012342835348504817	0.00860638202391472	0.0011073540385761593
125.	0.	0.00011497753001370806	0.008517637428596543	0.0010984366528634271
126.	0.	0.00010706575037002465	0.008427231021098101	0.0010892613669631242
127.	0.	0.00009966191341760602	0.008335259242225264	0.001079838934370966
128.	0.	0.00009273643799496919	0.008241817340516502	0.001070180056909529
129.	0.	0.00008626121233229165	0.008146999302095644	0.0010602953748151316
130.	0.	0.00008020954289727891	0.008050897785260754	0.0010501954573014516
131.	0.	0.00007455610296208758	0.007953604059665218	0.0010398907935893825
131.99999999999997	0.	0.00006927688115252203	0.00785520794994838	0.0010293917843925808
133.	0.	0.00006434913021136226	0.007755797783674823	0.0010187087338481547
134.	0.	0.000059751316180793655	0.007655460343442761	0.001007851841881948
135.	0.	0.000055463068183525206	0.00755428082302409	0.0009968311969978769
136.	0.	0.000051465128959583486	0.007452342787400073	0.000985656769480802
137.	0.	0.00004773930629389522	0.007349728136558811	0.0009743384050024449
138.	0.	0.000044268425450404274	0.007246517072922389	0.0009628858186198996
139.	0.	0.000041036282710693646	0.007142788072273655	0.0009513085891563347
140.	0.	0.00003802760009813196	0.00703861785805469	0.0009396161539535467
140.99999999999997	0.	0.00003522798135431565	0.00693408137891103	0.0009278178039860826
141.99999999999997	0.	0.00003262386922050092	0.0068292517893579225	0.0009159226793267122
143.	0.	0.000030202504064605685	0.0067242004334470895	0.0009039397649531437
144.	0.	0.000027951883883688406	0.006618996831314656	0.000891877886885923
145.	0.	0.00002586072570107569	0.006513708668493188	0.0008797457086475733
146.	0.	0.000023918428369422264	0.006408401787873067	0.0008675517280331259
147.	0.	0.000022115036782404912	0.006303140184200805	0.0008553042741823023
148.	0.	0.000020441207491089648	0.006197986001004069	0.0008430115049437024
149.	0.	0.00001888817571479358	0.006092999529835798	0.0008306814045214941
150.	0.	0.000017447723730982066	0.005988239211731843	0.000818321781395193
150.99999999999997	0.	0.00001611215062381733	0.00588376164077921	0.0008059402665032589
151.99999999999997	0.	0.000014874243367565934	0.005779621569694339	0.0007935443116813867
153.	0.	0.000013727249216755826	0.005675871917312912	0.0007811411883464394
154.	0.	0.000012664849373098498	0.005572563777895586	0.00076873798641718
155.	0.	0.000011681133895966897	0.005469746432156016	0.0007563416134630497
156.	0.	0.000010770577821806599	0.005367467359920146	0.0007439587940724004
157.	0.	9.928018456173581e-6	0.00526577225432791	0.0007315960694317212
158.	0.	9.148633800758515e-6	0.005164705037491161	0.0007192597971075729
159.	0.	8.427922077274294e-6	0.005064307877523728	0.000706956151023068
160.	0.	7.761682309096884e-6	0.004964621206861766	0.0006946911216208647
160.99999999999997	0.	7.1459959215615665e-6	0.004865683741795389	0.0006824705162048799
161.99999999999997	0.	6.577209321702366e-6	0.004767532503134234	0.0006702999594529718
163.	0.	6.051917418155649e-6	0.004670202837932302	0.0006581848940930746
164.	0.	5.5669480424800004e-6	0.004573728442199578	0.0006461305817353922
165.	0.	5.119347233553667e-6	0.0044781413845301305	0.0006341421038534231
166.	0.	4.706365347167053e-6	0.004383472130578713	0.0006222243629067511
167.	0.	4.32544395380726e-6	0.004289749568319811	0.0006103820835986647
168.	0.	3.974203488350373e-6	0.004197001034025639	0.0005986198142618752
169.	0.	3.650431616221093e-6	0.004105252338901451	0.0005869419283657259
169.99999999999997	0.	3.352072281589781e-6	0.004014527796318568	0.0005753526261384396
170.99999999999997	0.	3.077215404206287e-6	0.003924850249587842	0.0005638559362981356
171.99999999999997	0.	2.824087192322514e-6	0.0038362411002181664	0.0005524557178864863
173.	0.	2.591041040551097e-6	0.0037487203366066138	0.0005411556621990344
174.	0.	2.3765489821671688e-6	0.0036623065631088895	0.0005299592948063748
175.	0.	2.1791936669782014e-6	0.0035770170294405113	0.000518869977660515
176.	0.	1.997660836472212e-6	0.0034928676603613704	0.0005078909112809358
177.	0.	1.8307322694883591e-6	0.0034098730855977675	0.0004970251370149809
178.	0.	1.6772791725253257e-6	0.003328046669958213	0.00048627553936737665
179.	0.	1.5362559899466005e-6	0.003247400543600873	0.00047564484839383354
179.99999999999997	0.	1.406694610503544e-6	0.0031679456324123913	0.0004651356421538274
180.99999999999997	0.	1.2876989475106485e-6	0.0030896916884594764	0.00045475034921779896
181.99999999999997	0.	1.1784398711509029e-6	0.0030126473204763683	0.0004444912512241619
183.	0.	1.0781504724826851e-6	0.0029368200243529673	0.0004343604854816617
184.	0.	9.861216393567697e-7	0.0028622162135899343	0.0004243600476127481
185.	0.	9.016979259998855e-7	0.0027888412496887673	0.00041449179423379235
186.	0.	8.242736982936925e-7	0.0027166994724462175	0.0004047574456680817
187.	0.	7.532895382086006e-7	0.00264579423012414	0.00039515858868771083
188.	0.	6.882288914510973e-7	0.0025761279094670647	0.0003856966792805659
189.	0.	6.28614943260657e-7	0.0025077019655415484	0.00037637304543879535
189.99999999999997	0.	5.740077081224468e-7	0.0024405169513721783	0.00036718888996520283
190.99999999999997	0.	5.240013199662834e-7	0.002374572547351289	0.0003581452932942474
192.	0.	4.782215101630204e-7	0.0023098675903998216	0.00034924321632432716
193.	0.	4.3632326119373454e-7	0.00224640010285884	0.0003404835032582642
194.	0.	3.979886247911697e-7	0.002184167321091913	0.0003318668844489491
195.	0.	3.629246938340916e-7	0.002123165723780012	0.0003233939792472604
196.	0.	3.3086171788026324e-7	0.0020633910598917664	0.00031506529884949263
197.	0.	3.015513529851792e-7	0.002004838376312992	0.0003068812491416332
198.	0.	2.747650367727763e-7	0.0019475020451202648	0.00029884213353790866
198.99999999999997	0.	2.5029248052588564e-7	0.0018913757904850217	0.0002909481558112219
199.99999999999997	0.	2.2794027026718557e-7	0.001836452715194865	0.00028319942291308897
200.99999999999997	0.	2.0753056964306244e-7	0.0017827253267804976	0.00027559594778090254
202.	0.	1.8889991745671407e-7	0.0017301855632370774	0.0002681376521303603
203.	0.	1.718981135798675e-7	0.0016788248183302462	0.0002608243692310806
204.	0.	1.5638718700324387e-7	0.001628633966477383	0.0002536558466634326
205.	0.	1.4224044034231777e-7	0.0015796033871962308	0.00024663174905481945
206.	0.	1.2934156555209312e-7	0.0015317229891130873	0.00023975166079362093
207.	0.	1.1758382572678803e-7	0.0014849822335241993	0.00023301508871919631
208.	0.	1.06869298424777e-7	0.0014393701575044875	0.00022642146478639183
208.99999999999997	0.	9.710817609792073e-8	0.001394875396558402	0.00021997014870307326
209.99999999999997	0.	8.821811953969799e-8	0.0013514862068086733	0.00021366043053932724
210.99999999999997	0.	8.012366061383192e-8	0.0013091904867191342	0.00020749153330701348
212.	0.	7.275565059504854e-8	0.0012679757983487115	0.0002014626155084731
213.	0.	6.605075095913169e-8	0.0012278293881341118	0.0001955727736532426
214.	0.	5.995096338752247e-8	0.0011887382071994006	0.00018982104474170813
215.	0.	5.440319621620809e-8	0.001150688931191402	0.0001842064087147349
216.	0.	4.93588646048597e-8	0.0011136679796400397	0.00017872779086831848
217.	0.	4.477352189914959e-8	0.0010776615348437899	0.00017338406423245522
218.	0.	4.060651996011047e-8	0.0010426555602802627	0.00016817405191339483
218.99999999999997	0.	3.682069620109416e-8	0.0010086358185431913	0.00016309652939862392
219.99999999999997	0.	3.338208536477125e-8	0.0009755878888068552	0.0001581502268238822
220.99999999999997	0.	3.025965421217906e-8	0.0009434971838197595	0.00015333383120162518
222.	0.	2.742505732550001e-8	0.0009123489664298989	0.00014864598861043094
223.	0.	2.485241245318343e-8	0.0008821283656440009	0.000144085306344841
224.	0.	2.2518093904675988e-8	0.0008528203922237246	0.00013965035502522415
225.	0.	2.040054261008294e-8	0.0008244099538223173	0.0001353396706673269
226.	0.	1.84800915257277e-8	0.0007968818696650266	0.00013115175671114124
227.	0.	1.6738805258397386e-8	0.0007702208847774874	0.00012708508600886722
227.99999999999997	0.	1.5160332755950334e-8	0.0007444116837662043	0.0001231381027717319
228.99999999999997	0.	1.3729772045666309e-8	0.0007194389041557048	0.00011930922447550129
229.99999999999997	0.	1.2433546115318043e-8	0.0006952871492871284	0.00011559684372455281
230.99999999999997	0.	1.1259289005862869e-8	0.0006719410007831533	0.00011199933007440303
232.	0.	1.0195741343878963e-8	0.0006493850305848686	0.00010851503181270246
233.	0.	9.232654565376363e-9	0.0006276038125655303	0.00010514227769860524
234.	0.	8.360703112066629e-9	0.0006065819337274014	0.00010187937866063314
235.	0.	7.571403993169808e-9	0.0005863040049871088	0.00009872462945303325
236.	0.	6.8570430877287155e-9	0.0005667546715557534	0.00009567631027076969
237.	0.	6.210607677478007e-9	0.0005479186229198603	0.00009273268832326838
237.99999999999997	0.	5.625724681699918e-9	0.0005297806024294391	0.00008989201936707785
238.99999999999997	0.	5.096604148689862e-9	0.0005123254164996881	0.00008715254919765617
239.99999999999997	0.	4.6179875434217185e-9	0.0004955379434327446	0.0000845125151004875
240.99999999999997	0.	4.1851004811961735e-9	0.00047940314186625447	0.00008197014726179677
242.	0.	3.793609511238216e-9	0.00046390605885544405	0.00007952367013913374
243.	0.	3.439582623957916e-9	0.00044903183759545547	0.00007717130379211559
244.	0.	3.1194531713053848e-9	0.00043476572479097516	0.00007491126517367812
245.	0.	2.8299869262791334e-9	0.0004210930776799182	0.00007274176938215026
245.99999999999997	0.	2.5682520012354947e-9	0.00040799937071832413	0.00007066103087454652
247.	0.	2.331591412291076e-9	0.0003954702019334313	0.00006866726464145229
248.	0.	2.117598026413716e-9	0.000383491298951945	0.00006675868734389881
248.99999999999997	0.	1.9240917331551206e-9	0.0003720485247106894	0.00006493351841266667
250.	0.	1.7490986341698743e-9	0.00036112788285664726	0.00006318998111044082
250.99999999999997	0.	1.5908320598882124e-9	0.00035071552284358	0.00006152630355728417
252.	0.	1.4476752942759884e-9	0.00034079774473227996	0.00005994071971988877
252.99999999999997	0.	1.3181658331920631e-9	0.0003313610037015323	0.00005843147036508126
254.	0.	1.2009810510336505e-9	0.0003223919142769747	0.00005699680397809572
254.99999999999997	0.	1.094925165324697e-9	0.00031387725428473883	0.00005563497764608456
256.	0.	9.98917371272289e-10	0.000305803968537103	0.00005434425790741956
257.	0.	9.119810499860287e-10	0.0002981591722570265	0.000053122921567282654
258.	0.	8.332339619513161e-10	0.00029093015424850856	0.000051969256480077956
259.	0.	7.618793323769175e-10	0.0002841043798197788	0.00005088156229922015
260.	0.	6.971977511112722e-10	0.0002776694934661844	0.00004985815119484925
261.	0.	6.385398240351428e-10	0.00027161332131937777	0.00004889734853998688
262.	0.	5.85319487307185e-10	0.0002659238733698521	0.000047997493565747424
263.	0.	5.370079593156202e-10	0.00026058934546934983	0.00004715693998613911
263.99999999999994	0.	4.931282341481712e-10	0.0002555981211197326	0.00004637405659301679
265.	0.	4.53250105337301e-10	0.0002509387730549111	0.000045647227821767804
266.	0.	4.169856427768573e-10	0.000246600064622357	0.00004497485428831269
267.	0.	3.839851020900254e-10	0.00024257095097051564	0.000044355353297984074
268.	0.	3.539332131257432e-10	0.00023884058004852192	0.00004378715932687672
269.	0.	3.265458204721301e-10	0.0002353982934242626	0.00004326872447621323
270.	0.	3.015668485742569e-10	0.00023223362692727115	0.000042798518900366725
271.	0.	2.7876554377835553e-10	0.00022933631112210466	0.000042375031209045175
272.	0.	2.579339947320356e-10	0.00022669627161859087	0.000041996768844292636
272.99999999999994	0.	2.388848736512129e-10	0.00022430362922445333	0.00004166225843281786
274.	0.	2.2144941127263707e-10	0.00022214869994636495	0.00004137004611427524
274.99999999999994	0.	2.0547555284473477e-10	0.00022022199484495768	0.00004111869784604423
276.	0.	1.9082630525742285e-10	0.0002185142197494913	0.00004090679968509819
277.	0.	1.7737823266837843e-10	0.0002170162748376203	0.00004073295804752468
278.	0.	1.6502010757383763e-10	0.00021571925408563156	0.00004059579994625691
279.	0.	1.5365169227039705e-10	0.00021461444459452611	0.000040493973207596725
280.	0.	1.4318263675089348e-10	0.00021369332579706154	0.000040426146667071956
281.	0.	1.3353148670526067e-10	0.00021294756855091284	0.0000403910103451973
281.99999999999994	0.	1.2462479044069957e-10	0.0002123690341228662	0.00004038727560367405
283.	0.	1.1639629353388546e-10	0.00021194977306905057	0.00004041367528259798
283.99999999999994	0.	1.0878621412598283e-10	0.0002116820240158647	0.00004046896381919211
285.	0.	1.0174058909523889e-10	0.00021155821234638335	0.00004055191734861918
286.	0.	9.521068876294296e-11	0.00021157094879674932	0.000040661333787391745
287.	0.	8.915248471200623e-11	0.0002117130279671134	0.000040796032899919856
288.	0.	8.352617717285364e-11	0.00021197742675136758	0.00004095485634869141
289.	0.	7.829576579970142e-11	0.00021235730269013323	0.00004113666772863505
290.	0.	7.342866966831749e-11	0.00021284599225095759	0.00004134035258612976
291.	0.	6.889537551456507e-11	0.00021343700903995617	0.00004156481842319491
292.	0.	6.466913419540851e-11	0.0002141240419487698	0.0000418089946873355
292.99999999999994	0.	6.072567692505806e-11	0.00021490095324081123	0.00004207183274755022
294.	0.	5.704297040296031e-11	0.0002157617765803759	0.0000423523058569457
294.99999999999994	0.	5.360098878595049e-11	0.00021670071500849277	0.00004264940910247028
296.	0.	5.0381513284395983e-11	0.00021771213886894765	0.00004296215934220685
297.	0.	4.736795229704632e-11	0.00021879058368804788	0.000043289595130703126
298.	0.	4.454517961914598e-11	0.00021993074801134	0.000043630776632757854
299.	0.	4.1899388381440944e-11	0.00022112749120080957	0.000043984785526157526
300.	0.	3.941796048346343e-11	0.00022237583119543155	0.00004435072489373715
301.	0.	3.7089350551996025e-11	0.00022367094223848537	0.00004472771910525799
301.99999999999994	0.	3.490298260252105e-11	0.00022500815257440085	0.00004511491368947881
303.	0.	3.28491524108095e-11	0.00022638294211805587	0.0000455114751968371
303.99999999999994	0.	3.091894713703895e-11	0.00022779094009952705	0.00004591659105318202
305.	0.	2.9104168376905955e-11	0.0002292279226867474	0.00004632946940490524
306.	0.	2.7397263053164307e-11	0.000230689810588957	0.000046749338955908455
307.	0.	2.5791267230442473e-11	0.00023217266664328644	0.000047175448796747644
308.	0.	2.427974514567185e-11	0.0002336726933871351	0.000047607068226370036
309.	0.	2.285674700407169e-11	0.00023518623061852584	0.00004804348656676863
310.	0.	2.1516761257011367e-11	0.0002367097529469247	0.00004848401297095393
310.99999999999994	0.	2.0254674076321013e-11	0.00023823986733652992	0.00004892797622454959
312.	0.	1.906573847532338e-11	0.00023977331064442689	0.000049374724541409764
312.99999999999994	0.	1.7945541476023192e-11	0.00024130694715539743	0.0000498236253535387
314.	0.	1.688996984998483e-11	0.00024283776611555634	0.000050274065095679654
314.99999999999994	0.	1.5895193603880174e-11	0.000244362879266658	0.00005072544898488195
316.	0.	1.4957634852738477e-11	0.0002458795183828429	0.00005117720079534577
317.	0.	1.4073951987284277e-11	0.00024738503281169377	0.00005162876262887363
318.	0.	1.3241018547888624e-11	0.00024887688702117226	0.00005207959468120223
319.	0.	1.2455909060050334e-11	0.00025035265815416525	0.000052529175004528655
320.	0.	1.1715876492203398e-11	0.0002518100335920631	0.00005297699926648744
321.	0.	1.1018349756498121e-11	0.0002532468085290168	0.000053422580505889294
321.99999999999994	0.	1.0360909719518847e-11	0.00025466088355807634	0.0000538654488854449
323.	0.	9.741284063923892e-12	0.0002560502622707092	0.000054305151441765726
323.99999999999994	0.	9.157337698574975e-12	0.00025741304887098035	0.000054741251832894385
325.	0.	8.607059616297491e-12	0.0002587474458056015	0.00005517333008360806
326.	0.	8.088557206236398e-12	0.00026005175141087636	0.000055600982328703816
327.	0.	7.600042805081681e-12	0.0002613243575779532	0.00005602382055456375
328.	0.	7.139836552328738e-12	0.0002625637474371225	0.00005644147233915927
329.	0.	6.706351532675616e-12	0.0002637684930623264	0.00005685358059074914
330.	0.	6.298090999145121e-12	0.00026493725319682595	0.000057259803285486334
330.99999999999994	0.	5.9136375697993726e-12	0.00026606877100082753	0.000057659813204119276
332.	0.	5.55166122537158e-12	0.0002671618718219048	0.00005805329766798768
332.99999999999994	0.	5.210896649796954e-12	0.0002682154609892074	0.00005843995827454948
334.	0.	4.890154619632858e-12	0.0002692285216318073	0.00005881951063254154
335.	0.	4.588308583510868e-12	0.0002702001125223054	0.000059191684097048835
336.	0.	4.304294382297392e-12	0.00027112936594602294	0.0000595562215045855
337.	0.	4.037106410835479e-12	0.0002720154855964931	0.0000599128789083818
338.	0.	3.785791582972483e-12	0.00027285774449788087	0.00006026142531405514
339.	0.	3.5494524993371353e-12	0.0002736554829546791	0.00006060164241578358
339.99999999999994	0.	3.3272355271396312e-12	0.00027440810652933474	0.000060933324333173905
341.	0.	3.1183397223878845e-12	0.00027511508404806396	0.00006125627734892902
341.99999999999994	0.	2.9220039338321258e-12	0.00027577594563541976	0.00006157031964749208
343.	0.	2.737508297772583e-12	0.00027639028077783273	0.00006187528105477066
343.99999999999994	0.	2.564173843859923e-12	0.0002769577364165397	0.00006217100277908955
345.	0.	2.4013565867298587e-12	0.00027747801507011497	0.00006245733715348051
346.	0.	2.2484516355482442e-12	0.0002779508729869322	0.00006273414737944215
347.	0.	2.104883067523807e-12	0.00027837611832771296	0.00006300130727226986
348.	0.	1.970107404998692e-12	0.0002787536093783924	0.00006325870100807275
349.	0.	1.8436116541903675e-12	0.00027908325279343995	0.00006350622287257532
350.	0.	1.7249147051777369e-12	0.00027936500186979724	0.00006374377701181116
350.99999999999994	0.	1.6135557224253773e-12	0.00027959885485145274	0.00006397127718478257
352.	0.	1.5091022188687089e-12	0.0002797848532648729	0.00006418864651820909
352.99999999999994	0.	1.4111471479752491e-12	0.0002799230802851826	0.00006439581726341513
354.	0.	1.3193056996327414e-12	0.00028001365913319786	0.00006459273055545334
355.	0.	1.2332137061437504e-12	0.0002800567515033597	0.00006477933617455469
356.	0.	1.1525258478618807e-12	0.0002800525560223971	0.00006495559230993984
357.	0.	1.0769213821810314e-12	0.00028000130673883853	0.00006512146532610142
358.	0.	1.0060925129431594e-12	0.00027990327164321277	0.00006527692953159796
359.	0.	9.397497669020696e-13	0.0002797587512188202	0.00006542196695041376
359.99999999999994	0.	8.776255384342761e-13	0.0002795680770230736	0.0000655565670959665
361.	0.	8.194598200604331e-13	0.0002793316102992362	0.00006568072674780333
361.99999999999994	0.	7.650132352528355e-13	0.00027904974061830927	0.00006579444973101232
363.	0.	7.140563911087104e-13	0.00027872288455112594	0.00006589774669844484
363.99999999999994	0.	6.663789688026606e-13	0.0002783514843702645	0.00006599063491574405
365.	0.	6.217726313425874e-13	0.0002779360067816872	0.00006607313804923941
366.	0.	5.800541855619162e-13	0.0002774769416859369	0.0000661452859567554
367.	0.	5.41040101021824e-13	0.0002769748009685337	0.00006620711448133316
368.	0.	5.045614874388176e-13	0.000276430117319536	0.00006625866524794384
368.99999999999994	0.	4.704649704152665e-13	0.0002758434430817734	0.00006629998546316037
370.	0.	4.385967942289749e-13	0.00027521534912776217	0.0000663311277178783
370.99999999999994	0.	4.08817926722447e-13	0.0002745464237647713	0.00006635214979304282
372.	0.	3.809984622742002e-13	0.0002738372716680085	0.00006636311446846143
372.99999999999994	0.	3.550118087427375e-13	0.00027308851284141126	0.00006636408933466464
374.	0.	3.307436127466965e-13	0.0002723007816059155	0.00006635514660786914
375.	0.	3.080837569463335e-13	0.0002714747256147797	0.00006633636294802786
376.	0.	2.8693102359005137e-13	0.000270611004895736	0.0000663078192799965
377.	0.	2.6718488181367807e-13	0.00026971029091956425	0.00006626960061780462
378.	0.	2.4876092567834467e-13	0.00026877326569483417	0.00006622179589205312
379.	0.	2.3156743071387314e-13	0.0002678006208883988	0.00006616449778042083
379.99999999999994	0.	2.15529468045985e-13	0.0002667930569713978	0.00006609780254130774
381.	0.	2.0057183143112973e-13	0.00026575128239030515	0.00006602180985058066
381.99999999999994	0.	1.866213926839163e-13	0.0002646760127627869	0.00006593662264145071
383.	0.	1.7361613500473677e-13	0.0002635679700978794	0.00006584234694744184
384.	0.	1.6149216466643642e-13	0.00026242788204028546	0.00006573909174848492
385.	0.	1.5019048128823124e-13	0.00026125648113827215	0.0000656269688200885
386.	0.	1.396594046264079e-13	0.00026005450413488576	0.00006550609258559999
387.	0.	1.2984807270979033e-13	0.00025882269128211144	0.00006537657997154211
388.	0.	1.207065491359582e-13	0.00025756178567756306	0.00006523855026600129
388.99999999999994	0.	1.1219267962990064e-13	0.00025627253262334646	0.00006509212498005936
390.	0.	1.0426325015571946e-13	0.0002549556790067836	0.00006493742771226692
390.99999999999994	0.	9.688083411111399e-14	0.00025361197270243444	0.00006477458401609465
392.	0.	9.000712971779648e-14	0.00025224216199532	0.00006460372127041464
392.99999999999994	0.	8.360982890019641e-14	0.0002508469950246729	0.00006442496855291851
394.	0.	7.765818703320809e-14	0.0002494272192480376	0.00006423845651650089
395.	0.	7.211625032103383e-14	0.00024798358092526055	0.00006404431726856693
396.	0.	6.696341665949388e-14	0.00024651682462199553	0.00006384268425324069
397.	0.	6.21694486728573e-14	0.00024502769273234304	0.00006363369213645102
397.99999999999994	0.	5.7708182961215e-14	0.0002435169250202684	0.00006341747669387355
399.	0.	5.3562190367730425e-14	0.00024198525817939286	0.0000631941747016979
399.99999999999994	0.	4.970679054974208e-14	0.00024043342541078876	0.0000629639238301927
401.	0.	4.612153586609562e-14	0.00023886215601841694	0.000062726862540045
401.99999999999994	0.	4.279026722669034e-14	0.00023727217502179856	0.00006248312998143653
403.	0.	3.9694251183064044e-14	0.0002356642027856271	0.00006223286589584692
404.	0.	3.681680425458132e-14	0.00023403895466581542	0.0000619762105205195
405.	0.	3.4143325166675e-14	0.00023239714067178183	0.0000617133044956017
406.	0.	3.1661322984752344e-14	0.00023073946514444376	0.00006144428877388729
407.	0.	2.935351490337144e-14	0.0002290666264496847	0.0000611693045331608
408.	0.	2.7211692958461333e-14	0.00022737931668686463	0.000060888493091093575
408.99999999999994	0.	2.5222894923777443e-14	0.0002256782214120562	0.00006060199582266871
410.	0.	2.3376344137581538e-14	0.00022396401937559653	0.00006030995408008624
410.99999999999994	0.	2.166346529288968e-14	0.00022223738227370563	0.000060012509115142914
412.	0.	2.0070968056127206e-14	0.0002204989745136979	0.00005970980200401624
412.99999999999994	0.	1.859471709958714e-14	0.00021874945299255673	0.00005940197357445146
414.	0.	1.7225883095663527e-14	0.00021698946688846656	0.00005908916433529796
415.	0.	1.595557343744465e-14	0.0002152196574649977	0.00005877151440836658
416.	0.	1.4774843015212045e-14	0.00021344065788758216	0.000058449163462568604
417.	0.	1.3681615940566294e-14	0.00021165309305198977	0.00005812225065030694
417.99999999999994	0.	1.2666856999704208e-14	0.00020985757942446005	0.00005779091454608222
419.	0.	1.1726105061372534e-14	0.00020805472489316952	0.000057455293087274303
419.99999999999994	0.	1.0854865112406905e-14	0.00020624512863071025	0.00005711552351706464
421.	0.	1.0046318939645718e-14	0.00020442938096731862	0.00005677174232947437
421.99999999999994	0.	9.29822032075305e-15	0.00020260806327446868	0.00005642408521646318
423.	0.	8.603716645841123e-15	0.000200781747858591	0.00005607268701706899
424.	0.	7.960526880239413e-15	0.00019895099786458766	0.000055717681668543696
425.	0.	7.364067690906511e-15	0.0001971163671888682	0.000055359202159456374
426.	0.	6.8120314765880355e-15	0.00019527840040160552	0.00005499738048472173
426.99999999999994	0.	6.299822867639093e-15	0.00019343763267791944	0.00005463234760251901
428.	0.	5.825122554932435e-15	0.0001915945897377301	0.000054264233393068646
428.99999999999994	0.	5.387870061956296e-15	0.00018974978779398658	0.00005389316661922911
430.	0.	4.9811988202308514e-15	0.00018790373350901593	0.00005351927488888015
430.99999999999994	0.	4.605046606125433e-15	0.00018605692395869903	0.00005314268461905033
432.	0.	4.257081717530897e-15	0.00018420984660424795	0.00005276352100176525
432.99999999999994	0.	3.93497550642279e-15	0.00018236297927130403	0.000052381907971572594
434.	0.	3.636404744865773e-15	0.0001805167901361006	0.0000519979681747084
435.	0.	3.3590539410904828e-15	0.0001786717377184642	0.00005161182293987824
436.	0.	3.1050757174712266e-15	0.00017682827088139684	0.00005122359225061149
437.	0.	2.867694534246965e-15	0.00017498682883698163	0.000050833394719151474
437.99999999999994	0.	2.649063917950283e-15	0.0001731478411584372	0.00005044134756186378
439.	0.	2.446881809797955e-15	0.00017131172779801153	0.000050047566576104626
439.99999999999994	0.	2.2610662412609624e-15	0.0001694788991105634	0.000049652166118539746
441.	0.	2.0871325088833855e-15	0.0001676497558825576	0.00004925525908486124
441.99999999999994	0.	1.92721311245148e-15	0.0001658246893662984	0.000048856956890884964
443.	0.	1.7790399831589527e-15	0.0001640040813191483	0.0000484573694549803
444.	0.	1.642542722669663e-15	0.00016218830404758354	0.00004805660518181926
445.	0.	1.5154769137128294e-15	0.0001603777204558089	0.000047654770947389514
446.	0.	1.3999437715957902e-15	0.00015857268409880514	0.000047251972085260864
446.99999999999994	0.	1.2915507943749178e-15	0.00015677353923957305	0.000046848312374061374
448.	0.	1.1923976267158153e-15	0.00015498062091040603	0.00004644389402613804
448.99999999999994	0.	1.100274952980459e-15	0.00015319425497798138	0.00004603881767736367
450.	0.	1.0151304920292085e-15	0.000151414758212116	0.00004563318237806782
450.99999999999994	0.	9.369086786908699e-16	0.00014964243835801603	0.000045227085585062724
452.	0.	8.634396533043819e-16	0.000147877594211799	0.000044820623154720704
453.	0.	7.967901506172522e-16	0.00014612051569919406	0.00004441388933709443
454.	0.	7.34802267177842e-16	0.00014437148395718798	0.000044006976771031556
455.	0.	6.774357231871257e-16	0.0001426307714184995	0.00004359997648026802
455.99999999999994	0.	6.246482194820077e-16	0.00014089864189871965	0.000043192977870467674
457.	0.	5.763954975197612e-16	0.00013917535068595167	0.000042786068727179316
457.99999999999994	0.	5.305749075365707e-16	0.00013746114463281665	0.00004237933521468419
459.	0.	4.892140863381e-16	0.0001357562622506834	0.00004197286187571111
459.99999999999994	0.	4.502264127354443e-16	0.00013406093380597065	0.000041566731631985466
461.	0.	4.1561762267657386e-16	0.00013237538141838253	0.00004116102578558832
461.99999999999994	0.	3.833178149355977e-16	0.000130699819160983	0.000040755824021108054
463.	0.	3.533031017853568e-16	0.00012903445316192775	0.000040351204408545924
464.	0.	3.2554871822739924e-16	0.00012737948170775566	0.000039947243406956634
465.	0.	3.0002905202407695e-16	0.0001257350953481264	0.000039544015868803
466.	0.	2.7671767365066344e-16	0.00012410147700187544	0.0000391415950449958
466.99999999999994	0.	2.536213094866622e-16	0.00012247880206426188	0.000038740052590594
468.	0.	2.346546990422373e-16	0.00012086723851531697	0.00003833945857114488
468.99999999999994	0.	2.1586782667331801e-16	0.00011926694702918641	0.00003793988146964378
470.	0.	1.991976384009931e-16	0.00011767808108433736	0.000037541388194081784
470.99999999999994	0.	1.8269127670120766e-16	0.00011610078707455708	0.00003714404408556793
472.	0.	1.68263330112309e-16	0.00011453520442063602	0.00003674791292700166
473.	0.	1.5398198580947384e-16	0.00011298146568263123	0.00003635305695227086
474.	0.	1.4173916349463048e-16	0.00011143969667263339	0.0000359595368559588
475.	0.	1.3150312908779083e-16	0.00010991001656794168	0.00003556741180353735
475.99999999999994	0.	1.213742924995937e-16	0.00010839253802455407	0.00003517673944202496
477.	0.	1.113540189912918e-16	0.00010688736729091664	0.00003478757591109606
477.99999999999994	0.	1.0144361741990214e-16	0.00010539460432181037	0.00003439997585461031
479.	0.	9.347722748457693e-17	0.00010391434289233948	0.000034013992432555895
479.99999999999994	0.	8.742121184969379e-17	0.00010244667071192476	0.00003362967733338061
481.	0.	7.96222856458574e-17	0.0001009916695382303	0.00003324708078669231
481.99999999999994	0.	7.371209389371463e-17	0.00009954941529097251	0.000032866251576316786
483.	0.	6.787003457543215e-17	0.00009811997816551969	0.00003248723705368747
484.	0.	6.209674835281059e-17	0.00009670342274624173	0.000032110083151556844
484.99999999999994	0.	5.639284362611729e-17	0.00009529980811953117	0.00003173483439800781
486.	0.	5.250920363581315e-17	0.00009390918798645157	0.00003136153393075292
486.99999999999994	0.	4.8672026140695546e-17	0.00009253161077495158	0.00003099022351170367
488.	0.	4.488168060076911e-17	0.00009116711975157927	0.00003062094354179092
488.99999999999994	0.	4.1138515587480546e-17	0.00008981575313266323	0.00003025373307602652
490.	0.	3.744285900873998e-17	0.00008847754419490637	0.000029888629838791388
491.	0.	3.379501833841655e-17	0.0000871525213853266	0.00002952567023932595
491.99999999999994	0.	3.187279645289832e-17	0.00008584070843053432	0.00002916488938742482
492.99999999999994	0.	2.8309158470934256e-17	0.000084542124445272	0.00002880632110930762
494.	0.	2.6447045649671858e-17	0.00008325678404018258	0.00002844999796365687
495.	0.	2.460907778808361e-17	0.0000819846974287848	0.000028095951257815815
496.	0.	2.2795380445994372e-17	0.00008072587053359272	0.000027744211064122974
496.99999999999994	0.	2.1006069465075436e-17	0.00007948030509136622	0.00002739480623638075
497.99999999999994	0.	1.924125109426769e-17	0.00007824799875744242	0.000027047764426438402
499.	0.	1.750102211675557e-17	0.00007702894520912354	0.00002670311210088085
500.	0.	1.5785469978398097e-17	0.00007582313424809884	0.000026360874557814346
500.99999999999994	0.	1.409467291751911e-17	0.00007463055190185651	0.000026021075943731965
501.99999999999994	0.	1.3982287607964023e-17	0.00007345118052406836	0.000025683739270452043
503.	0.	1.2328699121555021e-17	0.00007228499889392499	0.000025348886432119173
504.	0.	1.0700035768812867e-17	0.00007113198231439391	0.000025016538222255703
505.	0.	1.0612399452573923e-17	0.0000699921027093688	0.000024686714350852004
505.99999999999994	0.	9.021186298153113e-18	0.00006886532871971728	0.00002435943346149389
506.99999999999994	0.	8.946003281081405e-18	0.0000677516257981756	0.000024034713148506368
508.	0.	7.392337909606132e-18	0.00006665095630309561	0.000023712569974114197
509.	0.	7.32967076546946e-18	0.00006556327959101258	0.000023393019485603795
509.99999999999994	0.	7.267011154149951e-18	0.00006448855210803928	0.00002307607623248459
510.99999999999994	0.	5.7634950312106596e-18	0.00006342672748004138	0.000022761753783633074
512.	0.	5.7134025953021514e-18	0.00006237775660161693	0.000022450064744420386
513.	0.	5.663339163180896e-18	0.00006134158772384022	0.00002214102077380879
514.	0.	4.209984127931969e-18	0.00006031816654077701	0.00002183463260141343
514.9999999999999	0.	4.172496705906721e-18	0.0000593074362747545	0.000021530910044521188
516.	0.	4.1350475150119266e-18	0.00005830933776038091	0.000021229862025058854
517.	0.	4.097641879804811e-18	0.000057323809527304674	0.000020931496586503695
518.	0.	4.060285040670445e-18	0.000056350787881714346	0.000020635820910733113
518.9999999999999	0.	2.68198810254745e-18	0.00005539020698656803	0.00002034284133480308
520.	0.	2.657158860881375e-18	0.00005444199894054392	0.000020052563367648895
521.	0.	2.6323722940955697e-18	0.00005350609385572936	0.000019764991706710108
522.	0.	2.607631671491407e-18	0.0000525824199340196	0.000019480130254463
523.	0.	2.5829402064259116e-18	0.00005167090354223979	0.000019197982134861956
524.	0.	2.5583010563960548e-18	0.00005077146928599825	0.000018918549709687062
525.	0.	1.266858661568934e-18	0.000049884040082242645	0.000018641834594782458
526.	0.	1.2545960263708866e-18	0.00004900853723055726	0.000018367837676194383
527.	0.	1.2423641178911197e-18	0.00004814488048317166	0.000018096559126192913
527.9999999999999	0.	1.230164403731115e-18	0.00004729298811370103	0.00001782799841917942
529.	0.	1.2179983238859127e-18	0.000046452776984615816	0.000017562154347473796
530.	0.	1.2058672908303528e-18	0.00004562416261344714	0.000017299025036977694
531.	0.	1.1937726896118626e-18	0.000044807059237721824	0.000017038607962707404
532.	0.	1.1817158779501753e-18	0.000044001379878657286	0.00001678089996420068
533.	0.	1.1696981863430009e-18	0.00004320703640358847	0.000016525897260782707
534.	0.	1.1577209181781723e-18	0.00004242393958716126	0.000016273595466697765
535.	0.	1.1457853498516805e-18	0.000041651999171282514	0.000016023989606098143
536.	0.	1.1338927308915836e-18	0.000040891123923842	0.000015777074127889213
536.9999999999999	0.	1.1220442840876699e-18	0.00004014122169621157	0.000015532842920428575
538.	0.	1.1102412056265594e-18	0.00003940219947952975	0.00001529128932607495
539.	0.	0.	0.00003867396345977426	0.000015052406155583975
540.	0.	0.	0.00003795641907165181	0.000014816185702354525
540.9999999999999	0.	0.	0.0000372494710512802	0.000014582619756511563
542.	0.	0.	0.000036553023487711234	0.000014351699618838142
543.	0.	0.	0.000035866979873275685	0.000014123416114542878
544.	0.	0.	0.00003519124315277344	0.000013897759606867205
545.	0.	0.	0.000034525715771516614	0.000013674720010528775
545.9999999999999	0.	0.	0.000033870299722237696	0.000013454286805000441
547.	0.	0.	0.000033224896590874636	0.000013236449047623203
548.	0.	0.	0.00003258940760124218	0.000013021195386551732
549.	0.	0.	0.00003196373365860204	0.000012808514073531504
549.9999999999999	0.	0.	0.00003134777539214703	0.00001259839297650661
551.	0.	0.	0.00003074143319640637	0.000012390819592057358
552.	0.	0.	0.00003014460727158872	0.000012185781057667264
553.	0.	0.	0.00002955719766287307	0.00001198326416381757
554.	0.	0.	0.00002897910429866363	0.000011783255365911182
554.9999999999999	0.	0.	0.000028410227027816564	0.00001158574079602245
556.	0.	0.	0.000027850465655856037	0.000011390706274474871
557.	0.	0.	0.00002729971998019247	0.000011198137321246
558.	0.	0.	0.000026757889824353837	0.000011008019167198379
558.9999999999999	0.	0.	0.000026224875071244814	0.000010820336765137417
560.	0.	0.	0.000025700575695448125	0.00001063507480069568
561.	0.	0.	0.000025184891794581756	0.000010452217703044606
562.	0.	0.	0.0000246777236197246	0.000010271749655432903
563.	0.	0.	0.00002417897160492202	0.000010093654605550881
563.9999999999999	0.	0.	0.000023688536395793753	9.917916275724892e-6
565.	0.	0.	0.000023206318877247284	9.744518172937616e-6
566.	0.	0.	0.000022732220200316594	9.57344359867733e-6
567.	0.	0.	0.000022266141808139927	9.404675658616375e-6
567.9999999999999	0.	0.	0.00002180798546108893	9.238197272119129e-6
569.	0.	0.	0.000021357653261064487	9.073991181580259e-6
570.	0.	0.	0.000020915047674969436	8.912039961593063e-6
571.	0.	0.	0.000020480071557380342	8.752326027951566e-6
572.	0.	0.	0.00002005262817242152	8.594831646482938e-6
572.9999999999999	0.	0.	0.00001963262121486282	8.439538941714763e-6
574.	0.	0.	0.0000192199548304529	8.286429905376399e-6
575.	0.	0.	0.00001881453363550111	8.13548640473606e-6
576.	0.	0.	0.000018416262735719158	7.986690190772926e-6
576.9999999999999	0.	0.	0.000018025047744345496	7.84002290618967e-6
578.	0.	0.	0.00001764079479955026	7.695466093259893e-6
579.	0.	0.	0.000017263410581154654	7.5530012015196945e-6
580.	0.	0.	0.00001689280232665464	7.412609595295676e-6
581.	0.	0.	0.000016528877846585054	7.274272561079195e-6
582.	0.	0.	0.00001617154553922238	7.137971314742386e-6
583.	0.	0.	0.000015820714404641904	7.0036870085983736e-6
584.	0.	0.	0.000015476294058150492	6.8714007383099725e-6
585.	0.	0.	0.000015138194743095417	6.741093549643701e-6
585.9999999999999	0.	0.	0.000014806327343072475	6.6127464450741036e-6
587.	0.	0.	0.000014480603393541602	6.4863403902384705e-6
588.	0.	0.	0.000014160935092861212	6.361856320242725e-6
589.	0.	0.	0.000013847235312758841	6.239275145821775e-6
589.9999999999999	0.	0.	0.000013539417608245594	6.118577759353888e-6
591.	0.	0.	0.00001323739622698922	5.9997450407321704e-6
592.	0.	0.	0.00001294108611815657	5.882757863093143e-6
593.	0.	0.	0.000012650402940739944	5.767597098405931e-6
594.	0.	0.	0.000012365263071377092	5.6542436229221055e-6
594.9999999999999	0.	0.	0.00001208558361167504	5.542678322487564e-6
596.	0.	0.	0.000011811282395055464	5.432882097720085e-6
597.	0.	0.	0.000011542277993126214	5.324835869051821e-6
598.	0.	0.	0.000011278489721595117	5.21852058163989e-6
598.9999999999999	0.	0.	0.000011019837645733584	5.11391721014542e-6
600.	0.	0.	0.00001076624258540688	5.0110067633850985e-6
601.	0.	0.	0.00001051762611967421	4.909770288853446e-6
602.	0.	0.	0.000010273910590977441	4.810188877120903e-6
603.	0.	0.	0.000010035019108920615	4.7122436661059996e-6
603.9999999999999	0.	0.	9.800875553661424e-6	4.615915845227385e-6
605.	0.	0.	9.571404578914636e-6	4.521186659433456e-6
606.	0.	0.	9.346531614583116e-6	4.428037413113249e-6
607.	0.	0.	9.126182869027892e-6	4.336449473890855e-6
607.9999999999999	0.	0.	8.910285330982509e-6	4.246404276303244e-6
609.	0.	0.	8.698766771124754e-6	4.1578833253644656e-6
610.	0.	0.	8.491555743315386e-6	4.0708682000177785e-6
611.	0.	0.	8.288581585512176e-6	3.985340556477262e-6
612.	0.	0.	8.08977442037046e-6	3.9012821314608705e-6
612.9999999999999	0.	0.	7.895065155533558e-6	3.8186747453145285e-6
614.	0.	0.	7.70438548363456e-6	3.737500305034129e-6
615.	0.	0.	7.517667882002742e-6	3.6577408071803562e-6
616.	0.	0.	7.334845612096976e-6	3.579378340693863e-6
616.9999999999999	0.	0.	7.155852718665306e-6	3.502395089608505e-6
618.	0.	0.	6.980624028645203e-6	3.4267733356666538e-6
619.	0.	0.	6.80909514980942e-6	3.352495460837196e-6
620.	0.	0.	6.641202469168008e-6	3.2795439497384062e-6
621.	0.	0.	6.476883151131405e-6	3.207901391966325e-6
621.9999999999999	0.	0.	6.3160751354464445e-6	3.1375504843318487e-6
623.	0.	0.	6.158717134909897e-6	3.0684740330068437e-6
624.	0.	0.	6.004748632869327e-6	3.0006549555818486e-6
625.	0.	0.	5.854109880515711e-6	2.934076283035482e-6
625.9999999999999	0.	0.	5.706741893980772e-6	2.868721161620142e-6
627.	0.	0.	5.562586451238447e-6	2.8045728546613093e-6
628.	0.	0.	5.421586088825528e-6	2.741614744276471e-6
629.	0.	0.	5.283684098382113e-6	2.679830333011838e-6
629.9999999999999	0.	0.	5.148824523022679e-6	2.6192032454003743e-6
630.9999999999999	0.	0.	5.016952153541595e-6	2.5597172294415997e-6
632.	0.	0.	4.888012524463073e-6	2.5013561580060557e-6
633.	0.	0.	4.761951909937142e-6	2.444104030163758e-6
634.	0.	0.	4.638717319492219e-6	2.387944972440393e-6
634.9999999999999	0.	0.	4.518256493649568e-6	2.3328632400021305e-6
636.	0.	0.	4.400517899402112e-6	2.2788432177689175e-6
637.	0.	0.	4.285450725568267e-6	2.225869421460188e-6
638.	0.	0.	4.1730048780239226e-6	2.1739264985729198e-6
638.9999999999999	0.	0.	4.063130974818879e-6	2.1229992292940597e-6
640.	0.	0.	3.955780341181448e-6	2.073072527347789e-6
641.	0.	0.	3.850905004421368e-6	2.024131440781403e-6
642.	0.	0.	3.7484576887287474e-6	1.9761611526874883e-6
643.	0.	0.	3.6483918098819768e-6	1.9291469818675984e-6
643.9999999999999	0.	0.	3.5506614698646902e-6	1.8830743834366213e-6
645.	0.	0.	3.4552214513975617e-6	1.8379289493692914e-6
646.	0.	0.	3.362027212390823e-6	1.793696408990898e-6
647.	0.	0.	3.27103488032115e-6	1.7503626294132026e-6
647.9999999999999	0.	0.	3.1822012465386844e-6	1.707913615917124e-6
649.	0.	0.	3.095483760505332e-6	1.6663355122822404e-6
650.	0.	0.	3.0108405239737806e-6	1.625614601066514e-6
651.	0.	0.	2.92823028510669e-6	1.585737303835587e-6
652.	0.	0.	2.84761243254343e-6	1.5466901813442662e-6
652.9999999999999	0.	0.	2.768946989415821e-6	1.508459933670075e-6
654.	0.	0.	2.6921946073186918e-6	1.4710334003013487e-6
655.	0.	0.	2.617316560238694e-6	1.4343975601806937e-6
656.	0.	0.	2.5442747384436356e-6	1.3985395317042272e-6
656.9999999999999	0.	0.	2.4730316423374034e-6	1.3634465726787496e-6
658.	0.	0.	2.403550376283912e-6	1.3291060802377729e-6
659.	0.	0.	2.3357946424025964e-6	1.2955055907170738e-6
660.	0.	0.	2.2697287343392124e-6	1.2626327794914013e-6
661.	0.	0.	2.205317531015388e-6	1.2304754607731808e-6
661.9999999999999	0.	0.	2.1425264903590763e-6	1.1990215873741363e-6
663.	0.	0.	2.0813216430206817e-6	1.1682592504315892e-6
664.	0.	0.	2.0216695860760026e-6	1.1381766790996947e-6
665.	0.	0.	1.9635374767194824e-6	1.1087622402069034e-6
665.9999999999999	0.	0.	1.9068930259508833e-6	1.0800044378809064e-6
667.	0.	0.	1.8517044922572816e-6	1.0518919131416235e-6
668.	0.	0.	1.7979406752948317e-6	1.0244134434642525e-6
669.	0.	0.	1.7455709095687965e-6	9.975579423111475e-7
670.	0.	0.	1.6945650581195878e-6	9.713144586364312e-7
670.9999999999999	0.	0.	1.64489350621294e-6	9.456721763619096e-7
672.	0.	0.	1.596527155038289e-6	9.206204138261859e-7
673.	0.	0.	1.5494374154169916e-6	8.961486232076622e-7
674.	0.	0.	1.503596201523947e-6	8.722463899230983e-7
674.9999999999999	0.	0.	1.4589759246214895e-6	8.489034320006726e-7
676.	0.	0.	1.4155494868117271e-6	8.261095994310444e-7
677.	0.	0.	1.3732902748051064e-6	8.038548734946446e-7
678.	0.	0.	1.3321721537105326e-6	7.821293660682362e-7
678.9999999999999	0.	0.	1.292169460846077e-6	7.609233189098223e-7
679.9999999999999	0.	0.	1.2532569995736144e-6	7.402271029237757e-7
681.	0.	0.	1.2154100331592605e-6	7.200312174069955e-7
682.	0.	0.	1.1786042786588052e-6	7.003262892755496e-7
683.	0.	0.	1.1428159008332631e-6	6.811030722746455e-7
683.9999999999999	0.	0.	1.1080215060929035e-6	6.623524461708178e-7
685.	0.	0.	1.074198136472507e-6	6.440654159279287e-7
686.	0.	0.	1.0413232636393253e-6	6.262331108676661e-7
687.	0.	0.	1.0093747829346581e-6	6.088467838151363e-7
687.9999999999999	0.	0.	9.78331007450215e-7	5.918978102300821e-7
688.9999999999999	0.	0.	9.481706621406226e-7	5.75377687324623e-7
690.	0.	0.	9.188728779731416e-7	5.592780331680129e-7
691.	0.	0.	8.904171861159701e-7	5.435905857793509e-7
692.	0.	0.	8.62783512165264e-7	5.283072022082915e-7
692.9999999999999	0.	0.	8.359521704128957e-7	5.134198576049378e-7
694.	0.	0.	8.099038581555707e-7	4.989206442795224e-7
695.	0.	0.	7.846196500454677e-7	4.848017707517528e-7
696.	0.	0.	7.600809924842995e-7	4.710555607913418e-7
696.9999999999999	0.	0.	7.362696980609079e-7	4.576744524496343e-7
698.	0.	0.	7.131679400332615e-7	4.4465099708313233e-7
699.	0.	0.	6.907582468557242e-7	4.3197785836941896e-7
700.	0.	0.	6.690234967521916e-7	4.1964781131604914e-7
701.	0.	0.	6.479469123354503e-7	4.076537412627722e-7
701.9999999999999	0.	0.	6.275120552737954e-7	3.959886428777865e-7
703.	0.	0.	6.077028210053284e-7	3.846456191485128e-7
704.	0.	0.	5.885034334997072e-7	3.736178803668541e-7
705.	0.	0.	5.698984400692237e-7	3.628987431103722e-7
705.9999999999999	0.	0.	5.518727062284682e-7	3.524816292189509e-7
707.	0.	0.	5.344114106035866e-7	3.423600647679263e-7
708.	0.	0.	5.175000398908265e-7	3.325276790376003e-7
709.	0.	0.	5.011243838661509e-7	3.2297820348049155e-7
710.	0.	0.	4.852705304437683e-7	3.137054706851684e-7
710.9999999999999	0.	0.	4.6992486078703794e-7	3.0470341333913194e-7
712.	0.	0.	4.5507404446913626e-7	2.959660631892592e-7
713.	0.	0.	4.4070503468509546e-7	2.8748755000108346e-7
714.	0.	0.	4.2680506351553134e-7	2.7926210051744096e-7
714.9999999999999	0.	0.	4.1336163724161525e-7	2.712840374163389e-7
716.	0.	0.	4.003625317112482e-7	2.6354777826836004e-7
717.	0.	0.	3.8779578775818097e-7	2.560478344949659e-7
718.	0.	0.	3.7564970667148976e-7	2.487788103263221e-7
719.	0.	0.	3.63912845718213e-7	2.4173540176069285e-7
719.9999999999999	0.	0.	3.5257401371675164e-7	2.3491239552422124e-7
721.	0.	0.	3.4162226666340285e-7	2.2830466803282424e-7
722.	0.	0.	3.31046903409894e-7	2.2190718435520817e-7
723.	0.	0.	3.2083746139327513e-7	2.1571499717811677e-7
723.9999999999999	0.	0.	3.109837124175706e-7	2.0972324577377338e-7
725.	0.	0.	3.014756584872502e-7	2.039271549698392e-7
726.	0.	0.	2.9230352769241976e-7	1.983220341221659e-7
727.	0.	0.	2.8345777014569923e-7	1.9290327609061276e-7
727.9999999999999	0.	0.	2.749290539702517e-7	1.8766635621789327e-7
728.9999999999999	0.	0.	2.667082613397101e-7	1.8260683131232562e-7
730.	0.	0.	2.5878648456901144e-7	1.777203386340663e-7
731.	0.	0.	2.5115502225597624e-7	1.7300259488514674e-7
732.	0.	0.	2.4380537547442105e-7	1.6844939520409791e-7
732.9999999999999	0.	0.	2.3672924401726077e-7	1.6405661216453416e-7
734.	0.	0.	2.2991852269054072e-7	1.5982019477859385e-7
735.	0.	0.	2.2336529765732794e-7	1.5573616750492225e-7
736.	0.	0.	2.17061842831758e-7	1.518006292617225e-7
736.9999999999999	0.	0.	2.1100061632268017e-7	1.480097524448127e-7
737.9999999999999	0.	0.	2.0517425692706354e-7	1.4435978195120024e-7
739.	0.	0.	1.9957558067209605e-7	1.4084703420775098e-7
740.	0.	0.	1.9419757740656422e-7	1.3746789620573225e-7
741.	0.	0.	1.890334074407622e-7	1.3421882454106547e-7
741.9999999999999	0.	0.	1.840763982344716e-7	1.3109634446031222e-7
743.	0.	0.	1.7932004113345516e-7	1.2809704891307476e-7
744.	0.	0.	1.7475798815280934e-7	1.2521759760999567e-7
745.	0.	0.	1.703840488084495e-7	1.2245471608763643e-7
745.9999999999999	0.	0.	1.6619218699493495e-7	1.1980519477931284e-7
746.9999999999999	0.	0.	1.6217651791039263e-7	1.1726588809276808e-7
748.	0.	0.	1.5833130502749854e-7	1.1483371349436333e-7
749.	0.	0.	1.5465095711042758e-7	1.1250565060001873e-7
750.	0.	0.	1.511300252771143e-7	1.1027874027283893e-7
750.9999999999999	0.	0.	1.4776320010729883e-7	1.08150083728123e-7
752.	0.	0.	1.4454530879466692e-7	1.0611684164488118e-7
753.	0.	0.	1.4147131234380925e-7	1.0417623328477222e-7
754.	0.	0.	1.3853630281105668e-7	1.023255356181183e-7
754.9999999999999	0.	0.	1.3573550058909464e-7	1.005620824573154e-7
756.	0.	0.	1.3306425173432168e-7	9.888326359721932e-8
757.	0.	0.	1.3051802533782553e-7	9.728652396352321e-8
758.	0.	0.	1.280924109378898e-7	9.57693627679471e-8
759.	0.	0.	1.2578311597512148e-7	9.432933267142402e-8
759.9999999999999	0.	0.	1.235859632888919e-7	9.296403895464152e-8
761.	0.	0.	1.2149688865489833e-7	9.16711386961857e-8
762.	0.	0.	1.195119383636634e-7	9.044833995849261e-8
763.	0.	0.	1.176272668391127e-7	8.9293400981322e-8
763.9999999999999	0.	0.	1.1583913429718607e-7	8.820412938308782e-8
765.	0.	0.	1.1414390444388702e-7	8.717838136994772e-8
766.	0.	0.	1.1253804221235574e-7	8.621406095266796e-8
767.	0.	0.	1.1101811153852315e-7	8.530911917133308e-8
768.	0.	0.	1.0958077317496836e-7	8.446155332790983e-8
768.9999999999999	0.	0.	1.0822278254245331e-7	8.366940622665355e-8
770.	0.	0.	1.0694098761894219e-7	8.293076542251876e-8
771.	0.	0.	1.0573232686510307e-7	8.22437624772032e-8
772.	0.	0.	1.0459382718686057e-7	8.160657222355549e-8
772.9999999999999	0.	0.	1.0352260193326036e-7	8.101741203737479e-8
774.	0.	0.	1.025158489303459e-7	8.047454111748606e-8
775.	0.	0.	1.0157084855026467e-7	7.99762597738051e-8
776.	0.	0.	1.006849618144885e-7	7.952090872287892e-8
776.9999999999999	0.	0.	9.98556285320683e-8	7.910686839194047e-8
777.9999999999999	0.	0.	9.9080365471092e-8	7.87325582303928e-8
779.	0.	0.	9.835676456395836e-8	7.839643602951365e-8
780.	0.	0.	9.768249114540298e-8	7.809699724988884e-8
781.	0.	0.	9.705528222311622e-8	7.783277435675362e-8
781.9999999999999	0.	0.	9.647294478063089e-8	7.76023361633442e-8
783.	0.	0.	9.593335411164621e-8	7.740428718187008e-8
784.	0.	0.	9.543445218583837e-8	7.723726698251255e-8
785.	0.	0.	9.497424604546402e-8	7.709994956017801e-8
785.9999999999999	0.	0.	9.455080623226188e-8	7.699104270893875e-8
786.9999999999999	0.	0.	9.416226524455606e-8	7.690928740440197e-8
788.	0.	0.	9.380681602382965e-8	7.68534571936925e-8
789.	0.	0.	9.348271047054202e-8	7.682235759322508e-8
790.	0.	0.	9.318825798856338e-8	7.681482549400465e-8
790.9999999999999	0.	0.	9.292182405820037e-8	7.682972857478782e-8
792.	0.	0.	9.268182883694839e-8	7.686596472264891e-8
793.	0.	0.	9.246674578792875e-8	7.69224614612535e-8
794.	0.	0.	9.227510033534695e-8	7.699817538656052e-8
794.9999999999999	0.	0.	9.210546854686127e-8	7.709209161017096e-8
795.9999999999999	0.	0.	9.195647584202875e-8	7.720322320990652e-8
797.	0.	0.	9.182679572701754e-8	7.7330610688073e-8
798.	0.	0.	9.171514855456616e-8	7.74733214368367e-8
799.	0.	0.	9.162030030933696e-8	7.76304492111171e-8
799.9999999999999	0.	0.	9.154106141800095e-8	7.780111360872564e-8
801.	0.	0.	9.147628558360012e-8	7.798445955763499e-8
802.	0.	0.	9.142486864407616e-8	7.817965681056079e-8
803.	0.	0.	9.138574745442376e-8	7.838589944666798e-8
803.9999999999999	0.	0.	9.135789879205436e-8	7.860240538032256e-8
804.9999999999999	0.	0.	9.134033828507821e-8	7.88284158768981e-8
806.	0.	0.	9.133211936324548e-8	7.906319507565918e-8
807.	0.	0.	9.133233223079876e-8	7.930602951939215e-8
808.	0.	0.	9.134010286148814e-8	7.955622769119766e-8
808.9999999999999	0.	0.	9.135459201477453e-8	7.981311955789237e-8
810.	0.	0.	9.13749942732331e-8	8.007605612026141e-8
811.	0.	0.	9.14005371007959e-8	8.03444089701187e-8
812.	0.	0.	9.14304799212577e-8	8.061756985389758e-8
812.9999999999999	0.	0.	9.14641132170014e-8	8.08949502429996e-8
814.	0.	0.	9.150075764737214e-8	8.117598091058063e-8
815.	0.	0.	9.153976318647165e-8	8.146011151492854e-8
816.	0.	0.	9.15805082801055e-8	8.174681018928585e-8
816.9999999999999	0.	0.	9.162239902129423e-8	8.203556313795167e-8
817.9999999999999	0.	0.	9.166486834442404e-8	8.232587423886971e-8
819.	0.	0.	9.170737523732612e-8	8.261726465237088e-8
820.	0.	0.	9.174940397123381e-8	8.290927243617028e-8
821.	0.	0.	9.179046334823278e-8	8.320145216656936e-8
821.9999999999999	0.	0.	9.183008596575753e-8	8.349337456561526e-8
823.	0.	0.	9.186782749807662e-8	8.378462613444074e-8
824.	0.	0.	9.190326599428419e-8	8.407480879249489e-8
825.	0.	0.	9.193600119254365e-8	8.436353952271847e-8
825.9999999999999	0.	0.	9.196565385032232e-8	8.465045002256388e-8
826.9999999999999	0.	0.	9.199186509026765e-8	8.493518636078253e-8
828.	0.	0.	9.20142957615167e-8	8.521740863999913e-8
829.	0.	0.	9.203262581608742e-8	8.54967906649096e-8
830.	0.	0.	9.204655370013398e-8	8.577301961614074e-8
830.9999999999999	0.	0.	9.205579575962321e-8	8.60457957295392e-8
832.	0.	0.	9.206008566052858e-8	8.631483198114646e-8
833.	0.	0.	9.205917382278729e-8	8.657985377739269e-8
834.	0.	0.	9.205282686818965e-8	8.684059865083095e-8
834.9999999999999	0.	0.	9.204082708161162e-8	8.709681596102319e-8
835.9999999999999	0.	0.	9.202297188560858e-8	8.734826660081731e-8
837.	0.	0.	9.199907332785267e-8	8.759472270767422e-8
838.	0.	0.	9.196895758139227e-8	8.783596738021232e-8
839.	0.	0.	9.193246445735753e-8	8.807179439978656e-8
839.9999999999999	0.	0.	9.188944692986205e-8	8.830200795703982e-8
841.	0.	0.	9.183977067294464e-8	8.852642238342502e-8
842.	0.	0.	9.178331360921524e-8	8.874486188759744e-8
843.	0.	0.	9.171996547011441e-8	8.89571602966573e-8
843.9999999999999	0.	0.	9.164962736733127e-8	8.9163160802079e-8
844.9999999999999	0.	0.	9.157221137541962e-8	8.936271571043128e-8
846.	0.	0.	9.148764012514354e-8	8.95556861986499e-8
847.	0.	0.	9.139584640754602e-8	8.97419420739932e-8
848.	0.	0.	9.129677278837011e-8	8.992136153843031e-8
848.9999999999999	0.	0.	9.119037123261953e-8	9.009383095750737e-8
850.	0.	0.	9.10766027392715e-8	9.025924463369955e-8
851.	0.	0.	9.09554369855634e-8	9.04175045840053e-8
852.	0.	0.	9.082685198100816e-8	9.056852032189453e-8
852.9999999999999	0.	0.	9.069083373069356e-8	9.071220864345309e-8
853.9999999999999	0.	0.	9.054737590781948e-8	9.084849341775788e-8
855.	0.	0.	9.039647953514218e-8	9.09773053812691e-8
856.	0.	0.	9.023815267531738e-8	9.109858193641634e-8
857.	0.	0.	9.00724101297402e-8	9.121226695406294e-8
857.9999999999999	0.	0.	8.989927314590292e-8	9.131831058001624e-8
859.	0.	0.	8.971876913288535e-8	9.14166690453521e-8
860.	0.	0.	8.953093138501578e-8	9.150730448064341e-8
861.	0.	0.	8.933579881332464e-8	9.159018473393056e-8
861.9999999999999	0.	0.	8.913341568478808e-8	9.166528319243592e-8
863.	0.	0.	8.892383136904163e-8	9.17325786079526e-8
864.	0.	0.	8.870710009253615e-8	9.179205492585794e-8
865.	0.	0.	8.848328069985868e-8	9.184370111767375e-8
865.9999999999999	0.	0.	8.825243642210681e-8	9.188751101717056e-8
866.9999999999999	0.	0.	8.801463465218626e-8	9.192348315991189e-8
868.	0.	0.	8.776994672683585e-8	9.195162062622962e-8
869.	0.	0.	8.751844771519366e-8	9.197193088753535e-8
870.	0.	0.	8.726021621386635e-8	9.198442565595084e-8
870.9999999999999	0.	0.	8.699533414821242e-8	9.198912073720414e-8
872.	0.	0.	8.672388657982919e-8	9.198603588671184e-8
873.	0.	0.	8.644596152000682e-8	9.197519466885086e-8
874.	0.	0.	8.616164974903857e-8	9.195662431928857e-8
874.9999999999999	0.	0.	8.587104464125266e-8	9.19303556104242e-8
875.9999999999999	0.	0.	8.557424199564082e-8	9.189642271980239e-8
877.	0.	0.	8.527133987195011e-8	9.185486310150454e-8
878.	0.	0.	8.496243843208235e-8	9.18057173604669e-8
879.	0.	0.	8.464763978668412e-8	9.174902912963275e-8
879.9999999999999	0.	0.	8.432704784682071e-8	9.168484494995749e-8
881.	0.	0.	8.400076818061271e-8	9.161321415317444e-8
882.	0.	0.	8.366890787466455e-8	9.153418874728314e-8
883.	0.	0.	8.333157540025749e-8	9.144782330474408e-8
883.9999999999999	0.	0.	8.298888048406485e-8	9.135417485328591e-8
884.9999999999999	0.	0.	8.264093398343412e-8	9.125330276932571e-8
886.	0.	0.	8.22878477659515e-8	9.114526867393007e-8
887.	0.	0.	8.192973459334108e-8	9.103013633129566e-8
888.	0.	0.	8.156670800946412e-8	9.090797154967377e-8
888.9999999999999	0.	0.	8.119888223240347e-8	9.077884208474953e-8
890.	0.	0.	8.082637205046887e-8	9.064281754535169e-8
891.	0.	0.	8.044929272204418e-8	9.049996930156666e-8
892.	0.	0.	8.006775987921713e-8	9.03503703951038e-8
892.9999999999999	0.	0.	7.968188943499559e-8	9.019409545190659e-8
893.9999999999999	0.	0.	7.929179749413137e-8	9.00312205970416e-8
895.	0.	0.	7.889760026739112e-8	8.986182337171635e-8
896.	0.	0.	7.849941398914672e-8	8.968598265242217e-8
897.	0.	0.	7.809735483834956e-8	8.950377857225524e-8
897.9999999999999	0.	0.	7.769153886256975e-8	8.931529244420482e-8
899.	0.	0.	7.728208190523956e-8	8.912060668652131e-8
900.	0.	0.	7.68690995358796e-8	8.8919804750077e-8
901.	0.	0.	7.645270698326081e-8	8.871297104763336e-8
901.9999999999999	0.	0.	7.603301907143618e-8	8.85001908850745e-8
902.9999999999999	0.	0.	7.56101501585448e-8	8.828155039447037e-8
904.	0.	0.	7.518421407833769e-8	8.805713646902928e-8
905.	0.	0.	7.475532408431242e-8	8.782703669982486e-8
906.	0.	0.	7.432359279639134e-8	8.759133931430065e-8
906.9999999999999	0.	0.	7.388913215013223e-8	8.735013311654022e-8
908.	0.	0.	7.345205334827277e-8	8.71035074292078e-8
909.	0.	0.	7.301246681470036e-8	8.685155203719002e-8
910.	0.	0.	7.25704821506208e-8	8.659435713286399e-8
910.9999999999999	0.	0.	7.21262080930105e-8	8.63320132629772e-8
911.9999999999999	0.	0.	7.167975247511825e-8	8.606461127710604e-8
913.	0.	0.	7.12312221891394e-8	8.579224227765306e-8
914.	0.	0.	7.078072315087218e-8	8.551499757137272e-8
914.9999999999999	0.	0.	7.032836026628593e-8	8.523296862235557e-8
915.9999999999999	0.	0.	6.987423740007883e-8	8.4946247006503e-8
917.	0.	0.	6.94184573460013e-8	8.465492436738287e-8
918.	0.	0.	6.896112179900333e-8	8.435909237352893e-8
919.	0.	0.	6.85023313290695e-8	8.405884267705333e-8
919.9999999999999	0.	0.	6.804218535680731e-8	8.375426687365025e-8
921.	0.	0.	6.758078213056885e-8	8.344545646386578e-8
922.	0.	0.	6.711821870519143e-8	8.313250281568079e-8
923.	0.	0.	6.66545909222713e-8	8.281549712832858e-8
923.9999999999999	0.	0.	6.618999339186905e-8	8.249453039735806e-8
924.9999999999999	0.	0.	6.572451947565788e-8	8.21696933808926e-8
926.	0.	0.	6.52582612714888e-8	8.184107656706431e-8
927.	0.	0.	6.479130959919919e-8	8.150877014259027e-8
928.	0.	0.	6.432375398779192e-8	8.117286396250872e-8
928.9999999999999	0.	0.	6.385568266382499e-8	8.083344752096959e-8
930.	0.	0.	6.338718254097579e-8	8.049060992314272e-8
931.	0.	0.	6.291833921086142e-8	8.014443985816504e-8
932.	0.	0.	6.24492369348245e-8	7.979502557309146e-8
932.9999999999999	0.	0.	6.197995863695677e-8	7.944245484791766e-8
933.9999999999999	0.	0.	6.15105858980522e-8	7.908681497150493e-8
935.	0.	0.	6.104119895063899e-8	7.872819271853365e-8
936.	0.	0.	6.057187667492446e-8	7.83666743273679e-8
937.	0.	0.	6.010269659571665e-8	7.800234547882585e-8
937.9999999999999	0.	0.	5.963373488019376e-8	7.763529127587e-8
939.	0.	0.	5.916506633661477e-8	7.726559622417067e-8
940.	0.	0.	5.869676441377009e-8	7.689334421350019e-8
941.	0.	0.	5.8228901201321755e-8	7.651861849998858e-8
941.9999999999999	0.	0.	5.77615474308234e-8	7.614150168918585e-8
942.9999999999999	0.	0.	5.729477247754669e-8	7.576207571990715e-8
944.	0.	0.	5.682864436301025e-8	7.538042184886812e-8
945.	0.	0.	5.636322975812683e-8	7.499662063607229e-8
946.	0.	0.	5.589859398707855e-8	7.46107519309275e-8
946.9999999999999	0.	0.	5.54348010317752e-8	7.422289485910612e-8
948.	0.	0.	5.4971913536921823e-8	7.383312781007609e-8
949.	0.	0.	5.4509992815649576e-8	7.344152842533247e-8
950.	0.	0.	5.404909885570982e-8	7.304817358730197e-8
950.9999999999999	0.	0.	5.358929032615814e-8	7.265313940887667e-8
951.9999999999999	0.	0.	5.313062458458929e-8	7.225650122360794e-8
953.	0.	0.	5.267315768481571e-8	7.185833357648877e-8
954.	0.	0.	5.2216944384982495e-8	7.145871021535414e-8
954.9999999999999	0.	0.	5.176203815613253e-8	7.105770408286183e-8
955.9999999999999	0.	0.	5.130849119122481e-8	7.065538730904023e-8
957.	0.	0.	5.085635441445698e-8	7.025183120439193e-8
958.	0.	0.	5.040567749102265e-8	6.984710625352872e-8
959.	0.	0.	4.995650883720556e-8	6.944128210934746e-8
959.9999999999999	0.	0.	4.950889563077436e-8	6.903442758769765e-8
960.9999999999999	0.	0.	4.906288382175095e-8	6.86266106625496e-8
962.	0.	0.	4.861851814341014e-8	6.821789846165005e-8
963.	0.	0.	4.817584212361206e-8	6.78083572626427e-8
963.9999999999999	0.	0.	4.7734898096345125e-8	6.739805248963411e-8
964.9999999999999	0.	0.	4.7295727213583663e-8	6.698704871021875e-8
966.	0.	0.	4.6858369457276246e-8	6.657540963291537e-8
967.	0.	0.	4.642286365167406e-8	6.616319810503034e-8
968.	0.	0.	4.598924747573959e-8	6.5750476110917e-8
968.9999999999999	0.	0.	4.555755747582142e-8	6.533730477063545e-8
969.9999999999999	0.	0.	4.5127829078475406e-8	6.492374433898555e-8
971.	0.	0.	4.4700096603426894e-8	6.450985420490553e-8
972.	0.	0.	4.427439327672782e-8	6.409569289123478e-8
972.9999999999999	0.	0.	4.385075124398559e-8	6.368131805482158e-8
973.9999999999999	0.	0.	4.3429201583757656e-8	6.326678648695217e-8
975.	0.	0.	4.300977432105363e-8	6.285215411412468e-8
976.	0.	0.	4.259249844090328e-8	6.243747599911834e-8
977.	0.	0.	4.217740190205794e-8	6.202280634237756e-8
977.9999999999999	0.	0.	4.176451165072917e-8	6.160819848367971e-8
979.	0.	0.	4.135385363442864e-8	6.1193704904099e-8
980.	0.	0.	4.094545281581942e-8	6.077937722822446e-8
980.9999999999999	0.	0.	4.0539333186678194e-8	6.036526622666458e-8
982.	0.	0.	4.0135517781838507e-8	5.995142181878987e-8
982.9999999999999	0.	0.	3.973402869318902e-8	5.953789307572901e-8
983.9999999999999	0.	0.	3.933488708370723e-8	5.912472822360029e-8
985.	0.	0.	3.89381132014767e-8	5.871197464697238e-8
985.9999999999999	0.	0.	3.854372639373202e-8	5.829967889254766e-8
987.	0.	0.	3.815174512087796e-8	5.788788667304092e-8
988.	0.	0.	3.776218697052046e-8	5.7476642871292604e-8
988.9999999999999	0.	0.	3.737506867150557e-8	5.706599154455496e-8
990.	0.	0.	3.699040610786593e-8	5.6655975928962636e-8
990.9999999999999	0.	0.	3.660821433277904e-8	5.624663844420163e-8
992.	0.	0.	3.6228507582516997e-8	5.583802069834435e-8
993.	0.	0.	3.5851299290297574e-8	5.543016349283907e-8
993.9999999999999	0.	0.	3.54766021001369e-8	5.50231068276819e-8
995.	0.	0.	3.510442788060719e-8	5.461688990671274e-8
995.9999999999999	0.	0.	3.473478773856729e-8	5.4211551143083805e-8
997.	0.	0.	3.436769203282144e-8	5.380712816484537e-8
998.	0.	0.	3.400315038770702e-8	5.3403657820679945e-8
998.9999999999999	0.	0.	3.36411717066103e-8	5.300117618575133e-8
1000.	0.	0.	3.3281764185415046e-8	5.2599718567676376e-8