0.	0.	0.	0.	0.
1.	0.004519784592123898	0.007618150359426038	0.0007896938832909794	0.00007910542712544364
2.	0.0002900618626028018	0.014752256237221265	0.0015862449147072558	0.0001591725161023033
3.	0.000010774435945348672	0.021389071728838836	0.0023871920182497045	0.000239959712017939
4.	3.041406869784833e-7	0.02752125526471618	0.003190192369470467	0.00032123568003623984
5.	7.221792111061594e-9	0.03314676735713941	0.003993023765346841	0.000402779625337219
6.	1.5182061413370517e-10	0.03826827889570933	0.004793586092305001	0.0004843815261580246
7.	2.911968005026829e-12	0.04289259730171552	0.005589901985512606	0.0005658422882790068
8.	5.197726183774195e-14	0.04703011632420767	0.006380116765738424	0.0006469738287165198
9.	8.691492455234525e-16	0.05069429390828043	0.007162497733663815	0.0007275990958357508
10.	0.	0.05390116138079188	0.007935432895504217	0.000807552032580367
11.	0.	0.0566688661704221	0.008697429188138981	0.0008866774890295401
12.	0.	0.059017249396533585	0.009447110266635689	0.0009648310900354124
13.	0.	0.06096745891297866	0.010183213912072695	0.0010418790632638454
14.	0.	0.06254159776683257	0.010904589112893421	0.0011176980325569364
14.999999999999998	0.	0.06376240751610195	0.011610192868651417	0.0011921747811559553
16.	0.	0.06465298543314772	0.012299086760910556	0.0012652059889667795
17.	0.	0.0652365342907281	0.012970433332235364	0.0013366979477153849
18.	0.	0.0655361431746487	0.0136234923106269	0.001406566257527257
18.999999999999996	0.	0.06557459758113114	0.01425761671341764	0.00147473550817074
20.	0.	0.06537421692901786	0.014872248861520072	0.0015411389479291213
21.	0.	0.064956717538421	0.015466916332016422	0.0016057181428088198
22.	0.	0.06434309909074606	0.01604122787436957	0.001668422628550308
23.	0.	0.06355355258326716	0.016594869313015265	0.0017292095576835291
24.	0.	0.06260738781841815	0.017127599456754326	0.0017880433436596745
24.999999999999996	0.	0.06152297851818618	0.017639246033188578	0.0018448953038954035
26.	0.	0.06031772322259806	0.018129701664427518	0.0018997433033832024
27.	0.	0.059008020214029275	0.01859891989842398	0.0019525714003517723
28.	0.	0.057609254802244304	0.019046911308568486	0.0020033694953024137
29.	0.	0.0561357974055252	0.01947373967257386	0.0020521329846007073
29.999999999999996	0.	0.054601010968248896	0.019879518240208238	0.002098862419666667
31.	0.	0.053017266362549414	0.020264406098075883	0.0021435631726803707
32.	0.	0.051395964529338915	0.020628604638395928	0.0021862451096032976
32.99999999999999	0.	0.0497475642203966	0.02097235413758211	0.002226922271207662
34.	0.	0.04808161430719291	0.02129593044937452	0.0022656125627063444
35.	0.	0.04640678972259634	0.021599641816312597	0.002302337452484189
36.	0.	0.04473093019782857	0.021883825802460503	0.0023371216803469226
37.	0.	0.0430610810484231	0.022148846349495748	0.002369992975626263
37.99999999999999	0.	0.04140353534908539	0.022395090957546285	0.0024009817854086417
39.	0.	0.03976387691799397	0.022622967991502325	0.002430121013089801
40.	0.	0.03814702360608605	0.022832904112935752	0.0024574457673980717
41.	0.	0.03655727045619259	0.023025341837224527	0.0024829931219749824
42.	0.	0.03499833236058833	0.023200737215000607	0.002506801885552648
42.99999999999999	0.	0.03347338590370497	0.023359557636611628	0.0025289123827228394
44.	0.	0.03198511012960472	0.02350227975790671	0.0025493662452524468
44.99999999999999	0.	0.030535726021527647	0.02362938754532088	0.0025682062138638255
46.	0.	0.029127034523665336	0.023741370437938284	0.0025854759503661875
47.	0.	0.027760452973535747	0.023838721623957358	0.002601219859995235
48.	0.	0.026437049847221537	0.023921936428760317	0.00261548292379267
49.	0.	0.025157577749583993	0.023991510811600072	0.0026283105408346223
49.99999999999999	0.	0.02392250460765825	0.024047939967758808	0.0026397483800982254
51.	0.	0.022732043048077386	0.024091717032901055	0.0026498422417384664
52.	0.	0.02158617795883707	0.024123331886237845	0.0026586379275326806
53.	0.	0.02048469225228511	0.024143270049035576	0.0026661811202375336
54.	0.	0.019427190860166196	0.024152011674941243	0.00267251727159295
54.99999999999999	0.	0.018413123003123765	0.02415003062855324	0.0026776914986988407
56.	0.	0.01744180278650633	0.024137793648642054	0.00268174848848376
56.99999999999999	0.	0.016512428181866587	0.02411575959241585	0.0026847324099793925
58.	0.	0.015624098459394744	0.0240843787572319	0.0026866868341111033
59.	0.	0.01477583014089119	0.024044092276172845	0.0026876546607123805
59.99999999999999	0.	0.013966571545936958	0.02399533158393696	0.002687678052469893
61.	0.	0.013195216005840988	0.02393851794953258	0.0026867983755058805
62.	0.	0.012460613820873347	0.023874062072316314	0.002685056146305542
63.	0.	0.011761583036388239	0.023802363737973217	0.002682490984699063
64.	0.	0.0110969191128134	0.023723811531102184	0.0026791415726106073
65.	0.	0.010465403563261852	0.02363878260114219	0.0026750456182901266
65.99999999999999	0.	0.009865811630800463	0.023547642478451314	0.0026702398257479254
67.	0.	0.009296919075287825	0.02345074493743365	0.0026647598691167183
68.	0.	0.008757508137249244	0.023348431903693977	0.0026586403716711148
69.	0.	0.008246372743563043	0.023241033402290025	0.0026519148892401637
70.	0.	0.007762323016855399	0.023128867544243956	0.0026446158977547585
70.99999999999999	0.	0.0073041891474930586	0.02301224054856822	0.0026367747846780414
72.	0.	0.006870824683976134	0.0228914467971572	0.0026284218440737733
73.	0.	0.006461109294405324	0.02276676891999234	0.0026195862750745557
74.	0.	0.0060739510485690075	0.022638477908205803	0.0026102961835189637
75.	0.	0.005708288267088904	0.02250683325264557	0.0026005785865339877
75.99999999999999	0.	0.005363090981012952	0.022372083105682266	0.002590459419846648
77.	0.	0.005037362042260427	0.022234464464095244	0.0025799635476161666
78.	0.	0.0047301379224340976	0.022094203370971566	0.002569114774585632
79.	0.	0.004440489234722719	0.021951515134647673	0.002557935860359847
80.	0.	0.004167521010939111	0.02180660456281687	0.00254644853562348
80.99999999999999	0.	0.003910372763180816	0.02165966621001921	0.0025346735201214094
82.	0.	0.0036682183571654196	0.021510884636821333	0.002522630542230607
83.	0.	0.0034402657219870557	0.02136043467908323	0.0025103383599604234
84.	0.	0.0032257564188635118	0.021208481725796268	0.0024978147832255405
84.99999999999999	0.	0.003023965089396062	0.021055182004062575	0.002485076697243185
85.99999999999999	0.	0.0028341988019437237	0.020900682869868906	0.0024721400869133605
87.	0.	0.002655796312921028	0.020745123103388996	0.002459020062047944
88.	0.	0.002488127258156373	0.02058863320762788	0.0024457308833214634
89.	0.	0.0023305912878957705	0.020431335709296842	0.002432285988823083
89.99999999999999	0.	0.0021826171575999326	0.02027334546088252	0.0024186980210960376
90.99999999999999	0.	0.002043661785353963	0.020114769942944928	0.0024049788545572074
92.	0.	0.0019132092854862658	0.019955709565747576	0.002391139623195802
93.	0.	0.0017907699868704725	0.01979625796939017	0.0023771907484563125
94.	0.	0.0016758794433551164	0.019636502321677535	0.002363141967216799
94.99999999999999	0.	0.0015680974428256625	0.019476523613020318	0.0023490023597793766
96.	0.	0.0014670070205487092	0.019316396947721963	0.0023347803777953777
97.	0.	0.0013722134816688252	0.01915619183106241	0.002320483872053031
98.	0.	0.001283343437026065	0.018995972451643806	0.002306120120060767
99.	0.	0.0012000438558251055	0.018835797958514176	0.0022916958533642545
99.99999999999999	0.	0.0011219811381143429	0.018675722732635076	0.002277217284540177
101.	0.	0.0010488402095203706	0.018515796652305398	0.002262690133814334
102.	0.	0.0009803236402220398	0.018356065352198445	0.0022481196552562566
103.	0.	0.0009161507897404052	0.018196570475711472	0.0022335106625066582
104.	0.	0.0008560569787554843	0.018037349920367127	0.0022188675539983396
104.99999999999999	0.	0.0007997926888399657	0.017878438076043796	0.0022041943376349196
106.	0.	0.0007471227907165364	0.017719866055848334	0.002189494654895691
107.	0.	0.0006978258013969862	0.017561661919477393	0.002174771804338326
108.	0.	0.0006516931703450464	0.01740385088894634	0.0021600287644746937
109.	0.	0.0006085285946175972	0.017246455556594004	0.002145268215998218
109.99999999999999	0.	0.0005681473627772389	0.017089496085299465	0.0021304925633443316
111.	0.	0.0005303757272318373	0.01693299040087355	0.0021157039555684694
112.	0.	0.0004950503045395074	0.01677695437661188	0.0021009043065288394
113.	0.	0.00046201750312071355	0.016621402010018754	0.0020860953143637716
113.99999999999999	0.	0.00043113297773801135	0.016466345591733107	0.002071278480255993
114.99999999999999	0.	0.00040226111003861836	0.016311795866706155	0.002056455126478394
116.	0.	0.00037527451440347087	0.016157762187699137	0.0020416264137181
117.	0.	0.0003500535683056386	0.01600425266118601	0.0020267933576777067
118.	0.	0.0003264859663518359	0.01585127428576071	0.0020119568449543674
118.99999999999999	0.	0.0003044662971602795	0.015698833083163114	0.001997117648199336
119.99999999999999	0.	0.0002838956422155259	0.01554693422204972	0.001982276440562105
121.	0.	0.0002646811958357012	0.015395582134646937	0.001967433809424884
122.	0.	0.0002467359053875758	0.015244780626435082	0.0019525902694346212
122.99999999999999	0.	0.00022997813089162996	0.015094532979019649	0.0019377462748409696
124.	0.	0.0002143313231681008	0.014944842046355673	0.001922902231149986
125.	0.	0.0001997237196898194	0.014795710344496962	0.0019080585061043043
126.	0.	0.0001860880573236643	0.01464714013504844	0.0018932154400015915
127.	0.	0.00017336130116227458	0.014499133502505831	0.001878373355364097
128.	0.	0.0001614843886691412	0.01435169242567022	0.001863532565972797
129.	0.	0.00015040198838251655	0.014204818843329225	0.001848693385280468
130.	0.	0.0001400622724488043	0.014058514714399669	0.001833856134218696
131.	0.	0.00013041670228012748	0.013912782072727689	0.0018190211484143085
131.99999999999997	0.	0.00012141982665738406	0.013767623076745786	0.0018041887848314635
133.	0.	0.00011302909162569238	0.013623040054184524	0.0017893594278557165
134.	0.	0.00010520466155564356	0.013479035542039317	0.0017745334948371337
135.	0.	0.00009790925076936174	0.013335612321991012	0.0017597114411095469
136.	0.	0.00009110796515733374	0.013192773451479334	0.0017448937645035258
137.	0.	0.00008476815323664279	0.013050522290625597	0.0017300810093705769
138.	0.	0.00007885926612685739	0.012908862525201553	0.0017152737701365472
139.	0.	0.00007335272594477409	0.012767798185837054	0.0017004726944019732
140.	0.	0.00006822180214227484	0.01262733366365862	0.001685678485607433
140.99999999999997	0.	0.00006344149533611116	0.012487473722547203	0.0016708919052817934
141.99999999999997	0.	0.00005898842820011551	0.012348223508200562	0.0016561137748912172
143.	0.	0.00005484074301245201	0.0122095885541835	0.001641344977306895
144.	0.	0.00005097800547225462	0.0120715747851436	0.0016265864579090392
145.	0.	0.00004738111441879777	0.011934188517368376	0.0016118392253448317
146.	0.	0.00004403221710755863	0.011797436456854861	0.0015971043519576768
147.	0.	0.00004091462971492085	0.011661325695058122	0.0015823829739048955
148.	0.	0.00003801276276169154	0.011525863702481983	0.0015676762909808569
149.	0.	0.00003531205116251217	0.011391058320270167	0.0015529855661622345
150.	0.	0.0000327988886246804	0.011256917749951195	0.001538312124891737
150.99999999999997	0.	0.000030460566134912163	0.01112345054148659	0.0015236573541164517
151.99999999999997	0.	0.00002828521428845512	0.010990665579766816	0.0015090227010966077
153.	0.	0.000026261749227309437	0.010858572069694442	0.0014944096720001718
154.	0.	0.000024379821969513448	0.010727179519989472	0.0014798198302983752
155.	0.	0.00002262977092251294	0.010596497725846624	0.0014652547949768958
156.	0.	0.000021002577386608885	0.010466536750570668	0.0014507162385771566
157.	0.	0.000019489823865552036	0.010337306906308543	0.001436205885081518
158.	0.	0.000018083655011790005	0.010208818733995076	0.0014217255076561294
159.	0.	0.000016776741044744966	0.01008108298262241	0.0014072769262645408
160.	0.	0.000015562243489274158	0.009954110587938589	0.001392862005164803
160.99999999999997	0.	0.000014433783091148498	0.009827912650677176	0.0013784826503025476
161.99999999999997	0.	0.000013385409774877623	0.009702500414413225	0.0013641408066118255
163.	0.	0.000012411574516901613	0.009577885243137884	0.0013498384552353602
164.	0.	0.000011507103015244408	0.009454078598638718	0.0013355776106752965
165.	0.	0.000010667171043820366	0.009331092017767634	0.0013213603178850767
166.	0.	9.887281386083762e-6	0.009208937089675002	0.0013071886493127745
167.	0.	9.163242249451984e-6	0.009087625433083588	0.001293064701905751
168.	0.	8.491147067778317e-6	0.008967168673670976	0.0012789905940859567
169.	0.	7.867355604733901e-6	0.00884757842162716	0.001264968462705135
169.99999999999997	0.	7.288476276414134e-6	0.008728866249446151	0.0012510004599882228
170.99999999999997	0.	6.7513496165701654e-6	0.008611043670010777	0.0012370887504734576
171.99999999999997	0.	6.253032812169566e-6	0.008494122115022222	0.001223235507956789
173.	0.	5.790785242129263e-6	0.008378112913824889	0.0012094429124481704
174.	0.	5.362054955283878e-6	0.008263027272671364	0.0011957131471466494
175.	0.	4.96446602869704e-6	0.008148876254469148	0.0011820483954408374
176.	0.	4.595806749940673e-6	0.008035670759049577	0.0011684508379412848
177.	0.	4.254018571360684e-6	0.007923421503991848	0.001154922649550348
178.	0.	3.937185787079208e-6	0.007812139006035333	0.0011414659965752378
179.	0.	3.6435258866400207e-6	0.007701833563109448	0.0011280830338895145
179.99999999999997	0.	3.3713805422625493e-6	0.007592515237004852	0.0011147759021475682
180.99999999999997	0.	3.1192071890204366e-6	0.007484193836711818	0.0011015467250570098
181.99999999999997	0.	2.8855711600239316e-6	0.007376878902442357	0.0010883976067126396
183.	0.	2.6691383412600913e-6	0.0072705796903565255	0.001075330628996288
184.	0.	2.468668312112518e-6	0.007165305158005746	0.0010623478490457677
185.	0.	2.2830079411062377e-6	0.007061063950506312	0.0010494512967963072
186.	0.	2.11108540677382e-6	0.006957864387452377	0.0010366429725972898
187.	0.	1.9519046166801976e-6	0.006855714450576947	0.0010239248449070892
188.	0.	1.8045399987108712e-6	0.006754621772165249	0.0010112988480681863
189.	0.	1.6681316404407326e-6	0.006654593624225551	0.0009987668801649163
189.99999999999997	0.	1.5418807539802509e-6	0.006555636908416919	0.000986330800965386
190.99999999999997	0.	1.4250454452053078e-6	0.006457758146735686	0.0009739924299494632
192.	0.	1.3169367676190406e-6	0.006360963472956614	0.0009617535444239036
193.	0.	1.2169150419499803e-6	0.006265258624827496	0.0009496158777261099
194.	0.	1.1243864244253356e-6	0.006170648937008737	0.000937581117516927
195.	0.	1.0387997073192645e-6	0.006077139334754714	0.0009256509041637156
196.	0.	9.596433363585005e-7	0.005984734328325739	0.0009138268292136892
197.	0.	8.864426310276432e-7	0.00589343800812402	0.0009021104339582553
198.	0.	8.187571940405668e-7	0.00580325404054072	0.0008905032080880726
198.99999999999997	0.	7.561784978687508e-7	0.005714185664504492	0.0008790065884390782
199.99999999999997	0.	6.983276361335378e-7	0.00562623568871704	0.0008676219578289675
200.99999999999997	0.	6.448532294875998e-7	0.005539406489564224	0.0008563506439840386
202.	0.	5.954294750534543e-7	0.0054537000096857476	0.0008451939185554766
203.	0.	5.497543305127244e-7	0.005369117757190935	0.0008341529962247934
204.	0.	5.075478234152411e-7	0.005285660805501803	0.000823229033897163
205.	0.	4.6855047736476995e-7	0.005203329793809759	0.0008124231299821412
206.	0.	4.3252184753118774e-7	0.005122124928125743	0.0008017363237602272
207.	0.	3.992391577330956e-7	0.005042045982908905	0.0007911695948345097
208.	0.	3.6849603258809254e-7	0.004963092303253403	0.000780723862665743
208.99999999999997	0.	3.401013181371734e-7	0.004885262807616287	0.000770399986189702
209.99999999999997	0.	3.138779849147942e-7	0.004808555991066611	0.0007601987635151646
210.99999999999997	0.	2.8966210810162123e-7	0.0047329699290372396	0.000750120931701062
212.	0.	2.6730191911766684e-7	0.004658502281559322	0.0007401671666110344
213.	0.	2.466569242987487e-7	0.0045851502979604546	0.0007303380828437797
214.	0.	2.2759708556744123e-7	0.004512910822006217	0.000720634233737291
215.	0.	2.1000205922039038e-7	0.0044417802974655324	0.000711056111445201
216.	0.	1.9376048869539082e-7	0.004371754774079979	0.0007016041470833067
217.	0.	1.7876934747144728e-7	0.004302829913917533	0.0006922787109443861
218.	0.	1.6493332900250792e-7	0.004235000998089249	0.0006830801127790448
218.99999999999997	0.	1.5216428006080555e-7	0.004168262933811806	0.0006740086021409923
219.99999999999997	0.	1.4038067461567672e-7	0.004102610261793888	0.0006650643687942952
220.99999999999997	0.	1.295071255874759e-7	0.004038037163927535	0.0006562475431806234
222.	0.	1.194739315794325e-7	0.003974537471265773	0.0006475581969444778
223.	0.	1.1021665628474039e-7	0.0039121046722669665	0.0006389963435141955
224.	0.	1.016757382866285e-7	0.003850731921285455	0.0006305619387363397
225.	0.	9.37961291249064e-8	0.003790412047293179	0.0006222548815618633
226.	0.	8.652695748340912e-8	0.003731137562809781	0.0006140750147812092
227.	0.	7.982121793151115e-8	0.0036729006730263736	0.0006060221258067167
227.99999999999997	0.	7.363548227546468e-8	0.0036156932851028976	0.0005980959474997896
228.99999999999997	0.	6.792963191818153e-8	0.0035595070176232626	0.0005902961590409407
229.99999999999997	0.	6.266660992800808e-8	0.0035043332101896236	0.0005826223868402938
230.99999999999997	0.	5.781219115407596e-8	0.0034501629331398207	0.0005750742054865323
232.	0.	5.333476927014304e-8	0.003396986997372372	0.0005676511387322835
233.	0.	4.9205159547140334e-8	0.0033447959642603194	0.0005603526605133753
234.	0.	4.539641609157024e-8	0.003293580155642173	0.0005531781960004955
235.	0.	4.1883662672128046e-8	0.0032433296638708377	0.0005461271226805274
236.	0.	3.8643935978815426e-8	0.0031940343619088533	0.0005391987714660225
237.	0.	3.565604059906634e-8	0.003145683913453772	0.0005323924278304619
237.99999999999997	0.	3.290041473368821e-8	0.0030982677830805132	0.0005257073329674451
238.99999999999997	0.	3.035900597684832e-8	0.003051775246387064	0.0005191426849717885
239.99999999999997	0.	2.8015156245601617e-8	0.003006195400130093	0.0005126976400405397
240.99999999999997	0.	2.585349544180729e-8	0.0029615171723391498	0.000506371313692193
242.	0.	2.3859843033532006e-8	0.002917729332395779	0.0005001627820019879
243.	0.	2.2021117022388378e-8	0.002874820501066878	0.0004940710828516077
244.	0.	2.032524974230117e-8	0.002832779160480644	0.000488095217191417
245.	0.	1.876111005250831e-8	0.0027915936640348815	0.0004822341503135599
245.99999999999997	0.	1.7318431336879835e-8	0.0027512522462267426	0.000476486813134102
247.	0.	1.5987745058310716e-8	0.002711743032394148	0.000470852103482546
248.	0.	1.47603191852693e-8	0.0026730540483599565	0.00046532888739717315
248.99999999999997	0.	1.3628101418114396e-8	0.0026351732299700827	0.00045991600042464154
250.	0.	1.2583666741037744e-8	0.002598088432515017	0.00045461224892193836
250.99999999999997	0.	1.1620168839907749e-8	0.002561787440030156	0.00044941641135978755
252.	0.	1.0731295359575837e-8	0.0025262579744641336	0.0004443272396254965
252.99999999999997	0.	9.911226515733264e-9	0.002491487704709832	0.0004393434603241564
254.	0.	9.154596854748058e-9	0.002457464255490159	0.0004344637760766359
254.99999999999997	0.	8.456460011113232e-9	0.0024241752160932294	0.0004296868668131987
256.	0.	7.812256121760241e-9	0.0023916081489500406	0.00042501139106132323
257.	0.	7.217781736594012e-9	0.00235975059804995	0.00042043598722662373
258.	0.	6.669162079304688e-9	0.0023285900971878317	0.000415959274865522
259.	0.	6.162825426348962e-9	0.0022981141780392014	0.00041157985594871216
260.	0.	5.695479451713654e-9	0.0022683103780579924	0.00040729631611415755
261.	0.	5.264089460566514e-9	0.002239166248193335	0.0004031072259086319
262.	0.	4.865858188099867e-9	0.0022106693604220327	0.0003990111420168599
263.	0.	4.498207322122391e-9	0.0021828073150930204	0.00039500660847722205
263.99999999999994	0.	4.1587602934674e-9	0.0021555677480803543	0.00039109215788301374
265.	0.	3.845326547554881e-9	0.002128938337743587	0.00038726631256865183
266.	0.	3.555886937482395e-9	0.00210290681169136	0.00038352758577965367
267.	0.	3.288580322861445e-9	0.002077460953348137	0.0003798744828259498
268.	0.	3.0416911616135554e-9	0.0020525886083207034	0.00037630550221746966
269.	0.	2.8136380811264495e-9	0.002028277690564443	0.0003728191367815474
270.	0.	2.6029633943812823e-9	0.002004516188347663	0.0003694138747613651
271.	0.	2.4083233329037476e-9	0.0019812921700128787	0.0003660882008947614
272.	0.	2.228479174294078e-9	0.0019585937895350977	0.0003628405974729189
272.99999999999994	0.	2.062288918937816e-9	0.0019364092918772305	0.0003596695453784654
274.	0.	1.9086997628956318e-9	0.0019147270181412855	0.00035657352510223367
274.99999999999994	0.	1.7667410359306055e-9	0.0018935354105171105	0.0003535510177385041
276.	0.	1.6355178036018584e-9	0.0018728230170277338	0.00035060050595802516
277.	0.	1.514204866703528e-9	0.001852578496073698	0.00034772047495875157
278.	0.	1.4020413091202673e-9	0.001832790620775336	0.00034490941339356034
279.	0.	1.2983254602088925e-9	0.0018134482831162898	0.0003421658142750486
280.	0.	1.2024102263622528e-9	0.0017945404978871777	0.00033948817585666017
281.	0.	1.1136988040640486e-9	0.0017760564064337298	0.00033687500249042506
281.99999999999994	0.	1.0316407382490478e-9	0.0017579852802079552	0.0003343248054604968
283.	0.	9.557282843525935e-10	0.0017403165241274094	0.000331836103792908
283.99999999999994	0.	8.854930616779013e-10	0.001723039679742046	0.0003294074250409061
285.	0.	8.205029588909569e-10	0.0017061444282123982	0.0003270373060460354
286.	0.	7.603593089318497e-10	0.0016896205931005131	0.0003247242936747012
287.	0.	7.0469424078652e-10	0.001673458142976562	0.0003224669455302272
288.	0.	6.531682893081074e-10	0.0016576471938443333	0.0003202638306404864
289.	0.	6.054681583921748e-10	0.0016421780113863448	0.0003181135301207113
290.	0.	5.613047059022314e-10	0.0016270410130341927	0.0003160146378120242
291.	0.	5.204110066200937e-10	0.0016122267698647412	0.0003139657608952773
292.	0.	4.825406652123886e-10	0.0015977260083259433	0.00031196552048040984
292.99999999999994	0.	4.474661752639159e-10	0.001583529611796806	0.00031001255217166877
294.	0.	4.1497748325225697e-10	0.0015696286219820269	0.00030810550660827896
294.99999999999994	0.	3.848806028794919e-10	0.0015560142401467585	0.00030624304998111185
296.	0.	3.5699637098107004e-10	0.0015426778281948325	0.00030442386452549374
297.	0.	3.3115930026440467e-10	0.0015296109095915597	0.0003026466489898689
298.	0.	3.0721651866331274e-10	0.0015168051701383526	0.00030091011908124106
299.	0.	2.8502678542733024e-10	0.001504252458599002	0.00029921300788687306
300.	0.	2.6445958784532346e-10	0.0014919447871834133	0.00029755406627290064
301.	0.	2.453943159497609e-10	0.0014798743318922244	0.0002959320632600602
301.99999999999994	0.	2.2771950605383294e-10	0.0014680334327252318	0.000294345786376645
303.	0.	2.1133211060891003e-10	0.0014564145937573825	0.00029279404198897033
303.99999999999994	0.	1.9613687322028185e-10	0.0014450104830868607	0.00029127565560979103
305.	0.	1.8204571950981033e-10	0.0014338139326585488	0.0002897894721848892
306.	0.	1.6897719593116343e-10	0.0014228179379659216	0.00028833435635799894
307.	0.	1.56855988632015e-10	0.00141201565763619	0.00028690919271460346
308.	0.	1.456124135819725e-10	0.0014014004129020454	0.00028551288600486477
309.	0.	1.35182024537119e-10	0.0013909656869633504	0.0002841443613459394
310.	0.	1.2550519002627337e-10	0.0013807051242433336	0.0002828025644042058
310.99999999999994	0.	1.165267189793411e-10	0.0013706125295422078	0.000281486461557596
312.	0.	1.0819554752099409e-10	0.0013606818670922286	0.0002801950400384627
312.99999999999994	0.	1.0046441903862097e-10	0.0013509072595185082	0.00027892730805748923
314.	0.	9.328956351466572e-11	0.0013412829867080595	0.0002776822949087773
314.99999999999994	0.	8.663048288446738e-11	0.0013318034845918303	0.00027645905105673155
316.	0.	8.04496606038238e-11	0.0013224633438427495	0.00027525664820501536
317.	0.	7.471236273520363e-11	0.0013132573084934874	0.00027407417934800294
318.	0.	6.93864159538672e-11	0.0013041802744780753	0.00027291075880525253
319.	0.	6.44420292223279e-11	0.0012952272880991148	0.00027176552223904355
320.	0.	5.98515780800602e-11	0.0012863935444272947	0.0002706376266560609
321.	0.	5.558949918300559e-11	0.0012776743856329363	0.00026952625039287475
321.99999999999994	0.	5.163207953280197e-11	0.0012690652992558681	0.000268430593086234
323.	0.	4.7957348682509156e-11	0.0012605619164151555	0.00026734987562822087
323.99999999999994	0.	4.454495261284913e-11	0.0012521600099635072	0.00026628334010700313
325.	0.	4.1376015695274564e-11	0.00124385549258809	0.00026523024973329387
326.	0.	3.843304450731888e-11	0.0012356444148623278	0.0002641898887532293
327.	0.	3.569979909791474e-11	0.001227522963250507	0.00026316156234781326
328.	0.	3.3161246414336514e-11	0.0012194874580699153	0.00026214459651969954
329.	0.	3.080343357217933e-11	0.00121153435141173	0.0002611383379673477
330.	0.	2.8613422754965076e-11	0.0012036602250251683	0.00026014215394730704
330.99999999999994	0.	2.657919293644052e-11	0.0011958617881671313	0.00025915543212490114
332.	0.	2.468963039171274e-11	0.00118813587541979	0.0002581775804136466
332.99999999999994	0.	2.2934384019884416e-11	0.0011804794444803474	0.00025720802680413257
334.	0.	2.1303877217310156e-11	0.0011728895739236507	0.00025624621918233196
335.	0.	1.9789211487877194e-11	0.001165363460942437	0.0002552916251382163
336.	0.	1.8382131507850013e-11	0.0011578984190666899	0.00025434373176483544
337.	0.	1.7074976880377246e-11	0.001150491875864005	0.0002534020454481281
338.	0.	1.5860627254783743e-11	0.0011431413706255698	0.00025246609164833277
339.	0.	1.473248860413622e-11	0.001135844552037847	0.0002515354146728837
339.99999999999994	0.	1.3684418150989243e-11	0.001128599175843986	0.0002506095774415571
341.	0.	1.2710738313107963e-11	0.0011214031024964347	0.000249688161244078
341.99999999999994	0.	1.18061617926902e-11	0.0011142542948030668	0.00024877076549059354
343.	0.	1.0965778304422043e-11	0.0011071508155693123	0.00024785700745546646
343.99999999999994	0.	1.0185034570415703e-11	0.001100090825238382	0.0002469465220147646
345.	0.	9.459693727325939e-12	0.0010930725795306063	0.00024603896137759496
346.	0.	8.78583601734487e-12	0.0010860944270858612	0.00024513399481209243
347.	0.	8.159804419882993e-12	0.0010791548071088528	0.00024423130836595026
348.	0.	7.57820534267566e-12	0.0010722522470204409	0.00024333060458214833
349.	0.	7.037888681797006e-12	0.0010653853601162088	0.00024243160221009587
350.	0.	6.535941700937423e-12	0.0010585528432347185	0.00024153403591270522
350.99999999999994	0.	6.069634434512354e-12	0.0010517534744357638	0.00024063765596942242
352.	0.	5.6364411437190835e-12	0.0010449861106915077	0.00023974222797584427
352.99999999999994	0.	5.234020293059881e-12	0.001038249685591381	0.00023884753254010217
354.	0.	4.86019445161198e-12	0.0010315432070623052	0.0002379533649763451
355.	0.	4.512937072108898e-12	0.001024865755105852	0.0002370595349956932
356.	0.	4.190359224252481e-12	0.001018216479553153	0.00023616586639483252
357.	0.	3.89072417268587e-12	0.0010115945978397334	0.0002352721967427664
358.	0.	3.6123992358969415e-12	0.0010049993928004915	0.00023437837706577307
359.	0.	3.3538702667381995e-12	0.0009984302104864336	0.0002334842715309629
359.99999999999994	0.	3.113749237901522e-12	0.0009918864580048684	0.00023258975712885143
361.	0.	2.8907188715870065e-12	0.000985367601383117	0.00023169472335498104
361.99999999999994	0.	2.6835750644989968e-12	0.0009788731634567261	0.00023079907189085854
363.	0.	2.4911853913257178e-12	0.0009724027217847832	0.00022990271628484815
363.99999999999994	0.	2.312517579703052e-12	0.0009659559065905896	0.00022900558163265806
365.	0.	2.146576801350591e-12	0.0009595323987312439	0.0002281076042582929
366.	0.	1.992483269755261e-12	0.0009531319276948327	0.0002272087313952238
367.	0.	1.8493813296025726e-12	0.0009467542696265554	0.00022630892086813865
368.	0.	1.716488950766888e-12	0.000940399245385755	0.00022540814077580306
368.99999999999994	0.	1.5930981220276812e-12	0.0009340667186322848	0.00022450636917471965
370.	0.	1.478518800708205e-12	0.0009277565939445423	0.00022360359376420936
370.99999999999994	0.	1.372128492184519e-12	0.0009214688149689781	0.00022269981157294058
372.	0.	1.2733514020771386e-12	0.0009152033626017316	0.000221795028647136
372.99999999999994	0.	1.181637485250528e-12	0.0009089602532026566	0.00022088925974059935
374.	0.	1.0964909245715057e-12	0.000902739536842639	0.00021998252800686007
375.	0.	1.0174420840670397e-12	0.0008965412955839262	0.00021907486469345414
376.	0.	9.440618465161747e-13	0.000890365641794351	0.00021816630883864023
377.	0.	8.759334667933755e-13	0.0008842127164955838	0.0002172569069706787
378.	0.	8.127023409898005e-13	0.0008780826877453631	0.00021634671280974972
379.	0.	7.539981915780242e-13	0.0008719757490543669	0.00021543578697276935
379.99999999999994	0.	6.995132094563137e-13	0.0008658921178374807	0.00021452419668114702
381.	0.	6.489454508416691e-13	0.0008598320339002599	0.00021361201547177145
381.99999999999994	0.	6.020060214556493e-13	0.0008537957579597585	0.00021269932291113607
383.	0.	5.584476244365619e-13	0.0008477835702004991	0.00021178620431288618
384.	0.	5.180220175700644e-13	0.000841795768865567	0.00021087275045890438
385.	0.	4.805014224678688e-13	0.0008358326688825013	0.0002099590573239474
386.	0.	4.4568574652248597e-13	0.0008298946005242794	0.0002090452258040327
387.	0.	4.133813082044055e-13	0.0008239819081051112	0.00020813136144860427
388.	0.	3.834008910317396e-13	0.0008180949487113322	0.0002072175741966652
388.99999999999994	0.	3.5558519759988815e-13	0.0008122340909665741	0.00020630397811678973
390.	0.	3.2977439614736e-13	0.0008063997138323433	0.0002053906911514109
390.99999999999994	0.	3.058295703455766e-13	0.000800592205442024	0.00020447783486499853
392.	0.	2.83611362971286e-13	0.0007948119619702945	0.00020356553419674937
392.99999999999994	0.	2.630014375649607e-13	0.0007890593865356487	0.00020265391721732313
394.	0.	2.4388824698448767e-13	0.0007833348881375031	0.00020174311489011624
395.	0.	2.261456180501327e-13	0.0007776388806264855	0.00020083326083683762
396.	0.	2.096971196475865e-13	0.0007719717817082545	0.00019992449110759104
397.	0.	1.9443746334471112e-13	0.0007663340119804611	0.00019901694395549116
397.99999999999994	0.	1.8027541552431867e-13	0.000760725994002237	0.00019811075961576502
399.	0.	1.6714815334309222e-13	0.0007551481513964601	0.0001972060800895349
399.99999999999994	0.	1.5497119531277907e-13	0.0007496009079839733	0.000196303048932182
401.	0.	1.4367419748945482e-13	0.0007440846869493507	0.00019540181104630758
401.99999999999994	0.	1.3320098541369297e-13	0.0007385999100384283	0.00019450251247947033
403.	0.	1.2348808474336423e-13	0.000733146996786916	0.00019360530022663981
404.	0.	1.1447905808842796e-13	0.0007277263637788145	0.0001927103220371531
405.	0.	1.0612452295045796e-13	0.0007223384239363788	0.0001918177262267475
406.	0.	9.838216826838461e-14	0.000716983585838471	0.00019092766149396206
407.	0.	9.119525124811683e-14	0.0007116622530693315	0.0001900402767415586
408.	0.	8.453563452189276e-14	0.0007063748235958848	0.00018915572090258244
408.99999999999994	0.	7.836076775220756e-14	0.0007011216891733761	0.00018827414277112654
410.	0.	7.263520965559658e-14	0.0006959032347792759	0.00018739569083789498
410.99999999999994	0.	6.733064026469198e-14	0.0006907198380745182	0.00018652051313043885
412.	0.	6.240433140816062e-14	0.0006855718688920801	0.00018564875705817164
412.99999999999994	0.	5.784222651494747e-14	0.0006804596887519875	0.00018478056926204246
414.	0.	5.361587349552652e-14	0.0006753836504023732	0.00018391609546887386
415.	0.	4.9696782348723547e-14	0.0006703440973863107	0.00018305548035039694
416.	0.	4.605642756401045e-14	0.0006653413636336415	0.00018219886738689406
417.	0.	4.268781322029983e-14	0.0006603757730775852	0.0001813463987354887
417.99999999999994	0.	3.956236196241004e-14	0.0006554476392951764	0.00018049821510294172
419.	0.	3.666584762139121e-14	0.0006505572651717749	0.00017965445562311802
419.99999999999994	0.	3.39840271658345e-14	0.0006457049425879914	0.00017881525773878482
421.	0.	3.149544786646997e-14	0.0006408909521299721	0.00017798075708809648
421.99999999999994	0.	2.9193026955493526e-14	0.0006361155628212601	0.00017715108739538565
423.	0.	2.705527939827644e-14	0.0006313790318762186	0.00017632638036635363
424.	0.	2.5075097945309893e-14	0.0006266816044746072	0.00017550676558764563
425.	0.	2.3238168014633066e-14	0.0006220235135569693	0.00017469237043082157
426.	0.	2.153736484145527e-14	0.0006174049796393085	0.00017388331996038694
426.99999999999994	0.	1.995835309955852e-14	0.0006128262106479579	0.00017307973684623916
428.	0.	1.849399123848112e-14	0.0006082874017731399	0.0001722817412801964
428.99999999999994	0.	1.7144341971130017e-14	0.0006037887353408572	0.0001714894508966069
430.	0.	1.5887836444415056e-14	0.0005993303807029815	0.00017070298069708662
430.99999999999994	0.	1.4724524644461768e-14	0.0005949124941446879	0.00016992244297923438
432.	0.	1.3647243781433868e-14	0.00059053521880872	0.00016914794726927157
432.99999999999994	0.	1.264882529973458e-14	0.0005861986846364896	0.0001683796002586875
434.	0.	1.1722094431919019e-14	0.0005819030083243351	0.00016761750574449612
435.	0.	1.0859869618653445e-14	0.0005776482932961926	0.00016686176457355274
436.	0.	1.0069418964138538e-14	0.0005734346296904638	0.00016611247459036776
437.	0.	9.329100980940765e-15	0.0005692620943616204	0.00016536973058865707
437.99999999999994	0.	8.646180461196375e-15	0.0005651307508958755	0.00016463362426651234
439.	0.	8.01346281312645e-15	0.0005610406496401891	0.00016390424418505142
439.99999999999994	0.	7.430986541571582e-15	0.0005569918277443384	0.00016318167573055244
441.	0.	6.884301874407905e-15	0.0005529843092156087	0.000162466001080003
441.99999999999994	0.	6.380683690376893e-15	0.0005490181049855187	0.00016175729916997702
443.	0.	5.912917609455015e-15	0.0005450932129881423	0.00016105564566876873
444.	0.	5.481035917571857e-15	0.0005412096182496996	0.00016036111295176
445.	0.	5.077810835535255e-15	0.0005373672929888437	0.00015967377007991738
446.	0.	4.71053812380924e-15	0.0005335661967271166	0.00015899368278132395
446.99999999999994	0.	4.36471435473472e-15	0.000529806276409519	0.00015832091343579365
448.	0.	4.047637974706004e-15	0.000526087466534333	0.00015765552106237202
448.99999999999994	0.	3.752061697123529e-15	0.0005224096892919708	0.00015699756130971174
450.	0.	3.4780106607428547e-15	0.0005187728547123464	0.00015634708644923282
450.99999999999994	0.	3.225513278584671e-15	0.0005151768608206323	0.00015570414537107515
452.	0.	2.98729752758566e-15	0.000511621593800597	0.00015506878358266185
453.	0.	2.770689617987548e-15	0.0005081069281656076	0.00015444104320994228
454.	0.	2.56841075315675e-15	0.0005046327269361759	0.0001538209630010314
455.	0.	2.380482111224915e-15	0.0005011988418245267	0.00015320857833243584
455.99999999999994	0.	2.2069274306682072e-15	0.0004978051134253459	0.0001526039212176537
457.	0.	2.047773135256051e-15	0.0004944513714123188	0.00015200702031808116
457.99999999999994	0.	1.8957007794533492e-15	0.0004911374347401057	0.0001514179009561513
459.	0.	1.7580736429080297e-15	0.0004878631118517921	0.00015083658513076654
459.99999999999994	0.	1.6275615140301195e-15	0.0004846282008908889	0.0001502630915347716
461.	0.	1.511548633854478e-15	0.00048143248991785277	0.00014969743557450416
461.99999999999994	0.	1.40269220980577e-15	0.0004782757571310269	0.00014913962939141787
463.	0.	1.3010069035844804e-15	0.00047515777109114	0.0001485896818855571
464.	0.	1.206508932687711e-15	0.0004720782909493376	0.00014804759874089738
465.	0.	1.1192161272884322e-15	0.0004690370666787255	0.00014751338245258444
466.	0.	1.0391479857567335e-15	0.000466033839308497	0.00014698703235580484
466.99999999999994	0.	9.5889245394023e-16	0.0004630683411609628	0.0001464685446564253
468.	0.	8.933279524100886e-16	0.00046014029609061784	0.00014595791246314402
468.99999999999994	0.	8.276009484811704e-16	0.00045724941972563317	0.00014545512582131076
470.	0.	7.691703813710105e-16	0.0004543954197109459	0.00014496017174817614
470.99999999999994	0.	7.105839907683974e-16	0.0004515779959528049	0.00014447303426954307
472.	0.	6.593261117382834e-16	0.00044879684086487204	0.0001439936944578787
473.	0.	6.07921988146594e-16	0.00044605163961507747	0.00014352213047164877
474.	0.	5.638828538927651e-16	0.00044334207037343716	0.00014305831759595694
475.	0.	5.272421658868786e-16	0.00044066780456043515	0.00014260222828438096
475.99999999999994	0.	4.904894849065725e-16	0.00043802850709558273	0.0001421538322018997
477.	0.	4.536195006395146e-16	0.0004354238366463428	0.00014171309626897856
477.99999999999994	0.	4.1662682492095757e-16	0.0004328534458766429	0.00014127998470657964
479.	0.	3.8709611463448443e-16	0.00043031698169542924	0.0001408544590822567
479.99999999999994	0.	3.650682402978061e-16	0.00042781408550449156	0.000140436478357092
481.	0.	3.3534342929116575e-16	0.00042534439344560983	0.00014002599893350213
481.99999999999994	0.	3.1314498391140004e-16	0.00042290753664696806	0.00013962297470390174
483.	0.	2.9086393295350163e-16	0.0004205031414683502	0.0001392273571000771
484.	0.	2.6849685539437084e-16	0.0004181308297451807	0.00013883909514328965
484.99999999999994	0.	2.4604029394989326e-16	0.00041579021903124196	0.00013845813549506617
486.	0.	2.3119733481290485e-16	0.00041348092283966046	0.00013808442250853954
486.99999999999994	0.	2.162943143219055e-16	0.000411202550882415	0.00013771789828042586
488.	0.	2.0132888582359742e-16	0.0004089547093077752	0.0001373585027034483
488.99999999999994	0.	1.862986822400071e-16	0.0004067370009359569	0.00013700617351929687
490.	0.	1.7120131736781892e-16	0.0004045490254924614	0.000136660846371955
491.	0.	1.5603438718369e-16	0.00040239037983933926	0.0001363224548614581
491.99999999999994	0.	1.4861744177423781e-16	0.000400260658203845	0.00013599093059791901
492.99999999999994	0.	1.3332476689923767e-16	0.0003981594524049535	0.00013566620325596284
494.	0.	1.258193425959604e-16	0.0003960863520768944	0.00013534820062928785
495.	0.	1.182779783131632e-16	0.0003940409448902065	0.00013503684868551973
496.	0.	1.1069944731116076e-16	0.0003920228167699359	0.00013473207162121708
496.99999999999994	0.	1.0308251670391832e-16	0.00039003155211092517	0.00013443379191701554
497.99999999999994	0.	9.542594812145234e-17	0.0003880667339900619	0.0001341419303928484
499.	0.	8.772849837248647e-17	0.0003861279443754973	0.00013385640626324384
500.	0.	7.998892010697407e-17	0.000384214764332726	0.00013357713719265238
500.99999999999994	0.	7.220596247810298e-17	0.0003823267742274136	0.0001333040393507543
501.99999999999994	0.	7.242566827883616e-17	0.00038046355392482907	0.00013303702746769193
503.	0.	6.457701968536677e-17	0.0003786246829860944	0.00013277601488928358
504.	0.	5.668164409403903e-17	0.00037680974086082693	0.0001325209136320618
505.	0.	5.686133038821286e-17	0.0003750183070764342	0.00013227163443822078
505.99999999999994	0.	4.889481398522629e-17	0.00037324996142374203	0.0001320280868303409
506.99999999999994	0.	4.905385672581733e-17	0.0003715042841391792	0.00013179017916595606
508.	0.	4.101284050959576e-17	0.0003697808560832606	0.00013155781869186647
509.	0.	4.114955506003884e-17	0.000368079258915294	0.00013133091159815016
509.99999999999994	0.	4.128835397572181e-17	0.00036639907526465936	0.0001311093630719787
510.99999999999994	0.	3.314338640615176e-17	0.0003647398888981292	0.00013089307735104805
512.	0.	3.325774982033901e-17	0.00036310128488343727	0.00013068195777666189
513.	0.	3.3373769016537845e-17	0.00036148284974924557	0.00013047590684652386
514.	0.	2.5118579316874663e-17	0.00035988417164109705	0.00013027482626706081
514.9999999999999	0.	2.520806597777509e-17	0.0003583048404736417	0.00013007861700537534
516.	0.	2.5298782325151827e-17	0.0003567444480790636	0.0001298871793407728
517.	0.	2.539072357274652e-17	0.0003552025883515956	0.0001297004129158107
518.	0.	2.5483884570861828e-17	0.00035367885738820103	0.00012951821678688468
518.9999999999999	0.	1.7052173206225178e-17	0.0003521728536254427	0.00012934048947433092
520.	0.	1.7115895613751784e-17	0.00035068417797242687	0.00012916712901199173
521.	0.	1.7180419455322592e-17	0.0003492124339399826	0.000128998032996287
522.	0.	1.7245740349154286e-17	0.0003477572277658558	0.00012883309863468223
523.	0.	1.7311853681767106e-17	0.0003463181685362082	0.00012867222279364917
524.	0.	1.73787546103006e-17	0.00034489486830324804	0.00012851530204603334
525.	0.	8.723219032442053e-18	0.0003434869421989135	0.00012836223271777702
526.	0.	8.757449375537487e-18	0.00034209400854492376	0.00012821291093409698
527.	0.	8.792065576175626e-18	0.0003407156889589759	0.00012806723266501453
527.9999999999999	0.	8.827064766329177e-18	0.00033935160845714204	0.00012792509377023732
529.	0.	8.86244396950666e-18	0.0003380013955525836	0.00012778639004341774
530.	0.	8.898200102077878e-18	0.00033666468235044565	0.0001276510172557109
531.	0.	8.934329974628774e-18	0.0003353411046391954	0.00012751887119872058
532.	0.	8.970830293337112e-18	0.0003340303019781679	0.00012738984772671245
533.	0.	9.007697661374524e-18	0.0003327319177815674	0.0001272638427981767
534.	0.	9.044928580328206e-18	0.0003314455993987471	0.00012714075251664514
535.	0.	9.082519451647399e-18	0.00033017099819101863	0.0001270204731708446
536.	0.	9.120466578111416e-18	0.00032890776960494696	0.00012690290127414022
536.9999999999999	0.	9.15876616531376e-18	0.00032765557324196984	0.00012678793360319736
538.	0.	9.197414323170243e-18	0.00032641407292473913	0.00012667546723597984
539.	0.	0.	0.0003251829367599338	0.00012656539958898422
540.	0.	0.	0.0003239618371976876	0.00012645762845372652
540.9999999999999	0.	0.	0.0003227504510877632	0.00012635205203252625
542.	0.	0.	0.0003215484597322553	0.00012624856897347606
543.	0.	0.	0.0003203555489351998	0.0001261470784047202
544.	0.	0.	0.0003191714090488922	0.0001260474799679533
545.	0.	0.	0.00031799573501703477	0.00012594967385115658
545.9999999999999	0.	0.	0.0003168282264147433	0.00012585356082056993
547.	0.	0.	0.0003156685874855627	0.0001257590422519309
548.	0.	0.	0.0003145165271753388	0.0001256660201609094
549.	0.	0.	0.00031337175916323597	0.0001255743972328288
549.9999999999999	0.	0.	0.00031223400188972876	0.00012548407685157562
551.	0.	0.	0.00031110297858171935	0.00012539496312775653
552.	0.	0.	0.00030997841727491377	0.00012530696092612404
553.	0.	0.	0.00030886005083334236	0.00012521997589220367
554.	0.	0.	0.00030774761696618114	0.00012513391447817657
554.9999999999999	0.	0.	0.0003066408582418748	0.00012504868396798807
556.	0.	0.	0.00030553952209970984	0.0001249641925017302
557.	0.	0.	0.00030444336085873954	0.00012488034909923567
558.	0.	0.	0.0003033521317242518	0.0001247970636829427
558.9999999999999	0.	0.	0.0003022655967917192	0.00012471424709999183
560.	0.	0.	0.0003011835230484151	0.0001246318111436023
561.	0.	0.	0.00030010568237262965	0.00012454966857369316
562.	0.	0.	0.00029903185153058075	0.00012446773313676425
563.	0.	0.	0.00029796181217106306	0.00012438591958503756
563.9999999999999	0.	0.	0.0002968953508180088	0.00012430414369491542
565.	0.	0.	0.00029583225886077493	0.00012422232228466023
566.	0.	0.	0.00029477233254240746	0.00012414037323138345
567.	0.	0.	0.000293715372945853	0.00012405821548731313
567.9999999999999	0.	0.	0.0002926611859782687	0.00012397576909539034
569.	0.	0.	0.00029160958235328855	0.0001238929552041131
570.	0.	0.	0.0002905603775714528	0.0001238096960817059
571.	0.	0.	0.00028951339189892735	0.00012372591512964634
572.	0.	0.	0.00028846845034427376	0.00012364153689543313
572.9999999999999	0.	0.	0.00028742538263364304	0.00012355648708474543
574.	0.	0.	0.0002863840231842289	0.00012347069257289623
575.	0.	0.	0.00028534421107621357	0.00012338408141567751
576.	0.	0.	0.00028430579002297856	0.00012329658285947562
576.9999999999999	0.	0.	0.00028326860833995923	0.00012320812735081008
578.	0.	0.	0.00028223251891199783	0.0001231186465452215
579.	0.	0.	0.0002811973791592763	0.00012302807331551906
580.	0.	0.	0.00028016305100184174	0.0001229363417593977
581.	0.	0.	0.0002791294008229519	0.00012284338720649324
582.	0.	0.	0.0002780962994310096	0.0001227491462247713
583.	0.	0.	0.0002770636220203941	0.00012265355662637452
584.	0.	0.	0.0002760312481310546	0.00012255655747284378
585.	0.	0.	0.0002749990616070598	0.00012245808907980553
585.9999999999999	0.	0.	0.00027396695055395716	0.00012235809302102942
587.	0.	0.	0.00027293480729528136	0.00012225651213200952
588.	0.	0.	0.0002719025283278844	0.00012215329051290928
589.	0.	0.	0.0002708700142764685	0.0001220483735310227
589.9999999999999	0.	0.	0.0002698371698471865	0.0001219417078226844
591.	0.	0.	0.0002688039037803997	0.00012183324129466763
592.	0.	0.	0.00026777012880258857	0.00012172292312503979
593.	0.	0.	0.00026673576157755014	0.0001216107037635427
594.	0.	0.	0.0002657007226568688	0.00012149653493147104
594.9999999999999	0.	0.	0.00026466493642968413	0.00012138036962106148
596.	0.	0.	0.0002636283310718283	0.00012126216209440095
597.	0.	0.	0.0002625908384943796	0.00012114186788188346
598.	0.	0.	0.00026155239429162	0.0001210194437801882
598.9999999999999	0.	0.	0.0002605129376885016	0.00012089484784982812
600.	0.	0.	0.0002594724114876159	0.00012076803941225211
601.	0.	0.	0.0002584307620157147	0.0001206389790465203
602.	0.	0.	0.00025738793906984064	0.00012050762858556575
603.	0.	0.	0.00025634389586300175	0.00012037395111201692
603.9999999999999	0.	0.	0.00025529858896963646	0.00012023791095366949
605.	0.	0.	0.000254251978270662	0.00012009947367852605
606.	0.	0.	0.0002532040268982875	0.00011995860608946966
607.	0.	0.	0.00025215470118058255	0.00011981527621855735
607.9999999999999	0.	0.	0.00025110397058587726	0.00011966945332097655
609.	0.	0.	0.0002500518076669097	0.00011952110786861047
610.	0.	0.	0.00024899818800487193	0.00011937021154327644
611.	0.	0.	0.0002479430901533546	0.00011921673722964295
612.	0.	0.	0.0002468864955821869	0.00011906065900780358
612.9999999999999	0.	0.	0.00024582838862118	0.00011890195214552657
614.	0.	0.	0.00024476875640393273	0.0001187405930902296
615.	0.	0.	0.0002437075888115325	0.00011857655946061761
616.	0.	0.	0.00024264487841637163	0.00011840983003806589
616.9999999999999	0.	0.	0.00024158062042593017	0.00011824038475769084
618.	0.	0.	0.00024051481262669518	0.00011806820469916908
619.	0.	0.	0.00023944745532817133	0.00011789327207730084
620.	0.	0.	0.00023837855130697699	0.0001177155702322897
621.	0.	0.	0.00023730810575113516	0.00011753508361980847
621.9999999999999	0.	0.	0.0002362361262045076	0.00011735179780080964
623.	0.	0.	0.000235162622511416	0.00011716569943110846
624.	0.	0.	0.0002340876067615047	0.00011697677625075863
625.	0.	0.	0.0002330110932348199	0.00011678501707320655
625.9999999999999	0.	0.	0.0002319330983471183	0.0001165904117742364
627.	0.	0.	0.0002308536405955083	0.00011639295128073995
628.	0.	0.	0.00022977274050431658	0.00011619262755927404
629.	0.	0.	0.0002286904205713217	0.00011598943360446549
629.9999999999999	0.	0.	0.00022760670521428786	0.00011578336342722611
630.9999999999999	0.	0.	0.0002265216207178191	0.00011557441204280156
632.	0.	0.	0.00022543519518064832	0.00011536257545869382
633.	0.	0.	0.00022434745846321453	0.00011514785066239298
634.	0.	0.	0.00022325844213569714	0.00011493023560900492
634.9999999999999	0.	0.	0.00022216817942644535	0.00011470972920873535
636.	0.	0.	0.0002210767051707877	0.0001144863313142296
637.	0.	0.	0.00021998405576032377	0.00011426004270782212
638.	0.	0.	0.00021889026909264445	0.00011403086508865776
638.9999999999999	0.	0.	0.00021779538452152604	0.00011379880105972086
640.	0.	0.	0.0002166994428075432	0.00011356385411474122
641.	0.	0.	0.00021560248606925235	0.00011332602862505098
642.	0.	0.	0.00021450455773478857	0.00011308532982632109
643.	0.	0.	0.0002134057024939912	0.00011284176380522458
643.9999999999999	0.	0.	0.00021230596625108423	0.00011259533748606336
645.	0.	0.	0.0002112053960778153	0.0001123460586172888
646.	0.	0.	0.00021010404016717063	0.00011209393575798473
647.	0.	0.	0.00020900194778759713	0.00011183897826429242
647.9999999999999	0.	0.	0.00020789916923782313	0.00011158119627580259
649.	0.	0.	0.00020679575580215699	0.00011132060070188398
650.	0.	0.	0.0002056917597064416	0.0001110572032080063
651.	0.	0.	0.00020458723407448457	0.00011079101620200372
652.	0.	0.	0.0002034822328851339	0.00011052205282034774
652.9999999999999	0.	0.	0.0002023768109298919	0.00011025032691437405
654.	0.	0.	0.00020127102377113563	0.00010997585303651822
655.	0.	0.	0.00020016492770092144	0.00010969864642653778
656.	0.	0.	0.00019905857970038863	0.00010941872299773155
656.9999999999999	0.	0.	0.00019795203739974153	0.0001091360993231604
658.	0.	0.	0.00019684535903885644	0.00010885079262188406
659.	0.	0.	0.00019573860342849474	0.00010856282074520667
660.	0.	0.	0.00019463182991211013	0.0001082722021629471
661.	0.	0.	0.0001935250983282665	0.00010797895594971683
661.9999999999999	0.	0.	0.00019241846897367603	0.00010768310177124183
663.	0.	0.	0.00019131200256686335	0.00010738465987071329
664.	0.	0.	0.0001902057602124209	0.00010708365105516677
665.	0.	0.	0.00018909980336590128	0.00010678009668191088
665.9999999999999	0.	0.	0.00018799419379930834	0.00010647401864499019
667.	0.	0.	0.00018688899356723222	0.0001061654393617111
668.	0.	0.	0.00018578426497358757	0.00010585438175920835
669.	0.	0.	0.00018468007053896885	0.00010554086926107226
670.	0.	0.	0.00018357647296862885	0.00010522492577403632
670.9999999999999	0.	0.	0.00018247353512107974	0.00010490657567473188
672.	0.	0.	0.000181371319977296	0.00010458584379649676
673.	0.	0.	0.00018026989061055613	0.00010426275541627413
674.	0.	0.	0.00017916931015687378	0.00010393733624157209
674.9999999999999	0.	0.	0.00017806964178605647	0.00010360961239749796
676.	0.	0.	0.0001769709486733767	0.00010327961041388862
677.	0.	0.	0.00017587329397183272	0.00010294735721250032
678.	0.	0.	0.00017477674078504642	0.00010261288009431238
678.9999999999999	0.	0.	0.00017368135214073667	0.00010227620672689584
679.9999999999999	0.	0.	0.00017258719096480187	0.00010193736513188623
681.	0.	0.	0.00017149432005601347	0.00010159638367255112
682.	0.	0.	0.00017040280206127818	0.00010125329104144381
683.	0.	0.	0.000169312699451515	0.00010090811624817049
683.9999999999999	0.	0.	0.000168224074498115	0.00010056088860725229
685.	0.	0.	0.00016713698924996454	0.00010021163772608659
686.	0.	0.	0.00016605150551108182	0.00009986039349302515
687.	0.	0.	0.00016496768481879525	0.00009950718606554942
687.9999999999999	0.	0.	0.0001638855884225249	0.00009915204585856624
688.9999999999999	0.	0.	0.0001628052772631026	0.00009879500353280834
690.	0.	0.	0.00016172681195267074	0.00009843608998334877
691.	0.	0.	0.00016065025275514586	0.00009807533632824191
692.	0.	0.	0.0001595756595672068	0.00009771277389726635
692.9999999999999	0.	0.	0.0001585030918998622	0.00009734843422079386
694.	0.	0.	0.00015743260886053812	0.00009698234901878696
695.	0.	0.	0.0001563642691357262	0.0000966145501899052
696.	0.	0.	0.0001552981309741374	0.00009624506980074316
696.9999999999999	0.	0.	0.00015423425217040354	0.00009587394007518796
698.	0.	0.	0.00015317269004928695	0.0000955011933839097
699.	0.	0.	0.00015211350145041288	0.00009512686223396963
700.	0.	0.	0.0001510567427135308	0.00009475097925857283
701.	0.	0.	0.0001500024696642297	0.00009437357720692569
701.9999999999999	0.	0.	0.00014895073760020174	0.00009399468893424503
703.	0.	0.	0.00014790160127797728	0.0000936143473918895
704.	0.	0.	0.00014685511490015584	0.00009323258561762382
705.	0.	0.	0.00014581133210308747	0.00009284943672601057
705.9999999999999	0.	0.	0.00014477030594508539	0.0000924649338989495
707.	0.	0.	0.00014373208889505488	0.0000920791103763346
708.	0.	0.	0.00014269673282160227	0.00009169199944685278
709.	0.	0.	0.00014166428898261098	0.00009130363443892166
710.	0.	0.	0.00014063480801525244	0.00009091404871175317
710.9999999999999	0.	0.	0.00013960833992644406	0.00009052327564656207
712.	0.	0.	0.00013858493408374698	0.00009013134863790583
713.	0.	0.	0.0001375646392066994	0.00008973830108516005
714.	0.	0.	0.00013654750335855608	0.00008934416638413443
714.9999999999999	0.	0.	0.00013553357393846508	0.00008894897791882231
716.	0.	0.	0.0001345228976740373	0.00008855276905328456
717.	0.	0.	0.00013351552061434578	0.00008815557312367947
718.	0.	0.	0.00013251148812329304	0.00008775742343042106
719.	0.	0.	0.0001315108448734021	0.0000873583532304778
719.9999999999999	0.	0.	0.00013051363483995032	0.00008695839572980274
721.	0.	0.	0.00012951990129553883	0.00008655758407591503
722.	0.	0.	0.0001285296868049709	0.00008615595135059469
723.	0.	0.	0.00012754303322054853	0.00008575353056273672
723.9999999999999	0.	0.	0.00012655998167769944	0.00008535035464132805
725.	0.	0.	0.00012558057259096458	0.00008494645642856044
726.	0.	0.	0.00012460484565032638	0.00008454186867308239
727.	0.	0.	0.00012363283981788988	0.00008413662402338903
727.9999999999999	0.	0.	0.0001226645933248837	0.00008373075502133537
728.9999999999999	0.	0.	0.00012170014366898528	0.00008332429409579514
730.	0.	0.	0.00012073952761199146	0.00008291727355644835
731.	0.	0.	0.0001197827811777625	0.00008250972558769738
732.	0.	0.	0.00011882993965051508	0.00008210168224272312
732.9999999999999	0.	0.	0.00011788103757338195	0.0000816931754376705
734.	0.	0.	0.0001169361087472919	0.00008128423694596013
735.	0.	0.	0.00011599518623012883	0.00008087489839273766
736.	0.	0.	0.00011505830233616201	0.00008046519124944741
736.9999999999999	0.	0.	0.00011412548863577229	0.0000800551468285369
737.9999999999999	0.	0.	0.00011319677595543695	0.00007964479627829115
739.	0.	0.	0.00011227219437797819	0.00007923417057779007
740.	0.	0.	0.00011135177324307533	0.00007882330053199678
741.	0.	0.	0.00011043554114802175	0.0000784122167669697
741.9999999999999	0.	0.	0.00010952352594873034	0.00007800094972519883
743.	0.	0.	0.0001086157547609841	0.0000775895296610689
744.	0.	0.	0.00010771225396191283	0.00007717798663643891
745.	0.	0.	0.00010681304919170508	0.00007676635051635391
745.9999999999999	0.	0.	0.00010591816535552188	0.00007635465096486454
746.9999999999999	0.	0.	0.00010502762662567195	0.0000759429174409832
748.	0.	0.	0.00010414145644394395	0.00007553117919474343
749.	0.	0.	0.00010325967752418452	0.00007511946526338824
750.	0.	0.	0.00010238231185505232	0.00007470780446766624
750.9999999999999	0.	0.	0.00010150938070297885	0.00007429622540825575
752.	0.	0.	0.00010064090461531239	0.00007388475646229154
753.	0.	0.	0.00009977690342364742	0.00007347342578001423
754.	0.	0.	0.00009891739624733135	0.00007306226128152452
754.9999999999999	0.	0.	0.00009806240149714658	0.0000726512906536605
756.	0.	0.	0.00009721193687914325	0.00007224054134696754
757.	0.	0.	0.00009636601939866698	0.0000718300405728001
758.	0.	0.	0.00009552466536451509	0.0000714198153005091
759.	0.	0.	0.00009468789039325051	0.00007100989225475134
759.9999999999999	0.	0.	0.0000938557094136787	0.00007060029791290204
761.	0.	0.	0.00009302813667144175	0.00007019105850256386
762.	0.	0.	0.00009220518573377058	0.00006978219999919005
763.	0.	0.	0.00009138686949436275	0.00006937374812380222
763.9999999999999	0.	0.	0.00009057320017838442	0.0000689657283408117
765.	0.	0.	0.00008976418934759314	0.0000685581658559409
766.	0.	0.	0.00008895984790560102	0.00006815108561424305
767.	0.	0.	0.00008816018610321595	0.00006774451229821556
768.	0.	0.	0.00008736521354392537	0.0000673384703260159
768.9999999999999	0.	0.	0.00008657493918945958	0.00006693298384976559
770.	0.	0.	0.00008578937136548594	0.00006652807675395242
771.	0.	0.	0.00008500851776736105	0.00006612377265391923
772.	0.	0.	0.00008423238546601222	0.00006572009489445295
772.9999999999999	0.	0.	0.00008346098091388289	0.00006531706654845055
774.	0.	0.	0.0000826943099509698	0.00006491471041568443
775.	0.	0.	0.00008193237781094498	0.0000645130490216487
776.	0.	0.	0.00008117518912734553	0.00006411210461649288
776.9999999999999	0.	0.	0.00008042274793984657	0.00006371189917404116
777.9999999999999	0.	0.	0.00007967505770058704	0.00006331245439089155
779.	0.	0.	0.00007893212128057644	0.00006291379168560047
780.	0.	0.	0.00007819394097615404	0.00006251593219794805
781.	0.	0.	0.0000774605185155102	0.00006211889678827689
781.9999999999999	0.	0.	0.00007673185506525254	0.00006172270603691833
783.	0.	0.	0.00007600795123703595	0.00006132738024368604
784.	0.	0.	0.00007528880709422774	0.00006093293942745199
785.	0.	0.	0.00007457442215862648	0.000060539403325793774
785.9999999999999	0.	0.	0.00007386479541721675	0.000060146791394714826
786.9999999999999	0.	0.	0.0000731599253289533	0.000059755122808436895
788.	0.	0.	0.00007245980983159994	0.00005936441645926167
789.	0.	0.	0.00007176444634857723	0.00005897469095750588
790.	0.	0.	0.00007107383179585462	0.00005858596463149722
790.9999999999999	0.	0.	0.00007038796258885246	0.00005819825552764324
792.	0.	0.	0.00006970683464938509	0.000057811581410563505
793.	0.	0.	0.00006903044341260531	0.00005742595976328361
794.	0.	0.	0.00006835878383397816	0.000057041407787495935
794.9999999999999	0.	0.	0.00006769185039626189	0.000056657942403881755
795.9999999999999	0.	0.	0.00006702963711649869	0.000056275580252488235
797.	0.	0.	0.00006637213755302285	0.000055894337693174155
798.	0.	0.	0.0000657193448124639	0.00005551423080610422
799.	0.	0.	0.00006507125155676353	0.00005513527539230689
799.9999999999999	0.	0.	0.00006442785001018744	0.000054757486974286306
801.	0.	0.	0.00006378913196633514	0.00005438088079668534
802.	0.	0.	0.00006315508879515221	0.00005400547182700726
803.	0.	0.	0.00006252571144993244	0.000053631274756384665
803.9999999999999	0.	0.	0.00006190099047431178	0.00005325830400040366
804.9999999999999	0.	0.	0.00006128091600925026	0.00005288657369997505
806.	0.	0.	0.00006066547780001653	0.000052516097722254134
807.	0.	0.	0.00006005466520313337	0.00005214688966160933
808.	0.	0.	0.0000594484671933269	0.00005177896284063758
808.9999999999999	0.	0.	0.000058846872370449396	0.000051412330311224155
810.	0.	0.	0.000058249868966387505	0.000051047004855645584
811.	0.	0.	0.0000576574448519413	0.00005068299898771708
812.	0.	0.	0.00005706958754368667	0.00005032032495398277
812.9999999999999	0.	0.	0.000056486284210799725	0.00004995899473494491
814.	0.	0.	0.0000559075216818871	0.00004959902004633379
815.	0.	0.	0.000055333286451735596	0.00004924041234041565
816.	0.	0.	0.000054763564688085893	0.000048883182807341346
816.9999999999999	0.	0.	0.000054198342238332934	0.00004852734237652655
817.9999999999999	0.	0.	0.0000536376046362241	0.00004817290171807256
819.	0.	0.	0.00005308133710849426	0.00004781987124421869
820.	0.	0.	0.00005252952458149175	0.000047468261110828414
821.	0.	0.	0.0000519821516877483	0.00004711808121891139
821.9999999999999	0.	0.	0.00005143920277252372	0.000046769341216172395
823.	0.	0.	0.00005090066190029449	0.000046422050498593016
824.	0.	0.	0.00005036651286122565	0.0000460762182120453
825.	0.	0.	0.000049836739177572194	0.00004573185325392983
825.9999999999999	0.	0.	0.0000493113241100606	0.00004538896427484599
826.9999999999999	0.	0.	0.0000487902506642154	0.000045047559680283595
828.	0.	0.	0.00004827350159663897	0.00004470764763234684
829.	0.	0.	0.00004776105942125339	0.000044369236051498425
830.	0.	0.	0.000047252906415488843	0.00004403233261833124
830.9999999999999	0.	0.	0.00004674902462641724	0.000043696944775358075
832.	0.	0.	0.00004624939587685835	0.00004336307972883147
833.	0.	0.	0.000045754001771414114	0.000043030744450576935
834.	0.	0.	0.00004526282370246059	0.00004269994567985396
834.9999999999999	0.	0.	0.00004477584285609171	0.0000423706899252304
835.9999999999999	0.	0.	0.000044293040218006366	0.00004204298346648162
837.	0.	0.	0.000043814396579342713	0.00004171683235650234
838.	0.	0.	0.00004333989254246382	0.00004139224242324104
839.	0.	0.	0.000042869508526684716	0.00004106921927164658
839.9999999999999	0.	0.	0.000042403224773944825	0.00004074776828563338
841.	0.	0.	0.00004194102135443117	0.00004042789463005937
842.	0.	0.	0.000041482878172129836	0.000040109603252721
843.	0.	0.	0.00004102877497034654	0.00003979289888635897
843.9999999999999	0.	0.	0.000040578691337145636	0.00003947778605067777
844.9999999999999	0.	0.	0.00004013260671074905	0.00003916426905437698
846.	0.	0.	0.000039690500384869676	0.000038852351997195036
847.	0.	0.	0.00003925235151398298	0.00003854203877196156
848.	0.	0.	0.000038818139118559344	0.00003823333306666135
848.9999999999999	0.	0.	0.00003838784209020586	0.00003792623836650593
850.	0.	0.	0.000037961439196789544	0.00003762075795601581
851.	0.	0.	0.0000375389090874566	0.000037316894921107305
852.	0.	0.	0.00003712023029763527	0.000037014652151191605
852.9999999999999	0.	0.	0.00003670538125394904	0.00003671403234127324
853.9999999999999	0.	0.	0.00003629434027908051	0.00003641503799406255
855.	0.	0.	0.00003588708559657841	0.0000361176714220868
856.	0.	0.	0.00003548359533559863	0.00003582193474981067
857.	0.	0.	0.000035083847535588676	0.000035527829915757435
857.9999999999999	0.	0.	0.00003468782015091519	0.00003523535867463663
859.	0.	0.	0.00003429549105541733	0.00003494452259947197
860.	0.	0.	0.000033906838046919326	0.00003465532308373365
861.	0.	0.	0.000033521838851662286	0.000034367761343472314
861.9999999999999	0.	0.	0.000033140471128698226	0.00003408183841945283
863.	0.	0.	0.0000327627124741983	0.00003379755517929091
864.	0.	0.	0.00003238854042572259	0.00003351491231958837
865.	0.	0.	0.00003201793246642043	0.00003323391036806886
865.9999999999999	0.	0.	0.0000316508660291619	0.00003295454968571365
866.9999999999999	0.	0.	0.000031287318500625905	0.00003267683046889345
868.	0.	0.	0.00003092726722532159	0.00003240075275150297
869.	0.	0.	0.00003057068950953806	0.00003212631640708843
870.	0.	0.	0.00003021756262525827	0.00003185352115097574
870.9999999999999	0.	0.	0.000029867863813984647	0.000031582366542395316
872.	0.	0.	0.000029521570290532247	0.00003131285198660125
873.	0.	0.	0.00002917865924674315	0.000031044976736989096
874.	0.	0.	0.00002883910785515604	0.00003077873989720839
874.9999999999999	0.	0.	0.00002850289327259848	0.000030514140423268546
875.9999999999999	0.	0.	0.000028169992643739234	0.00003025117712564319
877.	0.	0.	0.000027840383104577045	0.00002998984867136557
878.	0.	0.	0.000027514041785864138	0.00002973015358612055
879.	0.	0.	0.000027190945816477844	0.00002947209025632795
879.9999999999999	0.	0.	0.000026871072326731376	0.00002921565693122203
881.	0.	0.	0.000026554398451632556	0.00002896085172492042
882.	0.	0.	0.000026240901334079096	0.00002870767261848952
883.	0.	0.	0.000025930558128004165	0.00002845611746199859
883.9999999999999	0.	0.	0.000025623346001453483	0.000028206183976568945
884.9999999999999	0.	0.	0.000025319242139625566	0.000027957869756412345
886.	0.	0.	0.0000250182237478333	0.000027711172270862177
887.	0.	0.	0.00002472026805442926	0.000027466088866395075
888.	0.	0.	0.00002442535231366577	0.000027222616768643504
888.9999999999999	0.	0.	0.00002413345380850276	0.000026980753084398985
890.	0.	0.	0.000023844549853366507	0.000026740494803604202
891.	0.	0.	0.000023558617796838464	0.000026501838801337422
892.	0.	0.	0.00002327563502431284	0.00002626478183978485
892.9999999999999	0.	0.	0.000022995578960585263	0.00002602932057020188
893.9999999999999	0.	0.	0.00002271842707239068	0.000025795451534865155
895.	0.	0.	0.000022444156870897556	0.00002556317116901306
896.	0.	0.	0.000022172745914138192	0.000025332475802773545
897.	0.	0.	0.000021904171809400104	0.00002510336166308259
897.9999999999999	0.	0.	0.000021638412215552645	0.00002487582487558947
899.	0.	0.	0.000021375444845336587	0.00002464986146654929
900.	0.	0.	0.000021115247467594075	0.00002442546736470677
901.	0.	0.	0.000020857797909454607	0.00002420263840316297
901.9999999999999	0.	0.	0.000020603074058466207	0.000023981370321234354
902.9999999999999	0.	0.	0.000020351053864683234	0.000023761658766294287
904.	0.	0.	0.000020101715342703498	0.000023543499295605838
905.	0.	0.	0.00001985503657365833	0.00002332688737813923
906.	0.	0.	0.000019610995707151743	0.000023111818396376353
906.9999999999999	0.	0.	0.000019369570963161076	0.000022898287648102582
908.	0.	0.	0.000019130740633878328	0.00002268629034818471
909.	0.	0.	0.000018894483085520946	0.000022475821630334584
910.	0.	0.	0.000018660776760082264	0.000022266876548861252
910.9999999999999	0.	0.	0.000018429600177052885	0.000022059450080405396
911.9999999999999	0.	0.	0.000018200931935075715	0.00002185353712566336
913.	0.	0.	0.000017974750713581354	0.000021649132511095835
914.	0.	0.	0.000017751035274366513	0.00002144623099062105
914.9999999999999	0.	0.	0.000017529764463124406	0.00002124482724729494
915.9999999999999	0.	0.	0.00001731091721094801	0.000021044915894976977
917.	0.	0.	0.000017094472535780713	0.000020846491479980706
918.	0.	0.	0.000016880409543825706	0.00002064954848271005
919.	0.	0.	0.00001666870743091508	0.000020454081319281042
919.9999999999999	0.	0.	0.000016459345483846134	0.00002026008434312791
921.	0.	0.	0.000016252303081665813	0.00002006755184659596
922.	0.	0.	0.00001604755969691969	0.000019876478062517386
923.	0.	0.	0.000015845094896870616	0.00001968685716577447
923.9999999999999	0.	0.	0.00001564488834466391	0.000019498683274845173
924.9999999999999	0.	0.	0.000015446919800462508	0.000019311950453336313
926.	0.	0.	0.000015251169122552395	0.000019126652711499398
927.	0.	0.	0.000015057616268392605	0.000018942784007732273
928.	0.	0.	0.000014866241295641852	0.000018760338250065334
928.9999999999999	0.	0.	0.000014677024363150427	0.0000185793092976331
930.	0.	0.	0.00001448994573190204	0.00001839969096212932
931.	0.	0.	0.00001430498576594617	0.000018221477009248026
932.	0.	0.	0.000014122124933263955	0.000018044661160107686
932.9999999999999	0.	0.	0.000013941343806626056	0.000017869237092662365
933.9999999999999	0.	0.	0.000013762623064403764	0.00001769519844309487
935.	0.	0.	0.000013585943491353188	0.000017522538807196298
936.	0.	0.	0.000013411285979359416	0.000017351251741730276
937.	0.	0.	0.000013238631528158885	0.00001718133076577997
937.9999999999999	0.	0.	0.000013067961246016899	0.00001701276936208237
939.	0.	0.	0.000012899256350389726	0.00001684556097834518
940.	0.	0.	0.000012732498168540378	0.000016679699028549093
941.	0.	0.	0.000012567668138139238	0.000016515176894234592
941.9999999999999	0.	0.	0.000012404747807817457	0.000016351987925774197
942.9999999999999	0.	0.	0.000012243718837706791	0.000016190125443627822
944.	0.	0.	0.000012084562999947772	0.000016029582739584342
945.	0.	0.	0.000011927262179156638	0.000015870353077987117
946.	0.	0.	0.000011771798372882319	0.000015712429696944545
946.9999999999999	0.	0.	0.000011618153692023661	0.00001555580580952601
948.	0.	0.	0.000011466310361225552	0.000015400474604940802
949.	0.	0.	0.000011316250719245835	0.00001524642924970414
950.	0.	0.	0.00001116795721929753	0.000015093662888787011
950.9999999999999	0.	0.	0.000011021412429361928	0.000014942168646751031
951.9999999999999	0.	0.	0.000010876599032483254	0.000014791939628868451
953.	0.	0.	0.000010733499827035731	0.000014642968922226992
954.	0.	0.	0.000010592097726961112	0.00001449524959682068
954.9999999999999	0.	0.	0.000010452375761985307	0.000014348774706624164
955.9999999999999	0.	0.	0.000010314317077822184	0.000014203537290654402
957.	0.	0.	0.000010177904936335057	0.000014059530374015547
958.	0.	0.	0.000010043122715690721	0.000013916746968930493
959.	0.	0.	9.909953910485986e-6	0.00001377518007575772
959.9999999999999	0.	0.	9.778382131848607e-6	0.000013634822683993302
960.9999999999999	0.	0.	9.648391107527734e-6	0.00001349566777325812
962.	0.	0.	9.519964681950366e-6	0.0000133577083142714
963.	0.	0.	9.393086816268126e-6	0.000013220937269809647
963.9999999999999	0.	0.	9.267741588375111e-6	0.000013085347595651326
964.9999999999999	0.	0.	9.143913192916727e-6	0.000012950932241507083
966.	0.	0.	9.02158594126271e-6	0.000012817684151936512
967.	0.	0.	8.90074426148348e-6	0.000012685596267250243
968.	0.	0.	8.781372698285898e-6	0.000012554661524398438
968.9999999999999	0.	0.	8.663455912945366e-6	0.000012424872857845613
969.9999999999999	0.	0.	8.546978683215399e-6	0.000012296223200431044
971.	0.	0.	8.431925903217278e-6	0.000012168705484216157
972.	0.	0.	8.318282583320671e-6	0.000012042312641318109
972.9999999999999	0.	0.	8.206033849995936e-6	0.000011917037604729685
973.9999999999999	0.	0.	8.095164945660002e-6	0.000011792873309125609
975.	0.	0.	7.985661228503613e-6	0.000011669812691656172
976.	0.	0.	7.877508172298887e-6	0.000011547848692727201
977.	0.	0.	7.770691366198471e-6	0.000011426974256766564
977.9999999999999	0.	0.	7.66519651451395e-6	0.00001130718233297816
979.	0.	0.	7.561009436484268e-6	0.000011188465876082768
980.	0.	0.	7.458116066023827e-6	0.00001107081784704576
980.9999999999999	0.	0.	7.3565024514657575e-6	0.000010954231213792414
982.	0.	0.	7.256154755283044e-6	0.000010838698951910339
982.9999999999999	0.	0.	7.157059253800223e-6	0.000010724214045339356
983.9999999999999	0.	0.	7.059202336894916e-6	0.000010610769487048936
985.	0.	0.	6.96257050768102e-6	0.000010498358279702749
985.9999999999999	0.	0.	6.867150382184441e-6	0.00001038697343631244
987.	0.	0.	6.772928689003111e-6	0.000010276607980877002
988.	0.	0.	6.679892268956685e-6	0.000010167254949011768
988.9999999999999	0.	0.	6.588028074731952e-6	0.000010058907388565337
990.	0.	0.	6.4973231705043594e-6	9.951558360223243e-6
990.9999999999999	0.	0.	6.407764731555169e-6	9.845200938101317e-6
992.	0.	0.	6.31934004388347e-6	9.739828210326911e-6
993.	0.	0.	6.232036503799132e-6	9.635433279608198e-6
993.9999999999999	0.	0.	6.14584161751228e-6	9.532009263792671e-6
995.	0.	0.	6.060743000708435e-6	9.42954929641334e-6
995.9999999999999	0.	0.	5.9767283781175564e-6	9.328046527225003e-6
997.	0.	0.	5.89378558307408e-6	9.227494122727974e-6
998.	0.	0.	5.811902557066579e-6	9.127885266681856e-6
998.9999999999999	0.	0.	5.731067349279911e-6	9.029213160607768e-6
1000.	0.	0.	5.651268116130464e-6	8.93147102427972e-6