0.	0.	0.	0.	0.
1.	1.0633677992915368e-15	1.792318996018391e-15	1.8579094416411461e-16	1.8611100206187482e-17
2.	1.364854621752692e-16	6.941514105293807e-15	7.463903333043656e-16	7.48969003745669e-17
3.	7.604690891538167e-18	1.509659343466387e-14	1.684900953480833e-15	1.693656582650823e-16
4.	2.862202004501727e-19	2.589965609916805e-14	3.0022208095066416e-15	3.0230792744354123e-16
5.	8.495339797235672e-21	3.899212931475881e-14	4.697185017705022e-15	4.738089560071755e-16
6.	2.1431262802183853e-22	5.4020170230567976e-14	6.7667097709542676e-15	6.837614142749596e-16
7.	4.7956823211355035e-24	7.063926191233218e-14	9.2059370441318e-15	9.31878322071568e-16
8.	9.78293463452464e-26	8.851804377269634e-14	1.2008378870495216e-14	1.2177060608425503e-15
9.	1.8403593610873444e-27	1.0734142476489054e-13	1.5166060168384985e-14	1.5406373692858255e-15
10.	0.	1.2681303320656005e-13	1.8669659233810394e-14	1.8999242335459794e-15
11.	0.	1.4665706054730087e-13	2.2508645138845557e-14	2.294690594363896e-15
12.	0.	1.666195580746687e-13	2.6671411389124454e-14	2.723944803971898e-15
13.	0.	1.8646924577636683e-13	3.114540529684722e-14	3.1865917750368817e-15
14.	0.	2.0599789161708407e-13	3.5917252619310876e-14	3.681444772640523e-15
14.999999999999998	0.	2.2502031759239036e-13	4.097287709773357e-14	4.207236808202496e-15
16.	0.	2.4337408630482624e-13	4.629761460768881e-14	4.7626316014529125e-15
17.	0.	2.609189186562955e-13	5.1876321701403054e-14	5.346234083093489e-15
18.	0.	2.7753588972717057e-13	5.769347838405767e-14	5.956600416700314e-15
18.999999999999996	0.	2.9312644615297134e-13	6.373328502160559e-14	6.592247523758705e-15
20.	0.	3.076112844287144e-13	6.997975332695741e-14	7.25166210052402e-15
21.	0.	3.209291256637225e-13	7.641679141517534e-14	7.933309119710447e-15
22.	0.	3.3303541845267314e-13	8.302828295697823e-14	8.635639813859605e-15
23.	0.	3.439009977829559e-13	8.97981604938051e-14	9.357099140666456e-15
24.	0.	3.5351072431128706e-13	9.671047300730218e-14	1.0096132733574215e-14
24.999999999999996	0.	3.6186212494919923e-13	1.0374944786173747e-13	1.085119334362278e-14
26.	0.	3.689640525224901e-13	1.1089954725984741e-13	1.1620746780875216e-14
27.	0.	3.748353793302226e-13	1.1814551937129187e-13	1.2403277365780722e-14
28.	0.	3.79503736733355e-13	1.2547244430853043e-13	1.3197292902585207e-14
29.	0.	3.8300431045445373e-13	1.3286577513780146e-13	1.4001329188395458e-14
29.999999999999996	0.	3.853786990661632e-13	1.4031137412324752e-13	1.4813954072761747e-14
31.	0.	3.8667384118123726e-13	1.4779554441031155e-13	1.5633771083687043e-14
32.	0.	3.86941015121941e-13	1.553050573605563e-13	1.6459422636817672e-14
32.99999999999999	0.	3.862349133302112e-13	1.6282717575423333e-13	1.7289592845238442e-14
34.	0.	3.8461279246910836e-13	1.7034967307943607e-13	1.8123009947800834e-14
35.	0.	3.821336990466996e-13	1.778608491276935e-13	1.8958448374271974e-14
36.	0.	3.7885776945081457e-13	1.8534954211555478e-13	1.9794730465818872e-14
37.	0.	3.7484560250208413e-13	1.9280513755023003e-13	2.0630727869449674e-14
37.99999999999999	0.	3.701577019982674e-13	2.0021757405483568e-13	2.1465362625034697e-14
39.	0.	3.6485398622038586e-13	2.0757734636535604e-13	2.229760796343562e-14
40.	0.	3.589933609863864e-13	2.1487550570721184e-13	2.3126488834092264e-14
41.	0.	3.526333525572801e-13	2.2210365775441772e-13	2.395108218016278e-14
42.	0.	3.458297965111434e-13	2.292539583688122e-13	2.477051697899384e-14
42.99999999999999	0.	3.3863657858989075e-13	2.36319107310861e-13	2.5583974065321032e-14
44.	0.	3.3110542348121847e-13	2.432923401071291e-13	2.6390685754173667e-14
44.99999999999999	0.	3.232857275131837e-13	2.5016741825278716e-13	2.7189935279990087e-14
46.	0.	3.1522443130219006e-13	2.5693861792051584e-13	2.7981056067945735e-14
47.	0.	3.0696592849812487e-13	2.6360071733996525e-13	2.876343085296202e-14
48.	0.	2.9855200690534154e-13	2.70148983004584e-13	2.953649066130645e-14
49.	0.	2.900218184183388e-13	2.765791548551826e-13	3.029971366911702e-14
49.99999999999999	0.	2.814118743901621e-13	2.8288743058210866e-13	3.105262395159187e-14
51.	0.	2.727560632445661e-13	2.890704491804101e-13	3.179479013598248e-14
52.	0.	2.6408568734505103e-13	2.9512527388489654e-13	3.25258239709201e-14
53.	0.	2.554295163411239e-13	3.0104937460460833e-13	3.3245378823991844e-14
54.	0.	2.468138544210883e-13	3.068406099688866e-13	3.3953148118870324e-14
54.99999999999999	0.	2.38262619108434e-13	3.12497209090051e-13	3.464886372269055e-14
56.	0.	2.297974294431432e-13	3.180177531406443e-13	3.533229429376217e-14
56.99999999999999	0.	2.2143770158794605e-13	3.2340115683630326e-13	3.600324359910711e-14
58.	0.	2.1320075009120612e-13	3.286466499086225e-13	3.666154881072381e-14
59.	0.	2.0510189322147782e-13	3.3375375864584253e-13	3.7307078788900465e-14
59.99999999999999	0.	1.9715456096289547e-13	3.387222875728893e-13	3.793973236033453e-14
61.	0.	1.893704044248622e-13	3.4355230133619047e-13	3.8559436598263044e-14
62.	0.	1.817594055734495e-13	3.482441068528125e-13	3.916614511127083e-14
63.	0.	1.7432998633544117e-13	3.5279823577781695e-13	3.9759836346922116e-14
64.	0.	1.6708911625880586e-13	3.572154273383129e-13	4.03405119158555e-14
65.	0.	1.6004241803583784e-13	3.6149661157750317e-13	4.090819494149428e-14
65.99999999999999	0.	1.531942703072922e-13	3.656428930470736e-13	4.1462928440053236e-14
67.	0.	1.4654790726797208e-13	3.6965553498157084e-13	4.200477373507095e-14
68.	0.	1.4010551468670173e-13	3.735359439839422e-13	4.253380891026218e-14
69.	0.	1.3386832203687855e-13	3.772856552471733e-13	4.305012730406922e-14
70.	0.	1.2783669050832747e-13	3.809063183329637e-13	4.355383604889418e-14
70.99999999999999	0.	1.2201019673744209e-13	3.843996835246002e-13	4.4045054657615586e-14
72.	0.	1.1638771215113967e-13	3.877675887676477e-13	4.4523913659632607e-14
73.	0.	1.1096747787146425e-13	3.910119472087517e-13	4.4990553288339314e-14
74.	0.	1.0574717517234237e-13	3.941347353397335e-13	4.544512222160701e-14
75.	0.	1.0072399151842644e-13	3.9713798175126464e-13	4.588777637654843e-14
75.99999999999999	0.	9.589468224883079e-14	4.000237564977186e-13	4.6318677759549456e-14
77.	0.	9.125562799617809e-14	4.0279416107229603e-13	4.6737993372283574e-14
78.	0.	8.680288795438506e-14	4.054513189892217e-13	4.7145894174171174e-14
79.	0.	8.253224912734033e-14	4.079973669677084e-13	4.7542554101509756e-14
80.	0.	7.843927170557657e-14	4.1043444671042346e-13	4.7928149143278796e-14
80.99999999999999	0.	7.451933072960314e-14	4.12764697267455e-13	4.8302856473420253e-14
82.	0.	7.076765420708714e-14	4.14990247975161e-13	4.866685363920442e-14
83.	0.	6.717935785696794e-14	4.171132119578524e-13	4.902031780511688e-14
84.	0.	6.374947665714036e-14	4.191356801789701e-13	4.9363425051541135e-14
84.99999999999999	0.	6.047299337387918e-14	4.2105971602727414e-13	4.9696349727364824e-14
85.99999999999999	0.	5.734486425094865e-14	4.2288735042255466e-13	5.0019263855503507e-14
87.	0.	5.4360042034658036e-14	4.2462057742449853e-13	5.0332336590215185e-14
88.	0.	5.1513496508145984e-14	4.2626135032759726e-13	5.063573372496969e-14
89.	0.	4.880023270416377e-14	4.2781157822433566e-13	5.092961724953976e-14
89.99999999999999	0.	4.6215306960771e-14	4.2927312301838755e-13	5.1214144954894494e-14
90.99999999999999	0.	4.3753840978776485e-14	4.3064779686911434e-13	5.148947008440083e-14
92.	0.	4.141103403365521e-14	4.319373600483417e-13	5.175574102977228e-14
93.	0.	3.9182173488168254e-14	4.331435191901523e-13	5.201310107014927e-14
94.	0.	3.706264374510326e-14	4.3426792591429367e-13	5.226168815264818e-14
94.99999999999999	0.	3.5047933772552165e-14	4.353121758037174e-13	5.250163471267732e-14
96.	0.	3.3133643327080475e-14	4.362778077167864e-13	5.2733067532289736e-14
97.	0.	3.1315487992989435e-14	4.37166303414745e-13	5.295610763481775e-14
98.	0.	2.9589303148845074e-14	4.379790874852018e-13	5.317087021402138e-14
99.	0.	2.795104696545285e-14	4.3871752754254323e-13	5.337746459597161e-14
99.99999999999999	0.	2.6396802532631797e-14	4.393829346864746e-13	5.357599423188963e-14
101.	0.	2.4922779205521342e-14	4.3997656420015044e-13	5.3766556720164477e-14
102.	0.	2.352531325468882e-14	4.4049961646971995e-13	5.3949243855781746e-14
103.	0.	2.22008678981557e-14	4.4095323810747324e-13	5.412414170540953e-14
104.	0.	2.094603278748743e-14	4.413385232612041e-13	5.429133070640654e-14
104.99999999999999	0.	1.9757523014446274e-14	4.416565150928356e-13	5.445088578803963e-14
106.	0.	1.863217769931275e-14	4.4190820740984607e-13	5.460287651322616e-14
107.	0.	1.756695821686687e-14	4.420945464335102e-13	5.4747367239145134e-14
108.	0.	1.6558946111201564e-14	4.422164326885069e-13	5.488441729509622e-14
109.	0.	1.56053407460033e-14	4.422747229989721e-13	5.501408117602157e-14
109.99999999999999	0.	1.4703456732667184e-14	4.4227023257662547e-13	5.5136408750144674e-14
111.	0.	1.3850721174635684e-14	4.42203737187171e-13	5.525144547922216e-14
112.	0.	1.3044670762615687e-14	4.420759753817322e-13	5.5359232649947886e-14
113.	0.	1.2282948751886433e-14	4.418876507806689e-13	5.54598076150935e-14
113.99999999999999	0.	1.1563301849683552e-14	4.416394343977105e-13	5.5553204043018413e-14
114.99999999999999	0.	1.0883577037673176e-14	4.4133196699291124e-13	5.563945217422793e-14
116.	0.	1.0241718351796994e-14	4.40965861443532e-13	5.571857908370863e-14
117.	0.	9.635763639223055e-15	4.4054170512253797e-13	5.579060894782218e-14
118.	0.	9.06384130982795e-15	4.4006006227496626e-13	5.58555633145852e-14
118.99999999999999	0.	8.52416709750721e-15	4.3952147638301784e-13	5.5913461376219176e-14
119.99999999999999	0.	8.015040844660836e-15	4.3892647251127517e-13	5.596432024290252e-14
121.	0.	7.534843321434893e-15	4.382755596240203e-13	5.600815521670974e-14
122.	0.	7.082033089673824e-15	4.375692328671841e-13	5.604498006477586e-14
122.99999999999999	0.	6.655143420104679e-15	4.368079758079806e-13	5.6074807290772615e-14
124.	0.	6.252779269917936e-15	4.359922626258417e-13	5.6097648403838417e-14
125.	0.	5.873614326747248e-15	4.3512256024875933e-13	5.6113514184151543e-14
126.	0.	5.516388123955315e-15	4.341993304296558e-13	5.6122414944387274e-14
127.	0.	5.179903231185308e-15	4.3322303175791245e-13	5.6124360786351724e-14
128.	0.	4.863022523281151e-15	4.321941216016427e-13	5.611936185213056e-14
129.	0.	4.564666529895433e-15	4.3111305797676686e-13	5.610742856914108e-14
130.	0.	4.283810867454856e-15	4.2998030133940925e-13	5.6088571888524055e-14
131.	0.	4.019483754521084e-15	4.287963162985327e-13	5.606280351635382e-14
131.99999999999997	0.	3.7707636110840044e-15	4.2756157324621145e-13	5.6030136137199146e-14
133.	0.	3.536776741847661e-15	4.2627654990325395e-13	5.5990583629598994e-14
134.	0.	3.316695103175892e-15	4.2494173277835547e-13	5.5944161273072395e-14
135.	0.	3.1097341529979122e-15	4.235576185392719e-13	5.5890885946314804e-14
136.	0.	2.915150782705585e-15	4.221247152949029e-13	5.583077631628017e-14
137.	0.	2.732241329788939e-15	4.206435437874505e-13	5.576385301787973e-14
138.	0.	2.5603396697541844e-15	4.1911463849421225e-13	5.5690138824075745e-14
139.	0.	2.3988153856985875e-15	4.175385486387975e-13	5.56096588061755e-14
140.	0.	2.247072013737304e-15	4.159158391118994e-13	5.5522440484173897e-14
140.99999999999997	0.	2.1045453623963436e-15	4.142470913019917e-13	5.542851396702185e-14
141.99999999999997	0.	1.9707019039611774e-15	4.125329038365759e-13	5.532791208273056e-14
143.	0.	1.8450372357060177e-15	4.1077389323488196e-13	5.522067049825824e-14
144.	0.	1.7270746088984627e-15	4.089706944730796e-13	5.510682782914584e-14
145.	0.	1.6163635233895395e-15	4.071239614633359e-13	5.498642573890613e-14
146.	0.	1.5124783856374116e-15	4.0523436744821025e-13	5.4859509028192197e-14
147.	0.	1.4150172279639155e-15	4.0330260531205327e-13	5.472612571379676e-14
148.	0.	1.3236004868667221e-15	4.01329387811268e-13	5.458632709756096e-14
149.	0.	1.237869838219513e-15	3.993154477254309e-13	5.4440167825292705e-14
150.	0.	1.1574870872212981e-15	3.972615379313847e-13	5.4287705935813314e-14
150.99999999999997	0.	1.082133110968922e-15	3.951684314025813e-13	5.41290029002761e-14
151.99999999999997	0.	1.0115068516026507e-15	3.9303692113604105e-13	5.3964123651916874e-14
153.	0.	9.453243579568329e-16	3.9086782000939665e-13	5.379313660641399e-14
154.	0.	8.833178737594296e-16	3.886619605705799e-13	5.3616113673051867e-14
155.	0.	8.252349704171709e-16	3.864201947627849e-13	5.343313025689712e-14
156.	0.	7.708377225097765e-16	3.8414339358744034e-13	5.324426525221447e-14
157.	0.	7.199019241605506e-16	3.8183244670789563e-13	5.3049601027351614e-14
158.	0.	6.722163444943588e-16	3.794882619966776e-13	5.284922340134761e-14
159.	0.	6.275820204760153e-16	3.7711176502913724e-13	5.264322161252042e-14
160.	0.	5.858115854482254e-16	3.7470389852634587e-13	5.2431688279299936e-14
160.99999999999997	0.	5.467286317673042e-16	3.7226562175015806e-13	5.2214719353587755e-14
161.99999999999997	0.	5.101671059891458e-16	3.697979098533006e-13	5.1992414066921363e-14
163.	0.	4.759707350994182e-16	3.673017531874153e-13	5.176487486973773e-14
164.	0.	4.4399248235451964e-16	3.647781565719463e-13	5.153220736403114e-14
165.	0.	4.140940313515166e-16	3.622281385267366e-13	5.129452022970366e-14
166.	0.	3.8614529698863673e-16	3.5965273047121314e-13	5.1051925144914646e-14
167.	0.	3.6002396204452055e-16	3.570529758930008e-13	5.08045367007368e-14
168.	0.	3.356150381499611e-16	3.5442992948874345e-13	5.055247231042381e-14
169.	0.	3.128104499733346e-16	3.5178465627996304e-13	5.029585211360918e-14
169.99999999999997	0.	2.9150864149512657e-16	3.49118230706597e-13	5.003479887573476e-14
170.99999999999997	0.	2.7161420329780257e-16	3.4643173570098225e-13	4.976943788303223e-14
171.99999999999997	0.	2.530375198272429e-16	3.4372626174485413e-13	4.949989683335921e-14
173.	0.	2.3569443565505883e-16	3.4100290591198537e-13	4.922630572320562e-14
174.	0.	2.195059397765234e-16	3.3826277089895005e-13	4.894879673117303e-14
175.	0.	2.0439786706620104e-16	3.3550696404645547e-13	4.8667504098229134e-14
176.	0.	1.903006160067587e-16	3.3273659635370285e-13	4.838256400504878e-14
177.	0.	1.7714888188328445e-16	3.2995278148801467e-13	4.809411444672741e-14
178.	0.	1.6488140465200629e-16	3.271566347920275e-13	4.780229510516646e-14
179.	0.	1.5344073073253148e-16	3.24349272290654e-13	4.750724721942393e-14
179.99999999999997	0.	1.4277298801551316e-16	3.2153180969983684e-13	4.7209113454301616e-14
180.99999999999997	0.	1.328276733967428e-16	3.187053614392524e-13	4.6908037767466637e-14
181.99999999999997	0.	1.2355745219042033e-16	3.1587103965077146e-13	4.660416527535907e-14
183.	0.	1.1491796881383023e-16	3.1302995322468456e-13	4.629764211817233e-14
184.	0.	1.0686766812833501e-16	3.1018320683540414e-13	4.598861532415503e-14
185.	0.	9.936762691102348e-17	3.073318999884015e-13	4.567723267349448e-14
186.	0.	9.238139488936506e-17	3.0447712607998454e-13	4.5363642562025336e-14
187.	0.	8.587484485277038e-17	3.016199714715106e-13	4.5047993865009493e-14
188.	0.	7.98160313514128e-17	2.987615145794602e-13	4.4730435801213236e-14
189.	0.	7.417505752007616e-17	2.959028249828342e-13	4.4411117797517636e-14
189.99999999999997	0.	6.892394958988611e-17	2.930449625491024e-13	4.4090189354267646e-14
190.99999999999997	0.	6.403653867607144e-17	2.9018897658002555e-13	4.3767799911583666e-14
192.	0.	5.948834945082491e-17	2.873359049784228e-13	4.344409871682547e-14
193.	0.	5.525649531202166e-17	2.8448677343706767e-13	4.311923469341991e-14
194.	0.	5.1319579706723495e-17	2.816425946505699e-13	4.279335631121715e-14
195.	0.	4.7657603266608773e-17	2.7880436755131904e-13	4.2466611458578285e-14
196.	0.	4.425187642690856e-17	2.759730765702016e-13	4.2139147316343106e-14
197.	0.	4.108493723907549e-17	2.7314969092298386e-13	4.1811110233860456e-14
198.	0.	3.8140474071583514e-17	2.703351639229554e-13	4.148264560721802e-14
198.99999999999997	0.	3.540325294345755e-17	2.6753043232055076e-13	4.115389775983261e-14
199.99999999999997	0.	3.285904920839756e-17	2.647364156704282e-13	4.0825009825526343e-14
200.99999999999997	0.	3.0494583370397474e-17	2.6195401572658994e-13	4.0496123634233876e-14
202.	0.	2.829746076574022e-17	2.591841158658546e-13	4.016737960044506e-14
203.	0.	2.6256114922428463e-17	2.5642758054016576e-13	3.98389166145173e-14
204.	0.	2.4359754366169566e-17	2.536852547579014e-13	3.9510871936943414e-14
205.	0.	2.259831267674203e-17	2.509579635945576e-13	3.918338109569556e-14
206.	0.	2.096240162130298e-17	2.4824651173283737e-13	3.885657778671408e-14
207.	0.	1.944326716696066e-17	2.455516830323979e-13	3.853059377764586e-14
208.	0.	1.8032748221666835e-17	2.428742401292088e-13	3.8205558814891485e-14
208.99999999999997	0.	1.6723237935781808e-17	2.402149240646034e-13	3.788160053404161e-14
209.99999999999997	0.	1.5507647412173194e-17	2.3757445394393235e-13	3.755884437375701e-14
210.99999999999997	0.	1.4379371694398642e-17	2.349535266247588e-13	3.7237413493152084e-14
212.	0.	1.3332257878497234e-17	2.323528164344244e-13	3.6917428692724735e-14
213.	0.	1.2360575247700876e-17	2.2977297491682795e-13	3.659900833887895e-14
214.	0.	1.1458987284333401e-17	2.2721463060815956e-13	3.628226829206932e-14
215.	0.	1.0622525464828072e-17	2.2467838884133169e-13	3.5967321838598844e-14
216.	0.	9.846564723359908e-18	2.221648315787933e-13	3.565427962609097e-14
217.	0.	9.126800476599804e-18	2.1967451727339743e-13	3.5343249602654983e-14
218.	0.	8.459227133194031e-18	2.1720798075685262e-13	3.503433695974131e-14
218.99999999999997	0.	7.840117978701752e-18	2.1476573315547583e-13	3.4727644078712796e-14
219.99999999999997	0.	7.266006358718325e-18	2.1234826183267629e-13	3.442327048111147e-14
220.99999999999997	0.	6.733668088616326e-18	2.0995603035772365e-13	3.4121312782619325e-14
222.	0.	6.240105000962369e-18	2.0758947850032475e-13	3.382186465070713e-14
223.	0.	5.782529567402587e-18	2.0524902225045594e-13	3.3525016765950944e-14
224.	0.	5.3583505285536095e-18	2.0293505386281245e-13	3.323085678698239e-14
225.	0.	4.965159469384853e-18	2.006479419254705e-13	3.293946931907483e-14
226.	0.	4.600718272561576e-18	1.9838803145194665e-13	3.265093588630036e-14
227.	0.	4.26294740908845e-18	1.961556439962051e-13	3.236533490725088e-14
227.99999999999997	0.	3.9499150023992716e-18	1.9395107778985646e-13	3.2082741674264646e-14
228.99999999999997	0.	3.659826616851485e-18	1.9177460790098153e-13	3.180322833613059e-14
229.99999999999997	0.	3.3910157349081694e-18	1.89626486413831e-13	3.152686388420995e-14
230.99999999999997	0.	3.1419348651181636e-18	1.8750694262876209e-13	3.1253714141932744e-14
232.	0.	2.911147249587008e-18	1.8541618328176346e-13	3.0983841757622525e-14
233.	0.	2.6973191330484905e-18	1.833543927827192e-13	3.071730620056883e-14
234.	0.	2.4992125499161593e-18	1.813217334719124e-13	3.045416376032249e-14
235.	0.	2.3156786046158147e-18	1.793183458938383e-13	3.019446754911605e-14
236.	0.	2.145651203406858e-18	1.7734434908777288e-13	2.993826750737296e-14
237.	0.	1.9881412182730772e-18	1.7539984089427374e-13	2.968561041222093e-14
237.99999999999997	0.	1.8422310474621133e-18	1.7348489827692473e-13	2.943653988894754e-14
238.99999999999997	0.	1.7070695523627232e-18	1.7159957765858411e-13	2.91910964253242e-14
239.99999999999997	0.	1.58186733565699e-18	1.6974391527138772e-13	2.894931738872188e-14
240.99999999999997	0.	1.4658923521632163e-18	1.6791792751984319e-13	2.871123704595424e-14
242.	0.	1.3584658204679616e-18	1.6612161135620538e-13	2.8476886585757565e-14
243.	0.	1.2589584178863412e-18	1.6435494466746323e-13	2.82462941438376e-14
244.	0.	1.166786739082438e-18	1.6261788667319396e-13	2.8019484830400413e-14
245.	0.	1.0814100044001673e-18	1.6091037833360114e-13	2.7796480760091036e-14
245.99999999999997	0.	1.002326994408713e-18	1.5923234276699228e-13	2.7577301084252592e-14
247.	0.	9.290732056246902e-19	1.575836856759994e-13	2.736196202542395e-14
248.	0.	8.61218196713489e-19	1.5596429578187691e-13	2.7150476913997446e-14
248.99999999999997	0.	7.983631289530987e-19	1.543740452662003e-13	2.6942856226954557e-14
250.	0.	7.40138480977226e-19	1.5281279021917156e-13	2.6739107628574692e-14
250.99999999999997	0.	6.862019177735777e-19	1.512803710940669e-13	2.6539236013067568e-14
252.	0.	6.36236318736537e-19	1.4977661316698773e-13	2.6343243549012412e-14
252.99999999999997	0.	5.899479422338484e-19	1.483013270013792e-13	2.61511297255382e-14
254.	0.	5.470647198675669e-19	1.4685430891661927e-13	2.5962891400149076e-14
254.99999999999997	0.	5.07334676592438e-19	1.4543534146011516e-13	2.57785228481196e-14
256.	0.	4.705244611056451e-19	1.440441938822449e-13	2.5598015813366724e-14
257.	0.	4.364179811702727e-19	1.426806226135998e-13	2.542135956072268e-14
258.	0.	4.0481513912469957e-19	1.4134437174388905e-13	2.524854092951525e-14
259.	0.	3.7553065730514793e-19	1.4003517350200438e-13	2.507954438838362e-14
260.	0.	3.4839298754823333e-19	1.3875274873663402e-13	2.491435209123728e-14
261.	0.	3.232433032891688e-19	1.3749680739691204e-13	2.4752943934280423e-14
262.	0.	2.999345574136794e-19	1.3626704901259967e-13	2.4595297614024377e-14
263.	0.	2.783306182520783e-19	1.3506316317326665e-13	2.4441388686203915e-14
263.99999999999994	0.	2.583054582358725e-19	1.338848300059467e-13	2.42911906255123e-14
265.	0.	2.3974241060567056e-19	1.3273172065088244e-13	2.4144674886093682e-14
266.	0.	2.2253347410374017e-19	1.3160349773477997e-13	2.4001810962694336e-14
267.	0.	2.065786727884864e-19	1.304998158412454e-13	2.386256645241858e-14
268.	0.	1.917854595399512e-19	1.2942032197786582e-13	2.372690711699503e-14
269.	0.	1.780681640309435e-19	1.2836465603960558e-13	2.359479694549521e-14
270.	0.	1.6534748459220828e-19	1.2733245126807863e-13	2.3466198217425063e-14
271.	0.	1.5355001098167233e-19	1.2632333470629454e-13	2.334107156611513e-14
272.	0.	1.4260779061343247e-19	1.2533692764854694e-13	2.3219376042345933e-14
272.99999999999994	0.	1.3245791753531713e-19	1.2437284608511734e-13	2.3101069178145685e-14
274.	0.	1.2304216098192616e-19	1.234307011413747e-13	2.298610705067758e-14
274.99999999999994	0.	1.1430661339626104e-19	1.2251009951104766e-13	2.2874444346170258e-14
276.	0.	1.0620137160330296e-19	1.2161064388327477e-13	2.276603442381014e-14
277.	0.	9.868023484705994e-20	1.2073193336325425e-13	2.2660829379555234e-14
278.	0.	9.170043022626881e-20	1.198735638860921e-13	2.2558780109785185e-14
279.	0.	8.52223576433386e-20	1.190351286237345e-13	2.2459836374756657e-14
280.	0.	7.920935196216027e-20	1.1821621838458286e-13	2.23639468617764e-14
281.	0.	7.362746379652377e-20	1.1741642200575012e-13	2.227105924807225e-14
281.99999999999994	0.	6.844525715664697e-20	1.1663532673753892e-13	2.218112026326893e-14
283.	0.	6.363362175164216e-20	1.1587251862015655e-13	2.2094075751457348e-14
283.99999999999994	0.	5.916559962144018e-20	1.151275828523147e-13	2.200987073277505e-14
285.	0.	5.501622395016649e-20	1.144001041516495e-13	2.192844946446922e-14
286.	0.	5.116237163950972e-20	1.1368966710674584e-13	2.1849755501384185e-14
287.	0.	4.7582623836179866e-20	1.1299585652065547e-13	2.1773731755833882e-14
288.	0.	4.425714020591266e-20	1.1231825774582305e-13	2.170032055682458e-14
289.	0.	4.116754026043172e-20	1.116564570101706e-13	2.162946370856039e-14
290.	0.	3.8296796656488635e-20	1.1101004173442838e-13	2.156110254822804e-14
291.	0.	3.562913099223779e-20	1.1037860084046377e-13	2.1495178002992544e-14
292.	0.	3.314992404502621e-20	1.0976172505058367e-13	2.1431630646177405e-14
292.99999999999994	0.	3.0845626803309644e-20	1.0915900717783928e-13	2.137040075261302e-14
294.	0.	2.8703683357784814e-20	1.0857004240709774e-13	2.131142835308479e-14
294.99999999999994	0.	2.6712455260414347e-20	1.0799442856698629e-13	2.125465328787859e-14
296.	0.	2.4861153786822022e-20	1.0743176639267854e-13	2.120001525939401e-14
297.	0.	2.3139777208490323e-20	1.0688165977934163e-13	2.1147453883766073e-14
298.	0.	2.153905251812974e-20	1.0634371602649814e-13	2.1096908741520455e-14
299.	0.	2.005038105578311e-20	1.0581754607304558e-13	2.104831942718737e-14
300.	0.	1.8665788437263618e-20	1.0530276472309925e-13	2.1001625597881293e-14
301.	0.	1.7377878729801618e-20	1.0479899086266639e-13	2.0956767020822755e-14
301.99999999999994	0.	1.6179792353360415e-20	1.0430584766712983e-13	2.0913683619772368e-14
303.	0.	1.506516479040571e-20	1.0382296279958553e-13	2.0872315520360087e-14
303.99999999999994	0.	1.4028091786118227e-20	1.0334996860013875e-13	2.083260309430378e-14
305.	0.	1.3063094803498302e-20	1.0288650226618485e-13	2.0794487002496867e-14
306.	0.	1.2165089070827175e-20	1.0243220602368835e-13	2.0757908236940942e-14
307.	0.	1.132935661856312e-20	1.0198672728960903e-13	2.0722808161526283e-14
308.	0.	1.0551516554882663e-20	1.0154971882552476e-13	2.0689128551644518e-14
309.	0.	9.827503187998812e-21	1.0112083888250824e-13	2.065681163261722e-14
310.	0.	9.153541335718655e-21	1.0069975133740836e-13	2.062580011694517e-14
310.99999999999994	0.	8.526124596952519e-21	1.002861258205762e-13	2.059603724035893e-14
312.	0.	7.941997584540029e-21	9.987963783516148e-14	2.0567466796669908e-14
312.99999999999994	0.	7.398137220670084e-21	9.947996886813513e-14	2.054003317142705e-14
314.	0.	6.891733526336156e-21	9.90868064930655e-14	2.0513681374357987e-14
314.99999999999994	0.	6.4201778156724615e-21	9.869984446484966e-14	2.0488357070609446e-14
316.	0.	5.981044952655422e-21	9.831878280648128e-14	2.046400661077749e-14
317.	0.	5.5720820233280404e-21	9.794332788799314e-14	2.0440577059729496e-14
318.	0.	5.191195000480399e-21	9.757319249775149e-14	2.0418016224228667e-14
319.	0.	4.836438372312064e-21	9.72080959061078e-14	2.0396272679335983e-14
320.	0.	4.506001704808647e-21	9.684776392178959e-14	2.0375295793643515e-14
321.	0.	4.198204225851795e-21	9.649192894089992e-14	2.035503575328626e-14
321.99999999999994	0.	3.911481282489369e-21	9.614032998888814e-14	2.033544358478303e-14
323.	0.	3.644378326075351e-21	9.57927127555093e-14	2.031647117668499e-14
323.99999999999994	0.	3.3955433480374946e-21	9.544882962303823e-14	2.0298071300063023e-14
325.	0.	3.163718226694262e-21	9.510843968778124e-14	2.028019762781861e-14
326.	0.	2.947733089197749e-21	9.477130877514673e-14	2.026280475284921e-14
327.	0.	2.7464980335241785e-21	9.443720944833597e-14	2.0245848205057197e-14
328.	0.	2.559001009023027e-21	9.41059210109391e-14	2.0229284467239685e-14
329.	0.	2.384299426778052e-21	9.377722950346199e-14	2.021307098984127e-14
330.	0.	2.2215163759341403e-21	9.345092769406596e-14	2.019716620460732e-14
330.99999999999994	0.	2.0698341644700075e-21	9.312681506363322e-14	2.0181529537139674e-14
332.	0.	1.928494656491982e-21	9.280469778529308e-14	2.0166121418361475e-14
332.99999999999994	0.	1.796789004821397e-21	9.248438869868756e-14	2.0150903294929732e-14
334.	0.	1.6740594811066364e-21	9.216570727898337e-14	2.0135837638575836e-14
335.	0.	1.5596927899159592e-21	9.184847960096286e-14	2.0120887954425342e-14
336.	0.	1.453118104783661e-21	9.153253829827374e-14	2.0106018788293887e-14
337.	0.	1.3538039996197584e-21	9.12177225179538e-14	2.0091195732964546e-14
338.	0.	1.2612547843758097e-21	9.090387787056525e-14	2.0076385433500498e-14
339.	0.	1.1750100458753152e-21	9.059085637592239e-14	2.0061555591570083e-14
339.99999999999994	0.	1.0946392616396746e-21	9.027851640471091e-14	2.004667496883131e-14
341.	0.	1.019743449537012e-21	8.996672261610022e-14	2.0031713389379977e-14
341.99999999999994	0.	9.499496875279853e-22	8.965534589152009e-14	2.001664174128163e-14
343.	0.	8.849105017637905e-22	8.934426326479222e-14	2.000143197721234e-14
343.99999999999994	0.	8.243026910196327e-22	8.903335784877904e-14	1.998605711422746e-14
345.	0.	7.678244518163452e-22	8.872251875862959e-14	1.9970491232660352e-14
346.	0.	7.151958068832022e-22	8.84116410319443e-14	1.995470947420659e-14
347.	0.	6.661545396340252e-22	8.810062554584504e-14	1.993868803917585e-14
348.	0.	6.20456559821075e-22	8.778937893121614e-14	1.9922404182956125e-14
349.	0.	5.778745761644553e-22	8.747781348422402e-14	1.9905836211700078e-14
350.	0.	5.3819787877217995e-22	8.716584707533024e-14	1.988896347726864e-14
350.99999999999994	0.	5.012281097764906e-22	8.685340305583793e-14	1.987176637142719e-14
352.	0.	4.667812552168027e-22	8.654041016222794e-14	1.9854226319339854e-14
352.99999999999994	0.	4.346862223284897e-22	8.622680241837878e-14	1.9836325772371285e-14
354.	0.	4.04783382298688e-22	8.591251903582306e-14	1.9818048200218166e-14
355.	0.	3.7692365908999486e-22	8.559750431219992e-14	1.9799378082396897e-14
356.	0.	3.50967595767835e-22	8.528170752800046e-14	1.9780300899097324e-14
357.	0.	3.267867408078909e-22	8.496508284181718e-14	1.97608031214422e-14
358.	0.	3.042597723738522e-22	8.464758918414875e-14	1.97408722011532e-14
359.	0.	2.8327384377138277e-22	8.432919014993022e-14	1.9720496559654178e-14
359.99999999999994	0.	2.6372536535307965e-22	8.400985388996797e-14	1.9699665576644092e-14
361.	0.	2.455154501487861e-22	8.368955300132306e-14	1.967836957814128e-14
361.99999999999994	0.	2.285536103261272e-22	8.336826441676589e-14	1.965659982401987e-14
363.	0.	2.127543464017579e-22	8.304596929356445e-14	1.9634348495092137e-14
363.99999999999994	0.	1.9803967010212064e-22	8.272265290150118e-14	1.961160867970547e-14
365.	0.	1.8433383715512118e-22	8.239830451046588e-14	1.9588374359928375e-14
366.	0.	1.715700731702925e-22	8.20729172775593e-14	1.9564640397304874e-14
367.	0.	1.5968285939178933e-22	8.174648813386785e-14	1.9540402518208858e-14
368.	0.	1.48612246235329e-22	8.141901767112811e-14	1.951565729884543e-14
368.99999999999994	0.	1.3830397407729577e-22	8.109051002819494e-14	1.9490402149873794e-14
370.	0.	1.2870468115719107e-22	8.076097277756532e-14	1.94646353007075e-14
370.99999999999994	0.	1.1976625226294486e-22	8.043041681199237e-14	1.9438355783496367e-14
372.	0.	1.114440735848618e-22	8.009885623129946e-14	1.941156341681287e-14
372.99999999999994	0.	1.0369524908475213e-22	7.976630822946951e-14	1.9384258789058015e-14
374.	0.	9.648113665533304e-23	7.943279298214272e-14	1.9356443241616085e-14
375.	0.	8.976493744798344e-23	7.909833353455276e-14	1.9328118851763165e-14
376.	0.	8.35129949937792e-23	7.876295569003346e-14	1.9299288415359654e-14
377.	0.	7.769234635405788e-23	7.842668789916456e-14	1.926995542934192e-14
378.	0.	7.227516273678736e-23	7.808956114960697e-14	1.924012407402417e-14
379.	0.	6.723188406769728e-23	7.775160885674378e-14	1.9209799195237895e-14
379.99999999999994	0.	6.253818664195343e-23	7.74128667551611e-14	1.9178986286317665e-14
381.	0.	5.816998283598366e-23	7.707337279109784e-14	1.9147691469963766e-14
381.99999999999994	0.	5.410407367130468e-23	7.673316701584749e-14	1.9115921479978976e-14
383.	0.	5.0320736567606534e-23	7.639229148023792e-14	1.908368364291014e-14
384.	0.	4.679993081238626e-23	7.605079013024685e-14	1.905098585961073e-14
385.	0.	4.352323566630721e-23	7.570870870377961e-14	1.9017836586731302e-14
386.	0.	4.047453029077913e-23	7.536609462869442e-14	1.8984244818161816e-14
387.	0.	3.7638089268726443e-23	7.502299692210708e-14	1.8950220066434662e-14
388.	0.	3.4998595072843203e-23	7.467946609105831e-14	1.891577234411161e-14
388.99999999999994	0.	3.2543109140628466e-23	7.433555403452678e-14	1.8880912145153443e-14
390.	0.	3.025849396826241e-23	7.399131394694794e-14	1.8845650426314835e-14
390.99999999999994	0.	2.8133385656841333e-23	7.364680022311447e-14	1.8809998588536177e-14
392.	0.	2.6156248914511178e-23	7.33020683646967e-14	1.8773968458395972e-14
392.99999999999994	0.	2.4317360902993774e-23	7.295717488822809e-14	1.8737572269588323e-14
394.	0.	2.2607516764146568e-23	7.261217723474746e-14	1.8700822644477592e-14
395.	0.	2.1016047445879433e-23	7.226713368102425e-14	1.866373257571586e-14
396.	0.	1.953679946391591e-23	7.192210325245455e-14	1.8626315407949385e-14
397.	0.	1.8160852074504698e-23	7.157714563764609e-14	1.858858481962385e-14
397.99999999999994	0.	1.6880501504030182e-23	7.123232110468964e-14	1.8550554804891624e-14
399.	0.	1.569062511298441e-23	7.08876904191938e-14	1.8512239655646484e-14
399.99999999999994	0.	1.458400289257073e-23	7.054331476405945e-14	1.8473653943684322e-14
401.	0.	1.3554669110048517e-23	7.019925566100864e-14	1.8434812502998815e-14
401.99999999999994	0.	1.2597931960252565e-23	6.985557489393961e-14	1.8395730412236505e-14
403.	0.	1.1708354645012119e-23	6.951233443409642e-14	1.835642297731364e-14
404.	0.	1.0881109486443766e-23	6.916959636698229e-14	1.8316905714182e-14
405.	0.	1.0111987914208036e-23	6.88274228212323e-14	1.827719433180609e-14
406.	0.	9.397410344956301e-24	6.848587589919503e-14	1.8237304715292128e-14
407.	0.	8.73237547080793e-24	6.814501760946533e-14	1.8197252909238574e-14
408.	0.	8.114574418958108e-24	6.780490980123627e-14	1.8157055101279998e-14
408.99999999999994	0.	7.540284945431087e-24	6.746561410049849e-14	1.8116727605837866e-14
410.	0.	7.00643050614167e-24	6.712719184812739e-14	1.807628684809551e-14
410.99999999999994	0.	6.510589805305111e-24	6.678970403981394e-14	1.8035749348192667e-14
412.	0.	6.04891829327733e-24	6.645321126788533e-14	1.799513170565789e-14
412.99999999999994	0.	5.6203171241599206e-24	6.611777366497174e-14	1.7954450584074623e-14
414.	0.	5.222272077131327e-24	6.578345084952536e-14	1.7913722695989568e-14
415.	0.	4.852238454151173e-24	6.545030187320888e-14	1.7872964788073938e-14
416.	0.	4.507641270480665e-24	6.511838517011828e-14	1.783219362653672e-14
417.	0.	4.18799090895864e-24	6.478775850786097e-14	1.7791425982801385e-14
417.99999999999994	0.	3.890668792598203e-24	6.44584789404358e-14	1.7750678619439862e-14
419.	0.	3.6144441614290214e-24	6.413060276297888e-14	1.7709968276387276e-14
419.99999999999994	0.	3.358071201307989e-24	6.380418546825034e-14	1.76693116574118e-14
421.	0.	3.119576584590507e-24	6.347928170499325e-14	1.7628725416881853e-14
421.99999999999994	0.	2.898393498747658e-24	6.315594523802536e-14	1.7588226146800525e-14
423.	0.	2.6925151661850918e-24	6.28342289100987e-14	1.7547830364123797e-14
424.	0.	2.5013488360948486e-24	6.251418460552053e-14	1.7507554498368018e-14
425.	0.	2.323574411123006e-24	6.219586321553755e-14	1.74674148795153e-14
426.	0.	2.158578921040618e-24	6.187931460536432e-14	1.7427427726190246e-14
426.99999999999994	0.	2.0050183168742294e-24	6.156458758297845e-14	1.7387609134150313e-14
428.	0.	1.862259438955179e-24	6.125172986956519e-14	1.734797506506385e-14
428.99999999999994	0.	1.7303895378239185e-24	6.094078807160484e-14	1.7308541335582e-14
430.	0.	1.6073075458246324e-24	6.063180765462105e-14	1.7269323606716268e-14
430.99999999999994	0.	1.4930842732745408e-24	6.032483291853222e-14	1.7230337373513136e-14
432.	0.	1.3870574965427013e-24	6.001990697458317e-14	1.7191597955026948e-14
432.99999999999994	0.	1.2885576638841202e-24	5.971707172388482e-14	1.715312048460573e-14
434.	0.	1.1969078431085499e-24	5.941636783741854e-14	1.7114919900456384e-14
435.	0.	1.1114236549105062e-24	5.911783473765826e-14	1.707701093654102e-14
436.	0.	1.0328961724363673e-24	5.882151058161063e-14	1.7039408113753366e-14
437.	0.	9.591510325034996e-25	5.852743224535149e-14	1.700212573140579e-14
437.99999999999994	0.	8.909722420247045e-25	5.823563531001427e-14	1.6965177859020843e-14
439.	0.	8.27657231137498e-25	5.794615404917767e-14	1.6928578328419008e-14
439.99999999999994	0.	7.6924541943439e-25	5.765902141764682e-14	1.6892340726108717e-14
441.	0.	7.142730477581918e-25	5.737426904160302e-14	1.6856478385977234e-14
441.99999999999994	0.	6.635218866073041e-25	5.709192721008252e-14	1.6821004382278903e-14
443.	0.	6.1627041809575615e-25	5.681202486775784e-14	1.6785931522919045e-14
444.	0.	5.725473195289482e-25	5.6534589609006753e-14	1.675127234303612e-14
445.	0.	5.316212063625606e-25	5.6259647673227956e-14	1.6717039098876937e-14
446.	0.	4.942778505080684e-25	5.5987223941364806e-14	1.668324376195983e-14
446.99999999999994	0.	4.590173672413889e-25	5.5717341933649105e-14	1.6649898013536036e-14
448.	0.	4.266241572796502e-25	5.5450023808489975e-14	1.661701323933348e-14
448.99999999999994	0.	3.9635293613027093e-25	5.5185290362499665e-14	1.658460052458669e-14
450.	0.	3.682215402260842e-25	5.492316103161766e-14	1.655267064934787e-14
450.99999999999994	0.	3.4224817707852956e-25	5.466365389333251e-14	1.65212340840847e-14
452.	0.	3.176747390748511e-25	5.440678566992974e-14	1.6490300985549918e-14
453.	0.	2.952921126839201e-25	5.4152571732787043e-14	1.6459881192934614e-14
454.	0.	2.7433808326600667e-25	5.3901026107610145e-14	1.6429984224279127e-14
455.	0.	2.5482503145528383e-25	5.365216148067062e-14	1.640061927316602e-14
455.99999999999994	0.	2.367656324974568e-25	5.340598920596767e-14	1.6371795205676563e-14
457.	0.	2.2017287269588107e-25	5.316251931328121e-14	1.6343520557607237e-14
457.99999999999994	0.	2.0426832810123078e-25	5.292176051708882e-14	1.6315803531942333e-14
459.	0.	1.898521484617572e-25	5.268372022635837e-14	1.628865199659264e-14
459.99999999999994	0.	1.7614122448772863e-25	5.244840455512664e-14	1.6262073482376848e-14
461.	0.	1.6394146743527285e-25	5.2215818333866804e-14	1.6236075181252905e-14
461.99999999999994	0.	1.5246498951312173e-25	5.198596512164249e-14	1.6210663944802255e-14
463.	0.	1.4171843890674036e-25	5.1758847218960995e-14	1.6185846282946277e-14
464.	0.	1.31708647438068e-25	5.1534465681329224e-14	1.6161628362899582e-14
465.	0.	1.2244263861828697e-25	5.13128203335157e-14	1.613801600836674e-14
466.	0.	1.1392763563199684e-25	5.109390978442261e-14	1.6115014698956372e-14
466.99999999999994	0.	1.0535436871283693e-25	5.087773144260739e-14	1.6092629569830265e-14
468.	0.	9.836091137021624e-26	5.0664281532363225e-14	1.607086541156232e-14
468.99999999999994	0.	9.13186726156424e-26	5.045355511040423e-14	1.6049726670226938e-14
470.	0.	8.505232263893306e-26	5.0245546083068865e-14	1.6029217447693184e-14
470.99999999999994	0.	7.874121168473109e-26	5.004024722402717e-14	1.6009341502124132e-14
472.	0.	7.321634451854701e-26	4.9837650192506464e-14	1.599010224869013e-14
473.	0.	6.765108405182724e-26	4.963774555194795e-14	1.5971502760471794e-14
474.	0.	6.288296318189727e-26	4.9440522789119433e-14	1.595354576956423e-14
475.	0.	5.892091909416726e-26	4.924597033364073e-14	1.593623366837225e-14
475.99999999999994	0.	5.492909222347014e-26	4.905407557787953e-14	1.5919568511086782e-14
477.	0.	5.090680758188849e-26	4.8864824897239326e-14	1.5903552015352027e-14
477.99999999999994	0.	4.6853376428891567e-26	4.86782036707522e-14	1.5888185564098663e-14
479.	0.	4.3623458448877017e-26	4.849419630202724e-14	1.5873470207562983e-14
479.99999999999994	0.	4.12269358450244e-26	4.8312786240467304e-14	1.585940666546606e-14
481.	0.	3.794902700035089e-26	4.813395600275908e-14	1.5845995329357612e-14
481.99999999999994	0.	3.5510620841752276e-26	4.7957687194628644e-14	1.5833236265124552e-14
483.	0.	3.305238254376552e-26	4.7783960532806714e-14	1.5821129215648925e-14
484.	0.	3.0573864249130237e-26	4.761275586720842e-14	1.580967360361871e-14
484.99999999999994	0.	2.807461074354535e-26	4.744405220330634e-14	1.5798868534487574e-14
486.	0.	2.6435337549831937e-26	4.7277827724648677e-14	1.5788712799569446e-14
486.99999999999994	0.	2.478219855605698e-26	4.7114059815547706e-14	1.5779204879278332e-14
488.	0.	2.3114881947484504e-26	4.695272508386922e-14	1.5770342946492874e-14
488.99999999999994	0.	2.1433071351199953e-26	4.679379938395163e-14	1.576212487005651e-14
490.	0.	1.9736445961873658e-26	4.663725783959097e-14	1.5754548218394767e-14
491.	0.	1.8024680670049257e-26	4.648307486711529e-14	1.5747610263257595e-14
491.99999999999994	0.	1.7202859870231352e-26	4.633122419848374e-14	1.5741307983568648e-14
492.99999999999994	0.	1.5464059782487282e-26	4.618167890446023e-14	1.5735638069398155e-14
494.	0.	1.4623122839259405e-26	4.603441141776031e-14	1.57305969260274e-14
495.	0.	1.377446878613016e-26	4.588939355622491e-14	1.57261806781243e-14
496.	0.	1.291792910354443e-26	4.574659654597258e-14	1.5722385174014134e-14
496.99999999999994	0.	1.2053333398802679e-26	4.56059910445198e-14	1.5719205990044095e-14
497.99999999999994	0.	1.1180509476440306e-26	4.546754716384884e-14	1.5716638435034626e-14
499.	0.	1.0299283409572165e-26	4.533123449341959e-14	1.5714677554817755e-14
500.	0.	9.409479612156698e-27	4.519702212310738e-14	1.571331813685699e-14
500.99999999999994	0.	8.510920912134345e-27	4.506487866604849e-14	1.5712554714943002e-14
501.99999999999994	0.	8.553857203569669e-27	4.4934772281370974e-14	1.571238157395845e-14
503.	0.	7.64208300632957e-27	4.4806670696830234e-14	1.571279275471867e-14
504.	0.	6.721075018431209e-27	4.4680541231293975e-14	1.571378205886939e-14
505.	0.	6.755759217343901e-27	4.455635081710148e-14	1.5715343053851442e-14
505.99999999999994	0.	5.8207518213212734e-27	4.4434066022253337e-14	1.571746907791643e-14
506.99999999999994	0.	5.8512261678234125e-27	4.4313653072452704e-14	1.572015324520092e-14
508.	0.	4.9017293629305715e-27	4.41950778729612e-14	1.5723388450847254e-14
509.	0.	4.927750306524642e-27	4.407830603025457e-14	1.572716737616492e-14
509.99999999999994	0.	4.954085677406142e-27	4.396330287351377e-14	1.5731482493844718e-14
510.99999999999994	0.	3.9845891487337504e-27	4.385003347588177e-14	1.5736326073202565e-14
512.	0.	4.0061627698594884e-27	4.373846267550467e-14	1.574169018545693e-14
513.	0.	4.027990045230512e-27	4.36285550963691e-14	1.5747566709045977e-14
514.	0.	3.0375536627154217e-27	4.3520275168879874e-14	1.5753947334962658e-14
514.9999999999999	0.	3.054305846852755e-27	4.341358715020624e-14	1.576082357211858e-14
516.	0.	3.071249420799671e-27	4.3308455144382007e-14	1.576818675272971e-14
517.	0.	3.0883846703060922e-27	4.320484312213911e-14	1.5776028037716565e-14
518.	0.	3.1057118323255173e-27	4.310271494047808e-14	1.5784338422120147e-14
518.9999999999999	0.	2.0821540633006135e-27	4.3002034361971685e-14	1.579310874053012e-14
520.	0.	2.093961731578024e-27	4.290276507378142e-14	1.5802329672518096e-14
521.	0.	2.105897619880283e-27	4.280487070640042e-14	1.58119917480803e-14
522.	0.	2.1179617557365778e-27	4.2708314852089024e-14	1.582208535307539e-14
523.	0.	2.130154134043173e-27	4.261306108303258e-14	1.58326007346683e-14
524.	0.	2.142474717076349e-27	4.25190729691939e-14	1.584352800676862e-14
525.	0.	1.0774617172576817e-27	4.242631409584406e-14	1.585485715545627e-14
526.	0.	1.0837500917385707e-27	4.23347480808043e-14	1.5866578044405615e-14
527.	0.	1.0901024142805794e-27	4.224433859136533e-14	1.5878680420294484e-14
527.9999999999999	0.	1.09651860095228e-27	4.2155049360884555e-14	1.5891153918196922e-14
529.	0.	1.1029985516240134e-27	4.206684420506957e-14	1.5903988066961747e-14
530.	0.	1.1095421500055727e-27	4.197968703792444e-14	1.5917172294566176e-14
531.	0.	1.1161492636894335e-27	4.1893541887386034e-14	1.5930695933454542e-14
532.	0.	1.1228197441984978e-27	4.1808372910614307e-14	1.5944548225845896e-14
533.	0.	1.1295534270390923e-27	4.172414440896188e-14	1.5958718329019614e-14
534.	0.	1.1363501317584047e-27	4.1640820842594516e-14	1.5973195320566026e-14
535.	0.	1.1432096620070573e-27	4.15583668447882e-14	1.5987968203611077e-14
536.	0.	1.1501318056064333e-27	4.147674723589139e-14	1.6003025912008213e-14
536.9999999999999	0.	1.1571163346201098e-27	4.139592703692646e-14	1.6018357315487122e-14
538.	0.	1.1641630054304231e-27	4.131587148287436e-14	1.6033951224773127e-14
539.	0.	0.	4.1236546035605634e-14	1.604979639666328e-14
540.	0.	0.	4.115791639646986e-14	1.60658815390601e-14
540.9999999999999	0.	0.	4.107994851855507e-14	1.6082195315967326e-14
542.	0.	0.	4.1002608618583625e-14	1.6098726352432376e-14
543.	0.	0.	4.0925863188487454e-14	1.6115463239449818e-14
544.	0.	0.	4.084967900663193e-14	1.6132394538813507e-14
545.	0.	0.	4.077402314869872e-14	1.614950878791821e-14
545.9999999999999	0.	0.	4.069886299822596e-14	1.6166794504509216e-14
547.	0.	0.	4.062416625682009e-14	1.6184240191382866e-14
548.	0.	0.	4.054990095401448e-14	1.6201834341027334e-14
549.	0.	0.	4.0476035456807416e-14	1.621956544021435e-14
549.9999999999999	0.	0.	4.0402538478852126e-14	1.6237421974527747e-14
551.	0.	0.	4.03293790893138e-14	1.6255392432835355e-14
552.	0.	0.	4.025652672140611e-14	1.6273465311705573e-14
553.	0.	0.	4.0183951180587674e-14	1.6291629119758845e-14
554.	0.	0.	4.011162265243437e-14	1.6309872381959644e-14
554.9999999999999	0.	0.	4.003951171018299e-14	1.632818364384388e-14
556.	0.	0.	3.9967589321961346e-14	1.6346551475686872e-14
557.	0.	0.	3.989582685768762e-14	1.636496447660232e-14
558.	0.	0.	3.9824196095659794e-14	1.6383411278578886e-14
558.9999999999999	0.	0.	3.9752669228822996e-14	1.6401880550448056e-14
560.	0.	0.	3.9681218870735065e-14	1.6420361001788293e-14
561.	0.	0.	3.960981806121748e-14	1.643884138675962e-14
562.	0.	0.	3.953844027170046e-14	1.6457310507869526e-14
563.	0.	0.	3.946705941026412e-14	1.6475757219668874e-14
563.9999999999999	0.	0.	3.9395649826394934e-14	1.6494170432384313e-14
565.	0.	0.	3.9324186315429555e-14	1.6512539115473126e-14
566.	0.	0.	3.925264412271536e-14	1.653085230111114e-14
567.	0.	0.	3.918099894748084e-14	1.6549099087608365e-14
567.9999999999999	0.	0.	3.910922694643224e-14	1.6567268642757875e-14
569.	0.	0.	3.903730473705464e-14	1.6585350207106052e-14
570.	0.	0.	3.896520940064135e-14	1.6603333097153215e-14
571.	0.	0.	3.889291848506636e-14	1.6621206708488023e-14
572.	0.	0.	3.882041000726409e-14	1.663896051883881e-14
572.9999999999999	0.	0.	3.874766245546403e-14	1.6656584091060854e-14
574.	0.	0.	3.8674654791155325e-14	1.6674067076045588e-14
575.	0.	0.	3.86013664508098e-14	1.6691399215563576e-14
576.	0.	0.	3.8527777347330386e-14	1.670857034502397e-14
576.9999999999999	0.	0.	3.845386787127345e-14	1.6725570396169952e-14
578.	0.	0.	3.8379618891822774e-14	1.6742389399699194e-14
579.	0.	0.	3.830501175752415e-14	1.675901748780947e-14
580.	0.	0.	3.823002829677981e-14	1.6775444896670087e-14
581.	0.	0.	3.815465081813144e-14	1.6791661968827124e-14
582.	0.	0.	3.8078862110298226e-14	1.6807659155527416e-14
583.	0.	0.	3.800264544201005e-14	1.6823427018977304e-14
584.	0.	0.	3.7925984561615025e-14	1.683895623452361e-14
585.	0.	0.	3.784886369648648e-14	1.6854237592768464e-14
585.9999999999999	0.	0.	3.777126755220741e-14	1.6869262001603974e-14
587.	0.	0.	3.769318131157705e-14	1.6884020488186832e-14
588.	0.	0.	3.761459063339318e-14	1.6898504200829933e-14
589.	0.	0.	3.7535481651060754e-14	1.69127044108311e-14
589.9999999999999	0.	0.	3.745584097100711e-14	1.692661251422885e-14
591.	0.	0.	3.737565567091441e-14	1.6940220033489562e-14
592.	0.	0.	3.729491329776732e-14	1.695351861912116e-14
593.	0.	0.	3.721360186573351e-14	1.69665000512216e-14
594.	0.	0.	3.71317098538735e-14	1.697915624095786e-14
594.9999999999999	0.	0.	3.7049226203682306e-14	1.6991479231976184e-14
596.	0.	0.	3.696614031647184e-14	1.7003461201744088e-14
597.	0.	0.	3.6882442050599254e-14	1.7015094462827375e-14
598.	0.	0.	3.679812171853908e-14	1.7026371464097682e-14
598.9999999999999	0.	0.	3.671317008381262e-14	1.703728479187654e-14
600.	0.	0.	3.662757835777287e-14	1.704782717101308e-14
601.	0.	0.	3.654133819625131e-14	1.7057991465897206e-14
602.	0.	0.	3.645444169607396e-14	1.7067770681409515e-14
603.	0.	0.	3.63668813914366e-14	1.7077157963803627e-14
603.9999999999999	0.	0.	3.6278650250173435e-14	1.70861466015328e-14
605.	0.	0.	3.618974166988979e-14	1.7094730026008656e-14
606.	0.	0.	3.6100149473983406e-14	1.710290181230067e-14
607.	0.	0.	3.600986790755294e-14	1.7110655679773876e-14
607.9999999999999	0.	0.	3.59188916332043e-14	1.711798549267031e-14
609.	0.	0.	3.5827215726742135e-14	1.7124885260625906e-14
610.	0.	0.	3.57348356727679e-14	1.713134913913134e-14
611.	0.	0.	3.564174736018451e-14	1.7137371429937174e-14
612.	0.	0.	3.554794707760665e-14	1.7142946581399575e-14
612.9999999999999	0.	0.	3.545343150867798e-14	1.7148069188768775e-14
614.	0.	0.	3.5358197727317925e-14	1.7152733994426923e-14
615.	0.	0.	3.526224319287388e-14	1.7156935888065808e-14
616.	0.	0.	3.516556574521074e-14	1.7160669906815918e-14
616.9999999999999	0.	0.	3.5068163599716324e-14	1.7163931235317923e-14
618.	0.	0.	3.4970035342247103e-14	1.7166715205745055e-14
619.	0.	0.	3.48711799240083e-14	1.7169017297775174e-14
620.	0.	0.	3.477159665636712e-14	1.7170833138508276e-14
621.	0.	0.	3.467128520561588e-14	1.7172158502338888e-14
621.9999999999999	0.	0.	3.4570245587677164e-14	1.7172989310777196e-14
623.	0.	0.	3.446847816275809e-14	1.717332163222236e-14
624.	0.	0.	3.436598362996194e-14	1.7173151681690726e-14
625.	0.	0.	3.4262763021853516e-14	1.717247582049647e-14
625.9999999999999	0.	0.	3.4158817698981124e-14	1.7171290555886143e-14
627.	0.	0.	3.4054149344370105e-14	1.7169592540631706e-14
628.	0.	0.	3.3948759957973106e-14	1.7167378572576418e-14
629.	0.	0.	3.384265185109819e-14	1.7164645594141893e-14
629.9999999999999	0.	0.	3.373582764080554e-14	1.7161390691790777e-14
630.9999999999999	0.	0.	3.362829024427624e-14	1.715761109544795e-14
632.	0.	0.	3.3520042873170784e-14	1.7153304177886247e-14
633.	0.	0.	3.3411089027955955e-14	1.714846745406658e-14
634.	0.	0.	3.330143249222597e-14	1.714309858044532e-14
634.9999999999999	0.	0.	3.319107732700933e-14	1.7137195354242694e-14
636.	0.	0.	3.3080027865059635e-14	1.7130755712671957e-14
637.	0.	0.	3.296828870514647e-14	1.7123777732137135e-14
638.	0.	0.	3.285586470633912e-14	1.711625962739359e-14
638.9999999999999	0.	0.	3.274276098229032e-14	1.7108199750676423e-14
640.	0.	0.	3.2628982895513034e-14	1.7099596590792177e-14
641.	0.	0.	3.2514536051673326e-14	1.7090448772184522e-14
642.	0.	0.	3.239942629387689e-14	1.708075505396328e-14
643.	0.	0.	3.228365969696725e-14	1.707051432890365e-14
643.9999999999999	0.	0.	3.216724256184031e-14	1.705972562242101e-14
645.	0.	0.	3.205018140976191e-14	1.7048388091510822e-14
646.	0.	0.	3.1932482976706544e-14	1.7036501023663714e-14
647.	0.	0.	3.1814154207708057e-14	1.7024063835752713e-14
647.9999999999999	0.	0.	3.1695202251237045e-14	1.7011076072896248e-14
649.	0.	0.	3.1575634453587245e-14	1.6997537407292254e-14
650.	0.	0.	3.14554583532994e-14	1.6983447637032152e-14
651.	0.	0.	3.13346816755955e-14	1.696880668488639e-14
652.	0.	0.	3.121331232685083e-14	1.695361459707204e-14
652.9999999999999	0.	0.	3.10913583890879e-14	1.693787154199395e-14
654.	0.	0.	3.0968828114503945e-14	1.6921577808967798e-14
655.	0.	0.	3.084572992002947e-14	1.6904733806921638e-14
656.	0.	0.	3.0722072381921163e-14	1.6887340063077564e-14
656.9999999999999	0.	0.	3.059786423038669e-14	1.686939722161414e-14
658.	0.	0.	3.0473114344250016e-14	1.6850906042311896e-14
659.	0.	0.	3.034783174565494e-14	1.6831867399180646e-14
660.	0.	0.	3.0222025594806093e-14	1.6812282279071396e-14
661.	0.	0.	3.0095705184751176e-14	1.679215178026992e-14
661.9999999999999	0.	0.	2.996887993620649e-14	1.6771477111077847e-14
663.	0.	0.	2.984155939242818e-14	1.6750259588378995e-14
664.	0.	0.	2.9713753214124416e-14	1.6728500636190802e-14
665.	0.	0.	2.9585471174416734e-14	1.6706201784204317e-14
665.9999999999999	0.	0.	2.9456723153845785e-14	1.6683364666310406e-14
667.	0.	0.	2.9327519135429354e-14	1.6659991019116703e-14
668.	0.	0.	2.919786919976726e-14	1.663608268045195e-14
669.	0.	0.	2.906778352019658e-14	1.661164158786089e-14
670.	0.	0.	2.8937272357998994e-14	1.6586669777089897e-14
670.9999999999999	0.	0.	2.880634605766114e-14	1.656116938056426e-14
672.	0.	0.	2.86750150421859e-14	1.653514262585542e-14
673.	0.	0.	2.854328980846125e-14	1.6508591834143814e-14
674.	0.	0.	2.8411180922680074e-14	1.6481519418672875e-14
674.9999999999999	0.	0.	2.827869901581791e-14	1.6453927883196466e-14
676.	0.	0.	2.814585477916719e-14	1.6425819820423345e-14
677.	0.	0.	2.801265895992541e-14	1.6397197910452812e-14
678.	0.	0.	2.787912235684586e-14	1.6368064919210633e-14
678.9999999999999	0.	0.	2.7745255815941898e-14	1.6338423696877183e-14
679.9999999999999	0.	0.	2.761107022625134e-14	1.6308277176314647e-14
681.	0.	0.	2.747657651566207e-14	1.6277628371491516e-14
682.	0.	0.	2.73417856467933e-14	1.6246480375903546e-14
683.	0.	0.	2.7206708612940526e-14	1.6214836360995354e-14
683.9999999999999	0.	0.	2.7071356434080376e-14	1.6182699574580106e-14
685.	0.	0.	2.693574015293296e-14	1.6150073339258113e-14
686.	0.	0.	2.6799870831090786e-14	1.6116961050837125e-14
687.	0.	0.	2.6663759545203596e-14	1.6083366176751688e-14
687.9999999999999	0.	0.	2.6527417383230243e-14	1.604929225448516e-14
688.9999999999999	0.	0.	2.6390855440747628e-14	1.601474288999229e-14
690.	0.	0.	2.6254084817324652e-14	1.5979721756123823e-14
691.	0.	0.	2.6117116612959453e-14	1.5944232591055574e-14
692.	0.	0.	2.5979961924574532e-14	1.5908279196717943e-14
692.9999999999999	0.	0.	2.5842631842579502e-14	1.5871865437230194e-14
694.	0.	0.	2.5705137447492677e-14	1.5834995237339965e-14
695.	0.	0.	2.556748980662915e-14	1.5797672580865032e-14
696.	0.	0.	2.5429699970847023e-14	1.5759901509141282e-14
696.9999999999999	0.	0.	2.5291778971359774e-14	1.5721686119475042e-14
698.	0.	0.	2.515373781660908e-14	1.5683030563602285e-14
699.	0.	0.	2.5015587489201223e-14	1.5643939046152305e-14
700.	0.	0.	2.4877338942909155e-14	1.560441582312056e-14
701.	0.	0.	2.473900309972853e-14	1.5564465200344296e-14
701.9999999999999	0.	0.	2.4600590847004238e-14	1.552409153198894e-14
703.	0.	0.	2.4462113034615405e-14	1.5483299219040562e-14
704.	0.	0.	2.4323580472223945e-14	1.5442092707806492e-14
705.	0.	0.	2.4185003926579595e-14	1.5400476488423228e-14
705.9999999999999	0.	0.	2.404639411889605e-14	1.5358455093375396e-14
707.	0.	0.	2.3907761722279507e-14	1.5316033096020922e-14
708.	0.	0.	2.3769117359221164e-14	1.5273215109126524e-14
709.	0.	0.	2.3630471599152384e-14	1.523000578341352e-14
710.	0.	0.	2.3491834956057532e-14	1.5186409806111806e-14
710.9999999999999	0.	0.	2.3353217886147774e-14	1.5142431899525443e-14
712.	0.	0.	2.321463078559488e-14	1.509807681960794e-14
713.	0.	0.	2.307608398832534e-14	1.5053349354547875e-14
714.	0.	0.	2.293758776387039e-14	1.5008254323366286e-14
714.9999999999999	0.	0.	2.2799152315278042e-14	1.496279657452454e-14
716.	0.	0.	2.2660787777080175e-14	1.491698098454327e-14
717.	0.	0.	2.252250421332158e-14	1.4870812456634476e-14
718.	0.	0.	2.2384311615641435e-14	1.4824295919344034e-14
719.	0.	0.	2.2246219901416922e-14	1.4777436325206923e-14
719.9999999999999	0.	0.	2.210823891195628e-14	1.4730238649413817e-14
721.	0.	0.	2.1970378410757423e-14	1.4682707888492702e-14
722.	0.	0.	2.183264808181132e-14	1.4634849058999205e-14
723.	0.	0.	2.1695057527969387e-14	1.4586667196223768e-14
723.9999999999999	0.	0.	2.1557616269360385e-14	1.453816735290964e-14
725.	0.	0.	2.1420333741862815e-14	1.4489354597984135e-14
726.	0.	0.	2.1283219295629647e-14	1.4440234015303894e-14
727.	0.	0.	2.1146282193668388e-14	1.43908107024143e-14
727.9999999999999	0.	0.	2.1009531610471147e-14	1.43410897693206e-14
728.9999999999999	0.	0.	2.0872976630696166e-14	1.429107633727486e-14
730.	0.	0.	2.0736626247904787e-14	1.424077553757616e-14
731.	0.	0.	2.060048936334223e-14	1.4190192510383958e-14
732.	0.	0.	2.046457478477554e-14	1.4139332403547196e-14
732.9999999999999	0.	0.	2.0328891225375135e-14	1.4088200371447115e-14
734.	0.	0.	2.0193447302649593e-14	1.4036801573853826e-14
735.	0.	0.	2.005825153742719e-14	1.398514117479853e-14
736.	0.	0.	1.9923312352883088e-14	1.3933224341459478e-14
736.9999999999999	0.	0.	1.9788638073617196e-14	1.3881056243062983e-14
737.9999999999999	0.	0.	1.965423692477642e-14	1.3828642049799474e-14
739.	0.	0.	1.9520117031222773e-14	1.3775986931753626e-14
740.	0.	0.	1.938628641674779e-14	1.3723096057850209e-14
741.	0.	0.	1.9252753003330242e-14	1.3669974594814582e-14
741.9999999999999	0.	0.	1.9119524610438402e-14	1.3616627706148061e-14
743.	0.	0.	1.8986608954376527e-14	1.3563060551118954e-14
744.	0.	0.	1.8854013647672647e-14	1.3509278283767476e-14
745.	0.	0.	1.8721746198509753e-14	1.3455286051927703e-14
745.9999999999999	0.	0.	1.8589814010194792e-14	1.3401088996262279e-14
746.9999999999999	0.	0.	1.8458224380676267e-14	1.3346692249315334e-14
748.	0.	0.	1.8326984502092567e-14	1.3292100934577791e-14
749.	0.	0.	1.8196101460367e-14	1.3237320165569849e-14
750.	0.	0.	1.806558223483736e-14	1.318235504493712e-14
750.9999999999999	0.	0.	1.793543369792599e-14	1.3127210663564137e-14
752.	0.	0.	1.780566261484648e-14	1.3071892099700976e-14
753.	0.	0.	1.7676275643347577e-14	1.3016404418106715e-14
754.	0.	0.	1.7547279333493257e-14	1.2960752669206733e-14
754.9999999999999	0.	0.	1.7418680127478973e-14	1.2904941888267326e-14
756.	0.	0.	1.7290484359479787e-14	1.284897709458234e-14
757.	0.	0.	1.7162698255538736e-14	1.2792863290679057e-14
758.	0.	0.	1.7035327933483704e-14	1.2736605461535247e-14
759.	0.	0.	1.6908379402878442e-14	1.268020857381399e-14
759.9999999999999	0.	0.	1.67818585650087e-14	1.262367757511325e-14
761.	0.	0.	1.665577121289576e-14	1.2567017393228917e-14
762.	0.	0.	1.6530123031344694e-14	1.2510232935434945e-14
763.	0.	0.	1.6404919597021967e-14	1.2453329087777009e-14
763.9999999999999	0.	0.	1.6280166378562234e-14	1.2396310714381626e-14
765.	0.	0.	1.615586873670386e-14	1.2339182656780177e-14
766.	0.	0.	1.6032031924457095e-14	1.2281949733247717e-14
767.	0.	0.	1.590866108729365e-14	1.2224616738155848e-14
768.	0.	0.	1.5785761263369658e-14	1.216718844134159e-14
768.9999999999999	0.	0.	1.5663337383770665e-14	1.2109669587489502e-14
770.	0.	0.	1.5541394272788332e-14	1.2052064895529292e-14
771.	0.	0.	1.5419936648215552e-14	1.1994379058046891e-14
772.	0.	0.	1.5298969121673222e-14	1.1936616740711555e-14
772.9999999999999	0.	0.	1.5178496198956985e-14	1.1878782581714965e-14
774.	0.	0.	1.5058522280409026e-14	1.1820881191226625e-14
775.	0.	0.	1.493905166131383e-14	1.1762917150862143e-14
776.	0.	0.	1.482008853231506e-14	1.170489501316595e-14
776.9999999999999	0.	0.	1.470163697985628e-14	1.164681930110812e-14
777.9999999999999	0.	0.	1.458370098664023e-14	1.1588694507594392e-14
779.	0.	0.	1.4466284432111877e-14	1.1530525094990643e-14
780.	0.	0.	1.4349391092960176e-14	1.1472315494660975e-14
781.	0.	0.	1.423302464364026e-14	1.1414070106518278e-14
781.9999999999999	0.	0.	1.4117188656913191e-14	1.1355793298589959e-14
783.	0.	0.	1.4001886604406686e-14	1.129748940659526e-14
784.	0.	0.	1.388712185719169e-14	1.1239162733537071e-14
785.	0.	0.	1.3772897686378289e-14	1.1180817549306298e-14
785.9999999999999	0.	0.	1.3659217263727731e-14	1.1122458090299221e-14
786.9999999999999	0.	0.	1.3546083662279426e-14	1.1064088559047862e-14
788.	0.	0.	1.3433499856997705e-14	1.1005713123862824e-14
789.	0.	0.	1.332146872542981e-14	1.0947335918489652e-14
790.	0.	0.	1.3209993048381852e-14	1.0888961041776309e-14
790.9999999999999	0.	0.	1.3099075510606322e-14	1.0830592557354334e-14
792.	0.	0.	1.2988718701507023e-14	1.0772234493331798e-14
793.	0.	0.	1.2878925115854e-14	1.0713890841998018e-14
794.	0.	0.	1.2769697154513807e-14	1.0655565559541043e-14
794.9999999999999	0.	0.	1.2661037125190953e-14	1.0597262565776922e-14
795.9999999999999	0.	0.	1.2552947243181011e-14	1.0538985743889762e-14
797.	0.	0.	1.244542963213686e-14	1.0480738940185181e-14
798.	0.	0.	1.2338486324843905e-14	1.0422525963853492e-14
799.	0.	0.	1.223211926400777e-14	1.0364350586745574e-14
799.9999999999999	0.	0.	1.2126330303050904e-14	1.0306216543159658e-14
801.	0.	0.	1.2021121206918737e-14	1.0248127529638683e-14
802.	0.	0.	1.1916493652896187e-14	1.0190087204779535e-14
803.	0.	0.	1.1812449231432152e-14	1.0132099189052361e-14
803.9999999999999	0.	0.	1.1708989446972313e-14	1.0074167064631338e-14
804.9999999999999	0.	0.	1.1606115718799594e-14	1.0016294375235522e-14
806.	0.	0.	1.1503829381884903e-14	9.95848462598017e-15
807.	0.	0.	1.140213168774035e-14	9.900741283238605e-15
808.	0.	0.	1.1301023805283006e-14	9.843067774514348e-15
808.9999999999999	0.	0.	1.1200506821703382e-14	9.78546748832314e-15
810.	0.	0.	1.1100581743340973e-14	9.727943774084677e-15
811.	0.	0.	1.1001249496563919e-14	9.670499942024378e-15
812.	0.	0.	1.0902510928655228e-14	9.613139263084975e-15
812.9999999999999	0.	0.	1.0804366808701443e-14	9.555864968847222e-15
814.	0.	0.	1.0706817828492026e-14	9.498680251460128e-15
815.	0.	0.	1.0609864603412929e-14	9.441588263580293e-15
816.	0.	0.	1.0513507673354352e-14	9.384592118320883e-15
816.9999999999999	0.	0.	1.0417747503613909e-14	9.327694889208604e-15
817.9999999999999	0.	0.	1.0322584485808879e-14	9.270899610150407e-15
819.	0.	0.	1.0228018938785717e-14	9.214209275408314e-15
820.	0.	0.	1.0134051109537194e-14	9.15762683958277e-15
821.	0.	0.	1.0040681174118047e-14	9.101155217605074e-15
821.9999999999999	0.	0.	9.947909238565072e-15	9.044797284737098e-15
823.	0.	0.	9.855735339815512e-15	8.988555876579606e-15
824.	0.	0.	9.764159446631455e-15	8.932433789088937e-15
825.	0.	0.	9.673181460519602e-15	8.876433778600744e-15
825.9999999999999	0.	0.	9.58280121665628e-15	8.82055856186232e-15
826.9999999999999	0.	0.	9.493018484810742e-15	8.764810816071345e-15
828.	0.	0.	9.403832970268258e-15	8.709193178923462e-15
829.	0.	0.	9.315244314754723e-15	8.653708248666075e-15
830.	0.	0.	9.227252097359605e-15	8.59835858416011e-15
830.9999999999999	0.	0.	9.139855835456931e-15	8.543146704947708e-15
832.	0.	0.	9.053054985629527e-15	8.488075091328413e-15
833.	0.	0.	8.966848944587854e-15	8.43314618444051e-15
834.	0.	0.	8.881237050088984e-15	8.378362386350418e-15
834.9999999999999	0.	0.	8.796218581854622e-15	8.323726060147325e-15
835.9999999999999	0.	0.	8.711792762486345e-15	8.269239530045371e-15
837.	0.	0.	8.627958758378755e-15	8.214905081490962e-15
838.	0.	0.	8.544715680631294e-15	8.160724961277283e-15
839.	0.	0.	8.46206258595663e-15	8.106701377663909e-15
839.9999999999999	0.	0.	8.379998477586379e-15	8.052836500502862e-15
841.	0.	0.	8.298522306175035e-15	7.999132461369973e-15
842.	0.	0.	8.217632970697682e-15	7.945591353702361e-15
843.	0.	0.	8.13732931934939e-15	7.892215232940929e-15
843.9999999999999	0.	0.	8.057610150436179e-15	7.83900611667839e-15
844.9999999999999	0.	0.	7.978474213265772e-15	7.785965984812487e-15
846.	0.	0.	7.899920209032833e-15	7.733096779704557e-15
847.	0.	0.	7.821946791699485e-15	7.680400406342712e-15
848.	0.	0.	7.744552568875425e-15	7.627878732510225e-15
848.9999999999999	0.	0.	7.667736102687305e-15	7.575533588958308e-15
850.	0.	0.	7.591495910651704e-15	7.523366769584042e-15
851.	0.	0.	7.515830466534468e-15	7.471380031612059e-15
852.	0.	0.	7.44073820121391e-15	7.4195750957817e-15
852.9999999999999	0.	0.	7.366217503533004e-15	7.367953646536975e-15
853.9999999999999	0.	0.	7.292266721148673e-15	7.316517332222311e-15
855.	0.	0.	7.218884161376468e-15	7.26526776528102e-15
856.	0.	0.	7.146068092028741e-15	7.21420652245861e-15
857.	0.	0.	7.073816742248121e-15	7.163335145009251e-15
857.9999999999999	0.	0.	7.002128303336114e-15	7.11265513890654e-15
859.	0.	0.	6.931000929573221e-15	7.0621679750573065e-15
860.	0.	0.	6.8604327390372596e-15	7.011875089519334e-15
861.	0.	0.	6.790421814411674e-15	6.961777883722397e-15
861.9999999999999	0.	0.	6.720966203792451e-15	6.9118777246922995e-15
863.	0.	0.	6.652063921483813e-15	6.862175945278501e-15
864.	0.	0.	6.583712948792178e-15	6.812673844384441e-15
865.	0.	0.	6.515911234812026e-15	6.7633726872010525e-15
865.9999999999999	0.	0.	6.448656697203641e-15	6.714273705443208e-15
866.9999999999999	0.	0.	6.381947222967854e-15	6.665378097588457e-15
868.	0.	0.	6.315780669212942e-15	6.616687029119258e-15
869.	0.	0.	6.250154863912525e-15	6.5682016327668565e-15
870.	0.	0.	6.18506760666173e-15	6.519923008758235e-15
870.9999999999999	0.	0.	6.1205166694207735e-15	6.47185222506542e-15
872.	0.	0.	6.056499797257301e-15	6.423990317656617e-15
873.	0.	0.	5.993014709077879e-15	6.376338290750046e-15
874.	0.	0.	5.930059098355544e-15	6.328897117069705e-15
874.9999999999999	0.	0.	5.867630633846595e-15	6.281667738102731e-15
875.9999999999999	0.	0.	5.805726960304242e-15	6.234651064359414e-15
877.	0.	0.	5.744345699184139e-15	6.187847975634355e-15
878.	0.	0.	5.683484449341363e-15	6.141259321269859e-15
879.	0.	0.	5.623140787721512e-15	6.094885920420499e-15
879.9999999999999	0.	0.	5.5633122700439455e-15	6.048728562319828e-15
881.	0.	0.	5.503996431478925e-15	6.002788006547832e-15
882.	0.	0.	5.445190787316168e-15	5.9570649833005685e-15
883.	0.	0.	5.386892833627617e-15	5.911560193660375e-15
883.9999999999999	0.	0.	5.3291000479203786e-15	5.8662743098679634e-15
884.9999999999999	0.	0.	5.271809889786348e-15	5.821207975595153e-15
886.	0.	0.	5.2150198015397186e-15	5.776361806218969e-15
887.	0.	0.	5.158727208851125e-15	5.731736389096632e-15
888.	0.	0.	5.1029295213722476e-15	5.687332283841504e-15
888.9999999999999	0.	0.	5.0476241333535706e-15	5.643150022599906e-15
890.	0.	0.	4.992808424255807e-15	5.5991901103284605e-15
891.	0.	0.	4.938479759350544e-15	5.555453025072614e-15
892.	0.	0.	4.884635490318158e-15	5.511939218245433e-15
892.9999999999999	0.	0.	4.83127295583498e-15	5.468649114906863e-15
893.9999999999999	0.	0.	4.778389482153441e-15	5.425583114043805e-15
895.	0.	0.	4.725982383676612e-15	5.382741588850529e-15
896.	0.	0.	4.674048963522777e-15	5.340124887009137e-15
897.	0.	0.	4.6225865140852344e-15	5.2977333309707994e-15
897.9999999999999	0.	0.	4.571592317581792e-15	5.255567218236875e-15
899.	0.	0.	4.5210636465997005e-15	5.213626821640069e-15
900.	0.	0.	4.470997764631213e-15	5.171912389626367e-15
901.	0.	0.	4.421391926602942e-15	5.1304241465360505e-15
901.9999999999999	0.	0.	4.3722433793967096e-15	5.089162292885695e-15
902.9999999999999	0.	0.	4.323549362364156e-15	5.048127005649071e-15
904.	0.	0.	4.275307107833538e-15	5.0073184385388006e-15
905.	0.	0.	4.2275138416093725e-15	4.966736722287316e-15
906.	0.	0.	4.18016678346405e-15	4.926381964927645e-15
906.9999999999999	0.	0.	4.133263147623958e-15	4.8862542520740195e-15
908.	0.	0.	4.086800143245613e-15	4.846353647202056e-15
909.	0.	0.	4.0407749748878716e-15	4.806680191928388e-15
910.	0.	0.	3.995184842973771e-15	4.76723390629032e-15
910.9999999999999	0.	0.	3.9500269442486145e-15	4.728014789024174e-15
911.9999999999999	0.	0.	3.905298472226236e-15	4.68902281784383e-15
913.	0.	0.	3.860996617633412e-15	4.650257949718421e-15
914.	0.	0.	3.817118568844301e-15	4.611720121149114e-15
914.9999999999999	0.	0.	3.773661512306791e-15	4.5734092484454514e-15
915.9999999999999	0.	0.	3.730622632965151e-15	4.535325228000997e-15
917.	0.	0.	3.687999114673456e-15	4.497467936568034e-15
918.	0.	0.	3.645788140602155e-15	4.459837231531499e-15
919.	0.	0.	3.6039868936379064e-15	4.422432951182101e-15
919.9999999999999	0.	0.	3.562592556778255e-15	4.385254914988324e-15
921.	0.	0.	3.521602313516955e-15	4.3483029238678406e-15
922.	0.	0.	3.4810133482234197e-15	4.311576760457479e-15
923.	0.	0.	3.4408228465173373e-15	4.275076189382665e-15
923.9999999999999	0.	0.	3.401027995633389e-15	4.2388009575252495e-15
924.9999999999999	0.	0.	3.361625984781086e-15	4.202750794290811e-15
926.	0.	0.	3.3226140054997156e-15	4.166925411874351e-15
927.	0.	0.	3.2839892520027692e-15	4.131324505525029e-15
928.	0.	0.	3.2457489215187522e-15	4.095947753809654e-15
928.9999999999999	0.	0.	3.2078902146258505e-15	4.060794818875062e-15
930.	0.	0.	3.1704103355770294e-15	4.025865346708977e-15
931.	0.	0.	3.1333064926244155e-15	3.991158967399856e-15
932.	0.	0.	3.096575898330384e-15	3.956675295395044e-15
932.9999999999999	0.	0.	3.0602157698781417e-15	3.9224139297580964e-15
933.9999999999999	0.	0.	3.0242233293732148e-15	3.888374454424143e-15
935.	0.	0.	2.9885958041401886e-15	3.854556438454208e-15
936.	0.	0.	2.953330427011716e-15	3.820959436288131e-15
937.	0.	0.	2.9184244366137927e-15	3.78758298799559e-15
937.9999999999999	0.	0.	2.8838750776421345e-15	3.75442661952623e-15
939.	0.	0.	2.849679601136121e-15	3.721489842957849e-15
940.	0.	0.	2.8158352647434254e-15	3.6887721567431726e-15
941.	0.	0.	2.782339332982149e-15	3.656273045955073e-15
941.9999999999999	0.	0.	2.7491890774933536e-15	3.623991982530368e-15
942.9999999999999	0.	0.	2.7163817772913552e-15	3.5919284255116704e-15
944.	0.	0.	2.6839147190077453e-15	3.560081821287939e-15
945.	0.	0.	2.6517851971269703e-15	3.5284516038332314e-15
946.	0.	0.	2.6199905142203456e-15	3.497037194943834e-15
946.9999999999999	0.	0.	2.5885279811718673e-15	3.4658380044738667e-15
948.	0.	0.	2.557394917399899e-15	3.43485343056877e-15
949.	0.	0.	2.5265886510728944e-15	3.4040828598975713e-15
950.	0.	0.	2.4961065193201266e-15	3.3735256678831843e-15
950.9999999999999	0.	0.	2.4659458684363788e-15	3.3431812189309832e-15
951.9999999999999	0.	0.	2.436104054082946e-15	3.313048866655654e-15
953.	0.	0.	2.406578441482874e-15	3.283127954106211e-15
954.	0.	0.	2.3773664056099335e-15	3.2534178139894478e-15
954.9999999999999	0.	0.	2.3484653313732464e-15	3.223917768891204e-15
955.9999999999999	0.	0.	2.319872613799324e-15	3.194627131496321e-15
957.	0.	0.	2.2915856582048687e-15	3.1655452048062968e-15
958.	0.	0.	2.2636018803681243e-15	3.1366712823554202e-15
959.	0.	0.	2.2359187066942382e-15	3.108004648425049e-15
959.9999999999999	0.	0.	2.2085335743750164e-15	3.0795445782559555e-15
960.9999999999999	0.	0.	2.181443931546463e-15	3.0512903382587586e-15
962.	0.	0.	2.1546472374387368e-15	3.0232411862226456e-15
963.	0.	0.	2.1281409625240044e-15	2.9953963715221607e-15
963.9999999999999	0.	0.	2.1019225886578005e-15	2.967755135322114e-15
964.9999999999999	0.	0.	2.0759896092183577e-15	2.9403167107805426e-15
966.	0.	0.	2.0503395292378225e-15	2.91308032324993e-15
967.	0.	0.	2.0249698655341782e-15	2.8860451904763755e-15
968.	0.	0.	1.9998781468338965e-15	2.859210522796937e-15
968.9999999999999	0.	0.	1.975061913893664e-15	2.8325755233351236e-15
969.9999999999999	0.	0.	1.95051871961687e-15	2.8061393881943266e-15
971.	0.	0.	1.9262461291654167e-15	2.779901306649486e-15
972.	0.	0.	1.9022417200693077e-15	2.7538604613368002e-15
972.9999999999999	0.	0.	1.878503082329588e-15	2.7280160284414874e-15
973.9999999999999	0.	0.	1.855027818519599e-15	2.702367177883577e-15
975.	0.	0.	1.8318135438817477e-15	2.676913073501941e-15
976.	0.	0.	1.808857886419505e-15	2.6516528732362986e-15
977.	0.	0.	1.7861584869872054e-15	2.626585729307244e-15
977.9999999999999	0.	0.	1.7637129993747868e-15	2.6017107883944544e-15
979.	0.	0.	1.7415190903899203e-15	2.577027191812957e-15
980.	0.	0.	1.7195744399351208e-15	2.552534075687397e-15
980.9999999999999	0.	0.	1.6978767410833978e-15	2.5282305711244786e-15
982.	0.	0.	1.6764237001484187e-15	2.50411580438344e-15
982.9999999999999	0.	0.	1.6552130367521015e-15	2.4801888970446103e-15
983.9999999999999	0.	0.	1.6342424838894488e-15	2.4564489661760718e-15
985.	0.	0.	1.6135097879887063e-15	2.4328951244982788e-15
985.9999999999999	0.	0.	1.5930127089693463e-15	2.4095264805471237e-15
987.	0.	0.	1.572749020295944e-15	2.3863421388345827e-15
988.	0.	0.	1.552716509029177e-15	2.3633412000078386e-15
988.9999999999999	0.	0.	1.5329129758753263e-15	2.340522761006505e-15
990.	0.	0.	1.5133362352297208e-15	2.317885915217613e-15
990.9999999999999	0.	0.	1.4939841152186256e-15	2.2954297526290572e-15
992.	0.	0.	1.4748544577393894e-15	2.273153359981049e-15
993.	0.	0.	1.4559451184955874e-15	2.2510558209155913e-15
993.9999999999999	0.	0.	1.4372539670307921e-15	2.229136216124252e-15
995.	0.	0.	1.4187788867583841e-15	2.207393623493823e-15
995.9999999999999	0.	0.	1.4005177749893556e-15	2.1858271182504438e-15
997.	0.	0.	1.3824685429573851e-15	2.164435773101526e-15
998.	0.	0.	1.3646291158408504e-15	2.1432186583760884e-15
998.9999999999999	0.	0.	1.3469974327824503e-15	2.122174842163098e-15
1000.	0.	0.	1.3295714469065452e-15	2.1013033904479734e-15