0.	0.	0.	0.	0.
1.	1.1669188178598355e-8	1.9668554619153904e-10	2.0388331213103795e-13	2.0423453734582235e-16
2.	1.496609676987124e-9	7.611607139216427e-10	8.184424757257157e-13	8.212700758779273e-16
3.	8.332595069061155e-11	1.654160593868102e-9	1.8461759428582246e-12	1.8557696414699025e-15
4.	3.133907571110426e-12	2.835828086580816e-9	3.2872182013219125e-12	3.3100567364983957e-15
5.	9.295305255031075e-14	4.266383136814206e-9	5.13949643228326e-12	5.184252759480419e-15
6.	2.3433476463203068e-15	5.906699942605549e-9	7.398888978899786e-12	7.476417584793917e-15
7.	5.240271666594789e-17	7.71879574084706e-9	1.0059384218218351e-11	1.0182691931748476e-14
8.	1.0683037025833956e-18	9.666235893479985e-9	1.3113238602352785e-11	1.3297440308610921e-14
9.	2.008434084787069e-20	1.1714460814872396e-8	1.6551132794042537e-11	1.681339346105828e-14
10.	0.	1.3831040834165484e-8	2.0362324967196546e-11	2.0721789386736028e-14
11.	0.	1.5985865416186077e-8	2.453480047585055e-11	2.5012512098903103e-14
12.	0.	1.815127330747932e-8	2.9055417215982614e-11	2.967422743326731e-14
13.	0.	2.0302130163265912e-8	3.3910046114660917e-11	3.4694515293733636e-14
14.	0.	2.241586007639092e-8	3.9083706280811607e-11	4.0059997825544177e-14
14.999999999999998	0.	2.447243719694892e-8	4.456069444222047e-11	4.575646308878435e-14
16.	0.	2.6454343324342845e-8	5.032470837490402e-11	5.1768983882036924e-14
17.	0.	2.83464969920906e-8	5.635896410434801e-11	5.80820314356171e-14
18.	0.	3.0136159166904177e-8	6.264630672391534e-11	6.467958375682269e-14
18.999999999999996	0.	3.1812820261971234e-8	6.916931473454394e-11	7.154522846646081e-14
20.	0.	3.3368072732111264e-8	7.591039786221665e-11	7.866226001701023e-14
21.	0.	3.4795473085550285e-8	8.285188835609038e-11	8.601377122856729e-14
22.	0.	3.609039672152994e-8	8.997612581109346e-11	9.358273911959968e-14
23.	0.	3.724988859121188e-8	9.72655355946683e-11	1.0135210504586226e-13
24.	0.	3.8272512286258885e-8	1.0470270098857369e-10	1.0930484919296752e-13
24.999999999999996	0.	3.915819978867899e-8	1.1227042918363985e-10	1.1742405949636668e-13
26.	0.	3.990810376953307e-8	1.1995181128845753e-10	1.2569299508720214e-13
27.	0.	4.0524454004518363e-8	1.2773027653251237e-10	1.3409514438391684e-13
28.	0.	4.101041918206815e-8	1.3558964086055796e-10	1.4261427796792056e-13
29.	0.	4.136997511462866e-8	1.4351415012835337e-10	1.5123449639727374e-13
29.999999999999996	0.	4.160778012584597e-8	1.5148851812053838e-10	1.599402731254821e-13
31.	0.	4.1729058174769983e-8	1.5949795961964222e-10	1.687164927033262e-13
32.	0.	4.173949009178299e-8	1.675282187612465e-10	1.7754848445037945e-13
32.99999999999999	0.	4.164511313848632e-8	1.755655929143793e-10	1.86422051789692e-13
34.	0.	4.145222896374608e-8	1.835969523284964e-10	1.9532349744420598e-13
35.	0.	4.116731990892284e-8	1.9160975578910166e-10	2.042396446969921e-13
36.	0.	4.0796973515338755e-8	1.995920625233516e-10	2.1315785491951598e-13
37.	0.	4.034781500459846e-8	2.0753254059501973e-10	2.2206604157298096e-13
37.99999999999999	0.	3.982644743581268e-8	2.1542047202514162e-10	2.3095268088751094e-13
39.	0.	3.923939919145364e-8	2.2324575487062992e-10	2.398068194226295e-13
40.	0.	3.859307840393603e-8	2.309989024882915e-10	2.4861807871029673e-13
41.	0.	3.7893733906564765e-8	2.386710402060885e-10	2.573766571787698e-13
42.	0.	3.7147422273825526e-8	2.4625389961728975e-10	2.66073329551868e-13
42.99999999999999	0.	3.635998050578566e-8	2.5373981070644107e-10	2.7469944391393303e-13
44.	0.	3.553700390841739e-8	2.6112169200893463e-10	2.8324691662596186e-13
44.99999999999999	0.	3.468382872481729e-8	2.683930389984679e-10	2.917082252731325e-13
46.	0.	3.3805519080567154e-8	2.7554791088891733e-10	3.000763998183117e-13
47.	0.	3.29068578189314e-8	2.825809160291726e-10	3.0834501213018755e-13
48.	0.	3.199234081738372e-8	2.894871960613714e-10	3.165081640484799e-13
49.	0.	3.106617439537222e-8	2.9626240900475826e-10	3.2456047414228363e-13
49.99999999999999	0.	3.013227544360025e-8	3.0290271141914687e-10	3.324970633110624e-13
51.	0.	2.919427392686383e-8	3.0940473979372086e-10	3.4031353937115925e-13
52.	0.	2.8255517435134616e-8	3.1576559129870793e-10	3.4800598076398363e-13
53.	0.	2.731907748069234e-8	3.2198280402933803e-10	3.555709195152935e-13
54.	0.	2.6387757262326332e-8	3.280543368634867e-10	3.630053235682584e-13
54.99999999999999	0.	2.546410064063298e-8	3.339785490465261e-10	3.703065786062861e-13
56.	0.	2.4550402090989123e-8	3.397541796091966e-10	3.774724694749644e-13
56.99999999999999	0.	2.3648717422667847e-8	3.453803267167735e-10	3.8450116130590586e-13
58.	0.	2.2760875073623546e-8	3.508564270404783e-10	3.9139118043884176e-13
59.	0.	2.1888487810579922e-8	3.5618223523495764e-10	3.9814139523197753e-13
59.99999999999999	0.	2.103296468311095e-8	3.61357803598768e-10	4.047509968444395e-13
61.	0.	2.019552309835391e-8	3.663834619881485e-10	4.1121948006860584e-13
62.	0.	1.9377200899780216e-8	3.712597980479525e-10	4.175466242842402e-13
63.	0.	1.8578868349073016e-8	3.7598763781746125e-10	4.2373247460065813e-13
64.	0.	1.7801239924597338e-8	3.8056802676288944e-10	4.2977732324763325e-13
65.	0.	1.7044885863232516e-8	3.850022112827661e-10	4.356816912704337e-13
65.99999999999999	0.	1.631024338447493e-8	3.892916207269813e-10	4.41446310579244e-13
67.	0.	1.5597627546759703e-8	3.9343784996517965e-10	4.470721063983008e-13
68.	0.	1.4907241695928142e-8	3.974426425353143e-10	4.5256018015533763e-13
69.	0.	1.4239187474734309e-8	4.0130787439858337e-10	4.579117928474135e-13
70.	0.	1.3593474370294045e-8	4.050355383226161e-10	4.631283489148719e-13
70.99999999999999	0.	1.2970028783485293e-8	4.086277289106865e-10	4.682113806510641e-13
72.	0.	1.2368702610571275e-8	4.120866282908859e-10	4.73162533171553e-13
73.	0.	1.1789281332792369e-8	4.154144924755785e-10	4.779835499628088e-13
74.	0.	1.1231491614424254e-8	4.186136383980992e-10	4.826762590268805e-13
75.	0.	1.0695008413873927e-8	4.216864316305084e-10	4.872425596352277e-13
75.99999999999999	0.	1.0179461615856106e-8	4.2463527478331537e-10	4.916844097017595e-13
77.	0.	9.684442195594244e-9	4.2746259658537454e-10	4.960038137822076e-13
78.	0.	9.209507928394491e-9	4.301708416396771e-10	5.00202811704196e-13
79.	0.	8.754188659882892e-9	4.3276246084848347e-10	5.042834678298288e-13
80.	0.	8.317991153731208e-9	4.3523990249913934e-10	5.082478609501931e-13
80.99999999999999	0.	7.900403534868218e-9	4.376056040000317e-10	5.120980748089894e-13
82.	0.	7.500899347018574e-9	4.398619842544145e-10	5.158361892504257e-13
83.	0.	7.118941243975763e-9	4.4201143665828727e-10	5.194642719846272e-13
84.	0.	6.753984334329623e-9	4.4405632270712667e-10	5.229843709620796e-13
84.99999999999999	0.	6.405479199468957e-9	4.4599896619504794e-10	5.263985073470329e-13
85.99999999999999	0.	6.072874604592198e-9	4.478416479888919e-10	5.29708669078345e-13
87.	0.	5.7556199222184915e-9	4.495866013588041e-10	5.329168050049534e-13
88.	0.	5.453167287314202e-9	4.5123600784607116e-10	5.360248195819764e-13
89.	0.	5.1649735026648724e-9	4.527919936483013e-10	5.390345681124028e-13
89.99999999999999	0.	4.890501712549886e-9	4.542566265014891e-10	5.419478525184098e-13
90.99999999999999	0.	4.629222862129766e-9	4.556319130380648e-10	5.447664176255373e-13
92.	0.	4.380616959255996e-9	4.5691979659968306e-10	5.474919479422376e-13
93.	0.	4.144174154673059e-9	4.5812215548328425e-10	5.501260649167403e-13
94.	0.	3.919395655812603e-9	4.5924080159880943e-10	5.526703246526634e-13
94.99999999999999	0.	3.705794488592271e-9	4.6027747951689176e-10	5.551262160643958e-13
96.	0.	3.502896120840691e-9	4.6123386588488103e-10	5.574951594529769e-13
97.	0.	3.3102389601722056e-9	4.6211156918963523e-10	5.597785054829425e-13
98.	0.	3.127374738353208e-9	4.629121298457049e-10	5.619775345404778e-13
99.	0.	2.953868793426236e-9	4.636370205877322e-10	5.640934564531069e-13
99.99999999999999	0.	2.7893002601031186e-9	4.6428764714620314e-10	5.66127410551166e-13
101.	0.	2.633262178207718e-9	4.64865349186004e-10	5.68080466051328e-13
102.	0.	2.485361528237041e-9	4.6537140148763346e-10	5.699536227425766e-13
103.	0.	2.3452192024336076e-9	4.658070153513385e-10	5.717478119551751e-13
104.	0.	2.2124699191069133e-9	4.66173340204921e-10	5.734638977934047e-13
104.99999999999999	0.	2.086762087323773e-9	4.664714653964424e-10	5.751026786130884e-13
106.	0.	1.9677576284979325e-9	4.667024221536089e-10	5.766648887252429e-13
107.	0.	1.8551317608514302e-9	4.668671856921442e-10	5.781512003075136e-13
108.	0.	1.7485727521954264e-9	4.669666774560674e-10	5.795622255054543e-13
109.	0.	1.647781645984906e-9	4.670017674733638e-10	5.808985187060961e-13
109.99999999999999	0.	1.5524719651384546e-9	4.66973276811163e-10	5.821605789667047e-13
111.	0.	1.4623693976832652e-9	4.668819801151627e-10	5.833488525820759e-13
112.	0.	1.377211467881535e-9	4.667286082186678e-10	5.844637357742128e-13
113.	0.	1.2967471961226761e-9	4.665138508072534e-10	5.855055774887145e-13
113.99999999999999	0.	1.2207367505178246e-9	4.662383591257243e-10	5.864746822827589e-13
114.99999999999999	0.	1.1489510928133576e-9	4.659027487146647e-10	5.873713132900542e-13
116.	0.	1.0811716209464742e-9	4.655076021645435e-10	5.881956952487152e-13
117.	0.	1.01718981029289e-9	4.6505347187597983e-10	5.889480175785618e-13
118.	0.	9.568068554095078e-10	4.6454088281540643e-10	5.896284374948901e-13
118.99999999999999	0.	8.998333138475086e-10	4.6397033525602573e-10	5.902370831463563e-13
119.99999999999999	0.	8.460887534034314e-10	4.633423074945605e-10	5.907740567651654e-13
121.	0.	7.954014039879139e-10	4.6265725853493655e-10	5.912394378183337e-13
122.	0.	7.476078151191529e-10	4.6191563073064653e-10	5.916332861493781e-13
122.99999999999999	0.	7.025525198963165e-10	4.61117852378122e-10	5.919556451003273e-13
124.	0.	6.600877061648338e-10	4.6026434025406544e-10	5.922065446045567e-13
125.	0.	6.200728954630282e-10	4.5935550209022866e-10	5.923860042414703e-13
126.	0.	5.823746302244741e-10	4.5839173897970156e-10	5.924940362446258e-13
127.	0.	5.468661696111797e-10	4.573734477093296e-10	5.925306484554685e-13
128.	0.	5.134271942633212e-10	4.563010230133848e-10	5.9249584721534e-13
129.	0.	4.819435201695705e-10	4.551748597441372e-10	5.92389640188985e-13
130.	0.	4.523068217948774e-10	4.5399535495548194e-10	5.922120391133061e-13
131.	0.	4.2441436453724383e-10	4.5276290989621456e-10	5.919630624655845e-13
131.99999999999997	0.	3.981687465336538e-10	4.5147793191008505e-10	5.91642738045972e-13
133.	0.	3.7347764978654425e-10	4.501408362400989e-10	5.912511054694189e-13
134.	0.	3.502536005422987e-10	4.4875204773505867e-10	5.907882185628047e-13
135.	0.	3.2841373881613644e-10	4.473120024566762e-10	5.902541476634007e-13
136.	0.	3.0787959693106424e-10	4.458211491860269e-10	5.896489818153177e-13
137.	0.	2.885768869100703e-10	4.44279950828426e-10	5.889728308609383e-13
138.	0.	2.704352965409999e-10	4.4268888571623883e-10	5.882258274248561e-13
139.	0.	2.5338829391719384e-10	4.4104844880939036e-10	5.874081287881396e-13
140.	0.	2.373729402395966e-10	4.393591527937224e-10	5.865199186512202e-13
140.99999999999997	0.	2.2232971065900623e-10	4.3762152907760374e-10	5.855614087840136e-13
141.99999999999997	0.	2.0820232292543473e-10	4.358361286874877e-10	5.845328405622559e-13
143.	0.	1.949375736061494e-10	4.3400352306341373e-10	5.834344863894298e-13
144.	0.	1.824851816321185e-10	4.321243047556219e-10	5.822666510038872e-13
145.	0.	1.7079763892493766e-10	4.301990880237596e-10	5.810296726711795e-13
146.	0.	1.5983006786159332e-10	4.2822850934032694e-10	5.797239242618614e-13
147.	0.	1.4954008533040778e-10	4.2621322780020724e-10	5.783498142152998e-13
148.	0.	1.398876731351228e-10	4.241539254383384e-10	5.769077873903346e-13
149.	0.	1.308350545061484e-10	4.22051307457733e-10	5.753983258038605e-13
150.	0.	1.2234657648203292e-10	4.19906102370192e-10	5.738219492586217e-13
150.99999999999997	0.	1.143885979265099e-10	4.1771906205222536e-10	5.721792158617715e-13
151.99999999999997	0.	1.0692938295536915e-10	4.1549096171880854e-10	5.704707224359438e-13
153.	0.	9.993899954632564e-11	4.1322259981770356e-10	5.686971048247684e-13
154.	0.	9.338922311764107e-11	4.1091479784718027e-10	5.668590380949478e-13
155.	0.	8.725344486121931e-11	4.085684001000587e-10	5.649572366371827e-13
156.	0.	8.150658462571894e-11	4.0618427333709607e-10	5.629924541684329e-13
157.	0.	7.612500815047628e-11	4.037633063927248e-10	5.609654836380217e-13
158.	0.	7.108644845621328e-11	4.0130640971630193e-10	5.58877157040374e-13
159.	0.	6.636993120770017e-11	3.9881451485200363e-10	5.567283451371954e-13
160.	0.	6.195570386677835e-11	3.9628857386053554e-10	5.545199570920129e-13
160.99999999999997	0.	5.782516846295188e-11	3.937295586858956e-10	5.522529400201663e-13
161.99999999999997	0.	5.396081781489184e-11	3.911384604703679e-10	5.499282784573049e-13
163.	0.	5.0346175040953675e-11	3.8851628882099686e-10	5.475469937496301e-13
164.	0.	4.696573620481433e-11	3.8586407103075357e-10	5.451101433691291e-13
165.	0.	4.3804915948104324e-11	3.8318285125758e-10	5.426188201570842e-13
166.	0.	4.084999596676919e-11	3.804736896645132e-10	5.400741514992312e-13
167.	0.	3.8088076195189785e-11	3.777376615240451e-10	5.374772984359556e-13
168.	0.	3.550702856712836e-11	3.7497585628981645e-10	5.348294547108904e-13
169.	0.	3.309545322778925e-11	3.721893766387886e-10	5.321318457614357e-13
169.99999999999997	0.	3.0842637077194825e-11	3.6937933748684273e-10	5.293857276544996e-13
170.99999999999997	0.	2.87385145306155e-11	3.6654686498088487e-10	5.265923859710243e-13
171.99999999999997	0.	2.6773630385104258e-11	3.6369309547032326e-10	5.237531346426305e-13
173.	0.	2.4939104689044345e-11	3.6081917446084626e-10	5.20869314743866e-13
174.	0.	2.322659951230167e-11	3.579262555532749e-10	5.179422932434071e-13
175.	0.	2.1628287523911873e-11	3.5501549937021916e-10	5.149734617175539e-13
176.	0.	2.0136822283616217e-11	3.5208807247328575e-10	5.119642350294609e-13
177.	0.	1.8745310161764856e-11	3.491451462733435e-10	5.089160499772758e-13
178.	0.	1.7447283803920036e-11	3.461878959364184e-10	5.058303639144964e-13
179.	0.	1.623667706080174e-11	3.432174992876817e-10	5.027086533457959e-13
179.99999999999997	0.	1.5107801308790536e-11	3.402351357158101e-10	4.995524125013357e-13
180.99999999999997	0.	1.4055323088259379e-11	3.372419850801227e-10	4.963631518928527e-13
181.99999999999997	0.	1.3074242991455184e-11	3.3423922662254045e-10	4.931423968543304e-13
183.	0.	1.2159875735852886e-11	3.312280378866137e-10	4.898916860704304e-13
184.	0.	1.1307831358149704e-11	3.2820959364554867e-10	4.866125700954474e-13
185.	0.	1.0513997473545084e-11	3.25185064841213e-10	4.833066098656873e-13
186.	0.	9.774522540519582e-12	3.2215561753593337e-10	4.79975375207974e-13
187.	0.	9.085800079962333e-12	3.1912241187888205e-10	4.766204433470271e-13
188.	0.	8.444453797125472e-12	3.160866010886701e-10	4.732433974142291e-13
189.	0.	7.847323557785886e-12	3.1304933045379923e-10	4.698458249604149e-13
189.99999999999997	0.	7.291452172648654e-12	3.100117363523722e-10	4.664293164749797e-13
190.99999999999997	0.	6.774072946699532e-12	3.069749452925572e-10	4.629954639138005e-13
192.	0.	6.292597952422999e-12	3.0394007297503876e-10	4.59545859238103e-13
193.	0.	5.844606985975436e-12	3.0090822337879166e-10	4.560820929666302e-13
194.	0.	5.427837170492329e-12	2.9788048787117947e-10	4.5260575274297514e-13
195.	0.	5.04017317051112e-12	2.9485794434359367e-10	4.4911842192033303e-13
196.	0.	4.679637983011009e-12	2.9184165637347243e-10	4.4562167816536987e-13
197.	0.	4.344384274649565e-12	2.8883267241371683e-10	4.421170920832355e-13
198.	0.	4.032686233092867e-12	2.8583202501020814e-10	4.3860622586528063e-13
198.99999999999997	0.	3.742931905635589e-12	2.8284073004825934e-10	4.3509063196128715e-13
199.99999999999997	0.	3.4736159954709196e-12	2.798597860285694e-10	4.3157185177763527e-13
200.99999999999997	0.	3.223333092626028e-12	2.768901733733675e-10	4.2805141440304157e-13
202.	0.	2.990771311703948e-12	2.7393285376313265e-10	4.245308353630684e-13
203.	0.	2.7747063166172005e-12	2.7098876950446227e-10	4.210116154049153e-13
204.	0.	2.573995708055367e-12	2.6805884292931353e-10	4.1749523931348855e-13
205.	0.	2.3875737530896846e-12	2.6514397582606847e-10	4.1398317476011084e-13
206.	0.	2.2144464387111306e-12	2.622450489024991e-10	4.1047687118467945e-13
207.	0.	2.0536868285295176e-12	2.593629212809504e-10	4.0697775871246293e-13
208.	0.	1.9044307067913396e-12	2.5649843002572824e-10	4.0348724710623405e-13
208.99999999999997	0.	1.7658724921017457e-12	2.5365238970282104e-10	4.000067247546675e-13
209.99999999999997	0.	1.637261404867954e-12	2.5082559197189684e-10	3.965375576976489e-13
210.99999999999997	0.	1.5178978747651617e-12	2.480188052105403e-10	3.930810886891879e-13
212.	0.	1.4071301719831927e-12	2.4523277417058444e-10	3.8963863629846297e-13
213.	0.	1.3043512516854614e-12	2.4246821966639705e-10	3.862114940495416e-13
214.	0.	1.2089957963510026e-12	2.397258382948723e-10	3.8280092960014846e-13
215.	0.	1.120537446119402e-12	2.370063021868806e-10	3.794081839598626e-13
216.	0.	1.038486205096487e-12	2.3431025878986466e-10	3.760344707480254e-13
217.	0.	9.62386012315329e-13	2.3163833068124814e-10	3.726809754916035e-13
218.	0.	8.918124693233533e-13	2.289911154121803e-10	3.6934885496302075e-13
218.99999999999997	0.	8.263707128955383e-13	2.2636918538132998e-10	3.660392365582808e-13
219.99999999999997	0.	7.656934247460436e-13	2.2377308773813387e-10	3.6275321771519815e-13
220.99999999999997	0.	7.094389707080942e-13	2.21203344315042e-10	3.5949186537176917e-13
222.	0.	6.572896600183144e-13	2.1866045158825767e-10	3.562562154646473e-13
223.	0.	6.089501180526913e-13	2.161448806663973e-10	3.53047272467547e-13
224.	0.	5.641457655156454e-13	2.1365707730639675e-10	3.498660089692451e-13
225.	0.	5.226213974980933e-13	2.111974619562369e-10	3.467133652912311e-13
226.	0.	4.841398552914442e-13	2.0876642982362593e-10	3.435902491443441e-13
227.	0.	4.484807866723922e-13	2.0636435097016342e-10	3.4049753532434773e-13
227.99999999999997	0.	4.1543948793013326e-13	2.0399157043017962e-10	3.374360654458448e-13
228.99999999999997	0.	3.848258224673136e-13	2.0164840835364797e-10	3.3440664771425896e-13
229.99999999999997	0.	3.5646321220643885e-13	1.9933516017237036e-10	3.3141005673525657e-13
230.99999999999997	0.	3.301876957009575e-13	1.9705209678875422e-10	3.2844703336117993e-13
232.	0.	3.0584704964637294e-13	1.9479946478648083e-10	3.255182845740044e-13
233.	0.	2.8329996979336e-13	1.9257748666216276e-10	3.226244834039851e-13
234.	0.	2.624153066633507e-13	1.9038636107744596e-10	3.1976626888373384e-13
235.	0.	2.430713534555314e-13	1.882262631305599e-10	3.1694424603669964e-13
236.	0.	2.251551817387928e-13	1.860973446467193e-10	3.141589858996748e-13
237.	0.	2.0856202287229805e-13	1.8399973448648841e-10	3.114110255784335e-13
237.99999999999997	0.	1.931946914183145e-13	1.8193353887136374e-10	3.0870086833584776e-13
238.99999999999997	0.	1.789630483977109e-13	1.7989884172577994e-10	3.0602898371170195e-13
239.99999999999997	0.	1.6578350069172292e-13	1.7789570503472269e-10	3.033958076733911e-13
240.99999999999997	0.	1.5357853567140444e-13	1.759241692162343e-10	3.008017427968186e-13
242.	0.	1.4227628769104732e-13	1.7398425350793178e-10	2.9824715847652963e-13
243.	0.	1.318101345975065e-13	1.7207595636681193e-10	2.9573239116433787e-13
244.	0.	1.2211832217655374e-13	1.7019925588153528e-10	2.932577446355552e-13
245.	0.	1.1314361505687047e-13	1.683541101964448e-10	2.9082349028201384e-13
245.99999999999997	0.	1.0483297159374465e-13	1.6654045794650912e-10	2.8842986743094196e-13
247.	0.	9.71372421873749e-14	1.6475821870243723e-10	2.860770836888214e-13
248.	0.	9.001088780675617e-14	1.6300729342522925e-10	2.8376531530937525e-13
248.99999999999997	0.	8.341171909840644e-14	1.6128756492943496e-10	2.814947075848124e-13
250.	0.	7.730065397283228e-14	1.5959889835424813e-10	2.792653752591973e-13
250.99999999999997	0.	7.16414915604942e-14	1.579411416419294e-10	2.7707740296341007e-13
252.	0.	6.640070302316434e-14	1.563141260226425e-10	2.7493084567044404e-13
252.99999999999997	0.	6.154723685046056e-14	1.547176665051141e-10	2.7282572917032397e-13
254.	0.	5.705233791545387e-14	1.5315156237235785e-10	2.707620505636179e-13
254.99999999999997	0.	5.288937987427288e-14	1.516155976818414e-10	2.6873977877272165e-13
256.	0.	4.903370926952382e-14	1.5010954176937224e-10	2.6675885506991317e-13
257.	0.	4.5462500768029494e-14	1.4863314975610254e-10	2.6481919362135404e-13
258.	0.	4.2154623024890464e-14	1.471861630579536e-10	2.629206820460269e-13
259.	0.	3.9090514090777035e-14	1.4576830989690463e-10	2.610631819888273e-13
260.	0.	3.6252065743196446e-14	1.4437930581347547e-10	2.592465297068112e-13
261.	0.	3.362251657543607e-14	1.4301885417983606e-10	2.574705366677493e-13
262.	0.	3.118635207940719e-14	1.4168664671298563e-10	2.557349901601518e-13
263.	0.	2.892921300101742e-14	1.403823639874169e-10	2.54039653913847e-13
263.99999999999994	0.	2.6837809307464195e-14	1.3910567594668238e-10	2.523842687301853e-13
265.	0.	2.4899841357565727e-14	1.3785624241343683e-10	2.5076855312120314e-13
266.	0.	2.3103926179668938e-14	1.3663371359731455e-10	2.4919220395667137e-13
267.	0.	2.1439529590544215e-14	1.3543773060027566e-10	2.4765489711843567e-13
268.	0.	1.9896902959507957e-14	1.3426792591882884e-10	2.461562881610252e-13
269.	0.	1.8467024690790325e-14	1.3312392394275886e-10	2.4469601297788777e-13
270.	0.	1.7141546356882352e-14	1.3200534144987457e-10	2.4327368847239e-13
271.	0.	1.591274212841033e-14	1.3091178809632667e-10	2.4188891323276643e-13
272.	0.	1.477346279601493e-14	1.2984286690212643e-10	2.4054126821032693e-13
272.99999999999994	0.	1.3717092230572862e-14	1.2879817473149683e-10	2.392303174002256e-13
274.	0.	1.273750801995247e-14	1.2777730276759034e-10	2.379556085238941e-13
274.99999999999994	0.	1.1829044193175068e-14	1.2677983698131852e-10	2.367166737126185e-13
276.	0.	1.0986457444084366e-14	1.258053585938568e-10	2.3551303019138305e-13
277.	0.	1.0204895162966298e-14	1.2485344453261098e-10	2.343441809625138e-13
278.	0.	9.479866362053539e-15	1.2392366788020891e-10	2.3320961548820925e-13
279.	0.	8.807214674052683e-15	1.2301559831637077e-10	2.3210881037159474e-13
280.	0.	8.183093181517033e-15	1.2212880255222148e-10	2.310412300353588e-13
281.	0.	7.603941220224219e-15	1.2126284475697494e-10	2.300063273977229e-13
281.99999999999994	0.	7.066462969458332e-15	1.204172869765383e-10	2.290035445447514e-13
283.	0.	6.567607598166581e-15	1.1959168954402636e-10	2.2803231339884347e-13
283.99999999999994	0.	6.104550930019803e-15	1.1878561148180287e-10	2.2709205638252098e-13
285.	0.	5.674678402565194e-15	1.1799861089496123e-10	2.261821870771798e-13
286.	0.	5.2755694804375606e-15	1.172302453559993e-10	2.2530211087616756e-13
287.	0.	4.904982920965582e-15	1.1648007228055993e-10	2.2445122563175045e-13
288.	0.	4.560843487180484e-15	1.1574764929412637e-10	2.236289222955706e-13
289.	0.	4.2412294154535435e-15	1.1503253458939921e-10	2.228345855518675e-13
290.	0.	3.94436114265089e-15	1.1433428727442807e-10	2.220675944433922e-13
291.	0.	3.668590314464202e-15	1.1365246771122628e-10	2.2132732298927612e-13
292.	0.	3.4123903035714997e-15	1.1298663784482782e-10	2.2061314079455453e-13
292.99999999999994	0.	3.1743468299678032e-15	1.123363615228034e-10	2.1992441365114348e-13
294.	0.	2.9531498213686724e-15	1.1170120480497586e-10	2.1926050412953212e-13
294.99999999999994	0.	2.7475854422344554e-15	1.1108073626343165e-10	2.1862077216113628e-13
296.	0.	2.556528952541232e-15	1.104745272727897e-10	2.180045756109892e-13
297.	0.	2.3789380969956867e-15	1.0988215229052152e-10	2.1741127084011674e-13
298.	0.	2.2138469662197644e-15	1.0930318912757893e-10	2.1684021325783816e-13
299.	0.	2.0603602719937617e-15	1.0873721920905276e-10	2.1629075786319292e-13
300.	0.	1.9176480767862085e-15	1.0818382782502224e-10	2.15762259775538e-13
301.	0.	1.78494097083529e-15	1.0764260437159923e-10	2.1525407475405594e-13
301.99999999999994	0.	1.661525642191689e-15	1.0711314258213083e-10	2.1476555970583316e-13
303.	0.	1.5467405392943778e-15	1.0659504074860261e-10	2.1429607318231497e-13
303.99999999999994	0.	1.4399722088697804e-15	1.0608790193334282e-10	2.1384497586405522e-13
305.	0.	1.3406516679278909e-15	1.0559133417104836e-10	2.1341163103353193e-13
306.	0.	1.2482510493642845e-15	1.05104950661141e-10	2.1299540503575785e-13
307.	0.	1.1622807664209439e-15	1.0462836995060042e-10	2.1259566772669655e-13
308.	0.	1.0822864000455614e-15	1.0416121610732605e-10	2.1221179290931024e-13
309.	0.	1.0078463971435325e-15	1.0370311888407591e-10	2.1184315875704394e-13
310.	0.	9.385694854771383e-16	1.0325371387314192e-10	2.1148914822479087e-13
310.99999999999994	0.	8.740923973466391e-16	1.0281264265179293e-10	2.1114914944710903e-13
312.	0.	8.140780038949325e-16	1.0237955291862028e-10	2.108225561236816e-13
312.99999999999994	0.	7.582133573114144e-16	1.0195409862093897e-10	2.1050876789204697e-13
314.	0.	7.062076850564522e-16	1.0153594007327443e-10	2.102071906873723e-13
314.99999999999994	0.	6.577911464760602e-16	1.0112474406714236e-10	2.0991723708941335e-13
316.	0.	6.127129840115956e-16	1.007201839722031e-10	2.0963832665654373e-13
317.	0.	5.707403347632606e-16	1.0032193982893568e-10	2.0936988624687045e-13
318.	0.	5.31656838959046e-16	9.992969843301287e-11	2.0911135032653094e-13
319.	0.	4.952615544746216e-16	9.95431534113853e-11	2.0886216126490554e-13
320.	0.	4.613675595566012e-16	9.91620052904694e-11	2.0862176961729298e-13
321.	0.	4.298013790506034e-16	9.878596155630584e-11	2.083896343944944e-13
321.99999999999994	0.	4.0040158026844924e-16	9.841473670706645e-11	2.0816522331982172e-13
323.	0.	3.730181413908375e-16	9.80480522979261e-11	2.079480130732965e-13
323.99999999999994	0.	3.475116626902777e-16	9.768563697858225e-11	2.0773748952336498e-13
325.	0.	3.237524677270558e-16	9.732722652346587e-11	2.0753314794595847e-13
326.	0.	3.016200144472866e-16	9.697256385491689e-11	2.073344932312127e-13
327.	0.	2.8100203729352257e-16	9.662139905939202e-11	2.0714104007773342e-13
328.	0.	2.617943205512722e-16	9.627348939700551e-11	2.0695231317479178e-13
329.	0.	2.4389983106156964e-16	9.592859930442597e-11	2.067678473722468e-13
330.	0.	2.2722832311839236e-16	9.558650039143478e-11	2.0658718783860293e-13
330.99999999999994	0.	2.1169567046399293e-16	9.524697143126019e-11	2.0640989020720007e-13
332.	0.	1.9722389418280732e-16	9.490979834483223e-11	2.0623552071061195e-13
332.99999999999994	0.	1.837401065950538e-16	9.457477417925527e-11	2.0606365630365405e-13
334.	0.	1.7117669306628714e-16	9.424169908050501e-11	2.0589388477478654e-13
335.	0.	1.5947062338672762e-16	9.391038026070447e-11	2.0572580484645325e-13
336.	0.	1.4856324656390205e-16	9.358063196006195e-11	2.0555902626431437e-13
337.	0.	1.383999730865773e-16	9.325227540359997e-11	2.0539316987543547e-13
338.	0.	1.2892989670684961e-16	9.292513875302642e-11	2.0522786769598917e-13
339.	0.	1.2010574425438146e-16	9.25990570537344e-11	2.0506276296822875e-13
339.99999999999994	0.	1.1188332211390615e-16	9.22738721772497e-11	2.0489751020723308e-13
341.	0.	1.0422168221574346e-16	9.194943275923258e-11	2.0473177523745775e-13
341.99999999999994	0.	9.708255949593047e-17	9.162559413321887e-11	2.045652352193075e-13
343.	0.	9.043030724135133e-17	9.130221826030478e-11	2.0439757866599574e-13
343.99999999999994	0.	8.423177501391407e-17	9.097917365494854e-11	2.0422850545088761e-13
345.	0.	7.845601312348626e-17	9.065633530697646e-11	2.0405772680534917e-13
346.	0.	7.307431484435805e-17	9.033358460013649e-11	2.038849653076895e-13
347.	0.	6.805979958862102e-17	9.001080922718816e-11	2.0370995486300676e-13
348.	0.	6.338744902127255e-17	8.968790310181238e-11	2.0353244067441062e-13
349.	0.	5.903397029940129e-17	8.936476626745725e-11	2.0335217920572195e-13
350.	0.	5.497777280458993e-17	8.904130480335237e-11	2.0316893813602745e-13
350.99999999999994	0.	5.119853516770203e-17	8.871743072773465e-11	2.029824963060349e-13
352.	0.	4.767740793939028e-17	8.839306189856127e-11	2.0279264365671357e-13
352.99999999999994	0.	4.439686750259396e-17	8.806812191181354e-11	2.025991811603221e-13
354.	0.	4.134056655570536e-17	8.774253999755311e-11	2.0240192074405508e-13
355.	0.	3.849324045502929e-17	8.741625091390767e-11	2.022006852065952e-13
356.	0.	3.5840611329218036e-17	8.708919483908761e-11	2.0199530812767446e-13
357.	0.	3.3369529161671056e-17	8.67613172616627e-11	2.0178563377106366e-13
358.	0.	3.1067575560369856e-17	8.643256886915655e-11	2.0157151698100675e-13
359.	0.	2.892320077915133e-17	8.610290543514222e-11	2.0135282307242175e-13
359.99999999999994	0.	2.6925803182333343e-17	8.577228770503033e-11	2.0112942771521392e-13
361.	0.	2.5065263910890667e-17	8.544068128060355e-11	2.0090121681272617e-13
361.99999999999994	0.	2.3332324017754548e-17	8.510805650342668e-11	2.006680863745427e-13
363.	0.	2.171823597913456e-17	8.477438833741698e-11	2.004299423842245e-13
363.99999999999994	0.	2.0215021014002225e-17	8.443965625046516e-11	2.0018670066164144e-13
365.	0.	1.8814931197578816e-17	8.410384409547855e-11	1.9993828672069729e-13
366.	0.	1.7511135829211642e-17	8.376693999078171e-11	1.9968463562222705e-13
367.	0.	1.6296933840904123e-17	8.342893620004899e-11	1.9942569182241252e-13
368.	0.	1.5166193945817365e-17	8.308982901199913e-11	1.9916140901720267e-13
368.99999999999994	0.	1.4113366785479415e-17	8.274961861977243e-11	1.9889174998249173e-13
370.	0.	1.3132995764913606e-17	8.240830900025175e-11	1.9861668641063e-13
370.99999999999994	0.	1.2220160735886555e-17	8.206590779337555e-11	1.9833619874333276e-13
372.	0.	1.1370299783821411e-17	8.172242618155694e-11	1.9805027600122133e-13
372.99999999999994	0.	1.0579027156045939e-17	8.137787876929575e-11	1.9775891561016647e-13
374.	0.	9.84239194013622e-18	8.103228346312559e-11	1.974621232247429e-13
375.	0.	9.156632030738656e-18	8.068566135193206e-11	1.9715991254885466e-13
376.	0.	8.518306592974733e-18	8.033803658778678e-11	1.9685230515385635e-13
377.	0.	7.924046206236148e-18	7.998943626737081e-11	1.965393302943298e-13
378.	0.	7.371005737578646e-18	7.96398903140452e-11	1.962210247216401e-13
379.	0.	6.856164052962459e-18	7.92894313606973e-11	1.9589743249557006e-13
379.99999999999994	0.	6.377034596790046e-18	7.893809463339764e-11	1.9556860479411766e-13
381.	0.	5.931155373284574e-18	7.858591783601221e-11	1.9523459972179715e-13
381.99999999999994	0.	5.51615549042442e-18	7.82329410357529e-11	1.9489548211641222e-13
383.	0.	5.1300189599635345e-18	7.787920654980218e-11	1.945513233546285e-13
384.	0.	4.770697771083428e-18	7.752475883307889e-11	1.9420220115652908e-13
385.	0.	4.436309475596594e-18	7.716964436717325e-11	1.938481993892208e-13
386.	0.	4.125206440804727e-18	7.681391155054807e-11	1.9348940786975924e-13
387.	0.	3.835781681247949e-18	7.645761059003856e-11	1.9312592216748026e-13
388.	0.	3.566470131779299e-18	7.610079339374679e-11	1.9275784340599946e-13
388.99999999999994	0.	3.3159494906722293e-18	7.574351346531079e-11	1.9238527806485914e-13
390.	0.	3.0828774805770287e-18	7.53858257997266e-11	1.920083377812911e-13
390.99999999999994	0.	2.8660928296719888e-18	7.502778678058776e-11	1.9162713915178532e-13
392.	0.	2.6644170768606813e-18	7.466945407900321e-11	1.91241803534155e-13
392.99999999999994	0.	2.476856663000207e-18	7.431088655403067e-11	1.908524568497236e-13
394.	0.	2.3024710212446426e-18	7.395214415482808e-11	1.904592293861811e-13
395.	0.	2.1401707108567365e-18	7.359328782445298e-11	1.9006225560097646e-13
396.	0.	1.989326395649929e-18	7.323437940540213e-11	1.896616739255187e-13
397.	0.	1.8490271279212293e-18	7.287548154691186e-11	1.8925762657029214e-13
397.99999999999994	0.	1.7184861154835682e-18	7.251665761402333e-11	1.8885025933093413e-13
399.	0.	1.5971795308466767e-18	7.215797159849261e-11	1.884397213955415e-13
399.99999999999994	0.	1.484370198138677e-18	7.179948803152512e-11	1.880261651531969e-13
401.	0.	1.3794488164652048e-18	7.144127189835184e-11	1.8760974600381557e-13
401.99999999999994	0.	1.2819358997134159e-18	7.10833885547236e-11	1.8719062216956974e-13
403.	0.	1.1912762953651481e-18	7.072590364531777e-11	1.8676895450793062e-13
404.	0.	1.1069769968878848e-18	7.036888302398108e-11	1.8634490632618924e-13
405.	0.	1.0286081325806663e-18	7.001239267603737e-11	1.8591864319811557e-13
406.	0.	9.558039410915391e-19	6.96564986424045e-11	1.8549033278214884e-13
407.	0.	8.880541891430794e-19	6.930126694576903e-11	1.8506014464183646e-13
408.	0.	8.2512261303606625e-19	6.894676351868907e-11	1.8462825006824716e-13
408.99999999999994	0.	7.666293123407593e-19	6.859305413365283e-11	1.8419482190449626e-13
410.	0.	7.122601679521797e-19	6.824020433513829e-11	1.837600343725717e-13
410.99999999999994	0.	6.617677768510289e-19	6.788827937362966e-11	1.8332406290241647e-13
412.	0.	6.147601728543831e-19	6.753734414164125e-11	1.8288708396346704e-13
412.99999999999994	0.	5.711245683634064e-19	6.71874631117024e-11	1.824492748986019e-13
414.	0.	5.306043900359832e-19	6.683870027631407e-11	1.8201081376059956e-13
415.	0.	4.929400715867462e-19	6.649111908989578e-11	1.815718791512235e-13
416.	0.	4.578690799095622e-19	6.614478241268564e-11	1.8113265006292055e-13
417.	0.	4.253407919130583e-19	6.579975245662052e-11	1.80693305723268e-13
417.99999999999994	0.	3.950883944007265e-19	6.545609073313845e-11	1.8025402544209973e-13
419.	0.	3.669861092009339e-19	6.511385800297262e-11	1.7981498846156585e-13
419.99999999999994	0.	3.4090667863109007e-19	6.477311422780742e-11	1.7937637380885895e-13
421.	0.	3.1664905159893924e-19	6.443391852393496e-11	1.789383601520555e-13
421.99999999999994	0.	2.941550204155203e-19	6.409632911776778e-11	1.7850112565876034e-13
423.	0.	2.7322027479908916e-19	6.376040330324319e-11	1.7806484785772684e-13
424.	0.	2.5378407484370514e-19	6.342619740111706e-11	1.7762970350352194e-13
425.	0.	2.357119175985187e-19	6.309376672014589e-11	1.7719586844432196e-13
426.	0.	2.18941090368168e-19	6.276316552003629e-11	1.7676351749256878e-13
426.99999999999994	0.	2.03334765497533e-19	6.243444697628914e-11	1.763328242989309e-13
428.	0.	1.888282701123828e-19	6.210766314681752e-11	1.7590396122930324e-13
428.99999999999994	0.	1.7542999769533611e-19	6.178286494033047e-11	1.754770992449078e-13
430.	0.	1.629265061888058e-19	6.146010208650453e-11	1.7505240778563061e-13
430.99999999999994	0.	1.5132459835029237e-19	6.11394231078801e-11	1.74630054656498e-13
432.	0.	1.405567840313529e-19	6.082087529346094e-11	1.7421020591731324e-13
432.99999999999994	0.	1.3055486638349919e-19	6.050450467404732e-11	1.7379302577561285e-13
434.	0.	1.2124993801709236e-19	6.019035599914935e-11	1.7337867648258322e-13
435.	0.	1.1257237564840805e-19	5.98784727156455e-11	1.7296731823249375e-13
436.	0.	1.0460201556444795e-19	5.956889694797496e-11	1.7255910906510922e-13
437.	0.	9.711837558717572e-20	5.926166947994488e-11	1.7215420477139798e-13
437.99999999999994	0.	9.020061083698673e-20	5.895682973811017e-11	1.7175275880248712e-13
439.	0.	8.377734838882259e-20	5.865441577666656e-11	1.713549221817675e-13
439.99999999999994	0.	7.785235204282992e-20	5.835446426385349e-11	1.709608434202209e-13
441.	0.	7.227727429861069e-20	5.8057010469840576e-11	1.7057066843495574e-13
441.99999999999994	0.	6.713104925150654e-20	5.776208825605433e-11	1.7018454047091293e-13
443.	0.	6.234048981358305e-20	5.746973006592013e-11	1.6980260002573106e-13
444.	0.	5.790833013116606e-20	5.7179966917002174e-11	1.6942498477779732e-13
445.	0.	5.3760439880703314e-20	5.689282839449808e-11	1.690518295174299e-13
446.	0.	4.9976133757259775e-20	5.660834264604843e-11	1.6868326608114203e-13
446.99999999999994	0.	4.640361068334371e-20	5.632653637787377e-11	1.683194232890974e-13
448.	0.	4.3122054814749145e-20	5.604743485215917e-11	1.6796042688558983e-13
448.99999999999994	0.	4.005600765038809e-20	5.577106188567857e-11	1.6760639948258944e-13
450.	0.	3.720716797102558e-20	5.549743984961813e-11	1.672574605063051e-13
450.99999999999994	0.	3.4577270809427855e-20	5.522658967059749e-11	1.6691372614682172e-13
452.	0.	3.2089631334166966e-20	5.49585308328124e-11	1.6657530931065425e-13
453.	0.	2.9824058381568744e-20	5.469328138132409e-11	1.6624231957635316e-13
454.	0.	2.770347489161934e-20	5.4430857926378344e-11	1.6591486315287626e-13
455.	0.	2.5729060377478436e-20	5.4171275648822195e-11	1.6559304284099418e-13
455.99999999999994	0.	2.390202357526036e-20	5.3914548306534775e-11	1.6527695799753328e-13
457.	0.	2.2223604211495043e-20	5.366068824183651e-11	1.6496670450241662e-13
457.99999999999994	0.	2.0615171003446184e-20	5.3409706389849245e-11	1.646623747284667e-13
459.	0.	1.9157429022037185e-20	5.3161612287818277e-11	1.6436405751407398e-13
459.99999999999994	0.	1.7771297433247926e-20	5.2916414085301573e-11	1.6407183813848572e-13
461.	0.	1.6538038792361543e-20	5.26741185552299e-11	1.6378579829979434e-13
461.99999999999994	0.	1.5378113514807002e-20	5.243473110583281e-11	1.6350601609565143e-13
463.	0.	1.4292156263436022e-20	5.21982557933411e-11	1.632325660064979e-13
464.	0.	1.328082021745927e-20	5.196469533546656e-11	1.6296551888135344e-13
465.	0.	1.234477794256419e-20	5.173405112566221e-11	1.62704941926235e-13
466.	0.	1.1484722254585304e-20	5.1506323248064346e-11	1.6245089869493825e-13
466.99999999999994	0.	1.061904886765924e-20	5.128151049315351e-11	1.6220344908235757e-13
468.	0.	9.912841273374656e-21	5.105961037404117e-11	1.6196264932008628e-13
468.99999999999994	0.	9.201924116102445e-21	5.084061914342866e-11	1.617285519745012e-13
470.	0.	8.56938445037135e-21	5.062453181114781e-11	1.6150120594708573e-13
470.99999999999994	0.	7.932515094778506e-21	5.0411342162266524e-11	1.612806564769812e-13
472.	0.	7.375020348800646e-21	5.0201042775774716e-11	1.6106694514586094e-13
473.	0.	6.813611078188992e-21	4.9993625043757724e-11	1.6086010988487233e-13
474.	0.	6.332628898338607e-21	4.978907919108335e-11	1.6066018498376669e-13
475.	0.	5.9329419799921974e-21	4.958739429555683e-11	1.6046720110211317e-13
475.99999999999994	0.	5.530363465528216e-21	4.938855830849672e-11	1.60281185282486e-13
477.	0.	5.124823620446216e-21	4.919255807575635e-11	1.60102160965733e-13
477.99999999999994	0.	4.716251202328659e-21	4.899937935909728e-11	1.59930148008063e-13
479.	0.	4.390664955737107e-21	4.880900685796685e-11	1.5976516270015708e-13
479.99999999999994	0.	4.14903070899777e-21	4.862142423158908e-11	1.596072177880375e-13
481.	0.	3.81876440197884e-21	4.8436614121371927e-11	1.5945632249573693e-13
481.99999999999994	0.	3.573044113315263e-21	4.825455817362359e-11	1.5931248254977405e-13
483.	0.	3.3253859842395727e-21	4.807523706251693e-11	1.5917570020526688e-13
484.	0.	3.0757434648761995e-21	4.789863051330788e-11	1.5904597427372733e-13
484.99999999999994	0.	2.8240691921204374e-21	4.772471732578371e-11	1.589233001524884e-13
486.	0.	2.6589465597538044e-21	4.755347539789097e-11	1.588076698556207e-13
486.99999999999994	0.	2.4924652060775187e-21	4.738488174956806e-11	1.5869907204644473e-13
488.	0.	2.3245926349453916e-21	4.721891254670935e-11	1.5859749207142225e-13
488.99999999999994	0.	2.155295843790166e-21	4.705554312529051e-11	1.5850291199554304e-13
490.	0.	1.9845413366469505e-21	4.689474801558642e-11	1.5841531063900737e-13
491.	0.	1.8122951374559594e-21	4.6736500966507355e-11	1.583346636152934e-13
491.99999999999994	0.	1.7295518482795247e-21	4.6580774969983474e-11	1.582609433704133e-13
492.99999999999994	0.	1.5546387798967818e-21	4.642754228544965e-11	1.58194119223534e-13
494.	0.	1.4700110998604667e-21	4.627677446432387e-11	1.581341574086261e-13
495.	0.	1.3846223286048188e-21	4.612844237453463e-11	1.580810211173455e-13
496.	0.	1.2984548129187991e-21	4.598251622504603e-11	1.580346705429773e-13
496.99999999999994	0.	1.211490688531705e-21	4.583896559036892e-11	1.5799506292543045e-13
497.99999999999994	0.	1.1237118874574875e-21	4.5697759435035965e-11	1.579621525972054e-13
499.	0.	1.0351001454471823e-21	4.5558866138035636e-11	1.579358910303366e-13
500.	0.	9.456370095446468e-22	4.542225351718712e-11	1.5791622688425517e-13
500.99999999999994	0.	8.553038457407464e-22	4.5287888853434784e-11	1.579031060545063e-13
501.99999999999994	0.	8.595920775613752e-22	4.515573891503808e-11	1.5789647172224984e-13
503.	0.	7.679451882334013e-22	4.502576998167901e-11	1.5789626440462236e-13
504.	0.	6.753778434222302e-22	4.489794786842434e-11	1.5790242200574777e-13
505.	0.	6.788492631511584e-22	4.4772237949572456e-11	1.5791487986851462e-13
505.99999999999994	0.	5.848855916187709e-22	4.4648605182335136e-11	1.579335708269409e-13
506.99999999999994	0.	5.879398609469814e-22	4.4527014130377244e-11	1.5795842525920974e-13
508.	0.	4.925281480991777e-22	4.4407428987174074e-11	1.579893711412457e-13
509.	0.	4.951395872369457e-22	4.4289813599172236e-11	1.580263341007762e-13
509.99999999999994	0.	4.977843287845904e-22	4.417413148878735e-11	1.5806923747199134e-13
510.99999999999994	0.	4.003699932593761e-22	4.406034587716864e-11	1.581180023505717e-13
512.	0.	4.025393487867857e-22	4.3948419706746746e-11	1.5817254764911663e-13
513.	0.	4.0473561112103164e-22	4.383831566357813e-11	1.5823279015304001e-13
514.	0.	3.0521914121784533e-22	4.372999619942613e-11	1.5829864457670156e-13
514.9999999999999	0.	3.069068611136092e-22	4.3623423553608e-11	1.583700236198869e-13
516.	0.	3.0861491377646123e-22	4.351855977459213e-11	1.5844683802456407e-13
517.	0.	3.103433397977381e-22	4.3415366741323314e-11	1.5852899663183703e-13
518.	0.	3.1209217460044874e-22	4.331380618427936e-11	1.586164064391074e-13
518.9999999999999	0.	2.0924096561991913e-22	4.321383970625439e-11	1.5870897265740926e-13
520.	0.	2.104341242306352e-22	4.311542880284712e-11	1.5880659876883805e-13
521.	0.	2.116409388116714e-22	4.3018534882668235e-11	1.5890918658412066e-13
522.	0.	2.128614191454702e-22	4.2923119287230057e-11	1.5901663630017267e-13
523.	0.	2.1409557154959474e-22	4.282914331055044e-11	1.5912884655776007e-13
524.	0.	2.153433988764412e-22	4.273656821843998e-11	1.592457144991391e-13
525.	0.	1.083024502570174e-22	4.2645355267456375e-11	1.5936713582560256e-13
526.	0.	1.0894003619404107e-22	4.255546572355866e-11	1.594930048550424e-13
527.	0.	1.0958445348256096e-22	4.246686088042637e-11	1.5962321457939104e-13
527.9999999999999	0.	1.1023569662839028e-22	4.237950207744375e-11	1.5975765672192616e-13
529.	0.	1.1089375841259108e-22	4.229335071735674e-11	1.598962217944576e-13
530.	0.	1.115586298946926e-22	4.2208368283578184e-11	1.600387991542858e-13
531.	0.	1.1223030041650567e-22	4.212451635716928e-11	1.601852770610339e-13
532.	0.	1.1290875760642694e-22	4.204175663345957e-11	1.6033554273318483e-13
533.	0.	1.1359398738430655e-22	4.196005093833042e-11	1.604894824044137e-13
534.	0.	1.1428597396679924e-22	4.187936124413364e-11	1.606469813795845e-13
535.	0.	1.149846998732663e-22	4.179964968526983e-11	1.6080792409049771e-13
536.	0.	1.1569014593219378e-22	4.1720878573416156e-11	1.6097219415132333e-13
536.9999999999999	0.	1.1640229128805405e-22	4.1643010412374154e-11	1.6113967441360313e-13
538.	0.	1.1712111340872312e-22	4.156600791258489e-11	1.6131024702097205e-13
539.	0.	0.	4.148983400527128e-11	1.6148379346344559e-13
540.	0.	0.	4.1414451856221095e-11	1.6166019463128706e-13
540.9999999999999	0.	0.	4.1339824879221225e-11	1.6183933086849595e-13
542.	0.	0.	4.1265916749109075e-11	1.6202108202575892e-13
543.	0.	0.	4.119269141448448e-11	1.6220532751301002e-13
544.	0.	0.	4.1120113110051104e-11	1.6239194635147193e-13
545.	0.	0.	4.1048146368596184e-11	1.6258081722518308e-13
545.9999999999999	0.	0.	4.097675603260846e-11	1.6277181853199819e-13
547.	0.	0.	4.090590726554744e-11	1.6296482843408755e-13
548.	0.	0.	4.083556556273897e-11	1.6315972490782556e-13
549.	0.	0.	4.076569676193037e-11	1.6335638579317938e-13
549.9999999999999	0.	0.	4.0696267053476234e-11	1.6355468884244689e-13
551.	0.	0.	4.0627242990170604e-11	1.6375451176841296e-13
552.	0.	0.	4.0558591496738554e-11	1.639557322919381e-13
553.	0.	0.	4.049027987896596e-11	1.6415822818887377e-13
554.	0.	0.	4.042227583248468e-11	1.6436187733636466e-13
554.9999999999999	0.	0.	4.0354547451207485e-11	1.645665577584828e-13
556.	0.	0.	4.0287063235429e-11	1.6477214767124585e-13
557.	0.	0.	4.021979209957399e-11	1.649785255269198e-13
558.	0.	0.	4.015270337961528e-11	1.6518557005767535e-13
558.9999999999999	0.	0.	4.0085766840147676e-11	1.6539316031852803e-13
560.	0.	0.	4.0018952681139546e-11	1.6560117572961593e-13
561.	0.	0.	3.9952231544348455e-11	1.658094961177541e-13
562.	0.	0.	3.9885574519409585e-11	1.66018001757271e-13
563.	0.	0.	3.981895314959913e-11	1.662265734101152e-13
563.9999999999999	0.	0.	3.975233943729261e-11	1.664350923652977e-13
565.	0.	0.	3.9685705849088746e-11	1.6664344047752487e-13
566.	0.	0.	3.9619025320629733e-11	1.6685150020512968e-13
567.	0.	0.	3.955227126110992e-11	1.6705915464724453e-13
567.9999999999999	0.	0.	3.9485417557491255e-11	1.6726628758027717e-13
569.	0.	0.	3.941843857840119e-11	1.674727834935589e-13
570.	0.	0.	3.935130917773879e-11	1.6767852762426198e-13
571.	0.	0.	3.928400469800476e-11	1.6788340599162355e-13
572.	0.	0.	3.921650097331664e-11	1.6808730543029274e-13
572.9999999999999	0.	0.	3.9148774332160164e-11	1.6829011362300544e-13
574.	0.	0.	3.908080159985005e-11	1.684917191324368e-13
575.	0.	0.	3.901256010073008e-11	1.6869201143235498e-13
576.	0.	0.	3.8944027660078085e-11	1.6889088093789588e-13
576.9999999999999	0.	0.	3.887518260576595e-11	1.6908821903516034e-13
578.	0.	0.	3.8806003769652313e-11	1.692839181100209e-13
579.	0.	0.	3.873647048871639e-11	1.69477871576138e-13
580.	0.	0.	3.8666562605932494e-11	1.6966997390219078e-13
581.	0.	0.	3.859626047091555e-11	1.698601206384092e-13
582.	0.	0.	3.852554494030223e-11	1.7004820844224596e-13
583.	0.	0.	3.8454397377909204e-11	1.7023413510335604e-13
584.	0.	0.	3.838279965464814e-11	1.7041779956775505e-13
585.	0.	0.	3.831073414822207e-11	1.7059910196127324e-13
585.9999999999999	0.	0.	3.823818374258129e-11	1.7077794361216235e-13
587.	0.	0.	3.8165131827185126e-11	1.7095422707306222e-13
588.	0.	0.	3.809156229602105e-11	1.7112785614208877e-13
589.	0.	0.	3.8017459546434196e-11	1.7129873588325196e-13
589.9999999999999	0.	0.	3.79428084777465e-11	1.7146677264609912e-13
591.	0.	0.	3.786759448967695e-11	1.7163187408462938e-13
592.	0.	0.	3.7791803480560496e-11	1.7179394917542445e-13
593.	0.	0.	3.7715421845384286e-11	1.719529082350879e-13
594.	0.	0.	3.7638436473637874e-11	1.7210866293694207e-13
594.9999999999999	0.	0.	3.7560834746979314e-11	1.7226112632699375e-13
596.	0.	0.	3.7482604536727275e-11	1.7241021283917156e-13
597.	0.	0.	3.740373420118455e-11	1.7255583830987186e-13
598.	0.	0.	3.732421258279014e-11	1.7269791999176071e-13
598.9999999999999	0.	0.	3.7244029005114786e-11	1.7283637656690056e-13
600.	0.	0.	3.716317326969816e-11	1.7297112815916728e-13
601.	0.	0.	3.70816356527337e-11	1.7310209634597664e-13
602.	0.	0.	3.699940690160976e-11	1.7322920416933623e-13
603.	0.	0.	3.6916478231295935e-11	1.733523761461732e-13
603.9999999999999	0.	0.	3.683284132061102e-11	1.734715382780665e-13
605.	0.	0.	3.674848830834152e-11	1.735866180602518e-13
606.	0.	0.	3.666341178923651e-11	1.7369754448999187e-13
607.	0.	0.	3.657760480987769e-11	1.7380424807428542e-13
607.9999999999999	0.	0.	3.649106086443576e-11	1.7390666083697179e-13
609.	0.	0.	3.640377389029966e-11	1.7400471632514413e-13
610.	0.	0.	3.631573826360167e-11	1.740983496149607e-13
611.	0.	0.	3.622694879463794e-11	1.741874973168575e-13
612.	0.	0.	3.613740072318396e-11	1.7427209758012346e-13
612.9999999999999	0.	0.	3.604708971370605e-11	1.7435209009685957e-13
614.	0.	0.	3.5956011850492994e-11	1.744274161053941e-13
615.	0.	0.	3.586416363268233e-11	1.7449801839305037e-13
616.	0.	0.	3.577154196921508e-11	1.7456384129839145e-13
616.9999999999999	0.	0.	3.5678144173696117e-11	1.7462483071284427e-13
618.	0.	0.	3.5583967959186364e-11	1.7468093408179454e-13
619.	0.	0.	3.5489011432920344e-11	1.7473210040513948e-13
620.	0.	0.	3.539327309094796e-11	1.747782802372519e-13
621.	0.	0.	3.5296751812718124e-11	1.7481942568645727e-13
621.9999999999999	0.	0.	3.519944685559619e-11	1.7485549041395731e-13
623.	0.	0.	3.5101357849322585e-11	1.7488642963223716e-13
624.	0.	0.	3.5002484790421334e-11	1.749122001029842e-13
625.	0.	0.	3.490282803655503e-11	1.7493276013449288e-13
625.9999999999999	0.	0.	3.480238830082899e-11	1.7494806957857095e-13
627.	0.	0.	3.4701166646060604e-11	1.7495808982699467e-13
628.	0.	0.	3.459916447899842e-11	1.749627838074554e-13
629.	0.	0.	3.4496383544513025e-11	1.749621159790823e-13
629.9999999999999	0.	0.	3.439282591975012e-11	1.749560523274855e-13
630.9999999999999	0.	0.	3.4288494008249926e-11	1.7494456035934909e-13
632.	0.	0.	3.418339053405081e-11	1.7492760909663633e-13
633.	0.	0.	3.4077518535755585e-11	1.7490516907030216e-13
634.	0.	0.	3.397088136058717e-11	1.7487721231364694e-13
634.9999999999999	0.	0.	3.3863482658424814e-11	1.7484371235524626e-13
636.	0.	0.	3.375532637581961e-11	1.7480464421145543e-13
637.	0.	0.	3.3646416750005586e-11	1.7475998437856794e-13
638.	0.	0.	3.3536758302899275e-11	1.7470971082457041e-13
638.9999999999999	0.	0.	3.342635583509546e-11	1.746538029805451e-13
640.	0.	0.	3.3315214419851564e-11	1.7459224173167317e-13
641.	0.	0.	3.320333939708522e-11	1.745250094079498e-13
642.	0.	0.	3.309073636736141e-11	1.744520897745013e-13
643.	0.	0.	3.297741118588813e-11	1.7437346802157435e-13
643.9999999999999	0.	0.	3.286336995652577e-11	1.7428913075425536e-13
645.	0.	0.	3.2748619025796236e-11	1.7419906598180986e-13
646.	0.	0.	3.263316497691065e-11	1.7410326310674672e-13
647.	0.	0.	3.251701462380652e-11	1.7400171291357637e-13
647.9999999999999	0.	0.	3.2400175005209697e-11	1.738944075573022e-13
649.	0.	0.	3.228265337870253e-11	1.7378134055159298e-13
650.	0.	0.	3.2164457214828314e-11	1.7366250675673256e-13
651.	0.	0.	3.2045594191203734e-11	1.735379023672562e-13
652.	0.	0.	3.192607218666809e-11	1.734075248993867e-13
652.9999999999999	0.	0.	3.1805899275452484e-11	1.7327137317817806e-13
654.	0.	0.	3.168508372138178e-11	1.7312944732445806e-13
655.	0.	0.	3.1563633972106264e-11	1.7298174874153054e-13
656.	0.	0.	3.1441558653366893e-11	1.7282828010165717e-13
656.9999999999999	0.	0.	3.1318866563291514e-11	1.7266904533232415e-13
658.	0.	0.	3.119556666673125e-11	1.7250404960231925e-13
659.	0.	0.	3.1071668089634366e-11	1.7233329930760481e-13
660.	0.	0.	3.094718011345759e-11	1.7215680205701715e-13
661.	0.	0.	3.082211216961819e-11	1.7197456665776158e-13
661.9999999999999	0.	0.	3.06964738339895e-11	1.7178660310076387e-13
663.	0.	0.	3.057027482144243e-11	1.7159292254585532e-13
664.	0.	0.	3.04435249804278e-11	1.7139353730678952e-13
665.	0.	0.	3.031623428760847e-11	1.7118846083612718e-13
665.9999999999999	0.	0.	3.01884128425363e-11	1.7097770770996536e-13
667.	0.	0.	3.0060070862382006e-11	1.7076129361255775e-13
668.	0.	0.	2.993121867671273e-11	1.7053923532079163e-13
669.	0.	0.	2.980186672232069e-11	1.703115506885548e-13
670.	0.	0.	2.967202553810491e-11	1.7007825863099324e-13
670.9999999999999	0.	0.	2.9541705760007315e-11	1.6983937910867235e-13
672.	0.	0.	2.941091811600057e-11	1.6959493311162097e-13
673.	0.	0.	2.9279673421135085e-11	1.6934494264331836e-13
674.	0.	0.	2.914798257263837e-11	1.6908943070457926e-13
674.9999999999999	0.	0.	2.9015856545073565e-11	1.6882842127735913e-13
676.	0.	0.	2.8883306385556535e-11	1.6856193930851817e-13
677.	0.	0.	2.8750343209028058e-11	1.6829001069348378e-13
678.	0.	0.	2.8616978193590886e-11	1.6801266225990487e-13
678.9999999999999	0.	0.	2.848322257590179e-11	1.6772992175121615e-13
679.9999999999999	0.	0.	2.834908764662594e-11	1.6744181781018255e-13
681.	0.	0.	2.8214584745954558e-11	1.6714837996240644e-13
682.	0.	0.	2.8079725259180082e-11	1.668496385997877e-13
683.	0.	0.	2.7944520612337562e-11	1.665456249639828e-13
683.9999999999999	0.	0.	2.7808982267908074e-11	1.6623637112983452e-13
685.	0.	0.	2.7673121720581855e-11	1.6592190998878092e-13
686.	0.	0.	2.7536950493090638e-11	1.6560227523227523e-13
687.	0.	0.	2.740048013209823e-11	1.6527750133518548e-13
687.9999999999999	0.	0.	2.7263722204160752e-11	1.6494762353921624e-13
688.9999999999999	0.	0.	2.712668829174651e-11	1.6461267783632616e-13
690.	0.	0.	2.6989389989323472e-11	1.6427270095216045e-13
691.	0.	0.	2.6851838899512944e-11	1.6392773032952144e-13
692.	0.	0.	2.6714046629303656e-11	1.6357780411183732e-13
692.9999999999999	0.	0.	2.6576024786336375e-11	1.6322296112667203e-13
694.	0.	0.	2.6437784975250338e-11	1.6286324086928473e-13
695.	0.	0.	2.6299338794098992e-11	1.62498683486204e-13
696.	0.	0.	2.6160697830826762e-11	1.6212932975886112e-13
696.9999999999999	0.	0.	2.602187365981507e-11	1.6175522108726254e-13
698.	0.	0.	2.5882877838491767e-11	1.6137639947372724e-13
699.	0.	0.	2.574372190400727e-11	1.609929075066649e-13
700.	0.	0.	2.5604417369979533e-11	1.6060478834444385e-13
701.	0.	0.	2.5464975723295857e-11	1.6021208569928185e-13
701.9999999999999	0.	0.	2.5325408420988658e-11	1.598148438212443e-13
703.	0.	0.	2.5185726887172756e-11	1.5941310748229964e-13
704.	0.	0.	2.5045942510049453e-11	1.5900692196045475e-13
705.	0.	0.	2.490606663897031e-11	1.585963330239619e-13
705.9999999999999	0.	0.	2.476611058157542e-11	1.5818138691563527e-13
707.	0.	0.	2.4626085600987197e-11	1.577621303372277e-13
708.	0.	0.	2.4486002913071522e-11	1.5733861043391055e-13
709.	0.	0.	2.4345873683764927e-11	1.5691087477885748e-13
710.	0.	0.	2.420570902646267e-11	1.5647897135790753e-13
710.9999999999999	0.	0.	2.4065519999471195e-11	1.5604294855434648e-13
712.	0.	0.	2.392531760352396e-11	1.5560285513378512e-13
713.	0.	0.	2.378511277936093e-11	1.551587402291411e-13
714.	0.	0.	2.3644916405367387e-11	1.5471065332574041e-13
714.9999999999999	0.	0.	2.350473929527809e-11	1.5425864424652411e-13
716.	0.	0.	2.3364592195939815e-11	1.5380276313736782e-13
717.	0.	0.	2.3224485785139542e-11	1.5334306045253442e-13
718.	0.	0.	2.308443066948803e-11	1.528795869402327e-13
719.	0.	0.	2.2944437382369417e-11	1.5241239362830617e-13
719.9999999999999	0.	0.	2.2804516381943114e-11	1.5194153181003642e-13
721.	0.	0.	2.2664678049215248e-11	1.5146705303010195e-13
722.	0.	0.	2.252493268615768e-11	1.5098900907062397e-13
723.	0.	0.	2.238529051389483e-11	1.505074519373866e-13
723.9999999999999	0.	0.	2.224576167094333e-11	1.5002243384616685e-13
725.	0.	0.	2.2106356211510288e-11	1.495340072092015e-13
726.	0.	0.	2.1967084103847546e-11	1.490422246217975e-13
727.	0.	0.	2.182795522866457e-11	1.4854713884908838e-13
727.9999999999999	0.	0.	2.1688979377594473e-11	1.4804880281291062e-13
728.9999999999999	0.	0.	2.1550166251715107e-11	1.475472695788446e-13
730.	0.	0.	2.14115254601288e-11	1.470425923433904e-13
731.	0.	0.	2.127306651858912e-11	1.4653482442128146e-13
732.	0.	0.	2.1134798848188256e-11	1.4602401923295947e-13
732.9999999999999	0.	0.	2.099673177409116e-11	1.4551023029219244e-13
734.	0.	0.	2.0858874524326224e-11	1.4499351119383388e-13
735.	0.	0.	2.072123622862599e-11	1.4447391560174575e-13
736.	0.	0.	2.058382591731661e-11	1.439514972368627e-13
736.9999999999999	0.	0.	2.0446652520261302e-11	1.4342630986541283e-13
737.9999999999999	0.	0.	2.030972486585133e-11	1.4289840728729518e-13
739.	0.	0.	2.017305168004597e-11	1.4236784332460298e-13
740.	0.	0.	2.0036641585461967e-11	1.418346718103107e-13
741.	0.	0.	1.9900503100509408e-11	1.412989465771137e-13
741.9999999999999	0.	0.	1.976464463857514e-11	1.4076072144642195e-13
743.	0.	0.	1.9629074507253634e-11	1.4022005021751857e-13
744.	0.	0.	1.9493800907622045e-11	1.3967698665686124e-13
745.	0.	0.	1.9358831933561857e-11	1.3913158448756312e-13
745.9999999999999	0.	0.	1.922417557112096e-11	1.385838973790054e-13
746.9999999999999	0.	0.	1.9089839697927925e-11	1.3803397893664138e-13
748.	0.	0.	1.8955832082639304e-11	1.3748188269192925e-13
749.	0.	0.	1.882216038443692e-11	1.3692766209244443e-13
750.	0.	0.	1.8688832152562423e-11	1.3637137049213533e-13
750.9999999999999	0.	0.	1.855585482589531e-11	1.3581306114176025e-13
752.	0.	0.	1.842323573257027e-11	1.3525278717946236e-13
753.	0.	0.	1.8290982089634626e-11	1.3469060162152027e-13
754.	0.	0.	1.8159101002744708e-11	1.3412655735324428e-13
754.9999999999999	0.	0.	1.802759946590106e-11	1.335607071200539e-13
756.	0.	0.	1.7896484361218258e-11	1.3299310351868183e-13
757.	0.	0.	1.776576245873778e-11	1.3242379898857952e-13
758.	0.	0.	1.763544041627178e-11	1.3185284580344024e-13
759.	0.	0.	1.7505524779283796e-11	1.312802960629091e-13
759.9999999999999	0.	0.	1.7376021980807132e-11	1.3070620168444743e-13
761.	0.	0.	1.7246938341393073e-11	1.3013061439533947e-13
762.	0.	0.	1.7118280069096507e-11	1.295535857248787e-13
763.	0.	0.	1.6990053259493252e-11	1.2897516699669601e-13
763.9999999999999	0.	0.	1.686226389572905e-11	1.2839540932125087e-13
765.	0.	0.	1.6734917848599722e-11	1.2781436358848018e-13
766.	0.	0.	1.6608020876666436e-11	1.272320804606016e-13
767.	0.	0.	1.6481578626394523e-11	1.2664861036506603e-13
768.	0.	0.	1.6355596632328205e-11	1.2606400348767847e-13
768.9999999999999	0.	0.	1.623008031728951e-11	1.254783097658585e-13
770.	0.	0.	1.6105034992611286e-11	1.2489157888206475e-13
771.	0.	0.	1.5980465858390602e-11	1.2430386025736035e-13
772.	0.	0.	1.5856378003776325e-11	1.237152030451491e-13
772.9999999999999	0.	0.	1.5732776407278508e-11	1.2312565612503713e-13
774.	0.	0.	1.5609665937105108e-11	1.2253526809686717e-13
775.	0.	0.	1.5487051351524774e-11	1.2194408727488936e-13
776.	0.	0.	1.5364937299252674e-11	1.2135216168208434e-13
776.9999999999999	0.	0.	1.524332831986237e-11	1.2075953904463546e-13
777.9999999999999	0.	0.	1.5122228844218015e-11	1.2016626678654076e-13
779.	0.	0.	1.5001643194932444e-11	1.1957239202437826e-13
780.	0.	0.	1.4881575586845828e-11	1.189779615622145e-13
781.	0.	0.	1.4762030127526676e-11	1.1838302188664651e-13
781.9999999999999	0.	0.	1.464301081779214e-11	1.177876191620032e-13
783.	0.	0.	1.4524521552251259e-11	1.1719179922567035e-13
784.	0.	0.	1.440656611986573e-11	1.1659560758356905e-13
785.	0.	0.	1.4289148204531839e-11	1.1599908940576735e-13
785.9999999999999	0.	0.	1.4172271385680168e-11	1.1540228952222968e-13
786.9999999999999	0.	0.	1.4055939138891975e-11	1.1480525241870439e-13
788.	0.	0.	1.3940154836537008e-11	1.142080222327436e-13
789.	0.	0.	1.3824921748424174e-11	1.1361064274986663e-13
790.	0.	0.	1.3710243042471742e-11	1.1301315739984187e-13
790.9999999999999	0.	0.	1.3596121785390623e-11	1.1241560925311347e-13
792.	0.	0.	1.3482560943386699e-11	1.1181804101735383e-13
793.	0.	0.	1.3369563382874548e-11	1.1122049503414128e-13
794.	0.	0.	1.3257131871208011e-11	1.1062301327577285e-13
794.9999999999999	0.	0.	1.3145269077423363e-11	1.1002563734220353e-13
795.9999999999999	0.	0.	1.303397757299551e-11	1.0942840845809951e-13
797.	0.	0.	1.2923259832608765e-11	1.0883136747003404e-13
798.	0.	0.	1.2813118234937858e-11	1.0823455484378786e-13
799.	0.	0.	1.2703555063442776e-11	1.0763801066178371e-13
799.9999999999999	0.	0.	1.2594572507173792e-11	1.0704177462063766e-13
801.	0.	0.	1.2486172661587254e-11	1.0644588602882327e-13
802.	0.	0.	1.2378357529372998e-11	1.0585038380446243e-13
803.	0.	0.	1.2271129021290877e-11	1.052553064732233e-13
803.9999999999999	0.	0.	1.216448895701681e-11	1.0466069216634088e-13
804.9999999999999	0.	0.	1.2058439065997544e-11	1.0406657861874536e-13
806.	0.	0.	1.1952980988316951e-11	1.034730031673018e-13
807.	0.	0.	1.1848116275565687e-11	1.0288000274916285e-13
808.	0.	0.	1.1743846391722543e-11	1.0228761390023103e-13
808.9999999999999	0.	0.	1.1640172714041534e-11	1.0169587275372677e-13
810.	0.	0.	1.1537096533947047e-11	1.0110481503886052e-13
811.	0.	0.	1.1434619057933982e-11	1.005144760796117e-13
812.	0.	0.	1.1332741408475532e-11	9.992489079361342e-14
812.9999999999999	0.	0.	1.1231464624934124e-11	9.933609369113427e-14
814.	0.	0.	1.1130789664484262e-11	9.87481188741624e-14
815.	0.	0.	1.1030717403030029e-11	9.816100003558721e-14
816.	0.	0.	1.093124863613795e-11	9.757477045848401e-14
816.9999999999999	0.	0.	1.083238407996584e-11	9.698946301548476e-14
817.9999999999999	0.	0.	1.0734124372201675e-11	9.64051101682531e-14
819.	0.	0.	1.0636470073000338e-11	9.582174396704639e-14
820.	0.	0.	1.0539421665928827e-11	9.523939605036959e-14
821.	0.	0.	1.0442979558910659e-11	9.465809764472604e-14
821.9999999999999	0.	0.	1.0347144085175385e-11	9.407787956444742e-14
823.	0.	0.	1.0251915504207033e-11	9.349877221161522e-14
824.	0.	0.	1.0157294002699288e-11	9.292080557607273e-14
825.	0.	0.	1.0063279695506548e-11	9.234400923551284e-14
825.9999999999999	0.	0.	9.96987262660089e-12	9.176841235565775e-14
826.9999999999999	0.	0.	9.877072770027861e-12	9.119404369050893e-14
828.	0.	0.	9.784880030862608e-12	9.06209315826906e-14
829.	0.	0.	9.693294246168084e-12	9.004910396386187e-14
830.	0.	0.	9.602315185952056e-12	8.947858835521328e-14
830.9999999999999	0.	0.	9.511942554122599e-12	8.890941186802846e-14
832.	0.	0.	9.422175989447473e-12	8.83416012043369e-14
833.	0.	0.	9.333015066508319e-12	8.777518265762206e-14
834.	0.	0.	9.244459296655579e-12	8.721018211361728e-14
834.9999999999999	0.	0.	9.156508128962764e-12	8.664662505115751e-14
835.9999999999999	0.	0.	9.069160951178422e-12	8.608453654311319e-14
837.	0.	0.	8.982417090676253e-12	8.55239412573793e-14
838.	0.	0.	8.896275815404378e-12	8.496486345794259e-14
839.	0.	0.	8.8107363348314e-12	8.440732700600382e-14
839.9999999999999	0.	0.	8.725797800890152e-12	8.385135536116992e-14
841.	0.	0.	8.641459308919963e-12	8.329697158270364e-14
842.	0.	0.	8.557719898602867e-12	8.274419833083962e-14
843.	0.	0.	8.474578554901946e-12	8.219305786815473e-14
843.9999999999999	0.	0.	8.392034208991318e-12	8.164357206099891e-14
844.9999999999999	0.	0.	8.3100857391862e-12	8.109576238098167e-14
846.	0.	0.	8.228731971867675e-12	8.054964990651766e-14
847.	0.	0.	8.147971682402866e-12	8.000525532442172e-14
848.	0.	0.	8.067803596065019e-12	7.946259893156102e-14
848.9999999999999	0.	0.	7.988226388942784e-12	7.892170063655493e-14
850.	0.	0.	7.909238688853554e-12	7.838257996153097e-14
851.	0.	0.	7.83083907624291e-12	7.784525604392216e-14
852.	0.	0.	7.753026085088428e-12	7.730974763832341e-14
852.9999999999999	0.	0.	7.675798203792328e-12	7.677607311837945e-14
853.9999999999999	0.	0.	7.599153876071359e-12	7.624425047873521e-14
855.	0.	0.	7.52309150184222e-12	7.571429733701672e-14
856.	0.	0.	7.447609438100466e-12	7.518623093586468e-14
857.	0.	0.	7.372705999794787e-12	7.466006814500271e-14
857.9999999999999	0.	0.	7.298379460696489e-12	7.413582546335273e-14
859.	0.	0.	7.224628054260402e-12	7.361351902118425e-14
860.	0.	0.	7.15144997448415e-12	7.309316458230601e-14
861.	0.	0.	7.078843376757256e-12	7.257477754629475e-14
861.9999999999999	0.	0.	7.0068063787090246e-12	7.205837295075676e-14
863.	0.	0.	6.9353370610449636e-12	7.15439654736292e-14
864.	0.	0.	6.864433468381622e-12	7.103156943551131e-14
865.	0.	0.	6.794093610073219e-12	7.052119880203068e-14
865.9999999999999	0.	0.	6.724315461030013e-12	7.001286718624226e-14
866.9999999999999	0.	0.	6.655096962533746e-12	6.950658785105297e-14
868.	0.	0.	6.586436023045121e-12	6.90023737116846e-14
869.	0.	0.	6.518330519002091e-12	6.850023733815561e-14
870.	0.	0.	6.450778295616513e-12	6.800019095779721e-14
870.9999999999999	0.	0.	6.383777167657883e-12	6.750224645779522e-14
872.	0.	0.	6.317324920235942e-12	6.700641538775315e-14
873.	0.	0.	6.251419309572145e-12	6.651270896228511e-14
874.	0.	0.	6.1860580637671855e-12	6.602113806363048e-14
874.9999999999999	0.	0.	6.121238883557456e-12	6.55317132442869e-14
875.9999999999999	0.	0.	6.056959443068379e-12	6.504444472967282e-14
877.	0.	0.	5.993217390559437e-12	6.455934242080342e-14
878.	0.	0.	5.930010349160423e-12	6.407641589699165e-14
879.	0.	0.	5.8673359176016594e-12	6.359567441856289e-14
879.9999999999999	0.	0.	5.8051916709362155e-12	6.311712692959384e-14
881.	0.	0.	5.743575161255826e-12	6.264078206066061e-14
882.	0.	0.	5.682483918398016e-12	6.216664813161103e-14
883.	0.	0.	5.621915450647296e-12	6.169473315434476e-14
883.9999999999999	0.	0.	5.5618672454262074e-12	6.122504483561415e-14
884.9999999999999	0.	0.	5.502336769983031e-12	6.075759057983367e-14
886.	0.	0.	5.443321472066944e-12	6.029237749190479e-14
887.	0.	0.	5.3848187805997774e-12	5.982941238005169e-14
888.	0.	0.	5.3268261063379015e-12	5.936870175866827e-14
888.9999999999999	0.	0.	5.269340842527077e-12	5.891025185117597e-14
890.	0.	0.	5.212360365550748e-12	5.845406859288796e-14
891.	0.	0.	5.15588203556721e-12	5.800015763388742e-14
892.	0.	0.	5.099903197143977e-12	5.754852434190992e-14
892.9999999999999	0.	0.	5.044421179881004e-12	5.709917380523166e-14
893.9999999999999	0.	0.	4.9894332990266745e-12	5.665211083556816e-14
895.	0.	0.	4.934936856087969e-12	5.6207339970977057e-14
896.	0.	0.	4.880929139430326e-12	5.5764865478763087e-14
897.	0.	0.	4.827407424872554e-12	5.532469135839236e-14
897.9999999999999	0.	0.	4.774368976271061e-12	5.4886821344406566e-14
899.	0.	0.	4.721811046099347e-12	5.445125890933865e-14
900.	0.	0.	4.669730876017783e-12	5.401800726663813e-14
901.	0.	0.	4.618125697436954e-12	5.3587069373587586e-14
901.9999999999999	0.	0.	4.566992732072138e-12	5.3158447934230836e-14
902.9999999999999	0.	0.	4.516329192491341e-12	5.2732145402290743e-14
904.	0.	0.	4.4661322826551835e-12	5.230816398409575e-14
905.	0.	0.	4.416399198449365e-12	5.188650564150076e-14
906.	0.	0.	4.3671271282087525e-12	5.1467172094806615e-14
906.9999999999999	0.	0.	4.318313253235788e-12	5.105016482567943e-14
908.	0.	0.	4.2699547483084624e-12	5.063548508006593e-14
909.	0.	0.	4.222048782184215e-12	5.0223133871104486e-14
910.	0.	0.	4.174592518093038e-12	4.98131119820372e-14
910.9999999999999	0.	0.	4.127583114226644e-12	4.940541996910931e-14
911.9999999999999	0.	0.	4.08101772421533e-12	4.900005816447164e-14
913.	0.	0.	4.034893497602891e-12	4.8597026679075217e-14
914.	0.	0.	3.9892075803111316e-12	4.8196325405557056e-14
914.9999999999999	0.	0.	3.943957115095935e-12	4.779795402112257e-14
915.9999999999999	0.	0.	3.899139241999458e-12	4.740191199042139e-14
917.	0.	0.	3.854751098792703e-12	4.7008198568414245e-14
918.	0.	0.	3.8107898214109114e-12	4.661681280323273e-14
919.	0.	0.	3.767252544381921e-12	4.6227753539031316e-14
919.9999999999999	0.	0.	3.724136401249133e-12	4.58410194188288e-14
921.	0.	0.	3.681438524984681e-12	4.5456608887343993e-14
922.	0.	0.	3.639156048396469e-12	4.507452019381752e-14
923.	0.	0.	3.5972861045301355e-12	4.469475139482864e-14
923.9999999999999	0.	0.	3.5558258270606578e-12	4.431730035709604e-14
924.9999999999999	0.	0.	3.5147723506788472e-12	4.394216476027405e-14
926.	0.	0.	3.4741228114726996e-12	4.356934209973248e-14
927.	0.	0.	3.4338743472977503e-12	4.319882968932749e-14
928.	0.	0.	3.3940240981436133e-12	4.283062466415997e-14
928.9999999999999	0.	0.	3.3545692064940684e-12	4.246472398332297e-14
930.	0.	0.	3.3155068176771543e-12	4.210112443263422e-14
931.	0.	0.	3.2768340802144365e-12	4.1739822627358246e-14
932.	0.	0.	3.2385481461563986e-12	4.138081501491193e-14
932.9999999999999	0.	0.	3.200646171417235e-12	4.1024097877561725e-14
933.9999999999999	0.	0.	3.163125316100137e-12	4.066966733510113e-14
935.	0.	0.	3.1259827448175547e-12	4.031751934751783e-14
936.	0.	0.	3.0892156270033643e-12	3.996764971764682e-14
937.	0.	0.	3.052821137221076e-12	3.9620054093804355e-14
937.9999999999999	0.	0.	3.0167964554627264e-12	3.927472797241304e-14
939.	0.	0.	2.9811387674451576e-12	3.893166670060707e-14
940.	0.	0.	2.945845264896542e-12	3.859086547882347e-14
941.	0.	0.	2.910913145840252e-12	3.8252319363377555e-14
941.9999999999999	0.	0.	2.8763396148686386e-12	3.7916023269023885e-14
942.9999999999999	0.	0.	2.8421218834144357e-12	3.7581971971497674e-14
944.	0.	0.	2.808257170015555e-12	3.725016011004276e-14
945.	0.	0.	2.774742700571011e-12	3.692058218992145e-14
946.	0.	0.	2.741575708595164e-12	3.659323258490801e-14
946.9999999999999	0.	0.	2.7087534354633316e-12	3.626810553976637e-14
948.	0.	0.	2.6762731306530444e-12	3.5945195172706234e-14
949.	0.	0.	2.6441320519790138e-12	3.5624495477827075e-14
950.	0.	0.	2.6123274658228263e-12	3.530600032754169e-14
950.9999999999999	0.	0.	2.580856647356268e-12	3.4989703474982284e-14
951.9999999999999	0.	0.	2.5497168807607487e-12	3.4675598556388955e-14
953.	0.	0.	2.5189054594406374e-12	3.43636790934793e-14
954.	0.	0.	2.488419686229993e-12	3.4053938495802154e-14
954.9999999999999	0.	0.	2.4582568735946968e-12	3.374637006306869e-14
955.9999999999999	0.	0.	2.428414343831824e-12	3.344096698747036e-14
957.	0.	0.	2.39888942925929e-12	3.3137722355973e-14
958.	0.	0.	2.3696794724039334e-12	3.2836629152595363e-14
959.	0.	0.	2.3407818261832745e-12	3.253768026066867e-14
959.9999999999999	0.	0.	2.3121938540813458e-12	3.2240868465076195e-14
960.9999999999999	0.	0.	2.2839129303221525e-12	3.194618645447318e-14
962.	0.	0.	2.255936440035145e-12	3.165362682348909e-14
963.	0.	0.	2.2282617794184307e-12	3.1363182074910105e-14
963.9999999999999	0.	0.	2.2008863558951177e-12	3.107484462184201e-14
964.9999999999999	0.	0.	2.173807588267511e-12	3.0788606789853253e-14
966.	0.	0.	2.1470229068627192e-12	3.050446081909973e-14
967.	0.	0.	2.1205297536789705e-12	3.022239886642872e-14
968.	0.	0.	2.094325582522152e-12	2.9942413007463676e-14
968.9999999999999	0.	0.	2.0684078591413245e-12	2.966449523867008e-14
969.9999999999999	0.	0.	2.0427740613587005e-12	2.93886374793999e-14
971.	0.	0.	2.0174216791946533e-12	2.9114831573917775e-14
972.	0.	0.	1.992348214990353e-12	2.8843069293407035e-14
972.9999999999999	0.	0.	1.967551183523373e-12	2.857334233795544e-14
973.9999999999999	0.	0.	1.9430281121214847e-12	2.8305642338520618e-14
975.	0.	0.	1.9187765407716722e-12	2.803996085887712e-14
976.	0.	0.	1.894794022224122e-12	2.7776289397542684e-14
977.	0.	0.	1.871078122093823e-12	2.7514619389683734e-14
977.9999999999999	0.	0.	1.8476264189568235e-12	2.7254942209002223e-14
979.	0.	0.	1.8244365044436864e-12	2.699724916960217e-14
980.	0.	0.	1.8015059833276363e-12	2.6741531527835573e-14
980.9999999999999	0.	0.	1.778832473611105e-12	2.6487780484129212e-14
982.	0.	0.	1.756413606606479e-12	2.6235987184791115e-14
982.9999999999999	0.	0.	1.7342470270140896e-12	2.5986142723797083e-14
983.9999999999999	0.	0.	1.7123303929972524e-12	2.5738238144557415e-14
985.	0.	0.	1.6906613762523532e-12	2.5492264441662568e-14
985.9999999999999	0.	0.	1.669237662076588e-12	2.524821256261243e-14
987.	0.	0.	1.6480569494313442e-12	2.5006073409520556e-14
988.	0.	0.	1.6271169510025064e-12	2.4765837840802527e-14
988.9999999999999	0.	0.	1.606415393259135e-12	2.4527496672844492e-14
990.	0.	0.	1.5859500165057335e-12	2.4291040681648418e-14
990.9999999999999	0.	0.	1.5657185749328264e-12	2.4056460604461264e-14
992.	0.	0.	1.5457188366656564e-12	2.382374714138341e-14
993.	0.	0.	1.5259485838075754e-12	2.3592890956956468e-14
993.9999999999999	0.	0.	1.5064056124819367e-12	2.3363882681733294e-14
995.	0.	0.	1.4870877328697771e-12	2.313671291382596e-14
995.9999999999999	0.	0.	1.4679927692453413e-12	2.2911372220437694e-14
997.	0.	0.	1.4491185600086786e-12	2.268785113937192e-14
998.	0.	0.	1.4304629577149791e-12	2.2466140180524597e-14
998.9999999999999	0.	0.	1.4120238291013372e-12	2.2246229827355797e-14
1000.	0.	0.	1.3937990551110743e-12	2.2028110538342093e-14