0.	217.65435970752765	21.765435970752772	2.1765435970752764	0.21765435970752764
1.	9.493888530878658	19.868578196880215	2.0739310664648496	0.2078212865101217
2.	0.267488810584143	18.135398611370956	1.9765201369295693	0.19846861337817276
3.	0.006047379200691572	16.55227286821946	1.884047816913966	0.18957297475161225
4.	0.00011894394446428045	15.106624399850213	1.7962638456169842	0.18111208929487388
5.	2.120098716868345e-6	13.786856718697095	1.7129301173626919	0.17306471310571117
6.	3.508474612186259e-8	12.582288186993827	1.633820129834894	0.16541059476625997
7.	5.443341641433916e-10	11.48308948626378	1.558718455286191	0.1581304321715338
8.	-1.0200730410803582e-12	10.480223944849987	1.4874202338609308	0.15120583107251226
9.	-2.7909355197896786e-12	9.565390820799799	1.419730688199626	0.14461926527289903
10.	2.2908127443621487e-13	8.730971586893292	1.3554646585198038	0.13835403842050262
11.	-7.145176723568391e-12	7.969979223149206	1.2944461573948993	0.13239424733601873
12.	1.543366842880388e-11	7.276010488496098	1.2365079434787127	0.12672474682377657
13.	-2.33091682355297e-11	6.643201116349691	1.1814911134481834	0.1213311159107477
14.	-8.318379466204155e-12	6.0661838576177285	1.1292447114617215	0.11619962546181203
14.999999999999998	2.4579951206542325e-11	5.540049278306501	1.0796253554541806	0.11131720712092137
16.	1.6532568061002398e-11	5.060309206685136	1.0324968796126972	0.10667142352941325
17.	8.280004942603471e-12	4.622862716223325	0.9877299924001285	0.10225043977428933
18.	2.4919642873081508e-11	4.223964524691492	0.9452019495146554	0.09804299602079883
18.999999999999996	-3.285061704234677e-11	3.860195686408768	0.9047962411953508	0.09403838128515049
20.	-8.140056739915493e-12	3.528436453219538	0.8664022933040993	0.09022640830461987
21.	2.505523540503686e-11	3.225841180008687	0.8299151816342525	0.08659738946372454
22.	7.88342355668291e-12	2.9498151521143097	0.7952353589158018	0.08314211373650451
23.	3.207241506480316e-11	2.6979932145959324	0.7622683940056747	0.07985182460627548
24.	-1.5702742633274766e-11	2.4682200867367756	0.7309247227700041	0.07671819892551232
24.999999999999996	0.	2.258532249205095	0.7011194101829373	0.07373332667977794
26.	-7.467709455712403e-12	2.067141295808163	0.6727719231836882	0.0708896916208306
27.	3.779877053341819e-11	1.892418646604075	0.6458059138501858	0.06818015273522927
28.	-7.12745794070203e-12	1.732881524176169	0.6201490124637757	0.06559792651590812
29.	-5.058745885921608e-11	1.5871801000266217	0.5957326300550452	0.06313657000530856
29.999999999999996	3.502571441101405e-11	1.4540857232309747	0.5724917700359593	0.06078996457974312
31.	-3.4313642333574073e-11	1.3324801486500655	0.5503648485381452	0.05855230044571917
32.	3.3112665398734313e-11	1.2213456870688522	0.5292935230913212	0.05641806181997318
32.99999999999999	-3.248987308997297e-11	1.1197562045819052	0.5092225292895977	0.05438201276595779
34.	1.2564654278053147e-11	1.0268689033420775	0.49009952510664334	0.0524391836604869
35.	-1.78901168259723e-11	0.9419168204077281	0.4718749425335557	0.050584858265177196
36.	4.111601308267588e-11	0.8642019858481914	0.45450184622569334	0.048814561378228816
37.	-4.509215032287719e-11	0.7930891854851251	0.437935798856743	0.04712404704296664
37.99999999999999	1.6527301818049414e-11	0.7280002776516403	0.42213473288989894	0.04550928729041191
39.	5.540913813696533e-12	0.668409017138785	0.40705882848726194	0.04396646139398012
40.	3.136556971624466e-13	0.6138363430692566	0.39267039728940967	0.042491945615196716
41.	2.4200304002304763e-11	0.563846090793853	0.37893377180756865	0.04108230342009776
42.	2.8316368403530364e-11	0.5180410910508323	0.3658152001809393	0.039734276146729496
42.99999999999999	-4.336232417844781e-12	0.4760596225683473	0.3532827460614987	0.03844477410488626
44.	-8.68444693627117e-12	0.4375721870317952	0.34130619339805013	0.03721086808992854
44.99999999999999	1.2386767437691036e-11	0.40227857788969906	0.3298569559003877	0.036029781293200225
46.	3.836647483552749e-12	0.36990521684152317	0.3189079909732442	0.03489888159222317
47.	7.400474173722093e-12	0.34020273404788565	0.3084337179181693	0.03381567420448094
48.	-1.421654821276756e-11	0.3129437701368112	0.29840994020966977	0.03277779468921976
49.	-3.362796036683652e-11	0.2879209799582035	0.2888137716598293	0.03178300228228797
49.99999999999999	-3.204268282819177e-11	0.2649452197718128	0.2796235662932493	0.030829173549610858
51.	-6.003439329025914e-12	0.24384390115041232	0.2708188517614652	0.029914296345452496
52.	2.8979279026461666e-11	0.22445949634876874	0.26238026613308546	0.029036464062153444
53.	-2.186030756788169e-11	0.20664818123849615	0.2542894979026976	0.028193870158551765
54.	-3.620225944881123e-11	0.19027860314744602	0.2465292290681554	0.027384802954795447
54.99999999999999	-3.412681280692107e-11	0.17523076207765478	0.23908308113217802	0.026607640681738823
56.	3.227174118546374e-11	0.16139499481558142	0.23193556389028536	0.025860846773582243
56.99999999999999	-2.60516851667733e-11	0.14867105239947018	0.2250720268729466	0.025142965392865275
58.	-8.108448975485888e-12	0.1369672622780008	0.2184786133154638	0.02445261717735978
59.	2.285234952190534e-11	0.12619976728808002	0.21214221653453844	0.023788495198828398
59.99999999999999	1.063559033617577e-11	0.11629183430388139	0.2060504385956918	0.02314936112401979
61.	1.6824592885174857e-11	0.10717322606936402	0.20019155116073184	0.022534041568663038
62.	-2.1952217233191197e-11	0.09877963032793075	0.1945544584092889	0.021941424635600316
63.	-1.465004103931964e-11	0.09105214091026127	0.18912866193308736	0.021370456628560696
64.	-1.6369555921832663e-11	0.08393678593934144	0.18390422750608695	0.020820138933428458
65.	1.0086160739302868e-11	0.0773840987644094	0.17887175363791025	0.020289525059196983
65.99999999999999	7.0960862097354636e-12	0.07134872764684351	0.1740223418221004	0.019777717831124624
67.	0.	0.0657890805944635	0.16934756839471024	0.019283866728922704
68.	-1.4023611625183636e-11	0.06066700207971438	0.16483945792252255	0.018807165363108093
69.	0.	0.055947478684617635	0.16049045804386214	0.01834684908294267
70.	3.3991445858746384e-12	0.05159837099425886	0.15629341568844482	0.017902192709663187
70.99999999999999	-1.574065621645856e-12	0.047590169313213845	0.15224155460608946	0.017472508388973688
72.	4.3e-12	0.04389577100822939	0.14832845413734436	0.017057143557032653
73.	-9.1e-12	0.040490277487928	0.14454802916214746	0.016655479014415806
74.	-9.4e-12	0.03735080901794701	0.14089451116565474	0.016266927102776493
75.	2.1e-12	0.03445633573993103	0.13736243036316198	0.015890929979155716
75.99999999999999	-3.8e-12	0.03178752341652999	0.13394659882882085	0.015526957983116603
77.	-4.3e-12	0.029326592563778876	0.1306420945754259	0.015174508092090233
78.	3.1e-12	0.027057189758017814	0.12744424653508166	0.014833102460526501
79.	4.8e-12	0.02496427001844642	0.12434862039292931	0.014502287038639386
80.	4.2e-12	0.023033989269329907	0.12135100522844151	0.014181630266726237
80.99999999999999	-3.7e-12	0.021253605978969175	0.11844740092095603	0.013870721841221696
82.	-9.e-13	0.01961139115688557	0.11563400627824921	0.01356917154882194
83.	8.e-13	0.01809654596659349	0.1129072078489631	0.01327660816518323
84.	1.e-12	0.016699126280473098	0.11026356938159662	0.012992678414857517
84.99999999999999	1.73e-12	0.015409973565292515	0.10769982189465557	0.012717045989284475
85.99999999999999	-1.21e-12	0.014220651543429117	0.1052128543242847	0.012449390619806744
87.	2.e-13	0.013123388125685014	0.10279970471739555	0.012189407202815479
88.	1.6e-13	0.012111022157810784	0.10045755193992774	0.011936804974272441
89.	-1.2e-13	0.011176954564440613	0.0981837078713905	0.011691306730982771
89.99999999999999	0.e-14	0.010315103511992533	0.09597561005832793	0.011452648096119214
90.99999999999999	3.8e-13	0.00951986324624273	0.09383081480072542	0.011220576826617763
92.	-1.6e-13	0.00878606629129149	0.09174699064673403	0.010994852160179156
93.	-1.11e-13	0.008108948724528227	0.08972191227235317	0.010775244199722278
94.	6.e-16	0.007484118267846636	0.08775345472393083	0.010561533333238143
94.99999999999999	-5.8e-14	0.0069075249581923796	0.08583958800250775	0.010353509687096345
96.	-1.6e-13	0.0063754341815551105	0.083978371970131	0.010150972610950366
97.	-7.e-14	0.005884401873345369	0.08216795155932398	0.009953730192481991
98.	-1.8e-13	0.005431251705464175	0.08040655226790462	0.009761598800312
99.	-7.3e-13	0.0050130540957847155	0.078692475922292	0.009574402653488653
99.99999999999999	-4.1e-13	0.004627106890160196	0.07702409669336896	0.009391973416047293
101.	-5.e-14	0.004270917579808972	0.07539985734982749	0.009214149815210316
102.	8.3e-13	0.0039421869287537	0.07381826573474362	0.009040777281870095
103.	-3.4e-13	0.003638793896593586	0.072277891451936	0.008871707612068692
104.	5.e-14	0.0033587817516606633	0.0707773627493786	0.008706798648254578
104.99999999999999	-1.6e-13	0.003100345278414101	0.06931536358768405	0.00854591397916092
106.	-1.e-13	0.0028618189909929434	0.06789063088231845	0.008388922657210472
107.	-1.73e-13	0.0026416662721890235	0.06650195190886972	0.008235698932411226
108.	1.73e-13	0.002438469363869019	0.06514816186129434	0.008086122001762036
109.	-6.e-15	0.002250920140877423	0.06382814155364831	0.007940075773239985
109.99999999999999	-1.6e-14	0.0020778116061285984	0.06254081525635213	0.007797448643492883
111.	5.1e-14	0.0019180300497031743	0.06128514865856843	0.007658133288407101
112.	4.4e-13	0.0017705478193543733	0.06006014694876066	0.007522026465767045
113.	-4.7e-13	0.001634416654187325	0.05886485300596908	0.0073890288292671755
113.99999999999999	4.5e-13	0.0015087615371142413	0.0576983456947889	0.00725904475317735
114.99999999999999	6.3e-13	0.001392775025334556	0.05655973825744655	0.007131982167002591
116.	-5.9e-13	0.0012857120212574347	0.055448176796786534	0.0070077523995159775
117.	-1.57e-12	0.0011868849494391933	0.05436283884433162	0.006886270031578502
118.	-1.58e-12	0.0010956593077103745	0.05330293200796359	0.006767452757194277
118.99999999999999	-1.67e-12	0.0010114495632945638	0.052267692694090276	0.006651221252280486
119.99999999999999	-1.57e-12	0.0009337153670060843	0.05125638489949048	0.0065374990506638815
121.	1.11e-12	0.0008619580607336797	0.050268299068327645	0.006426212426842513
122.	6.9e-13	0.0007957174554002684	0.04930275101011541	0.006317290285080642
122.99999999999999	3.8e-13	0.0007345688583386093	0.048359080874667844	0.006210664054429394
124.	-1.01e-12	0.0006781203307591005	0.04743665218034825	0.006106267589292229
125.	3.04e-12	0.0006260101573858043	0.046534850892143244	0.006004037075175299
126.	-1.16e-12	0.0005779045118624172	0.045653084546331435	0.005903910939287921
127.	1.48e-12	0.0005334953027063161	0.04479078141871646	0.0058058297656758415
128.	1.3e-12	0.0004924981858551637	0.04394738973361454	0.005709736214594124
129.	-2.73e-12	0.00045465073087067433	0.04312237691093733	0.00561557494584056
130.	2.29e-12	0.00041971072894582726	0.04231522884893783	0.005523292545792625
131.	-2.1e-12	0.0003874546317004054	0.041525449240303165	0.005432837457904358
131.99999999999997	3.43e-12	0.0003576761106662848	0.0407525589194762	0.005344159916437768
133.	3.6e-12	0.0003301847281239349	0.03999609523920761	0.005257211883216941
134.	-3.e-12	0.00030480471068294055	0.03925561147449259	0.005171946987207642
135.	-4.2e-12	0.00028137381764613907	0.038530676252162	0.005088320466738298
136.	7.e-13	0.00025974229683476	0.037820873004543454	0.005006289114191358
137.	-3.3e-12	0.00023977192112523864	0.0371257994456873	0.004925811223004587
138.	-4.9e-12	0.00022133509943322082	0.03644506706878822	0.004846846536834458
139.	-2.7e-12	0.00020431405640954447	0.035778300663524006	0.004769356200742991
140.	5.2e-12	0.00018860007551505366	0.0351251378521115	0.004693302714279993
140.99999999999997	-4.e-12	0.00017409280059655957	0.034485228642988815	0.004618649886341112
141.99999999999997	-4.e-13	0.00016069959141443456	0.03385823500110317	0.0045453627916919774
143.	2.9e-12	0.00014833492898322985	0.03324383043385251	0.004473407729055103
144.	-3.8e-12	0.0001369198668262044	0.0326416995918155	0.004402752180665229
145.	-4.8e-12	0.00012638152463395873	0.03205153788345592	0.004333364773205551
146.	9.e-13	0.0001166526210363682	0.03147305110305946	0.004265215240043239
147.	3.6e-12	0.00010767104244912514	0.030905955071204083	0.004198274384689974
148.	3.6e-12	0.00009937944521972865	0.03034997528713442	0.004132514045417612
149.	5.e-12	0.00009172488848186564	0.029804846592447948	0.0040679070609664835
150.	-5.9e-12	0.00008465849536205736	0.029270312845547587	0.004004427237286651
150.99999999999997	-4.1e-12	0.0000781351403324427	0.02874612660636105	0.003942049315258599
151.99999999999997	1.4e-12	0.00007211316068053765	0.028232048830863457	0.003880748939344167
153.	6.5e-12	0.00006655409025703862	0.027727848574974918	0.003820502627121521
154.	4.7e-12	0.00006142241373681585	0.027233302707442012	0.003761287739662915
155.	-6.1e-12	0.00005668533985094583	0.02674819563133486	0.003703082452717233
156.	5.e-13	0.00005231259208877669	0.026272319013827913	0.0036458657286610437
157.	2.3e-12	0.00004827621554336275	0.025805471523951237	0.003589617289187948
158.	1.4e-12	0.000044550398623877436	0.025347458578033808	0.0035343175887058687
159.	2.8e-12	0.000041111308515861357	0.024898092092557632	0.003479947788414702
160.	0.e-13	0.000037936939307086136	0.02445719024419815	0.0034264897310422203
160.99999999999997	-3.7e-12	0.000035006971808482126	0.024024577236811947	0.0033739259162138416
161.99999999999997	-4.7e-12	0.00003230264415260297	0.02360008307515869	0.003322239476436553
163.	1.9e-12	0.00002980663237056902	0.023183543345174144	0.0032714141536792597
164.	2.3e-12	0.000027502940126964157	0.022774799000602947	0.003221434276531645
165.	-7.3e-12	0.000025376796949923167	0.02237369615582316	0.0031722847379266465
166.	1.8e-12	0.000023414564277852898	0.0219800858847074	0.003123950973412422
167.	7.2e-12	0.00002160364872935018	0.021593824025372313	0.003076418939961228
168.	-4.5e-12	0.000019932422023044306	0.02121477099067367	0.003029675095302883
169.	2.7e-12	0.00001839014706067332	0.02084279158431819	0.002983706377773127
169.99999999999997	0.e-13	0.000016966909672489503	0.020477754822473243	0.0029385001866660673
170.99999999999997	-6.5e-12	0.00001565355560339119	0.020119533760749597	0.0028940443630825377
171.99999999999997	-4.e-13	0.000014441632336743472	0.019768005326447593	0.0028503271712650904
173.	-4.3e-12	0.000013323335368452672	0.019423050155966785	0.002807337280413423
174.	-4.e-13	0.000012291458609976488	0.019084552437271522	0.0027650637469714963
175.	-5.8e-12	0.000011339348587836132	0.018752399757313114	0.0027234959973813024
176.	-8.e-13	0.000010460862147013152	0.018426482954319572	0.0026826238112953598
177.	-6.e-12	9.650327400033116e-6	0.018106695974861482	0.0026424373052438845
178.	-2.4e-12	8.902507662581446e-6	0.017792935735598883	0.0026029269167498702
179.	-5.5e-12	8.212568150914155e-6	0.01748510198962844	0.0025640833888869044
179.99999999999997	1.2e-12	7.576045224181078e-6	0.017183097197345863	0.002525897755275509
180.99999999999997	-1.5e-12	6.988817981777443e-6	0.016886826401739895	0.0024883613255121343
181.99999999999997	1.9e-12	6.447082038938361e-6	0.016596197108034158	0.0024514656710262098
183.	-1.8e-12	5.947325291336235e-6	0.016311119167598618	0.002415202611361203
184.	4.e-13	5.4863055522169405e-6	0.016031504666052476	0.0023795642008745147
185.	4.5e-12	5.061029887623053e-6	0.01575726781547534	0.002344542715851498
186.	3.4e-12	4.668735526395934e-6	0.015488324850652626	0.002310130642029793
187.	-4.e-12	4.306872244292205e-6	0.015224593929275037	0.002276320662528478
188.	7.e-13	3.973086078197781e-6	0.014965995036014179	0.0022431056461784107
189.	-3.8e-12	3.6652042958190763e-6	0.01471244989039964	0.002210478636248345
189.99999999999997	1.88e-12	3.381221507943539e-6	0.014463881858417871	0.002178432839562673
190.99999999999997	-4.9e-12	3.1192868399742414e-6	0.01422021586775629	0.0021469616160056503
192.	-1.19e-12	2.8776920935874152e-6	0.013981378326617151	0.0021160584684077406
193.	-1.16e-12	2.654860799321825e-6	0.013747297046022613	0.00208571703280882
194.	-1.13e-12	2.449338112809344e-6	0.01351790116553739	0.002055931069093469
195.	2.76e-12	2.2597814841652266e-6	0.013293121082321733	0.0020266944519929013
196.	-2.68e-12	2.084952036649803e-6	0.013072888383455938	0.0019980011624487416
197.	2.09e-12	1.923706605438395e-6	0.012857135781440338	0.00196984527933339
198.	-2.03e-12	1.774990385288333e-6	0.012645797052807418	0.0019422209715210762
198.99999999999997	0.e-14	1.6378301386941855e-6	0.012438806979760634	0.0019151224903042998
199.99999999999997	1.43e-12	1.5113279289367567e-6	0.01223610129477141	0.0018885441621508561
200.99999999999997	5.08e-12	1.3946553224840369e-6	0.012037616628045996	0.0018624803817939226
202.	5.37e-12	1.2870480411889316e-6	0.011843290457797986	0.001836925605651336
203.	-1.3e-12	1.187801026127853e-6	0.011653061063242253	0.0018118743455668304
204.	2.93e-12	1.096263874830379e-6	0.011466867480234294	0.0017873211628677886
205.	3.64e-12	1.0118366254567697e-6	0.011284649459483691	0.0017632606627330457
206.	-1.95e-12	9.33965872040273e-7	0.01110634742725962	0.001739687488865216
207.	3.01e-12	8.621411681363225e-7	0.010931902448518547	0.0017165963184600415
208.	-3.98e-12	7.958917153292317e-7	0.010761256192377389	0.0016939818574679703
208.99999999999997	3.14e-12	7.347832985083342e-7	0.010594350899852192	0.001671838836140121
209.99999999999997	1.e-12	6.784154579060223e-7	0.010431129353799	0.0016501620048529285
210.99999999999997	3.22e-12	6.264188786805344e-7	0.010271534850973882	0.0016289461302048832
212.	-1.24e-12	5.784529868657171e-7	0.010115511176143257	0.0016081859913782519
213.	3.26e-12	5.342037164950573e-7	0.009963002578169589	0.0015878763767597514
214.	-4.25e-12	4.933814613202593e-7	0.009813953748008378	0.0015680120808131916
215.	8.1e-13	4.5571917719282444e-7	0.009668309798532575	0.0015485879011969724
216.	-1.81e-12	4.209706328034992e-7	0.009526016246128586	0.001529598636120885
217.	-7.4e-13	3.8890879795650786e-7	0.009387018993981254	0.0015110390819337172
218.	1.65e-12	3.593243443357693e-7	0.009251264316991963	0.0014929040309365489
218.99999999999997	2.69e-12	3.320242809045445e-7	0.00911869884825263	0.001475188269413902
219.99999999999997	1.92e-12	3.068306735030803e-7	0.008989269567012367	0.001457886575876096
220.99999999999997	2.02e-12	2.8357948346329836e-7	0.008862923788076132	0.0014409937195068985
222.	2.1e-12	2.6211947843567323e-7	0.008739609152561039	0.0014245044588081048
223.	1.99e-12	2.423112400628877e-7	0.008619273619955639	0.0014084135404361028
224.	1.2e-12	2.2402623987541278e-7	0.00850186546141658	0.001392715698222142
225.	3.2e-13	2.07145994896269e-7	0.008387333254240318	0.0013774056523708847
226.	2.27e-12	1.91561281087777e-7	0.008275625877451804	0.0013624781088297355
227.	1.28e-12	1.7717140840580903e-7	0.008166692508452198	0.0013479277588227046
227.99999999999997	1.33e-12	1.638835605381042e-7	0.008060482620663069	0.0013337492785423207
228.99999999999997	8.7e-13	1.516121754856495e-7	0.007956945982117438	0.001319937328993052
229.99999999999997	8.1e-13	1.402783817297438e-7	0.00785603265493844	0.0013064865559795284
230.99999999999997	5.4e-13	1.298094688672725e-7	0.00775769299565244	0.0012933915902337656
232.	1.39e-12	1.2013841347905116e-7	0.007661877656283949	0.0012806470476746734
233.	-7.3e-13	1.112034301810047e-7	0.007568537586182984	0.0012682475297935778
234.	6.8e-13	1.0294756211109241e-7	0.007477624034531974	0.0012561876241602551
235.	-8.e-14	9.53183019987712e-8	0.007389088553486402	0.0012444619050424478
236.	-7.e-13	8.826724541800207e-8	0.007302883001900967	0.001233064934133958
237.	-5.74e-13	8.174976768392114e-8	0.00721895954959324	0.0012219912613845568
237.99999999999997	-8.04e-13	7.572472691865854e-8	0.0071372706821058885	0.0012112354259265444
238.99999999999997	7.19e-13	7.01541958606646e-8	0.007057769205916403	0.0012007919570920875
239.99999999999997	1.37e-13	6.500320054715426e-8	0.006980408254059842	0.001190655375515489
240.99999999999997	1.2e-13	6.023950100673069e-8	0.006905141292119923	0.0011808201943156638
242.	4.16e-13	5.5833363880262554e-8	0.0068319221245503586	0.001171280920352467
243.	2.37e-13	5.1757374701518555e-8	0.006760704901289216	0.0011620320555526488
244.	-2.73e-13	4.798625527115409e-8	0.0066914441246269316	0.001153068098299374
245.	2.63e-13	4.449669123518261e-8	0.0066240946562987875	0.0011443835448810117
245.99999999999997	-6.4e-14	4.1267180829241575e-8	0.00655861172476195	0.0011359728909940226
247.	-8.3e-14	3.827789353561042e-8	0.006494950932626049	0.0011278306332948645
248.	7.2e-14	3.5510537265751916e-8	0.006433068264210096	0.0011199512709967607
248.99999999999997	-4.5e-15	3.294824219435895e-8	0.006372920093189474	0.0011123293075064632
250.	0.e-16	3.057543872548972e-8	0.006314463190307927	0.0011049592520967425
250.99999999999997	6.2e-15	2.8377770625796095e-8	0.006257654731129618	0.0010978356216100756
252.	-5.48e-14	2.6341984182658476e-8	0.00620245230379735	0.0010909529421895762
252.99999999999997	-3.1e-14	2.4455855224049675e-8	0.0061488139167785085	0.0010843057510330372
254.	-1.32e-13	2.2708098839615594e-8	0.006096698006575296	0.0010778885981661064
254.99999999999997	1.74e-13	2.1088302393639746e-8	0.006046063445370511	0.0010716960482309167
256.	8.7e-14	1.9586852630406714e-8	0.005996869548593246	0.00106572268228612
257.	1.97e-13	1.819487688929972e-8	0.005949076082382144	0.001059963099615314
258.	1.81e-13	1.690418081638462e-8	0.005902643270925429	0.0010544119195399426
259.	9.8e-14	1.570720233839532e-8	0.005857531803664589	0.0010490637832336134
260.	2.5e-13	1.459695333036758e-8	0.005813702842335681	0.0010439133555344062
261.	2.86e-13	1.3566983972019866e-8	0.005771118027843572	0.0010389553267524602
262.	2.75e-13	1.261133278071973e-8	0.005729739486944878	0.0010341844144694289
263.	-4.7e-14	1.172449559690301e-8	0.005689529838729715	0.0010295953653273392
263.99999999999994	-7.3e-14	1.0901384795839447e-8	0.005650452200889219	0.0010251829568039977
265.	2.22e-13	1.0137299477256624e-8	0.005612470195756159	0.0010209419989722023
266.	-2.5e-14	9.427893175526828e-9	0.005575547956107901	0.0010168673362405773
267.	-2.51e-13	8.769151054142927e-9	0.005539650130719471	0.0010129538490733295
268.	0.e-15	8.157360054891547e-9	0.00550474188966199	0.001009196455686996
269.	-3.49e-13	7.58908726501727e-9	0.0054707889293334	0.0010055901137217796
270.	2.5e-14	7.061154917876911e-9	0.00543775747721611	0.0010021298218854822
271.	-2.66e-13	6.5706286449173255e-9	0.005405614296354025	0.000998810621568334
272.	-2.13e-13	6.114788785170387e-9	0.00537432668954462	0.0009956275984266253
272.99999999999994	2.07e-13	5.691122454542917e-9	0.0053438625032366386	0.0009925758839334099
274.	4.4e-14	5.297303786537577e-9	0.0053141901311342605	0.0009896506568950855
274.99999999999994	2.1e-14	4.9311779099451694e-9	0.005285278517499243	0.0009868471449318418
276.	3.24e-13	4.590751305561592e-9	0.0052570971601514785	0.0009841606259207182
277.	-2.68e-13	4.274177790542058e-9	0.005229616113162361	0.0009815864294003584
278.	1.07e-13	3.9797473424410304e-9	0.00520280598924009	0.000979119937935401
279.	6.6e-14	3.7058771268913447e-9	0.00517663796180914	0.000976756588440505
280.	2.12e-13	3.451099798835391e-9	0.005151083766774365	0.0009744918734617953
281.	1.36e-13	3.21405457324453e-9	0.005126115703981782	0.0009723213424156876
281.99999999999994	-1.2e-13	2.993481514823174e-9	0.0051017066383639035	0.0009702406027838707
283.	-1.14e-13	2.7882138869449197e-9	0.0050778300007809215	0.000968245321263694
283.99999999999994	-1.3e-13	2.5971677232923635e-9	0.005054459788552594	0.0009663312248733566
285.	-7.5e-14	2.4193403716615807e-9	0.005031570565684235	0.0009644941020110814
286.	4.49e-14	2.253798637268027e-9	0.005009137462791137	0.0009627298034681478
287.	-4.28e-14	2.0996783559720437e-9	0.004987136176721211	0.0009610342433948771
288.	-3.2e-15	1.9561785453067903e-9	0.004965542969881767	0.0009594034002195478
289.	-1.45e-14	1.8225560033474216e-9	0.004944334669270451	0.0009578333175197969
290.	-6.1e-15	1.6981187993943762e-9	0.004923488665218149	0.0009563201048462676
291.	7.26e-14	1.5822257066768277e-9	0.004902982909845009	0.0009548599384982149
292.	6.6e-14	1.4742824007864163e-9	0.0048827959152345024	0.0009534490622512603
292.99999999999994	8.6e-14	1.3737361215776706e-9	0.004862906751332281	0.000952083788037137
294.	-1.06e-13	1.2800736658806065e-9	0.004843295043573389	0.0009507604965752632
294.99999999999994	1.13e-13	1.1928151434507658e-9	0.004823940970240483	0.0009494756379562748
296.	1.31e-13	1.1115227379116284e-9	0.004804825259566341	0.0009482257321780978
297.	-1.31e-13	1.0357806228309135e-9	0.004785929186576759	0.0009470073696341562
298.	-8.4e-14	9.65205311662017e-10	0.004767234569686405	0.0009458172115540371
299.	-2.11e-13	8.994422769194087e-10	0.004748723767053346	0.000944651990397573
300.	5.2e-14	8.381601048548281e-10	0.004730379672693683	0.0009435085102015262
301.	-1.97e-13	7.810498636962933e-10	0.004712185712370228	0.0009423836468805621
301.99999999999994	1.83e-13	7.278289533787527e-10	0.004694125839255081	0.0009412743484817712
303.	-3.3e-14	6.782277147716089e-10	0.004676184529376062	0.0009401776353940121
303.99999999999994	4.24e-13	6.320011307528005e-10	0.004658346776854509	0.0009390906005121845
305.	2.64e-13	5.8891452507662e-10	0.0046405980889399345	0.0009380104093571993
306.	8.e-14	5.487580641164015e-10	0.004622924480848607	0.0009369343001520337
307.	-5.95e-13	5.11327014355062e-10	0.004605312470414385	0.0009358595838545516
308.	-2.24e-13	4.764409213128548e-10	0.004587749072557192	0.0009347836441479738
309.	5.66e-13	4.4392011419477876e-10	0.004570221793578264	0.0009337039373891977
310.	-3.96e-13	4.136107123017175e-10	0.004552718625289113	0.0009326179925162394
310.99999999999994	7.78e-13	3.853587894666029e-10	0.0045352280389783905	0.0009315234109149285
312.	-6.5e-13	3.590248910373512e-10	0.004517738979229959	0.0009304178662462899
312.99999999999994	1.69e-13	3.344775817436051e-10	0.004500240857593205	0.0009292991042346269
314.	-7.63e-13	3.1159821481239616e-10	0.004482723546117486	0.0009281649424180164
314.99999999999994	6.1e-14	2.902713790509186e-10	0.004465177370754561	0.0009270132698610319
316.	-5.68e-13	2.703938610053096e-10	0.004447593104639866	0.0009258420468313845
317.	-2.6e-13	2.518641515463612e-10	0.004429961961256103	0.0009246493044409978
318.	6.1e-13	2.345966087520755e-10	0.004412275587488596	0.0009234331442521444
319.	-6.3e-13	2.1849857444863726e-10	0.00439452605657967	0.0009221917378500148
320.	-6.5e-13	2.0349905081038546e-10	0.004376705860987425	0.0009209233263823937
321.	-2.2e-13	1.895156074576613e-10	0.004358807905157651	0.0009196262200671922
321.99999999999994	-1.06e-12	1.7648636759738237e-10	0.004340825498214694	0.0009182987976691405
323.	-3.9e-13	1.6434387885460124e-10	0.004322752346578334	0.0009169395059460178
323.99999999999994	7.2e-13	1.5302475284905572e-10	0.0043045825465140766	0.0009155468590660282
325.	1.6e-13	1.4247957869959706e-10	0.0042863105766224605	0.0009141194379966861
326.	-5.8e-13	1.3265290623695378e-10	0.0042679312902742525	0.0009126558898665819
327.	-8.5e-13	1.234962512385247e-10	0.0042494399079994975	0.0009111549273005116
328.	-1.7e-13	1.1496522492835633e-10	0.0042308320098341035	0.0009096153277295683
329.	8.e-13	1.0701385935955163e-10	0.004212103527632106	0.0009080359326763665
330.	-1.27e-12	9.960841838101451e-11	0.004193250737349502	0.0009064156470171458
330.99999999999994	9.e-14	9.270757828820815e-11	0.004174270251305101	0.0009047534382209923
332.	-1.31e-12	8.628088083218514e-11	0.004155159010424015	0.0009030483355677875
332.99999999999994	1.33e-12	8.029075020730626e-11	0.004135914276472621	0.0009012994293452662
334.	1.55e-12	7.47136958591086e-11	0.004116533624283181	0.0008995058700263239
335.	-7.9e-13	6.951721468185615e-11	0.004097014933984839	0.0008976668674277817
336.	3.e-13	6.467955822368073e-11	0.004077356383234998	0.0008957816898513309
337.	1.21e-12	6.017420707440322e-11	0.0040575564394635805	0.0008938496632072458
338.	-4.1e-13	5.597746785557565e-11	0.004037613852134268	0.0008918701701224226
339.	9.3e-13	5.206803846253516e-11	0.0040175276450231355	0.0008898426490332298
339.99999999999994	-1.05e-12	4.8428825919594615e-11	0.003997297108526805	0.0008877665932642397
341.	-1.38e-12	4.504171127146857e-11	0.003976921791998389	0.0008856415500936647
341.99999999999994	2.1e-13	4.188628208573928e-11	0.003956401496119395	0.0008834671198063898
343.	1.4e-12	3.8949344260248574e-11	0.0039357362653099056	0.0008812429547355732
343.99999999999994	1.2e-12	3.621677470515939e-11	0.003914926380184657	0.0008789687582936453
345.	1.43e-12	3.367301362727955e-11	0.0038939723500530173	0.0008766442839932725
346.	1.77e-12	3.130476196561538e-11	0.003872874905474982	0.0008742693344597545
347.	-1.e-12	2.9101317291881422e-11	0.0038516349908696294	0.0008718437604351029
348.	1.1e-13	2.7050170090882674e-11	0.0038302537571828863	0.0008693674597746844
349.	9.e-13	2.513964562024844e-11	0.0038087325546201393	0.0008668403764377935
350.	-1.71e-12	2.3365531508692267e-11	0.0037870729254437636	0.000864262499472262
350.99999999999994	9.1e-13	2.171138314229933e-11	0.0037652765968387196	0.0008616338619940252
352.	-1.72e-12	2.0174830845857934e-11	0.0037433454738537903	0.0008589545401628515
352.99999999999994	1.73e-12	1.8745990200530357e-11	0.003721281632416056	0.0008562246521546309
354.	-5.8e-13	1.7414065697180027e-11	0.0036990873124243344	0.0008534443571306085
355.	-9.3e-13	1.6176925158035963e-11	0.003676764910924292	0.0008506138542052548
356.	1.75e-12	1.5027873935740574e-11	0.003654316975367357	0.0008477333814125266
357.	-8.2e-13	1.3956833132010683e-11	0.003631746196954585	0.0008448032146715469
358.	-3.5e-13	1.2961603582338556e-11	0.003609055404071074	0.0008418236667526748
359.	-1.29e-12	1.2036203844194112e-11	0.0035862475558094526	0.0008387950862441048
359.99999999999994	0.e-14	1.1178070863194794e-11	0.0035633257355868254	0.0008357178565199995
361.	1.2e-13	1.0378299560183737e-11	0.0035402931448569592	0.000832592394710774
361.99999999999994	0.e-14	9.634802190000622e-12	0.003517153096917435	0.0008294191506757107
363.	-5.9e-13	8.943345450457939e-12	0.0034939090108173218	0.0008261986059792174
363.99999999999994	7.1e-13	8.302913707765788e-12	0.0034705644053625675	0.0008229312728706398
365.	1.77e-12	7.707173649384124e-12	0.0034471228932238425	0.0008196176932685342
366.	1.65e-12	7.151452238308096e-12	0.0034235881751467634	0.0008162584377500308
367.	-1.65e-12	6.637891860315851e-12	0.0033999640342657436	0.0008128541045452645
368.	1.41e-12	6.157597554557933e-12	0.0033762543305228057	0.0008094053185382553
368.99999999999994	3.5e-13	5.7127548402435366e-12	0.0033524629951928804	0.0008059127302739278
370.	-7.e-13	5.3014255032698524e-12	0.0033285940255144346	0.0008023770149721278
370.99999999999994	-1.51e-12	4.917574684066102e-12	0.0033046514794297507	0.0007987988715492168
372.	1.16e-12	4.561086175635711e-12	0.003280639470432114	0.0007951790216472525
372.99999999999994	-8.1e-13	4.231576748552083e-12	0.0032565621625219245	0.0007915182086716322
374.	-6.9e-13	3.923330715504918e-12	0.003232423765272923	0.0007878171968374629
375.	1.26e-12	3.6393514025739714e-12	0.003208228529006786	0.0007840767702247312
376.	-1.72e-12	3.3728372070190366e-12	0.0031839807400798788	0.0007802977318434621
377.	1.82e-12	3.1275037022260144e-12	0.0031596847162784453	0.0007764809027082196
378.	1.1e-13	2.899493363942546e-12	0.0031353448023238293	0.0007726271209229087
379.	-1.35e-12	2.6889545691275164e-12	0.0031109653654905352	0.0007687372407764241
379.99999999999994	4.5e-13	2.493315589425135e-12	0.0030865507913320623	0.0007648121318487924
381.	1.22e-12	2.3083939600980184e-12	0.0030621054795181863	0.0007608526781284998
381.99999999999994	-1.1e-13	2.1407137248106013e-12	0.003037633839782087	0.0007568597771414849
383.	8.8e-13	1.9838252632822375e-12	0.003013140287976462	0.0007528343390914829
384.	-1.09e-12	1.8386694905076137e-12	0.0029886292422405575	0.0007487772860127962
385.	-1.1e-13	1.7039817709449451e-12	0.0029641051192744543	0.0007446895509347954
386.	-8.6e-13	1.5787479001671688e-12	0.002939572330723003	0.00074057207705935
387.	-9.6e-13	1.4629522809870588e-12	0.002915035279665672	0.0007364258169503407
388.	-1.48e-12	1.3533900853724228e-12	0.002890498357217257	0.0007322517317366998
388.99999999999994	0.e-14	1.25350744998148e-12	0.002865965939230969	0.0007280507903280651
390.	2.1e-13	1.1613065634463837e-12	0.0028414423831103	0.0007238239686437329
390.99999999999994	-1.23e-12	1.0746713556312096e-12	0.0028169320247238296	0.0007195722488550305
392.	-1.22e-12	9.961676932058594e-13	0.002792439175426245	0.0007152966186413964
392.99999999999994	-7.e-13	9.231395001596238e-13	0.002767968119180673	0.0007109980704599033
394.	-1.49e-12	8.540293064642402e-13	0.0027435231097842944	0.0007066776008287273
395.	-8.9e-13	7.891955584062049e-13	0.00271910836819477	0.000702336209624384
396.	-1.e-13	7.304582025076653e-13	0.0026947280799574256	0.000697974899393319
397.	-3.9e-13	6.760335411790918e-13	0.0026703863927310706	0.0006935946746771916
397.99999999999994	-1.24e-12	6.263672964094407e-13	0.002646087413911635	0.000689196541352535
399.	-9.4e-13	5.796490075270102e-13	0.002621835208353029	0.000684781505984768
399.99999999999994	-7.4e-13	5.374344970240102e-13	0.0025976337961838513	0.0006803505751964366
401.	3.7e-13	4.958441094026373e-13	0.0025734871507174686	0.0006759047550495993
401.99999999999994	-3.6e-13	4.583759020764018e-13	0.0025493991964563177	0.000671445050442922
403.	-3.6e-13	4.2551339179780394e-13	0.0025253738071868807	0.0006669724645229943
404.	-1.32e-12	3.9328212261083696e-13	0.0025014148041663993	0.0006624879981101271
405.	1.7e-13	3.6345994336664037e-13	0.002477525954397385	0.0006579926491384969
406.	-1.97e-12	3.358335694802245e-13	0.0024537109689906625	0.0006534874121108357
407.	-2.36e-12	3.112514906956478e-13	0.002429973501614293	0.0006489732775673399
408.	-2.66e-12	2.8672763400512004e-13	0.002406317147027898	0.000644451231569272
408.99999999999994	-2.37e-12	2.6473308257955873e-13	0.002382745439699849	0.0006399222551965256
410.	-1.93e-12	2.450258496010558e-13	0.002359261852506413	0.0006353873240596805
410.99999999999994	-2.06e-12	2.279376565056527e-13	0.0023358697955120477	0.00063084740782652
412.	-7.e-13	2.1110104430880948e-13	0.002312572614828065	0.0006263034697623351
412.99999999999994	-9.9e-13	1.9346729383895197e-13	0.002289373591549022	0.0006217564662847209
414.	0.e-14	1.794826912976576e-13	0.0022662759407648227	0.000617207346532135
415.	-8.1e-13	1.66239796353661e-13	0.002243282810647968	0.0006126570519468153
416.	2.25e-12	1.5400619816687047e-13	0.0022203972816127876	0.000608106515871236
417.	7.1e-13	1.4301452928864027e-13	0.002197622365546784	0.0006035566631585681
417.99999999999994	1.33e-12	1.3157863999497906e-13	0.0021749610051116077	0.0005990084097967874
419.	1.23e-12	1.1982837228097296e-13	0.0021524160731118914	0.0005944626625464687
419.99999999999994	-1.88e-12	1.1134607155405333e-13	0.0021299903719314544	0.0005899203185918909
421.	-1.45e-12	1.0492725211039869e-13	0.0021076866330345064	0.0005853822652057057
421.99999999999994	-8.4e-13	9.601458495410676e-14	0.002085507516530003	0.0005808493794268014
423.	1.639e-12	8.835021214237644e-14	0.002063455610798981	0.0005763225277512462
424.	1.85e-13	8.198810895429783e-14	0.00204153343218114	0.0005718025658362254
425.	1.629e-12	7.40632197444535e-14	0.0020197434247218988	0.0005672903382169782
426.	-7.67e-13	6.894497869808121e-14	0.001998087959975834	0.0005627866780361866
426.99999999999994	1.153e-12	6.505959248450161e-14	0.0019765693368661353	0.000558292406786223
428.	3.94e-13	5.938568264267787e-14	0.0019551897815988624	0.0005538083340635766
428.99999999999994	-2.75e-13	5.42140334190001e-14	0.001933951447629914	0.0005493352573357062
430.	-1.126e-12	5.027991822640248e-14	0.0019128564156830265	0.0005448739617199665
430.99999999999994	-8.36e-13	4.64567925294162e-14	0.0018919066938178392	0.0005404252197743612
432.	-5.6e-13	4.2525102407267676e-14	0.0018711042175461776	0.0005359897913002226
432.99999999999994	-6.45e-13	4.094838402571124e-14	0.0018504508499956967	0.0005315684231564632
434.	5.79e-13	3.64657857499697e-14	0.0018299483821179827	0.000527161849085288
435.	1.08e-12	3.331143898256714e-14	0.0018095985329412325	0.000522770789549003
436.	-1.415e-12	3.036092198443641e-14	0.001789402949865642	0.0005183959515782835
437.	-1.02e-12	3.035075751370749e-14	0.0017693632089988177	0.0005140380286309794
437.99999999999994	-6.45e-13	2.7767109319707428e-14	0.0017494808155319088	0.0005096977004618102
439.	1.294e-12	2.37111895670724e-14	0.0017297572041533637	0.0005053756330027492
439.99999999999994	-1.21e-13	2.317522697520245e-14	0.001710193739499432	0.0005010724782535083
441.	-6.27e-13	1.9679518219108735e-14	0.0016907917166407308	0.0004967888741824192
441.99999999999994	1.138e-12	1.9102913108993303e-14	0.0016715523616022564	0.0004925254446372575
443.	3.67e-13	1.7271653856809636e-14	0.0016524768319164504	0.000488282799265785
444.	-1.028e-12	1.684782091887957e-14	0.0016335662172077185	0.0004840615334460562
445.	-1.37e-13	1.4952032753866277e-14	0.0016148215398070424	0.00047986222822603443
446.	1.32e-13	1.3086987517990508e-14	0.00159624375539544	0.0004756854502725169
446.99999999999994	-9.85e-13	1.3008939149456097e-14	0.0015778337536750404	0.0004715317518290903
448.	4.59e-13	1.0716958080542677e-14	0.0015595923590665832	0.00046740167068294136
448.99999999999994	-8.23e-13	1.0414858771770339e-14	0.0015415203314317464	0.0004632957301402624
450.	3.67e-13	9.877570406641906e-15	0.001523618366819673	0.00045921443901029095
450.99999999999994	-5.4e-14	9.72346507911261e-15	0.001505887098236135	0.0004551582915973949
452.	5.44e-13	9.308083612676417e-15	0.0014883270964341838	0.00045112776770144355
453.	-3.71e-13	7.723643780564117e-15	0.0014709388707252282	0.00044712333262594833
454.	-1.89e-13	7.703231157848742e-15	0.0014537228698094538	0.0004431454371939464
455.	6.3e-13	7.809322785128221e-15	0.00143667948262429	0.00043919451777137716
455.99999999999994	1.71e-13	6.923274420924115e-15	0.0014198090392101442	0.00043527099629775396
457.	1.63e-13	4.522564190259214e-15	0.0014031118115916943	0.00043137528032398436
457.99999999999994	-6.16e-13	5.011647800830488e-15	0.0013865880146751379	0.0004275077630570642
459.	-5.45e-13	4.93088916079681e-15	0.0013702378071578692	0.00042366882341161074
459.99999999999994	-3.94e-13	4.868929283904002e-15	0.001354061292452977	0.00041985882606780574
461.	3.86e-13	3.862707752179159e-15	0.0013380585196235977	0.0004160781215357916
461.99999999999994	4.5e-14	5.162634452311267e-15	0.0013222294843306037	0.00041232704622629675
463.	2.53e-13	2.967012356411505e-15	0.001306574129788134	0.00040860592252708926
464.	3.27e-13	2.386241816436816e-15	0.0012910923477300064	0.00040491505888531665
465.	-3.63e-13	4.285608091756518e-15	0.0012757839793832494	0.00040125474989550786
466.	-1.56e-13	3.4180095021117998e-15	0.0012606488164496603	0.0003976252763929731
466.99999999999994	-4.1e-14	2.5311090752547224e-15	0.0012456866020938628	0.0003940269055523801
468.	1.48e-13	2.3717137552910563e-15	0.0012308970319366756	0.00039045989099164533
468.99999999999994	-1.7e-14	2.1882902245270162e-15	0.0012162797550536828	0.0003869244728803383
470.	-1.27e-13	2.0402230556293013e-15	0.001201834374977877	0.00038342087805318554
470.99999999999994	-1.25e-13	2.2000647369879177e-15	0.0011875604507059947	0.0003799493201280347
472.	-7.99e-14	8.005110565069762e-16	0.0011734574977061896	0.0003765099996278858
473.	1.213e-13	2.494102988392656e-15	0.001159524988929443	0.00037310310410768716
474.	7.63e-14	1.4665891654056932e-15	0.0011457623558206124	0.0003697288082846164
475.	4.47e-14	1.953803996364942e-15	0.0011321689893304748	0.0003663872741725899
475.99999999999994	4.53e-14	1.5667935249318199e-15	0.0011187442409280519	0.0003630786512204224
477.	4.15e-14	-3.0627561270900586e-17	0.0011054874236111046	0.0003598030764533528
477.99999999999994	1.72e-14	7.795142357992278e-16	0.0010923978129161363	0.0003565606746181477
479.	-9.02e-16	1.5483657641463976e-15	0.0010794746479257469	0.00035335155833142554
479.99999999999994	-1.44e-14	-3.3899417213132094e-17	0.0010667171322736669	0.0003501758282308757
481.	-8.5e-15	5.566371237984791e-16	0.0010541244351461759	0.00034703357312965366
481.99999999999994	-6.38e-14	-9.140124316668745e-17	0.0010416956922803212	0.0003439248701732519
483.	-8.47e-14	6.941347314163581e-16	0.0010294300069571636	0.00034084978499925766
484.	-2.45e-14	6.161010969518624e-17	0.0010173264509910364	0.0003378083718994106
484.99999999999994	7.92e-14	-3.034961401432525e-16	0.0010053840657127768	0.00033480067398407315
486.	5.3e-14	1.4119872607294967e-15	0.0009936018629473613	0.00033182672334878063
486.99999999999994	-1.037e-13	-3.4095871927751593e-16	0.0009819788259858575	0.00032888654124301733
488.	-2.43e-14	8.118012928574337e-16	0.0009705139105498862	0.0003259801382406294
488.99999999999994	8.7e-14	1.0112402722444302e-15	0.0009592060457497589	0.00032310751441232144
490.	2.33e-13	9.623250616095937e-16	0.0009480541350344074	0.00032026865949952174
491.	2.4e-14	6.506551178255775e-16	0.0009370570571341691	0.0003174635530899213
491.99999999999994	-1.7e-14	1.1447061309157402e-15	0.000926213666994988	0.00031469216479437995
492.99999999999994	4.5e-14	1.1695518002197028e-15	0.000915522796703369	0.0003119544544248712
494.	-6.6e-14	5.829889074044614e-16	0.000904983256404311	0.0003092503721740461
495.	-2.8e-13	1.4077687295770952e-15	0.000894593835207252	0.0003065798587951295
496.	5.2e-14	5.547821651411796e-16	0.0008843533020851803	0.00030394284578342
496.99999999999994	-2.75e-13	1.3664498129746264e-15	0.0008742604067618978	0.0003013392555579951
497.99999999999994	-1.72e-13	-9.037308804063439e-16	0.0008643138805903887	0.00029876900164446386
499.	1.67e-13	2.0468265943191532e-16	0.0008545124374197424	0.000296231988858045
500.	2.22e-13	1.8905297381137926e-16	0.0008448547744527277	0.00029372811348721067
500.99999999999994	-2.94e-13	1.7246101726025542e-16	0.0008353395730912348	0.000291257263477645
501.99999999999994	1.32e-13	-3.9645957809884814e-16	0.0008259654997715379	0.0002888193186164486
503.	-9.5e-14	1.2554938170747002e-15	0.0008167312067879433	0.0002864141507164174
504.	7.e-14	1.2025726087034243e-15	0.0008076353331047389	0.00028404162380053717
505.	4.02e-13	3.76124773759178e-16	0.0007986765051567428	0.0002817015942861575
505.99999999999994	2.06e-13	6.690737341683879e-16	0.0007898533376383248	0.0002793939111693174
506.99999999999994	-2.26e-13	-6.97211453156393e-16	0.0007811644342796924	0.00027711841620851955
508.	-9.2e-14	6.244576829222539e-16	0.0007726083886116875	0.0002748749441084922
509.	-4.4e-13	-9.68410221773812e-16	0.0007641837847180443	0.00027266332270329245
509.99999999999994	4.32e-13	1.1926158135317814e-15	0.0007558891979755334	0.0002704833731390852
510.99999999999994	-3.59e-13	8.639584187788312e-16	0.0007477231957812831	0.00026833491005617263
512.	-8.3e-14	-7.566090021146281e-16	0.0007396843382679066	0.0002662177417705815
513.	2.87e-13	3.364755831494102e-16	0.0007317711790055985	0.00026413167045471537
514.	1.88e-13	6.375017724271651e-17	0.000723982265691903	0.00026207649231734057
514.9999999999999	-2.26e-13	1.1340271132736072e-15	0.0007163161408281676	0.00026005199778257056
516.	1.76e-13	5.729543387571682e-17	0.0007087713423838253	0.0002580579716681088
517.	-4.99e-13	-7.291244307271721e-16	0.0007013464044473222	0.0002560941933621769
518.	0.e-15	5.793101675343743e-16	0.0006940398578639713	0.00025416043699966586
518.9999999999999	-3.1e-13	3.170807169694113e-17	0.0006868502308617151	0.00025225647163696176
520.	-1.47e-13	5.466874018982086e-16	0.0006797760496625576	0.0002503820614255799
521.	1.67e-13	-2.1373207932289884e-16	0.0006728158390823813	0.0002485369657846073
522.	-3.94e-13	-7.72097821415332e-16	0.0006659681231168508	0.0002467209395717982
523.	-9.5e-14	-7.491571587044821e-16	0.0006592314255148688	0.0002449337332532281
524.	-4.77e-13	-2.3656447422345304e-16	0.0006526042703387778	0.0002431750930717109
525.	-2.3e-13	2.5248920653379373e-16	0.0006460851825117683	0.00024144476121345542
526.	1.93e-13	6.378365414707179e-17	0.0006396726883523584	0.00023974247597346836
527.	1.9e-14	-4.713047809923218e-16	0.0006333653160960677	0.00023806797191924721
527.9999999999999	-2.15e-13	-4.944326205534872e-16	0.0006271615964040267	0.00023642098005284567
529.	-6.09e-13	0.	0.000621060062859239	0.00023480122797138407
530.	0.e-15	2.8980718931347257e-17	0.0006150592524497465	0.0002332084400257987
531.	-3.37e-13	2.8552250199702115e-16	0.0006091577060392718	0.00023164233747781542
532.	4.17e-13	-7.423225111684688e-16	0.0006033539688253668	0.0002301026386552396
533.	4.58e-13	-2.245365314758402e-16	0.0005976465907848908	0.00022858905910536393
534.	1.e-13	8.163955016774515e-16	0.0005920341271072371	0.0002271013117466231
535.	4.6e-13	2.8108146035430633e-16	0.0005865151386151969	0.00022563910701831335
536.	-4.61e-13	7.988243641413962e-16	0.0005810881921733526	0.00022420215302832396
536.9999999999999	-6.e-14	2.9148668687867563e-16	0.0005757518610843492	0.00022279015569921247
538.	6.e-14	7.897372143090699e-16	0.0005705047254737876	0.0002214028189120458
539.	-6.03e-13	7.662724478492188e-16	0.0005653453726618118	0.00022003984464835928
540.	2.41e-13	2.5810030967008504e-16	0.000560272397524416	0.0002187009331302036
540.9999999999999	3.82e-13	2.383916215481833e-16	0.0005552844028416101	0.0002173857829580068
542.	-2.e-14	-5.219268745219267e-16	0.0005503799996349968	0.00021609409124659772
543.	-3.61e-13	-5.356358201536991e-16	0.0005455578074933848	0.00021482555375893235
544.	-4.e-14	-7.62257385521833e-16	0.0005408164548869801	0.0002135798650379253
545.	-5.2e-13	2.1663106863541096e-16	0.0005361545794704765	0.00021235671853609027
545.9999999999999	-3.2e-13	-7.311894160732032e-16	0.0005315708283751231	0.0002111558067432042
547.	5.98e-13	4.867426101879636e-16	0.0005270638584894881	0.00020997682131160752
548.	-4.57e-13	-7.726023863469066e-16	0.0005226323367297257	0.00020881945317968102
549.	-2.97e-13	-5.030785760781438e-16	0.0005182749402987621	0.0002076833926929203
549.9999999999999	-7.9e-14	-1.0236059044084147e-15	0.0005139903569353339	0.00020656832972302643
551.	-9.8e-14	-1.0320622816277413e-15	0.0005097772851520388	0.00020547395378478877
552.	2.55e-13	7.504979244435459e-16	0.0005056344344638104	0.00020439995415078862
553.	1.56e-13	4.969100151967932e-16	0.0005015605256053606	0.00020334601996396305
554.	1.17e-13	7.833014281941862e-16	0.0004975542907395718	0.00020231184034798607
554.9999999999999	-7.7e-14	7.502839353677049e-16	0.0004936144736551541	0.00020129710451551652
556.	1.35e-13	0.	0.0004897398299554474	0.00020030150187422727
557.	2.11e-13	4.876758615144578e-16	0.0004859291272367287	0.00019932472213065436
558.	3.82e-13	7.414595097735693e-16	0.00048218114525811905	0.00019836645539194966
558.9999999999999	-3.42e-13	-7.548472279918186e-16	0.0004784946761014914	0.0001974263922653856
560.	3.59e-13	-7.796719632300268e-16	0.00047486852432265347	0.00019650422395574272
561.	3.e-13	2.462002610603499e-16	0.00047130150709346523	0.00019559964236050558
562.	-2.61e-13	-1.051094569759007e-15	0.0004677924543353323	0.00019471234016291177
563.	-1.48e-13	-4.867991439919275e-16	0.00046434020884388087	0.00019384201092288806
563.9999999999999	1.84e-13	-1.035504332735333e-15	0.00046094362640534584	0.00019298834916577326
565.	-4.39e-13	-4.772841175581767e-16	0.000457601575904453	0.0001921510504689369
566.	-3.63e-13	-2.6940126141967355e-16	0.0004543129394243894	0.0001913298115463168
567.	2.88e-13	4.825786688410173e-16	0.00045107661233880874	0.00019052433033078182
567.9999999999999	-5.55e-13	2.3111857692974025e-16	0.00044789150339559074	0.00018973430605435674
569.	3.02e-13	8.132199216817941e-16	0.00044475653479341765	0.00018895943932647311
570.	-1.8e-14	0.	0.00044167064225064716	0.00018819943221000295
571.	1.8e-14	5.116166446128632e-16	0.0004386327750666428	0.00018745398829529488
572.	-1.21e-13	3.000313036928338e-17	0.00043564189617641586	0.00018672281277213674
572.9999999999999	-4.64e-13	1.0345840987851264e-15	0.0004326969821976944	0.00018600561249966619
574.	-1.7e-13	2.224636884716592e-16	0.0004297970234711749	0.00018530209607424725
575.	-2.36e-13	-2.490621009028899e-16	0.0004269410240945546	0.00018461197389532956
576.	1.51e-13	2.72644237750269e-16	0.00042412800194933914	0.00018393495822934273
576.9999999999999	-3.3e-14	7.610710111166103e-16	0.00042135698872161945	0.0001832707632715454
578.	4.9e-14	1.04754106878012e-15	0.00041862702991654784	0.0001826191052059771
579.	-3.58e-13	-2.414160418324709e-16	0.00041593718486651333	0.00018197970226337232
580.	1.77e-13	-2.477570822227565e-16	0.0004132865267335748	0.00018135227477724463
581.	-2.08e-13	-8.1364696497351e-16	0.0004106741425060431	0.00018073654523797087
582.	3.e-13	5.177113078819466e-16	0.000408099132989243	0.00018013223834504937
583.	-1.41e-13	0.	0.00040556061279088955	0.00017953908105738895
584.	-3.1e-14	-5.178257801650028e-16	0.000403057710301279	0.00017895680264188782
585.	2.76e-13	-2.772662641772254e-16	0.00040058956766788657	0.00017838513472000445
585.9999999999999	-3.64e-13	-1.0623160706405128e-15	0.00039815534076507905	0.00017782381131265057
587.	-7.5e-14	-1.0466101380005445e-15	0.0003957541991592797	0.000177272568883227
588.	3.57e-13	-5.11476394596287e-16	0.0003933853260683092	0.00017673114637886005
589.	3.68e-13	5.543058551026579e-16	0.00039104791831752093	0.00017619928526999064
589.9999999999999	-7.3e-14	0.	0.00038874118629016354	0.00017567672958808
591.	4.03e-13	7.699177253046259e-16	0.00038646435387392614	0.00017516322596173876
592.	3.42e-13	1.041126181284704e-15	0.00038421665840349036	0.00017465852365112155
593.	1.83e-13	-1.068472430178518e-15	0.0003819973505986133	0.00017416237458061677
594.	-5.6e-14	5.263377390707644e-16	0.0003798056944981817	0.00017367453336997204
594.9999999999999	2.75e-13	0.	0.00037764096739084077	0.00017319475736372178
596.	2.86e-13	5.406236913176574e-16	0.0003755024597415093	0.00017272280665908877
597.	-3.09e-13	-4.993413552479552e-16	0.0003733894751147485	0.0001722584441322766
598.	1.3e-14	5.238450038765785e-16	0.00037130133009430805	0.00017180143546320073
598.9999999999999	-1.3e-14	-7.853698055012906e-16	0.0003692373541995195	0.00017135154915873452
600.	1.69e-13	-7.983221756334019e-16	0.00036719688979853035	0.00017090855657443088
601.	2.31e-13	8.318954036540555e-16	0.00036517929201855407	0.00017047223193472646
602.	2.16e-13	-5.3811868535722195e-16	0.0003631839286526899	0.00017004235235177468
603.	3.89e-13	8.156350900245373e-16	0.0003612101800647858	0.00016961869784282003
603.9999999999999	1.12e-13	8.091566309269356e-16	0.00035925743909052244	0.0001692010513460844
605.	9.8e-14	2.7489433199509887e-16	0.00035732511093683223	0.00016878919873539245
606.	-1.21e-13	-8.463441422249212e-16	0.0003554126130783803	0.00016838292883336725
607.	9.6e-14	1.0808923884603286e-15	0.0003535193751516349	0.00016798203342332908
607.9999999999999	-3.5e-14	3.0426051775401735e-16	0.00035164483884684975	0.00016758630725981474
609.	-3.74e-13	5.620540191771405e-16	0.0003497884577976535	0.00016719554807793249
610.	6.9e-14	-5.810896636081191e-16	0.00034794969746908424	0.00016680955660133967
611.	1.14e-13	8.419095256717762e-16	0.00034612803504285617	0.0001664281365490383
612.	2.03e-13	-2.995280233967254e-16	0.0003443229593016945	0.00016605109464095744
612.9999999999999	2.23e-13	-8.701655382051497e-16	0.0003425339705112796	0.00016567824060233864
614.	2.65e-13	-1.1182180134037871e-15	0.000340760580300666	0.00016530938716695245
615.	8.7e-14	-5.865455698892521e-16	0.00033900231154136956	0.0001649443500791919
616.	-1.08e-13	-8.374981453212375e-16	0.0003372586982248453	0.00016458294809502282
616.9999999999999	-1.6e-13	-2.750386862801853e-16	0.00033552928533847495	0.00016422500298185204
618.	7.4e-14	0.	0.0003338136287404535	0.0001638703395173774
619.	-2.61e-13	8.342691379544739e-16	0.00033211129503349254	0.00016351878548727435
620.	-1.96e-13	8.561820740625559e-16	0.00033042186143738444	0.00016317017168199032
621.	-8.2e-14	-2.8117458430487525e-16	0.0003287449156604312	0.00016282433189244977
621.9999999999999	8.1e-14	5.899447328252915e-16	0.0003270800557701268	0.00016248110290485314
623.	1.7e-13	-2.7376428125586824e-16	0.0003254268900628742	0.0001621403244944543
624.	3.06e-13	-2.040165403338585e-15	0.000323785036933	0.00016180183941846447
625.	-1.47e-13	-1.4762729095960625e-15	0.0003221541247410012	0.00016146549340802455
625.9999999999999	3.e-13	1.7481331550955031e-15	0.0003205337916813086	0.00016113113515930195
627.	-1.15e-13	2.0284721586259747e-15	0.00031892368564914356	0.0001607986163237374
628.	2.56e-13	-9.11257507303552e-16	0.0003173234641075385	0.00016046779149743895
629.	5.6e-14	1.1609287721839182e-15	0.00031573279395342394	0.00016013851820973623
629.9999999999999	1.95e-13	-1.4614773579804314e-15	0.0003141513513834354	0.00015981065691102233
630.9999999999999	-3.7e-14	2.7823574491548685e-16	0.0003125788217598099	0.00015948407095973098
632.	-2.7e-14	-1.7989265236255117e-15	0.00031101489947571925	0.00015915862660861583
633.	1.18e-13	-2.0864732541645714e-15	0.00030945928782055905	0.00015883419299031793
634.	5.4e-14	-1.1933406770015715e-15	0.00030791169884528797	0.0001585106421021565
634.9999999999999	2.67e-13	-9.165384486370596e-16	0.00030637185322780536	0.00015818784879030059
636.	2.29e-13	2.127729830706262e-15	0.00030483948013792237	0.00015786569073326473
637.	2.6e-14	-5.751966312672554e-16	0.00030331431710310696	0.0001575440484247149
638.	-2.6e-13	-1.819013191898125e-15	0.00030179610987379757	0.00015722280515573285
638.9999999999999	-4.3e-14	-1.2062344704697022e-15	0.00030028461228932476	0.0001569018469963755
640.	0.e-15	-1.815612272063921e-15	0.0002987795861439928	0.00015658106277675847
641.	2.63e-13	-1.2002563534767989e-15	0.0002972808010532639	0.00015626034406747213
642.	-1.01e-13	1.2397293025559224e-15	0.00029578803432062605	0.00015593958515955315
643.	1.59e-13	0.	0.0002943010708047872	0.00015561868304385715
643.9999999999999	6.7e-14	-1.2641952388584581e-15	0.00029281970278723156	0.00015529753738994584
645.	2.4e-13	-5.981236783117428e-16	0.0002913437298402458	0.00015497605052452185
646.	-2.55e-13	1.84872361046196e-15	0.0002898729586957733	0.00015465412740934046
647.	-1.07e-13	-1.256949481103555e-15	0.0002884072031144912	0.00015433167561872634
647.9999999999999	8.2e-14	-1.8692316508582995e-15	0.00028694628375593173	0.00015400860531662123
649.	1.6e-14	-6.074708312460745e-16	0.0002854900280487817	0.00015368482923322152
650.	-1.94e-13	1.233728581449751e-15	0.0002840382700624209	0.00015336026264123944
651.	1.29e-13	-2.4999406419147773e-15	0.0002825908503787059	0.0001530348233317957
652.	2.25e-13	-6.369775824483867e-16	0.00028114761596503265	0.00015270843158989467
652.9999999999999	2.24e-13	6.10127889594371e-16	0.00027970842004758107	0.00015238101016962067
654.	1.52e-13	1.9082774110851685e-15	0.00027827312198627996	0.000152052484268963
655.	2.23e-13	1.880064266894632e-15	0.000276841587149694	0.0001517227815043645
656.	-4.e-14	1.286297391069327e-15	0.0002754136867915786	0.00015139183188494297
656.9999999999999	-9.5e-14	1.9273216379992117e-15	0.0002739892979278749	0.00015105956778643993
658.	-1.9e-13	-1.322242498500072e-15	0.0002725683032150783	0.0001507259239249395
659.	-7.9e-14	2.5626760407663894e-15	0.0002711505908291029	0.00015039083733029424
660.	1.27e-13	6.428857991331925e-16	0.00026973605434567414	0.00015005424731933835
661.	-1.9e-13	6.23784299465096e-16	0.0002683245926214103	0.0001497160954688915
661.9999999999999	8.e-15	-1.930354653291282e-15	0.0002669161096761797	0.00014937632558854587
663.	2.22e-13	-1.3584393611465194e-15	0.0002655105145762039	0.00014903488369326915
664.	2.22e-13	-1.938490898520467e-15	0.0002641077213189841	0.00014869171797582094
665.	-1.9e-13	0.	0.00026270764871817124	0.00014834677877903656
665.9999999999999	1.67e-13	0.	0.00026131022029110556	0.0001480000185679341
667.	7.2e-14	-6.760028966023101e-16	0.00025991536414586846	0.0001476513919016939
668.	-1.27e-13	0.	0.0002585230128709297	0.00014730085540554504
669.	2.08e-13	6.735960274257535e-16	0.00025713310342522606	0.0001469483677424727
670.	-1.04e-13	1.366311821470643e-15	0.0002557455770293734	0.00014659388958493372
670.9999999999999	-1.61e-13	1.362136565175372e-15	0.00025436037905857947	0.00014623738358639734
672.	-1.77e-13	6.578421090050382e-16	0.0002529774589365614	0.00014587881435283576
673.	-4.e-14	1.3322387889650419e-15	0.0002515967700305134	0.00014551814841420684
674.	4.1e-14	-1.3302792093538418e-15	0.00025021826954754674	0.00014515535419580843
674.9999999999999	-1.6e-14	-1.3591527135877395e-15	0.00024884191843238616	0.00014479040198967197
676.	2.13e-13	-6.774996672584118e-16	0.00024746768126635184	0.00014442326392586009
677.	8.2e-14	-2.7157400493007563e-15	0.00024609552616748626	0.00014405391394379843
678.	-1.57e-13	1.343167109436119e-15	0.00024472542469197587	0.00014368232776359498
678.9999999999999	1.33e-13	2.073183947570584e-15	0.00024335735173709679	0.0001433084828573441
679.9999999999999	2.68e-13	1.4123896495438673e-15	0.00024199128544532186	0.00014293235842046312
681.	-1.43e-13	-2.081315406009498e-15	0.00024062720710946804	0.0001425539353430443
682.	-1.95e-13	2.0749551995654727e-15	0.0002392651010797302	0.0001421731961812559
683.	2.47e-13	-2.725703718232449e-15	0.00023790495467148075	0.0001417901251287807
683.9999999999999	-1.46e-13	2.073290811786653e-15	0.00023654675807484798	0.0001414047079882984
685.	-2.5e-13	-2.080464638007688e-15	0.0002351905042649274	0.0001410169321430422
686.	2.52e-13	-7.098548128824089e-16	0.0002338361889143761	0.0001406267865284119
687.	-2.71e-13	-3.642499394542489e-17	0.0002324838103061436	0.00014023426160370982
687.9999999999999	-2.73e-13	-7.47634676751345e-16	0.0002311333692485902	0.00013983934932389053
688.9999999999999	-9.8e-14	-2.7990085103393798e-15	0.00022978486899101895	0.000139442043111469
690.	-1.7e-13	-1.411066064114733e-15	0.00022843831514121935	0.00013904233782850248
691.	2.16e-13	-7.282020939670575e-16	0.00022709371558399455	0.00013864022974870635
692.	9.1e-14	-2.1196969990628824e-15	0.00022575108040107073	0.00013823571652964688
692.9999999999999	-2.29e-13	4.4623036281064085e-17	0.00022441042179229307	0.00013782879718511363
694.	-1.29e-13	2.8209785405970275e-15	0.00022307175399812788	0.000137419472057554
695.	2.33e-13	-1.4136986878194164e-15	0.00022173509322368602	0.00013700774279074409
696.	9.e-15	-2.1484645356203667e-15	0.00022040045756370404	0.00013659361230249553
696.9999999999999	2.37e-13	1.4192435079684944e-15	0.00021906786692916862	0.00013617708475758666
698.	-2.2e-13	2.1639746469087644e-15	0.0002177373429750004	0.00013575816554085523
699.	3.08e-13	2.15931420913949e-15	0.00021640890902886633	0.00013533686123039872
700.	-1.75e-13	-7.181061883162786e-16	0.0002150825900220095	0.00013491317957096537
701.	1.76e-13	-2.1740555563291116e-15	0.00021375841242047116	0.00013448712944757929
701.9999999999999	-1.29e-13	-1.4521443965791967e-15	0.00021243640415816325	0.00013405872085924667
703.	-1.6e-13	7.203051229196552e-16	0.00021111659457084608	0.0001336279648929227
704.	2.e-14	-2.2023797275656653e-15	0.00020979901433191203	0.0001331948736976417
705.	8.1e-14	-2.2100002163790704e-15	0.00020848369538852387	0.00013275946045882177
705.9999999999999	-2.26e-13	0.	0.00020717067090011702	0.0001323217393728302
707.	-2.07e-13	-1.4896772849051212e-15	0.000205859975176973	0.00013188172562164971
708.	1.57e-13	-7.412388797165761e-16	0.00020455164362109183	0.0001314394353478738
709.	-2.01e-13	-1.4605598985691558e-15	0.00020324571266742557	0.0001309948856298181
710.	1.92e-13	-7.244794524213137e-16	0.00020194221972691132	0.0001305480944569044
710.9999999999999	3.33e-13	-7.383810037720155e-16	0.00020064120313032776	0.00013009908070521253
712.	-2.82e-13	1.481871775045837e-15	0.00019934270207367695	0.00012964786411332458
713.	1.97e-13	-1.493143847822928e-15	0.00019804675656429906	0.0001291944652583111
714.	-1.1e-14	-2.996620596777049e-15	0.00019675340736860825	0.00012873890553203037
714.9999999999999	-3.24e-13	-7.082577987757134e-16	0.00019546269596084736	0.00012828120711760022
716.	-2.03e-13	-7.651167553530323e-16	0.0001941746644726638	0.0001278213929661389
717.	-1.71e-13	3.015219199023341e-15	0.00019288935564442037	0.00012735948677369073
718.	5.8e-14	-2.227980261154071e-15	0.0001916068127771526	0.00012689551295848328
719.	-2.44e-13	1.4904595538515397e-15	0.00019032707968582248	0.00012642949663836076
719.9999999999999	-3.5e-14	-2.2526954262222427e-15	0.00018905020065372867	0.00012596146360843691
721.	1.42e-13	7.306634386029061e-16	0.00018777622038781934	0.00012549144031909746
722.	2.15e-13	-2.999420258256529e-15	0.00018650518397534877	0.00012501945385414698
723.	3.01e-13	2.277870303768983e-15	0.0001852371368413971	0.00012454553190926676
723.9999999999999	-3.41e-13	-7.329008251408891e-16	0.00018397212470753013	0.00012406970277069614
725.	-3.81e-13	-1.5354259354074864e-15	0.00018271019355159122	0.00012359199529419522
726.	1.61e-13	-7.154781617257532e-16	0.00018145138956808472	0.00012311243888424563
727.	-2.e-13	7.552501002382057e-16	0.00018019575913044366	0.0001226310634735091
727.9999999999999	-6.3e-14	-1.4697955937274866e-15	0.00017894334875337694	0.00012214789950252847
728.9999999999999	2.6e-14	2.2626019277863007e-15	0.00017769420505695408	0.00012166297789975675
730.	-1.93e-13	-3.0960419896145796e-17	0.0001764483747308813	0.00012117633006173498
731.	-1.82e-13	7.371481495577621e-16	0.00017520590450082832	0.00012068798783364731
732.	-3.54e-13	-2.2538783761775344e-15	0.00017396684109466986	0.00012019798349005382
732.9999999999999	2.91e-13	-8.22428020464345e-16	0.0001727312312100943	0.00011970634971590957
734.	-2.54e-13	-2.27888083112835e-15	0.000171499121483476	0.00011921311958788949
735.	-3.77e-13	2.309864669309305e-15	0.0001702705584591506	0.0001187183265559221
736.	-1.4e-14	1.4792142382379877e-15	0.00016904558855975325	0.00011822200442498635
736.9999999999999	1.4e-14	2.3043483422706675e-15	0.0001678242580576867	0.00011772418733723616
737.9999999999999	-4.02e-13	-2.556620993692593e-17	0.00016660661304706867	0.00011722490975429679
739.	1.96e-13	0.	0.00016539269941680455	0.0001167242064399435
740.	2.68e-13	-3.101978156354933e-15	0.00016418256282484627	0.00011622211244289889
741.	-3.69e-13	-1.5280583039376763e-15	0.00016297624867225857	0.000115718663080025
741.9999999999999	3.44e-13	-7.899052898053397e-16	0.00016177380207952838	0.00011521389391971476
743.	2.75e-13	-1.5259349907925398e-15	0.0001605752678622344	0.00011470784076555838
744.	3.21e-13	-7.516873157770886e-16	0.00015938069050886326	0.00011420053964024549
745.	-1.62e-13	7.714311554740304e-16	0.00015819011415837975	0.0001136920267698169
745.9999999999999	2.97e-13	3.0823270336384177e-15	0.00015700358257920177	0.00011318233856807924
746.9999999999999	-3.89e-13	1.5253112426286771e-15	0.00015582113914851327	0.00011267151162131856
748.	-3.01e-13	-3.1022888536738534e-15	0.00015464282683295725	0.0001121595826732977
749.	-6.1e-14	-7.477486756341192e-16	0.00015346868816908433	0.0001116465886104861
750.	-1.53e-13	7.290196097557687e-16	0.0001522987652457508	0.00011113256644755894
750.9999999999999	3.09e-13	-2.3311341623530625e-15	0.00015113309968600686	0.00011061755331313925
752.	4.67e-13	-2.5863392392806032e-17	0.00014997173263064568	0.00011010158643583581
753.	-6.3e-14	7.64430363886211e-16	0.0001488147047219653	0.00010958470313047532
754.	-2.85e-13	-8.019424442313746e-16	0.00014766205608831624	0.00010906694078466938
754.9999999999999	4.14e-13	3.1202673123472136e-15	0.00014651382632916096	0.00010854833684555586
756.	1.93e-13	-3.1963486983468175e-15	0.0001453700545011649	0.0001080289288068312
757.	-6.5e-14	-3.1259368302359123e-15	0.0001442307791047609	0.00010750875419606248
758.	4.24e-13	-7.604249535852609e-16	0.00014309603807088236	0.0001069878505621642
759.	3.28e-13	-7.803982963170334e-16	0.00014196586874914475	0.00010646625546323129
759.9999999999999	4.3e-13	1.580435285251485e-15	0.0001408403078959184	0.00010594400645453686
761.	-3.e-13	-3.1211521454814638e-15	0.00013971939166344515	0.00010542114107679046
762.	-4.03e-13	3.1095577587449613e-15	0.00013860315558935325	0.00010489769684467492
763.	6.8e-14	1.6074361274424659e-15	0.00013749163458677267	0.00010437371123560483
763.9999999999999	-2.72e-13	2.3677431159012136e-15	0.00013638486293465966	0.00010384922167869282
765.	2.4e-13	2.3263633505755636e-15	0.00013528287426967296	0.00010332426554401293
766.	2.76e-13	8.110849085237819e-16	0.00013418570157723925	0.0001027988801320684
767.	-1.74e-13	-4.296200707222709e-17	0.0001330933771842117	0.00010227310266349136
768.	-4.9e-13	-1.5519837812452904e-15	0.00013200593275162296	0.00010174697026897356
768.9999999999999	-2.47e-13	-7.529355268623019e-16	0.0001309233992677989	0.00010122051997946908
770.	-1.77e-13	3.138400125476336e-15	0.00012984580704216518	0.00010069378871656223
771.	4.28e-13	2.381464717520528e-15	0.0001287731856996821	0.00010016681328311546
772.	-5.03e-13	2.403950493685995e-15	0.00012770556417531368	0.00009963963035411794
772.9999999999999	3.98e-13	1.578939342993726e-15	0.00012664297070931558	0.00009911227646774613
774.	-3.27e-13	1.5988063164129026e-15	0.00012558543284288328	0.0000985847880167039
775.	1.1e-13	-2.3414668122430474e-15	0.0001245329774140648	0.000098057201239699
776.	-5.16e-13	2.3301506364999315e-15	0.00012348563055457248	0.00009752955221320433
776.9999999999999	1.48e-13	1.626121017271748e-15	0.0001224434176861515	0.00009700187684339846
777.9999999999999	1.49e-13	-2.3559991857976573e-15	0.00012140636351836501	0.00009647421085832993
779.	-5.62e-13	0.	0.00012037449204610764	0.00009594658980028369
780.	4.15e-13	-7.675766642122155e-16	0.00011934782654754729	0.00009541904901838535
781.	-3.03e-13	8.257665779567359e-16	0.00011832638958292167	0.00009489162366138653
781.9999999999999	-3.43e-13	7.850120455993593e-16	0.00011731020299306765	0.0000943643486706344
783.	2.69e-13	-2.4022457408142976e-15	0.00011629928789849647	0.00009383725877328432
784.	-4.24e-13	0.	0.00011529366469948523	0.00009331038847571587
785.	3.49e-13	0.	0.00011429335307530295	0.00009278377205709875
785.9999999999999	6.24e-13	8.430566187042575e-16	0.00011329837198467855	0.00009225744356318097
786.9999999999999	4.31e-13	-8.252680423914023e-16	0.00011230873966649739	0.00009173143680029821
788.	-1.58e-13	7.868388128293367e-16	0.00011132447364016403	0.0000912057853294997
789.	-5.15e-13	-3.1223563118274574e-15	0.00011034559070713544	0.00009068052246096854
790.	-8.e-14	-3.1528036626499735e-15	0.00010937210695220185	0.00009015568124851293
790.9999999999999	-4.8e-13	-1.5482570361112044e-15	0.00010840403774502285	0.00008963129448433553
792.	1.61e-13	-1.5492005080273925e-15	0.00010744139774247031	0.00008910739469391328
793.	2.42e-13	-3.130863953038342e-15	0.00010648420089033055	0.00008858401413112154
794.	3.25e-13	3.1327718288910354e-15	0.00010553246042638866	0.00008806118477347047
794.9999999999999	-8.2e-14	0.	0.00010458618888284151	0.00008753893831756162
795.9999999999999	6.55e-13	2.382411153452744e-15	0.00010364539808917309	0.00008701730617470382
797.	5.35e-13	-7.705415562131902e-16	0.00010271009917577982	0.00008649631946668816
798.	-3.72e-13	1.5572295323719453e-15	0.00010178030257700634	0.00008597600902174431
799.	-3.74e-13	-3.076403649686587e-15	0.00010085601803532086	0.00008545640537064854
799.9999999999999	5.42e-13	-7.216476691443947e-16	0.00009993725460450386	0.00008493753874299862
801.	-1.26e-13	8.079299854442375e-16	0.00009902402065431758	0.0000844194390636816
802.	2.1e-13	-1.5477487137439273e-15	0.00009811632387474787	0.00008390213594941302
803.	5.07e-13	-3.63063296914336e-17	0.00009721417128011723	0.00008338565870554267
803.9999999999999	-4.66e-13	8.04814979292411e-16	0.000096317569214093	0.00008287003632291567
804.9999999999999	6.38e-13	1.5417813070976963e-15	0.00009542652335427023	0.00008235529747496906
806.	3.84e-13	1.5672084651224063e-15	0.0000945410387174973	0.00008184147051488644
807.	1.71e-13	-8.248065670478321e-16	0.00009366111966472822	0.00008132858347298338
808.	1.72e-13	2.7087070688268596e-17	0.000092786769906548	0.00008081666405418941
808.9999999999999	2.59e-13	0.	0.00009191799250845659	0.00008030573963567353
810.	6.94e-13	-1.497186053118907e-15	0.00009105478989691104	0.00007979583726462078
811.	3.48e-13	-7.195369443004154e-16	0.00009019716386447489	0.00007928698365615905
812.	1.31e-13	1.5261017310099977e-15	0.00008934511557617316	0.00007877920519136417
812.9999999999999	-4.4e-14	7.679365383080051e-16	0.00008849864557524402	0.00007827252791547175
814.	-6.59e-13	-1.5264391707117923e-15	0.00008765775378974066	0.00007776697753616666
815.	-1.32e-13	-1.552910640760571e-15	0.00008682243953799143	0.00007726257942203324
816.	3.98e-13	2.3262419813433163e-15	0.00008599270153559807	0.00007675935860108265
816.9999999999999	9.77e-13	-7.34567112973542e-16	0.00008516853790179257	0.00007625733975946087
817.9999999999999	-7.13e-13	-2.32189272069543e-15	0.00008434994616576862	0.00007575654724024434
819.	-1.295e-12	-7.674729161579891e-16	0.00008353692327359173	0.00007525700504235106
820.	-4.03e-13	-7.723869025290272e-16	0.00008272946559466849	0.00007475873681959345
821.	-4.5e-14	-2.302927841334557e-15	0.00008192756892888713	0.0000742617658798228
821.9999999999999	-5.86e-13	2.329164192714235e-15	0.00008113122851328726	0.00007376611518420453
823.	-1.265e-12	-2.2947284000822234e-15	0.00008034043902905432	0.00007327180734655933
824.	-4.98e-13	7.388240939015751e-16	0.00007955519460860041	0.00007277886463288317
825.	-7.27e-13	7.582300678591568e-16	0.00007877548884289278	0.00007228730896091906
825.9999999999999	1.412e-12	3.0378810457209997e-15	0.00007800131478803676	0.00007179716189983898
826.9999999999999	1.37e-12	2.289701643474387e-15	0.00007723266497321378	0.00007130844467004146
828.	-3.66e-13	3.356918585394584e-17	0.00007646953140729408	0.00007082117814305324
829.	1.33e-12	-2.3151014888240137e-15	0.00007571190558662097	0.0000703353828415086
830.	1.196e-12	-7.2408685963028e-16	0.0000749597785022386	0.00006985107893922228
830.9999999999999	6.91e-13	-1.4862114899749395e-15	0.00007421314064704242	0.00006936828626138559
832.	5.08e-13	2.287872542730475e-15	0.00007347198202350081	0.00006888702428482965
833.	-1.435e-12	-1.527743123361438e-15	0.0000727362921510448	0.00006840731213836292
834.	4.6e-14	-2.261846495546244e-15	0.00007200606007357266	0.0000679291686032343
834.9999999999999	1.023e-12	-1.5531314329786224e-15	0.00007128127436661722	0.00006745261211367887
835.9999999999999	1.071e-12	0.	0.00007056192314554922	0.00006697766075746833
837.	-1.12e-12	1.5020839043577006e-15	0.00006984799407242312	0.00006650433227668258
838.	-7.95e-13	-2.2422366276008217e-15	0.00006913947436397894	0.00006603264406840962
839.	-9.36e-13	-7.363620084771288e-16	0.00006843635079890118	0.00006556261318566058
839.9999999999999	1.36e-12	1.4862165160216015e-15	0.00006773860972568641	0.00006509425633824682
841.	4.7e-13	-2.274954402534758e-15	0.00006704623707013025	0.00006462758989379126
842.	-1.035e-12	2.9884267742729204e-15	0.0000663592183425103	0.00006416262987881489
843.	-3.3e-13	7.249085702336229e-16	0.00006567753864582003	0.00006369939197986803
843.9999999999999	1.038e-12	-7.782851481408882e-16	0.0000650011826827875	0.00006323789154471634
844.9999999999999	1.182e-12	7.517436303376571e-16	0.00006433013476362854	0.00006277814358366643
846.	-6.15e-13	1.4812587824531959e-15	0.00006366437881362463	0.00006232016277086294
847.	2.84e-13	-2.229576163975191e-15	0.00006300389838064461	0.00006186396344571175
848.	1.9e-13	0.	0.00006234867664244262	0.00006140955961433172
848.9999999999999	3.33e-13	7.172801467116453e-16	0.00006169869641446989	0.00006095696495108431
850.	-8.09e-13	2.1592860571632064e-15	0.00006105394015712411	0.00006050619280017549
851.	-9.5e-14	2.1872226783229913e-15	0.0000604143899833326	0.00006005725617724642
852.	-5.24e-13	-2.192690443788578e-15	0.00005978002766571569	0.00005961016777111895
852.9999999999999	-7.63e-13	-2.203726117227095e-15	0.000059150834644328004	0.00005916493994549786
853.9999999999999	4.8e-14	2.548292110415095e-17	0.00005852679203370301	0.00005872158474079675
855.	6.21e-13	2.134024106759727e-15	0.00005790788063044461	0.000058280113875972885
856.	-8.13e-13	-1.3741656110451928e-15	0.000057294080920261096	0.000057840538750413193
857.	5.74e-13	-2.171799603442595e-15	0.00005668537308551708	0.00005740287044588999
857.9999999999999	-2.87e-13	-7.178614929572103e-16	0.000056081737012022904	0.00005696711972854277
859.	9.11e-13	1.4449156532213743e-15	0.00005548315229674322	0.0000565332970509137
860.	1.391e-12	1.4360404417735679e-15	0.000054889598254495675	0.00005610141255398997
861.	-1.44e-12	1.4353136189795577e-15	0.000054301053925320536	0.00005567147606937172
861.9999999999999	7.68e-13	0.	0.000053717498081283426	0.000055243497121359403
863.	1.105e-12	-1.416682438722192e-15	0.0000531389092337595	0.00005481748492919656
864.	3.36e-13	-7.3758477119032e-16	0.000052565265640085885	0.000054393448409281636
865.	-7.21e-13	-1.3974612795018939e-15	0.00005199654531076581	0.00005397139617740621
865.9999999999999	9.6e-14	2.7918451631790655e-15	0.00005143272601603786	0.0000535513365510673
866.9999999999999	-1.299e-12	-1.3815642430546423e-15	0.00005087378529296161	0.00005313327755182034
868.	-1.395e-12	7.218157914220139e-16	0.000050319700451928675	0.00005271722690758614
869.	-1.44e-13	-2.8361100950986595e-15	0.00004977044858343048	0.000052303192055085245
870.	9.62e-13	1.3901389568044546e-15	0.00004922600656474131	0.00005189118014222942
870.9999999999999	9.6e-14	1.426652384852987e-15	0.00004868635106650401	0.000051481198030565156
872.	-3.37e-13	-6.79353942281297e-16	0.000048151458559210874	0.00005107325229776985
873.	-1.01e-12	-2.077168831255127e-15	0.00004762130531964138	0.000050667349240110756
874.	-1.491e-12	-1.3579895645835705e-15	0.000047095867437388726	0.00005026349487499969
874.9999999999999	-1.347e-12	1.348283626088253e-15	0.000046575120821132254	0.000049861694943511505
875.9999999999999	9.62e-13	6.812050121205e-16	0.00004605904120488214	0.00004946195491295127
877.	8.65e-13	-2.062337806992327e-15	0.00004554760415420677	0.00004906427997943283
878.	1.249e-12	-2.0662850230934194e-15	0.000045040785072650304	0.000048668675070498385
879.	-1.153e-12	6.832909505200249e-16	0.00004453855920728985	0.000048275144847725544
879.9999999999999	1.105e-12	-6.964021632733519e-16	0.0000440409016553448	0.00004788369370935481
881.	2.4e-13	-1.3658594182359173e-15	0.00004354778736977335	0.000047494325792975906
882.	-7.2e-13	2.008067054563553e-15	0.00004305919116543846	0.000047107044978147354
883.	1.391e-12	2.0554582431704955e-15	0.000042575087724742785	0.00004672185488913104
883.9999999999999	-4.79e-13	3.515744943135938e-17	0.00004209545160341404	0.00004633875889753261
884.9999999999999	-1.006e-12	-6.638884857459669e-16	0.00004162025723634176	0.00004595776012504685
886.	1.244e-12	-6.635524720306951e-16	0.00004114947894312223	0.00004557886144616732
887.	-1.004e-12	-1.3230494984558148e-15	0.000040683090933665434	0.000045202065490910504
888.	-5.26e-13	0.	0.000040221067313661155	0.000044827374647532645
888.9999999999999	-1.385e-12	1.311496268088972e-15	0.000039763382090150506	0.000044454791065307164
890.	7.63e-13	6.460531512547896e-16	0.00003931000917662453	0.00004408431665725021
891.	-7.15e-13	-3.536119472442285e-17	0.0000388609223986714	0.000043715953102890614
892.	-5.24e-13	-1.9741756103320332e-15	0.00003841609549879997	0.000043349701851032825
892.9999999999999	-1.237e-12	7.150691862970045e-16	0.00003797550214210101	0.00004298556412252214
893.9999999999999	8.08e-13	1.956936568529449e-15	0.00003753911592079157	0.00004262354091300476
895.	-1.282e-12	1.960137417789011e-15	0.000037106910359738955	0.0000422636329957185
896.	1.185e-12	1.9786450240136857e-15	0.00003667885892100989	0.00004190584092428171
897.	8.05e-13	2.6208486016052466e-15	0.000036254935009039474	0.00004155016503543274
897.9999999999999	-9.5e-14	6.757562945747092e-16	0.000035835111975302564	0.00004119660545182831
899.	1.42e-13	1.956416158937914e-15	0.0000354193631231979	0.00004084516208484406
900.	1.415e-12	1.2706099378595533e-15	0.00003500766171243364	0.00004049583463731597
901.	2.83e-13	1.9682774542054733e-15	0.00003459998096397563	0.000040148622606343125
901.9999999999999	8.47e-13	1.2927848217071039e-15	0.00003419629406447837	0.000039803525286037315
902.9999999999999	1.457e-12	-6.368357488163094e-16	0.000033796574170505554	0.000039460541770339316
904.	-7.04e-13	-1.9171178226894326e-15	0.00003340079441334725	0.00003911967095573675
905.	1.358e-12	-1.2520282040723474e-15	0.00003300892790301244	0.00003878091154405069
906.	-1.122e-12	0.	0.00003262094773263584	0.00003844426204520919
906.9999999999999	-6.07e-13	-1.2538607012135524e-15	0.00003223682698281447	0.00003810972077996429
908.	1.072e-12	-1.9796840628538686e-17	0.00003185653872527852	0.000037777285882677795
909.	8.84e-13	-1.2677698792898673e-15	0.00003148005602748279	0.000037446955304052864
910.	-6.97e-13	1.8682018675887e-15	0.00003110735195627885	0.00003711872681384482
910.9999999999999	-1.252e-12	-6.354387561892959e-16	0.00003073839958182105	0.00003679259800362691
911.9999999999999	-4.63e-13	1.9069157531211394e-15	0.000030373171981619466	0.00003646856628946753
913.	-1.109e-12	0.	0.00003001164224426313	0.000036146628914686696
914.	1.338e-12	2.4252444322743885e-17	0.000029653783472846013	0.000035826782952505366
914.9999999999999	-1.84e-13	-1.9911567753539243e-17	0.000029299568789152593	0.000035509025308788304
915.9999999999999	1.149e-12	1.2424215847978823e-15	0.00002894897133680425	0.00003519335272468798
917.	1.238e-12	1.825341986777572e-15	0.00002860196428489298	0.00003487976177931893
918.	-1.464e-12	-1.2121265391356239e-15	0.000028258520831601994	0.00003456824889244516
919.	-1.096e-12	6.151968843109946e-16	0.00002791861420734969	0.0000342588103270887
919.9999999999999	-3.19e-13	1.1884341883924649e-15	0.000027582217678245903	0.000033951442192192104
921.	1.82e-13	1.8050814575058035e-15	0.000027249304549411788	0.00003364614044524536
922.	7.26e-13	5.807818326897401e-16	0.00002691984816803427	0.00003334290089487285
923.	1.449e-12	-1.2167369146485726e-15	0.000026593821926536053	0.0000330417192034464
923.9999999999999	1.219e-12	1.1879483985997447e-15	0.00002627119926580429	0.00003274259088966556
924.9999999999999	-7.66e-13	-1.7954770508184407e-15	0.0000259519536779477	0.00003244551133112895
926.	-1.35e-13	-5.823643181464947e-16	0.00002563605870930437	0.00003215047576689978
927.	-4.5e-14	1.763099110234336e-15	0.000025323487963619026	0.00003185747930002954
928.	-6.26e-13	5.642901770610354e-16	0.000025014215104334072	0.00003156651690007939
928.9999999999999	-2.68e-13	-1.7524427804336595e-15	0.000024708213857910586	0.000031277583405664076
930.	5.34e-13	-1.1907128214103305e-15	0.000024405458016035825	0.00003099067352691454
931.	9.77e-13	-2.3625103597367395e-15	0.000024105921438618376	0.00003070578184797094
932.	-1.063e-12	-2.3186636199101498e-15	0.000023809578056257943	0.000030422902829448484
932.9999999999999	1.193e-12	1.7389133978208357e-15	0.0000235164018726639	0.000030142030810876634
933.9999999999999	-2.2e-13	-1.6831480204751269e-15	0.000023226366967238143	0.00002986316001313188
935.	-8.79e-13	-1.7026810950344323e-15	0.00002293944749748037	0.000029586284540857308
936.	1.052e-12	-2.248832669517183e-15	0.000022655617701259397	0.000029311398384840807
937.	8.3e-13	-1.663351762324801e-15	0.00002237485189925655	0.00002903849542442209
937.9999999999999	3.49e-13	2.731266248692251e-17	0.000022097124496995665	0.000028767569429830366
939.	1.26e-12	-1.7042275039352568e-15	0.00002182240998713779	0.000028498614064527197
940.	-1.343e-12	-5.707233105501782e-16	0.000021550682951692647	0.000028231622887547742
941.	-5.18e-13	5.441471486355434e-16	0.000021281918063882167	0.00002796658935579899
941.9999999999999	-8.62e-13	-1.6877289696293597e-15	0.00002101609009041965	0.000027703506826342405
942.9999999999999	2.58e-13	0.	0.000020753173893184536	0.00002744236855866466
944.	4.28e-13	1.6729912582997817e-15	0.00002049314443144056	0.000027183167716948206
945.	-4.7e-13	0.	0.000020235976763354405	0.00002692589737226099
946.	-1.149e-12	2.2553998473513928e-17	0.000019981646048121484	0.000026670550504816863
946.9999999999999	1.27e-13	-1.6480238521142521e-15	0.000019730127547642013	0.00002641712000614366
948.	-9.73e-13	-2.1892024129006866e-15	0.000019481396628058656	0.00002616559868123881
949.	7.59e-13	0.	0.000019235428761563236	0.000025915979250773154
950.	-8.4e-14	-1.0657531984496657e-15	0.000018992199528093775	0.000025668254353179275
950.9999999999999	-1.257e-12	5.216328513669461e-16	0.000018751684616608715	0.000025422416546793137
951.9999999999999	5.85e-13	1.0775756847978937e-15	0.00001851385982689826	0.000025178458311934958
953.	1.04e-12	-1.6106139801446554e-15	0.000018278701070970422	0.00002493637205298737
954.	5.81e-13	1.0615926697388412e-15	0.000018046184374220027	0.000024696150100454715
954.9999999999999	7.03e-13	-2.110143942363093e-15	0.000017816285877208553	0.00002445778471299427
955.9999999999999	7.41e-13	5.523770307866568e-16	0.000017588981836780293	0.000024221268079443695
957.	-7.39e-13	1.0307014201087594e-15	0.000017364248627217693	0.00002398659232078
958.	-1.186e-12	1.06623604275452e-15	0.000017142062741762174	0.000023753749492140938
959.	-4.48e-13	0.	0.000016922400793555037	0.000023522731584730993
959.9999999999999	1.178e-12	-1.0267275098415597e-15	0.00001670523951703687	0.000023293530527797094
960.9999999999999	-5.67e-13	-5.057738701610275e-16	0.000016490555768680988	0.000023066138190505794
962.	8.07e-13	-1.5687102558429964e-15	0.000016278326528532534	0.000022840546383865294
963.	1.045e-12	1.0101421443389826e-15	0.000016068528900958883	0.000022616746862570946
963.9999999999999	-1.2e-13	5.183372828333867e-16	0.00001586114011548959	0.000022394731326869116
964.9999999999999	0.e-15	1.7022462212838808e-17	0.00001565613752819116	0.000022174491424394448
966.	-1.192e-12	1.006247501176149e-15	0.000015453498622124566	0.000021956018751958988
967.	7.9e-14	1.0097292340173648e-15	0.000015253201008556896	0.000021739304857349823
968.	7.89e-13	-1.5072739052091194e-15	0.00001505522242757445	0.0000215243412411172
968.9999999999999	2.75e-13	-4.949964809702536e-16	0.000014859540748923901	0.000021311119358283988
969.9999999999999	-6.26e-13	-1.4985943128271219e-15	0.000014666133972800493	0.00002109963062010536
971.	-1.56e-13	1.5014625507949956e-15	0.000014474980230543066	0.0000208898663957615
972.	9.32e-13	-9.930244492282224e-16	0.000014286057785369846	0.00002068181801404568
972.9999999999999	1.199e-12	-1.490005092562875e-15	0.000014099345032849234	0.000020475476765019086
973.9999999999999	1.54e-13	-9.694180755574628e-16	0.000013914820501675149	0.000020270833901671417
975.	1.15e-13	-1.440208450295637e-15	0.000013732462854303026	0.00002006788064154014
976.	4.2e-13	-4.978650964333171e-16	0.00001355225088717496	0.000019866608168307706
977.	-8.37e-13	-1.9160326302767403e-15	0.000013374163531558516	0.000019667007633391498
977.9999999999999	-1.89e-13	4.4046445990563813e-16	0.00001319817985392492	0.000019469070157499
979.	7.93e-13	-1.722033186727744e-17	0.00001302427905625128	0.000019272786832185718
980.	-4.89e-13	-1.44208755271733e-15	0.000012852440476634435	0.000019078148721355505
980.9999999999999	-9.36e-13	9.286057813420923e-16	0.000012682643589486629	0.000018885146862776836
982.	-3.7e-14	-9.339366349919204e-16	0.000012514868006074263	0.000018693772269571434
982.9999999999999	0.e-15	4.694534401550978e-16	0.000012349093474634784	0.00001850401593164938
983.9999999999999	1.48e-13	9.25025504865645e-16	0.000012185299880869171	0.000018315868817177886
985.	-6.26e-13	4.430170500940342e-16	0.000012023467247983157	0.000018129321873989832
985.9999999999999	-1.172e-12	-9.006466324434852e-16	0.000011863575737169677	0.00001794436603099222
987.	8.39e-13	-1.3651244922775075e-15	0.000011705605647530316	0.0000177609921995344
988.	-9.08e-13	9.339872598088479e-16	0.000011549537416553642	0.00001757919127478744
988.9999999999999	-9.4e-13	-1.917038789692782e-17	0.000011395351620017313	0.0000173989541370762
990.	6.12e-13	-8.971306531547843e-16	0.000011243028972271275	0.00001722027165321055
990.9999999999999	3.94e-13	1.3697352901640039e-15	0.000011092550326181798	0.00001704313467776982
992.	-3.21e-13	-4.455844331142316e-16	0.000010943896673361047	0.0000168675340544235
993.	-2.84e-13	0.	0.000010797049144170961	0.000016693460617154574
993.9999999999999	6.72e-13	1.3444307841330629e-15	0.000010651989007710374	0.000016520905191527902
995.	-1.091e-12	4.227299663168199e-16	0.000010508697671714168	0.00001634985859592176
995.9999999999999	3.5e-14	-8.869482910504052e-16	0.000010367156682857431	0.00001618031164271737
997.	1.05e-13	-8.70669034057191e-16	0.000010227347726286432	0.00001601225513950793
998.	7.29e-13	-8.318026945971552e-16	0.000010089252625889721	0.000015845679890256797
998.9999999999999	-3.11e-13	4.481666946940291e-16	9.952853344069029e-6	0.00001568057669643818
1000.	-1.1e-12	8.585514063747872e-16	9.818131981551388e-6	0.00001551693635820507