0.	0.	0.	0.	0.
1.	4.986128920219726	0.0840417923719388	0.00008711732670754315	8.726740177481809e-8
2.	0.30243014922101336	0.15381294924934255	0.00016538826647228292	1.6595965896634478e-7
3.	0.010626173509031306	0.21094745798352102	0.00023543428829095052	2.3665772835009316e-7
4.	0.00028395001964581134	0.25694230688860137	0.00029784084299419697	2.9991014541135354e-7
5.	6.38724534970675e-6	0.29316343146379803	0.00035315918935710034	3.56234608990095e-7
6.	1.272907986056241e-7	0.32085233021173465	0.0004019081370181683	4.0611949600049484e-7
7.	2.3159444399620536e-9	0.3411331170705092	0.00044457570965521264	4.5002530906004833e-7
8.	3.9236471367358636e-11	0.3550198196893871	0.00048162073173605975	4.883860597564892e-7
9.	6.230868805428126e-13	0.3634237688788128	0.0005134743420361319	5.216105901777901e-7
10.	0.	0.3671609553259328	0.0005405414369933113	5.500838352311778e-7
11.	0.	0.3669592557712408	0.0005632020468530887	5.741680281812651e-7
12.	0.	0.3634654528962848	0.0005818126474436409	5.942038517449695e-7
13.	0.	0.35725199171236927	0.0005967074103110817	6.105115369917282e-7
14.	0.	0.3488234307386127	0.000608199393839543	6.233919122115415e-7
14.999999999999998	0.	0.33862255913101524	0.0006165816778788646	6.331274038304496e-7
16.	0.	0.3270361615383853	0.000622128444304375	6.399829913730983e-7
17.	0.	0.3144004211372672	0.0006250960058384384	6.442071183949576e-7
18.	0.	0.30100595831755994	0.0006257237853719853	6.460325612324308e-7
18.999999999999996	0.	0.28710250809900495	0.0006242352479360632	6.456772573474579e-7
20.	0.	0.2729032437702893	0.0006208387873884079	6.433450949741367e-7
21.	0.	0.2585887576434226	0.0006157285697980656	6.392266657083451e-7
22.	0.	0.2443107123678729	0.0006090853354320714	6.334999816171868e-7
23.	0.	0.23019517809150744	0.0006010771611720435	6.263311583832685e-7
24.	0.	0.21634567200935234	0.0005918601851151559	6.178750659392634e-7
24.999999999999996	0.	0.20284591761034793	0.0005815792950432589	6.08275947990819e-7
26.	0.	0.18976234130568428	0.0005703687823757915	5.976680117705934e-7
27.	0.	0.17714632417603376	0.0005583529631565188	5.861759893129426e-7
28.	0.	0.16503622637387505	0.0005456467675609597	5.739156714874997e-7
29.	0.	0.1534592013160318	0.0005323562993505049	5.609944159804755e-7
29.999999999999996	0.	0.14243281624694776	0.0005185793666406605	5.475116303649534e-7
31.	0.	0.13196649508400804	0.0005044059852944632	5.335592313556287e-7
32.	0.	0.12206279870491656	0.0004899188561978365	5.192220812993623e-7
32.99999999999999	0.	0.1127185570307295	0.00047519381762142066	5.045784029104398e-7
34.	0.	0.10392586641881625	0.00046030027382317076	4.897001732185766e-7
35.	0.	0.09567296502586654	0.00044530160099764455	4.746534976583568e-7
36.	0.	0.08794499794670486	0.00043025553163141293	4.594989651909524e-7
37.	0.	0.08072468309173757	0.00041521451827928685	4.4429198531252447e-7
37.99999999999999	0.	0.07399288794342683	0.0004002260777330405	4.2908310776865823e-7
39.	0.	0.06772912653726007	0.00038533311651296206	4.139183257604678e-7
40.	0.	0.06191198525042184	0.00037057423857279415	3.988393633955426e-7
41.	0.	0.05651948525547856	0.00035598403607042795	3.8388394810572453e-7
42.	0.	0.05152938880930404	0.00034159336401997617	3.690860687236683e-7
42.99999999999999	0.	0.046919455900632664	0.00032742959960557034	3.5447621988128445e-7
44.	0.	0.04266765717364109	0.0003135168869033251	3.40081633365407e-7
44.99999999999999	0.	0.038752348479744146	0.000299876367725345	3.2592649703934003e-7
46.	0.	0.03515241188476248	0.0002865263992683691	3.1203216191327857e-7
47.	0.	0.03184736747275625	0.00027348275921962155	2.984173379219486e-7
48.	0.	0.028817459839778604	0.00026075883894359264	2.850982789440984e-7
49.	0.	0.026043722759031995	0.00024836582534579	2.720889575756961e-7
49.99999999999999	0.	0.023508025121653623	0.0002363128719829436	2.59401230146813e-7
51.	0.	0.021193100912779147	0.00022460725996362895	2.4704499245112045e-7
52.	0.	0.019082565668716956	0.0002132545491588208	2.3502832663674166e-7
53.	0.	0.017160921576076526	0.00020225872021841982	2.2335763968779268e-7
54.	0.	0.015413553115600352	0.00019162230786727444	2.1203779390730135e-7
54.99999999999999	0.	0.013826714920347432	0.00018134652593262762	2.0107222979429247e-7
56.	0.	0.01238751330792019	0.00017143138453423444	1.904630816906603e-7
56.99999999999999	0.	0.011083882757819049	0.00016187579984851865	1.8021128655691615e-7
58.	0.	0.009904558436045242	0.00015267769683914998	1.7031668622009998e-7
59.	0.	0.008839045718111711	0.00014383410532815597	1.6077812342190278e-7
59.99999999999999	0.	0.0078775875271261	0.00013534124976423905	1.5159353198048605e-7
61.	0.	0.007011130184121752	0.00012719463302822325	1.4276002136547043e-7
62.	0.	0.006231288361965182	0.00011938911459951837	1.3427395597213145e-7
63.	0.	0.005530309640697327	0.00011191898339215412	1.2613102936796883e-7
64.	0.	0.004901039079876154	0.00010477802555422076	1.1832633377244155e-7
65.	0.	0.004336884151294544	0.00009795958751048656	1.1085442501881367e-7
65.99999999999999	0.	0.0038317803123294777	0.00009145663451450095	1.0370938323569875e-7
67.	0.	0.0033801574452081476	0.00008526180496358637	9.688486947497608e-8
68.	0.	0.002976907339798764	0.00007936746071780447	9.037417850232256e-8
69.	0.	0.0026173523563645124	0.00007376573365218402	8.41702879565914e-8
70.	0.	0.0022972153693452593	0.00006844856866020025	7.826590407465667e-8
70.99999999999999	0.	0.0020125910630045	0.00006340776331573248	7.265350416917969e-8
72.	0.	0.001759918624106167	0.000058635004390387614	6.73253760379163e-8
73.	0.	0.0015359558551361503	0.00005412190141323473	6.227365447476753e-8
74.	0.	0.001337754713473077	0.000049860017450574237	5.749035504469469e-8
75.	0.	0.0011626382669061366	0.00004584089727435223	5.2967405276871526e-8
75.99999999999999	0.	0.001008179043607744	0.000042056093079255646	4.869667342306379e-8
77.	0.	0.0008721787447402473	0.00003849718790028485	4.466999492110617e-8
78.	0.	0.0007526492800009409	0.00003515581687478331	4.08791966965863e-8
79.	0.	0.0006477950803048549	0.00003202368648541558	3.73161194293481e-8
80.	0.	0.000555996637223636	0.000029092591913435027	3.397263790520558e-8
80.99999999999999	0.	0.00047579521552060364	0.000026354432624775043	3.0840679567324614e-8
82.	0.	0.00040587868295094485	0.00002380122630499403	2.791224137604451e-8
83.	0.	0.00034506840026057406	0.000021425121252914287	2.517940508048802e-8
84.	0.	0.00029230711386482784	0.00001921840733686457	2.2634351000091786e-8
84.99999999999999	0.	0.0002466477938875068	0.000017173525611828885	2.0269370409256204e-8
85.99999999999999	0.	0.0002072433609736543	0.00001528307669040544	1.8076876613534032e-8
87.	0.	0.00017333724645692886	0.000013539827955391828	1.6049414801277782e-8
88.	0.	0.00014425473197450005	0.000011936719696919113	1.4179670750310226e-8
89.	0.	0.00011939501640483337	0.000010466870252426902	1.2460478465058345e-8
89.99999999999999	0.	0.00009822395999058427	9.12358022336239e-6	1.0884826815651247e-8
90.99999999999999	0.	0.00008026745764389989	7.900335838263375e-6	9.445865246690546e-9
92.	0.	0.00006510539566819117	6.790811527905007e-6	8.13690861982646e-9
93.	0.	0.00005236614842778255	5.7888717743779165e-6	6.95144125083099e-9
94.	0.	0.000041721573821506644	4.88857229234749e-6	5.883120198583651e-9
94.99999999999999	0.	0.00003288246874022777	4.084160597312133e-6	4.9257778602700065e-9
96.	0.	0.000025594447988173104	3.370076012400106e-6	4.073423924102265e-9
97.	0.	0.000019634212405275973	2.7409491621513247e-6	3.320246728045357e-9
98.	0.	0.000014806174127388556	2.1916009987932946e-6	2.6606140703394916e-9
99.	0.	0.000010939409050877571	1.7170414036760113e-6	2.089073514977039e-9
99.99999999999999	0.	7.884908620133151e-6	1.3124674039463562e-6	1.6003522329229347e-9
101.	0.	5.513105022318176e-6	9.732610419534488e-7	1.1893564174457135e-9
102.	0.	3.7116457505536808e-6	6.949869325393555e-7	8.511703097640443e-10
103.	0.	2.3833952803729987e-6	4.7338954107188304e-7	5.810548690559473e-10
104.	0.	1.4446432941291486e-6	3.04390212952894e-7	3.7444611889088125e-10
104.99999999999999	0.	8.235004832669284e-7	1.8408398327614488e-7	2.269532001960806e-10
106.	0.	4.584644603375132e-7	1.0873619342753795e-7	1.3435615910015436e-10
107.	0.	2.971397219931935e-7	7.477893952968562e-8	9.260349618000196e-11
108.	0.	2.950969244533175e-7	7.880737599648284e-8	9.780950209892384e-11
109.	0.	4.148579652759753e-7	1.1757589575436902e-7	1.4625140296316097e-10
109.99999999999999	0.	6.249945141848982e-7	1.8799420719452045e-7	2.3436633729900923e-10
111.	0.	8.99328703686196e-7	2.871233264431013e-7	3.587481851169701e-10
112.	0.	1.21622568133416e-6	4.1217150217465477e-7	5.161442682077967e-10
113.	0.	1.5579686432953486e-6	5.604900888884641e-7	7.03451939537223e-10
113.99999999999999	0.	1.910207817253206e-6	7.295693833477831e-7	9.177150784085108e-10
114.99999999999999	0.	2.2614756454600866e-6	9.170344377245677e-7	1.1561205069179957e-9
116.	0.	2.6027611397452137e-6	1.1206408619097782e-6	1.415994342155015e-9
117.	0.	2.9271370432246235e-6	1.3382706264196995e-6	1.6947982975680078e-9
118.	0.	3.229434042104345e-6	1.5679278763854592e-6	1.9901259459766514e-9
118.99999999999999	0.	3.5059568286714677e-6	1.8077347661608337e-6	2.299698955736575e-9
119.99999999999999	0.	3.7542373271721653e-6	2.0559273232943408e-6	2.6213633107768924e-9
121.	0.	3.972820860571066e-6	2.310851349754653e-6	2.95308552434071e-9
122.	0.	4.161081461808472e-6	2.5709583675854487e-6	3.2929488555341542e-9
122.99999999999999	0.	4.319062920818661e-6	2.834801615440512e-6	3.639149537033095e-9
124.	0.	4.447342511253591e-6	3.1010321018080562e-6	3.9899930216315166e-9
125.	0.	4.5469146611755105e-6	3.3683947200853484e-6	4.343890254627845e-9
126.	0.	4.6190921226293425e-6	3.6357244301376573e-6	4.699353978499256e-9
127.	0.	4.6654224581079435e-6	3.9019425103632206e-6	5.0549950756450885e-9
128.	0.	4.68761790011418e-6	4.166052883869928e-6	5.40951895455211e-9
129.	0.	4.687496854886622e-6	4.427138521798967e-6	5.761721984095287e-9
130.	0.	4.666935515437516e-6	4.684357926501201e-6	6.1104879803492325e-9
131.	0.	4.627828223529243e-6	4.936941696753194e-6	6.45478474969156e-9
131.99999999999997	0.	4.572055377399238e-6	5.184189176917539e-6	6.7936606916827954e-9
133.	0.	4.501457822971161e-6	5.4254651915311934e-6	7.126241464721651e-9
134.	0.	4.417816792777589e-6	5.660196866521159e-6	7.451726717158236e-9
135.	0.	4.322838569952497e-6	5.88787053791611e-6	7.769386886162801e-9
136.	0.	4.218143155878291e-6	6.108028748673123e-6	8.078560066361874e-9
137.	0.	4.105256310280275e-6	6.320267333945516e-6	8.378648949903579e-9
138.	0.	3.985604413027019e-6	6.524232594916329e-6	8.669117839377681e-9
139.	0.	3.860511668417819e-6	6.719618561079451e-6	8.9494897347198e-9
140.	0.	3.7311992361965482e-6	6.906164340658233e-6	9.219343494993876e-9
140.99999999999997	0.	3.598785929864897e-6	7.083651558679548e-6	9.478311075733014e-9
141.99999999999997	0.	3.464290172574536e-6	7.251901882025278e-6	9.726074842268348e-9
143.	0.	3.328632944842473e-6	7.410774630679032e-6	9.962364959342249e-9
144.	0.	3.1926414970380955e-6	7.56016447419155e-6	1.0186956857044984e-8
145.	0.	3.0570536335376726e-6	7.699999212317024e-6	1.0399668773016575e-8
146.	0.	2.9225224053431375e-6	7.830237638624764e-6	1.0600359370652951e-8
147.	0.	2.789621073976107e-6	7.950867485810299e-6	1.0788925432939412e-8
148.	0.	2.658848232232535e-6	8.061903451327477e-6	1.0965299631385766e-8
149.	0.	2.530632987166349e-6	8.163385301903433e-6	1.112944836944377e-8
150.	0.	2.4053401278285046e-6	8.255376055409378e-6	1.1281369699651776e-8
150.99999999999997	0.	2.2832752150804167e-6	8.337960238512954e-6	1.142109131366981e-8
151.99999999999997	0.	2.164689543641008e-6	8.41124221847845e-6	1.1548668604267977e-8
153.	0.	2.0497849373502275e-6	8.475344607451306e-6	1.1664182798269291e-8
154.	0.	1.938718348101425e-6	8.53040673750107e-6	1.1767739159339941e-8
155.	0.	1.831606236718816e-6	8.576583204706247e-6	1.1859465259508743e-8
156.	0.	1.7285287208130034e-6	8.614042480491644e-6	1.1939509318171865e-8
157.	0.	1.6295334802563866e-6	8.642965588462089e-6	1.2008038607358147e-8
158.	0.	1.5346394155584154e-6	8.663544844925258e-6	1.2065237921932271e-8
159.	0.	1.4438400583386485e-6	8.675982661308085e-6	1.2111308113400735e-8
160.	0.	1.357106736170716e-6	8.680490406662934e-6	1.2146464685944646e-8
160.99999999999997	0.	1.2743914966535434e-6	8.677287328474187e-6	1.21709364532942e-8
161.99999999999997	0.	1.1956297975594375e-6	8.666599529943272e-6	1.2184964254983193e-8
163.	0.	1.1207429714352723e-6	8.648659002000731e-6	1.2188799730589956e-8
164.	0.	1.049640474227309e-6	8.623702708241226e-6	1.2182704150466134e-8
165.	0.	9.822219283394455e-7	8.591971721044126e-6	1.2166947301516982e-8
166.	0.	9.183789710661253e-7	8.553710407121573e-6	1.2141806426535678e-8
167.	0.	8.579969197088015e-7	8.509165660789334e-6	1.2107565215638224e-8
168.	0.	8.00956264806344e-7	8.458586183257795e-6	1.2064512848316143e-8
169.	0.	7.471340028826531e-7	8.402221806258455e-6	1.2012943084618204e-8
169.99999999999997	0.	6.964048199818673e-7	8.340322858376745e-6	1.1953153404019251e-8
170.99999999999997	0.	6.486421370145579e-7	8.273139572468212e-6	1.1885444190511702e-8
171.99999999999997	0.	6.037190275663776e-7	8.20092153255795e-6	1.1810117962456496e-8
173.	0.	5.615090184937905e-7	8.123917158672195e-6	1.1727478645768856e-8
174.	0.	5.218867830983947e-7	8.042373228083513e-6	1.1637830889030585e-8
175.	0.	4.847287363024573e-7	7.956534431459563e-6	1.1541479419102105e-8
176.	0.	4.499135406403438e-7	7.866642962458647e-6	1.1438728435853533e-8
177.	0.	4.173225314618938e-7	7.772938139355213e-6	1.1329881044662786e-8
178.	0.	3.868400691784816e-7	7.675656057288887e-6	1.1215238725313576e-8
179.	0.	3.5835382588260577e-7	7.575029269783853e-6	1.1095100835975064e-8
179.99999999999997	0.	3.317550131870312e-7	7.4712864982155494e-6	1.0969764150959794e-8
180.99999999999997	0.	3.069385576045582e-7	7.3646523679456645e-6	1.0839522430993218e-8
181.99999999999997	0.	2.8380322933534236e-7	7.255347169852962e-6	1.0704666024709753e-8
183.	0.	2.6225172989180545e-7	7.1435866460637195e-6	1.0565481500175258e-8
184.	0.	2.421907434666069e-7	7.029581798688515e-6	1.0422251305213754e-8
185.	0.	2.2353095667330248e-7	6.913538720427063e-6	1.0275253455371148e-8
186.	0.	2.061870507345785e-7	6.795658445919352e-6	1.0124761248347815e-8
187.	0.	1.9007766994842796e-7	6.676136822780707e-6	9.97104300379513e-9
188.	0.	1.7512536984616695e-7	6.555164401268226e-6	9.814361827361186e-9
189.	0.	1.6125654813755908e-7	6.43292634157638e-6	9.654975397922486e-9
189.99999999999997	0.	1.484013612378631e-7	6.3096023377869334e-6	9.493135776955803e-9
190.99999999999997	0.	1.364936288949389e-7	6.1853665575333206e-6	9.329089239034652e-9
192.	0.	1.2547072917096941e-7	6.060387596473002e-6	9.163076122462632e-9
193.	0.	1.1527348575120418e-7	5.934828446687466e-6	8.995330699074176e-9
194.	0.	1.0584604939144925e-7	5.8088464781823954e-6	8.826081062292012e-9
195.	0.	9.713577506593884e-8	5.682593432649842e-6	8.655549032494622e-9
196.	0.	8.909309618512652e-8	5.556215428736777e-6	8.483950078851942e-9
197.	0.	8.167139712553598e-8	5.42985297805713e-6	8.311493256758396e-9
198.	0.	7.482688509266076e-8	5.303641011226884e-6	8.138381160037843e-9
198.99999999999997	0.	6.851846226708226e-8	5.177708913225544e-6	7.964809887113904e-9
199.99999999999997	0.	6.270759897335957e-8	5.052180567435053e-6	7.790969020394902e-9
200.99999999999997	0.	5.735820859210554e-8	4.927174407692063e-6	7.617041618082634e-9
202.	0.	5.2436524716790305e-8	4.802803477778341e-6	7.443204217734834e-9
203.	0.	4.7910981085503246e-8	4.679175497730082e-6	7.269626850827859e-9
204.	0.	4.3752094631285527e-8	4.5563929364345126e-6	7.0964730676862636e-9
205.	0.	3.9932351965746957e-8	4.434553089965365e-6	6.923899972105745e-9
206.	0.	3.642609956529696e-8	4.3137481651570035e-6	6.75205826505663e-9
207.	0.	3.320943780844384e-8	4.194065367923373e-6	6.5810922968516985e-9
208.	0.	3.026011902818972e-8	4.075586995863716e-6	6.411140127204951e-9
208.99999999999997	0.	2.7557449651597562e-8	3.958390534711464e-6	6.242333592618227e-9
209.99999999999997	0.	2.508219647241894e-8	3.8425487582157335e-6	6.074798380572432e-9
210.99999999999997	0.	2.2816497090145323e-8	3.7281298310422354e-6	5.908654109984565e-9
212.	0.	2.0743774467245715e-8	3.6151974143244838e-6	5.744014417450098e-9
213.	0.	1.8848655606835994e-8	3.5038107735083157e-6	5.5809870487990575e-9
214.	0.	1.711689424746683e-8	3.3940248881455598e-6	5.419673955504322e-9
215.	0.	1.553529752614043e-8	3.2858905633138443e-6	5.260171395504628e-9
216.	0.	1.4091656502922614e-8	3.1794545423652506e-6	5.102570038036417e-9
217.	0.	1.2774680431774786e-8	3.0747596207094043e-6	4.946955072064584e-9
218.	0.	1.1573934689208855e-8	2.9718447603682317e-6	4.793406317944307e-9
218.99999999999997	0.	1.047978220900859e-8	2.870745205035978e-6	4.641998341932368e-9
219.99999999999997	0.	9.483328305906812e-9	2.771492595422316e-6	4.492800573229802e-9
220.99999999999997	0.	8.57636876636824e-9	2.6741150846368096e-6	4.345877423199077e-9
222.	0.	7.751341053010438e-9	2.578637453415344e-6	4.201288406460417e-9
223.	0.	7.001278497366305e-9	2.4850812249855108e-6	4.059088263559515e-9
224.	0.	6.319767345068828e-9	2.3934647793901877e-6	3.919327084928857e-9
225.	0.	5.700906518402596e-9	2.3038034670993115e-6	3.782050435876558e-9
226.	0.	5.139269953030559e-9	2.2161097217417703e-6	3.647299482334143e-9
227.	0.	4.629871395568614e-9	2.130393171825609e-6	3.5151111171489027e-9
227.99999999999997	0.	4.168131519792974e-9	2.0466607512887504e-6	3.385518086658835e-9
228.99999999999997	0.	3.749847237530248e-9	1.964916808776583e-6	3.2585491173726393e-9
229.99999999999997	0.	3.371163094116579e-9	1.8851632155066287e-6	3.1342290425132337e-9
230.99999999999997	0.	3.028544615753548e-9	1.8073994716417839e-6	3.012578928280588e-9
232.	0.	2.718753506014068e-9	1.7316228110431588e-6	2.893616199602124e-9
233.	0.	2.4388245826760838e-9	1.6578283043384432e-6	2.777354765243087e-9
234.	0.	2.1860443432610094e-9	1.5860089602216976e-6	2.663805142112893e-9
235.	0.	1.957931068055673e-9	1.5161558248975915e-6	2.552974578595344e-9
236.	0.	1.7522163561278117e-9	1.448258079621865e-6	2.444867176792554e-9
237.	0.	1.566828012714271e-9	1.3823031362806682e-6	2.3394840135546947e-9
237.99999999999997	0.	1.3998741948198812e-9	1.318276730941989e-6	2.236823260149253e-9
238.99999999999997	0.	1.2496287377713175e-9	1.2561630153545361e-6	2.1368803004921583e-9
239.99999999999997	0.	1.1145175768375878e-9	1.1959446463481051e-6	2.0396478478253838e-9
240.99999999999997	0.	9.931062014068025e-10	1.1376028730980562e-6	1.9451160597380028e-9
242.	0.	8.840880639970337e-10	1.081117622240824e-6	1.8532726514674399e-9
243.	0.	7.862738806932871e-10	1.0264675808099922e-6	1.7641030073865647e-9
244.	0.	6.985817607049166e-10	9.736302769742569e-7	1.677590290600899e-9
245.	0.	6.200281091275871e-10	9.225821585821825e-7	1.5937155506195103e-9
245.99999999999997	0.	5.497192438386295e-10	8.732986694842185e-7	1.5124578290030513e-9
247.	0.	4.868436813359792e-10	8.257543236478476e-7	1.4337942629693954e-9
248.	0.	4.306650341129762e-10	7.799227770573218e-7	1.3577001868947088e-9
248.99999999999997	0.	3.805154843290084e-10	7.357768974041303e-7	1.2841492316723378e-9
250.	0.	3.3578978693452167e-10	6.932888315821033e-7	1.2131134219049766e-9
250.99999999999997	0.	2.9593975919482976e-10	6.524300709875765e-7	1.1445632708816646e-9
252.	0.	2.604692274622402e-10	6.131715146502174e-7	1.0784678733346987e-9
252.99999999999997	0.	2.2892939078532142e-10	5.754835301997355e-7	1.0147949959358086e-9
254.	0.	2.009145709662097e-10	5.393360127054872e-7	9.535111655465574e-10
254.99999999999997	0.	1.7605832115392944e-10	5.046984413897246e-7	8.945817551742326e-10
256.	0.	1.5402986227695314e-10	4.7153993425424353e-7	8.379710676531377e-10
257.	0.	1.345308227056191e-10	4.3982930063709836e-7	7.836424170307155e-10
258.	0.	1.1729225797529562e-10	4.095350917405643e-7	7.315582076816208e-10
259.	0.	1.0207192709821844e-10	3.8062564914023126e-7	6.816800111175727e-10
260.	0.	8.865180514330947e-11	3.53069151324284e-7	6.339686405307994e-10
261.	0.	7.683581410370209e-11	3.268336582846591e-7	5.88384223060704e-10
262.	0.	6.644775141221317e-11	3.0188715420266297e-7	5.448862698111872e-10
263.	0.	5.73294041953578e-11	2.781975882527955e-7	5.034337436128504e-10
263.99999999999994	0.	4.933882906909995e-11	2.55732913571531e-7	4.639851245662263e-10
265.	0.	4.2348788132192735e-11	2.3446112442370922e-7	4.2649847337760564e-10
266.	0.	3.6245324695651166e-11	2.143502915995829e-7	3.9093149250028925e-10
267.	0.	3.092646914865896e-11	1.953685960918271e-7	3.5724158512440536e-10
268.	0.	2.6301062483739272e-11	1.7748436107568582e-7	3.253859120117334e-10
269.	0.	2.2287688193348387e-11	1.6066608225151275e-7	2.95321446238522e-10
270.	0.	1.8813703432547272e-11	1.448824565674583e-7	2.670050258344293e-10
271.	0.	1.5814359584291037e-11	1.301024093818229e-7	2.40393404382937e-10
272.	0.	1.3232006277948312e-11	1.1629512008919053e-7	2.1544329958466147e-10
272.99999999999994	0.	1.1015369487850664e-11	1.0343004626490999e-7	1.9211143984188417e-10
274.	0.	9.118899152115947e-12	9.14769463573135e-8	1.7035460887724482e-10
274.99999999999994	0.	7.502178411062837e-12	8.040590096941885e-8	1.5012968842318106e-10
276.	0.	6.1293903004854445e-12	7.018733278118522e-8	1.3139369903719748e-10
277.	0.	4.9688356262783866e-12	6.079202513599198e-8	1.1410383904807327e-10
278.	0.	3.992498242791098e-12	5.2191139342684274e-8	9.821752169056628e-11
279.	0.	3.175652937850223e-12	4.43562307327095e-8	8.369241046537318e-11
280.	0.	2.4965120327763094e-12	3.725926350305342e-8	7.048645274546198e-11
281.	0.	1.9359072572743495e-12	3.08726243935692e-8	5.855791168453324e-11
281.99999999999994	0.	1.477003564475021e-12	2.5169135231793612e-8	4.786539645532725e-11
283.	0.	1.1050418592532957e-12	2.012206438793115e-8	3.836789086461753e-11
283.99999999999994	0.	8.071079362135817e-13	1.5705137172905072e-8	3.002478037427075e-11
285.	0.	5.719251184066655e-13	1.1892545219375968e-8	2.279587757204334e-11
286.	0.	3.8966836566501886e-13	8.658954883216243e-9	1.6641446132316584e-11
287.	0.	2.5179772736341566e-13	5.9795147008580556e-9	1.1522223304068577e-11
288.	0.	1.509093359181402e-13	3.829861940704473e-9	7.399440969761668e-12
289.	0.	8.06021667922916e-14	2.1861282734980994e-9	4.234845294220453e-12
290.	0.	3.535904953800955e-14	1.0249446187659436e-9	1.9907150457915104e-12
291.	0.	1.0440493198026865e-14	3.234451694972997e-10	6.298785670060626e-13
292.	0.	1.7900756233244512e-15	5.927066020429406e-11	1.157294946911698e-13
292.99999999999994	0.	5.950210840200801e-15	2.1057088966188384e-10	4.122412263769904e-13
294.	0.	1.9987255923143374e-14	7.560065362094563e-10	1.4839801821647202e-12
294.99999999999994	0.	4.1425000449875596e-14	1.6747503021937015e-9	3.2961179098991704e-12
296.	0.	6.818567650263686e-14	2.946487412519409e-9	5.814442059781759e-12
297.	0.	9.853771057178889e-14	4.5514154963016984e-9	9.005366263268124e-12
298.	0.	1.3104951386879088e-13	6.470243886792578e-9	1.2835938964276064e-11
299.	0.	1.6454867128294846e-13	8.684192363376388e-9	1.7273851229295146e-11
300.	0.	1.9808595510348176e-13	1.1174989363733643e-8	2.228744357231082e-11
301.	0.	2.3090365178829536e-13	1.392486969794507e-8	2.7845711838729872e-11
301.99999999999994	0.	2.6240774115938134e-13	1.6916571781813625e-8	3.391831216453543e-11
303.	0.	2.921434649598681e-13	2.013333442856656e-8	4.047556507139551e-11
303.99999999999994	0.	3.197739881004009e-13	2.3558893207429318e-8	4.7488458698071184e-11
305.	0.	3.450617360578708e-13	2.717747641193288e-8	5.4928651238088166e-11
306.	0.	3.678521222210926e-13	3.097380064397661e-8	6.276847258061399e-11
307.	0.	3.880594794655718e-13	3.493306604856646e-8	7.098092521026761e-11
308.	0.	4.0565473529177416e-13	3.9040951217633224e-8	7.95396843892662e-11
309.	0.	4.20654929472626e-13	4.3283607783795733e-8	8.84190976509604e-11
310.	0.	4.331140556815285e-13	4.764765472536333e-8	9.759418363543447e-11
310.99999999999994	0.	4.4311521687767603e-13	5.212017240363817e-8	1.0704063029813549e-10
312.	0.	4.5076403885667945e-13	5.6688696352364e-8	1.1673479252077267e-10
312.99999999999994	0.	4.561829886071141e-13	6.13412108361761e-8	1.2665368914828218e-10
314.	0.	4.59506430036374e-13	6.606614219969578e-8	1.3677499948617598e-10
314.99999999999994	0.	4.608768140328571e-13	7.085235201968294e-8	1.4707705927426878e-10
316.	0.	4.6044110448274e-13	7.568913008539791e-8	1.5753885617972424e-10
317.	0.	4.583481214531271e-13	8.056618721401478e-8	1.681400248151611e-10
318.	0.	4.547461883940536e-13	8.547364792439043e-8	1.7886084132221356e-10
319.	0.	4.4978137421154296e-13	9.040204298154863e-8	1.896822175389266e-10
320.	0.	4.4359576015870024e-13	9.534230182538513e-8	2.0058569477224575e-10
321.	0.	4.3632668831364005e-13	1.0028574490140637e-7	2.1155343720647917e-10
321.99999999999994	0.	4.281054614629188e-13	1.0522407590020752e-7	2.2256822495584444e-10
323.	0.	4.1905691928662693e-13	1.1014937392809667e-7	2.336134468027547e-10
323.99999999999994	0.	4.0929903133404716e-13	1.1505408561271197e-7	2.4467309262498267e-10
325.	0.	3.9894245576887777e-13	1.1993101715962767e-7	2.5573174554087724e-10
326.	0.	3.880905176349419e-13	1.2477332637161378e-7	2.667745737932199e-10
327.	0.	3.768389088682065e-13	1.2957451463893766e-7	2.777873223857863e-10
328.	0.	3.6527622900764824e-13	1.3432841891410964e-7	2.887563044978e-10
329.	0.	3.5348373202361275e-13	1.3902920367897366e-7	2.996683926901946e-10
330.	0.	3.4153568201279326e-13	1.4367135291226533e-7	3.105110099184254e-10
330.99999999999994	0.	3.2949931254078905e-13	1.482496620710552e-7	3.2127212037839124e-10
332.	0.	3.174358259754762e-13	1.5275923009020497e-7	3.3194022019246026e-10
332.99999999999994	0.	3.0539971413139553e-13	1.5719545141029847e-7	3.425043279565627e-10
334.	0.	2.934399646614005e-13	1.6155400803954534e-7	3.5295397515896357e-10
335.	0.	2.8159987013706143e-13	1.6583086166161823e-7	3.6327919649573057e-10
336.	0.	2.699175704778686e-13	1.7002224578862267e-7	3.7347052008044657e-10
337.	0.	2.5842638019260753e-13	1.7412465797374993e-7	3.8351895757949365e-10
338.	0.	2.471549506122698e-13	1.7813485208448478e-7	3.934159942747312e-10
339.	0.	2.361280027734549e-13	1.8204983064334875e-7	4.031535790689531e-10
339.99999999999994	0.	2.2536606225354537e-13	1.858668372423047e-7	4.127241144479775e-10
341.	0.	2.148865410444831e-13	1.8958334903607098e-7	4.2212044641156444e-10
341.99999999999994	0.	2.0470334903432138e-13	1.9319706931619977e-7	4.313358543780593e-10
343.	0.	1.948274328558273e-13	1.9670592017588066e-7	4.4036404108592175e-10
343.99999999999994	0.	1.852671806911835e-13	2.0010803526200887e-7	4.4919912248566256e-10
345.	0.	1.7602841014160945e-13	2.0340175262582358e-7	4.5783561764883576e-10
346.	0.	1.6711505254743845e-13	2.065856076708167e-7	4.66268438692831e-10
347.	0.	1.5852877877559377e-13	2.0965832620192996e-7	4.74492880732241e-10
348.	0.	1.5026959037123053e-13	2.1261881758076457e-7	4.825046118693996e-10
349.	0.	1.4233599988885744e-13	2.154661679877148e-7	4.902996632282768e-10
350.	0.	1.34725450387133e-13	2.1819963379251542e-7	4.97874419037336e-10
350.99999999999994	0.	1.2743370225081715e-13	2.2081863504070768e-7	5.052256067808088e-10
352.	0.	1.2045571880748494e-13	2.2332274904963868e-7	5.123502874064166e-10
352.99999999999994	0.	1.137856968470555e-13	2.257117041233068e-7	5.192458456133914e-10
354.	0.	1.074170465354629e-13	2.2798537338274914e-7	5.259099802160483e-10
355.	0.	1.0134247735232312e-13	2.30143768717456e-7	5.323406945984018e-10
356.	0.	9.555404992789642e-14	2.321870348525676e-7	5.385362872507048e-10
357.	0.	9.004383943222806e-14	2.34115443540964e-7	5.444953424120217e-10
358.	0.	8.480314979188078e-14	2.3592938787467057e-7	5.502167208091424e-10
359.	0.	7.982311559739203e-14	2.3762937671735586e-7	5.556995504991531e-10
359.99999999999994	0.	7.50951606201788e-14	2.3921602926205695e-7	5.609432178286375e-10
361.	0.	7.060992524392009e-14	2.406900697100478e-7	5.659473585033999e-10
361.99999999999994	0.	6.635850282386553e-14	2.4205232207125255e-7	5.707118487730605e-10
363.	0.	6.23316473923111e-14	2.4330370509019996e-7	5.752367967434038e-10
363.99999999999994	0.	5.852067175464822e-14	2.4444522729340845e-7	5.79522533810444e-10
365.	0.	5.4916055199380073e-14	2.4547798215821817e-7	5.835696062197784e-10
366.	0.	5.150956825452497e-14	2.464031434060392e-7	5.873787667619342e-10
367.	0.	4.829211681687108e-14	2.4722196041366085e-7	5.909509665923134e-10
368.	0.	4.5255138591291214e-14	2.4793575374932715e-7	5.94287347195374e-10
368.99999999999994	0.	4.239076458635606e-14	2.485459108262212e-7	5.973892324792859e-10
370.	0.	3.9690458558874755e-14	2.490538816756372e-7	6.002581210102137e-10
370.99999999999994	0.	3.7146431884753496e-14	2.494611748399334e-7	6.028956783902435e-10
372.	0.	3.475120058775313e-14	2.4976935338099423e-7	6.05303729772479e-10
372.99999999999994	0.	3.2497105804202626e-14	2.4998003100653864e-7	6.074842525227043e-10
374.	0.	3.03771732812321e-14	2.500948683109664e-7	6.094393690234413e-10
375.	0.	2.8384426592101968e-14	2.501155691296644e-7	6.111713396215577e-10
376.	0.	2.651235325759954e-14	2.500438770064915e-7	6.126825557225282e-10
377.	0.	2.4754182717325906e-14	2.49881571773281e-7	6.13975533032337e-10
378.	0.	2.310434622214084e-14	2.496304662372255e-7	6.150529049406615e-10
379.	0.	2.1556335852650412e-14	2.4929240297836e-7	6.159174160545052e-10
379.99999999999994	0.	2.0104967477218993e-14	2.488692512530751e-7	6.165719158760717e-10
381.	0.	1.8744821122799763e-14	2.483629040038655e-7	6.170193526290737e-10
381.99999999999994	0.	1.7470478871556534e-14	2.4777527497138926e-7	6.172627672275109e-10
383.	0.	1.6277390324608075e-14	2.471082959098682e-7	6.17305287393097e-10
384.	0.	1.5160676313224398e-14	2.463639139023002e-7	6.171501219162733e-10
385.	0.	1.4115777993269136e-14	2.455440887743882e-7	6.16800555061644e-10
386.	0.	1.3138701008512866e-14	2.4465079060628227e-7	6.162599411192236e-10
387.	0.	1.2225418468513966e-14	2.4368599733804425e-7	6.155316990947596e-10
388.	0.	1.1371892131825818e-14	2.4265169247002813e-7	6.146193075456393e-10
388.99999999999994	0.	1.0574729215212588e-14	2.415498628545434e-7	6.135262995567623e-10
390.	0.	9.830359720281184e-15	2.40382496576886e-7	6.12256257854937e-10
390.99999999999994	0.	9.135690398254302e-15	2.391515809249385e-7	6.108128100631896e-10
392.	0.	8.487484700827416e-15	2.3785910044586208e-7	6.091996240946086e-10
392.99999999999994	0.	7.883017588160838e-15	2.3650703508521907e-7	6.074204036771718e-10
394.	0.	7.319664103027651e-15	2.3509735841079508e-7	6.054788840185854e-10
395.	0.	6.7942669116488404e-15	2.3363203591594292e-7	6.033788276011505e-10
396.	0.	6.30507922614304e-15	2.3211302340238725e-7	6.01124020109639e-10
397.	0.	5.849414561417919e-15	2.3054226543993092e-7	5.987182664887452e-10
397.99999999999994	0.	5.4249432536932436e-15	2.2892169390200717e-7	5.961653871304534e-10
399.	0.	5.030133106044816e-15	2.2725322657385246e-7	5.93469214186021e-10
399.99999999999994	0.	4.6627494388290334e-15	2.2553876583281326e-7	5.906335880042619e-10
401.	0.	4.320938307052329e-15	2.237801973988036e-7	5.876623536939271e-10
401.99999999999994	0.	4.003232734631223e-15	2.2197938915229357e-7	5.84559357806215e-10
403.	0.	3.7079117262208416e-15	2.2013819001884538e-7	5.813284451376513e-10
404.	0.	3.4334360559168835e-15	2.1825842891801686e-7	5.779734556503996e-10
405.	0.	3.178452319964349e-15	2.1634191377536522e-7	5.744982215093772e-10
406.	0.	2.9417961351549695e-15	2.143904305946232e-7	5.709065642311201e-10
407.	0.	2.721852252038292e-15	2.1240574259039657e-7	5.672022919479294e-10
408.	0.	2.5178441870674513e-15	2.10389589377376e-7	5.633891967792338e-10
408.99999999999994	0.	2.328550301650935e-15	2.083436862156937e-7	5.594710523116681e-10
410.	0.	2.152949411574177e-15	2.0626972331113355e-7	5.55451611186884e-10
410.99999999999994	0.	1.99022140690719e-15	2.0416936516676137e-7	5.513346027903114e-10
412.	0.	1.8391122663239244e-15	2.0204424998633364e-7	5.471237310441322e-10
412.99999999999994	0.	1.6992085311821236e-15	1.9989598912727117e-7	5.428226723008554e-10
414.	0.	1.5696650531670642e-15	1.9772616659979607e-7	5.384350733305043e-10
415.	0.	1.449632643786005e-15	1.9553633861477153e-7	5.339645494104688e-10
416.	0.	1.3382601838150074e-15	1.9332803317378084e-7	5.294146825026545e-10
417.	0.	1.2353206791945081e-15	1.911027497032492e-7	5.247890195248294e-10
417.99999999999994	0.	1.1399575990986214e-15	1.8886195873131125e-7	5.20091070714731e-10
419.	0.	1.0517302501609473e-15	1.8660710160262526e-7	5.153243080757163e-10
419.99999999999994	0.	9.701957084520802e-16	1.843395902340178e-7	5.104921639137985e-10
421.	0.	8.947055085395912e-16	1.820608069061052e-7	5.055980294545801e-10
421.99999999999994	0.	8.250217707791669e-16	1.7977210409153002e-7	5.006452535436477e-10
423.	0.	7.604988722364506e-16	1.7747480431719179e-7	4.956371414249374e-10
424.	0.	7.008997698769616e-16	1.751702000607874e-7	4.905769535996539e-10
425.	0.	6.457857723626416e-16	1.7285955367788237e-7	4.854679047569066e-10
426.	0.	5.949207679797014e-16	1.7054409736074768e-7	4.80313162781077e-10
426.99999999999994	0.	5.478705957699397e-16	1.6822503312588352e-7	4.751158478289022e-10
428.	0.	5.044027664648564e-16	1.659035328305315e-7	4.69879031478608e-10
428.99999999999994	0.	4.644810265070795e-16	1.635807382148525e-7	4.646057359432225e-10
430.	0.	4.2748324032937734e-16	1.6125776097148295e-7	4.592989333542978e-10
430.99999999999994	0.	3.9337758105135224e-16	1.5893568283841777e-7	4.539615451059671e-10
432.	0.	3.6193788291441226e-16	1.566155557159474e-7	4.485964412627097e-10
432.99999999999994	0.	3.3294061887673103e-16	1.542984018062878e-7	4.4320644002823217e-10
434.	0.	3.0616528916802367e-16	1.5198521377394898e-7	4.377943072711211e-10
435.	0.	2.8139479234834524e-16	1.4967695492702694e-7	4.323627561089942e-10
436.	0.	2.5878733278262465e-16	1.473745594172751e-7	4.2691444654612684e-10
437.	0.	2.377562153744356e-16	1.450789324588222e-7	4.2145198516528736e-10
437.99999999999994	0.	2.184620682640516e-16	1.4279095056413652e-7	4.1597792487079765e-10
439.	0.	2.006955065815127e-16	1.4051146179641223e-7	4.104947646814492e-10
439.99999999999994	0.	1.844316352347718e-16	1.382412860373273e-7	4.0500494957121906e-10
441.	0.	1.6928793811382641e-16	1.3598121526950091e-7	3.9951087035674e-10
441.99999999999994	0.	1.5542323141092916e-16	1.3373201387281718e-7	3.9401486363003244e-10
443.	0.	1.4263902883573376e-16	1.3149441893330329e-7	3.885192117334879e-10
444.	0.	1.3091578171863023e-16	1.2926914056456183e-7	3.830261427779447e-10
445.	0.	1.2006140310883756e-16	1.2705686223980342e-7	3.7753783069888663e-10
446.	0.	1.1022990372069182e-16	1.2485824113505794e-7	3.720563953532136e-10
446.99999999999994	0.	1.0106270785090782e-16	1.2267390848216645e-7	3.665839026531887e-10
448.	0.	9.271432977186982e-17	1.2050446993015596e-7	3.6112236473407475e-10
448.99999999999994	0.	8.500194563442119e-17	1.1835050591554546e-7	3.556737401577292e-10
450.	0.	7.791243523959042e-17	1.1621257204024852e-7	3.502399341488137e-10
450.99999999999994	0.	7.143229962422813e-17	1.1409119945634307e-7	3.4482279886199673e-10
452.	0.	6.538781384103673e-17	1.11986895257552e-7	3.394241336802483e-10
453.	0.	5.992817023391338e-17	1.099001428758238e-7	3.340456855398729e-10
454.	0.	5.4882554952293224e-17	1.0783140248404805e-7	3.2868914928591045e-10
455.	0.	5.024154534800853e-17	1.057811114024252e-7	3.233561680508556e-10
455.99999999999994	0.	4.5995514809523626e-17	1.0374968450992273e-7	3.1804833366146277e-10
457.	0.	4.2134648907885143e-17	1.0173751465821123e-7	3.127671870661235e-10
457.99999999999994	0.	3.8499737518900843e-17	9.974497308933394e-8	3.0751421878698506e-10
459.	0.	3.523346869138461e-17	9.777240985581853e-8	3.022908693932482e-10
459.99999999999994	0.	3.2179967040145627e-17	9.582015424275555e-8	2.9709852999447676e-10
461.	0.	2.9478080487700184e-17	9.388851519122645e-8	2.919385427523321e-10
461.99999999999994	0.	2.6975341311972623e-17	9.197778172331948e-8	2.8681220141171787e-10
463.	0.	2.466662815261903e-17	9.00882233679197e-8	2.8172075184910737e-10
464.	0.	2.2546753234695898e-17	8.822009058632228e-8	2.766653926352888e-10
465.	0.	2.0610469826346683e-17	8.637361519835155e-8	2.7164727561487426e-10
466.	0.	1.8852479555798668e-17	8.454901080788501e-8	2.6666750649931405e-10
466.99999999999994	0.	1.7134613126246008e-17	8.274647322754059e-8	2.6172714547283e-10
468.	0.	1.5718978149596885e-17	8.096618090236511e-8	2.5682720781087976e-10
468.99999999999994	0.	1.433634631701725e-17	7.920829533209504e-8	2.5196866450994326e-10
470.	0.	1.3114108274744754e-17	7.747296149152031e-8	2.471524429272343e-10
470.99999999999994	0.	1.1921320936817422e-17	7.576030824923066e-8	2.423794274313171e-10
472.	0.	1.088166772679464e-17	7.407044878370016e-8	2.3765046006037724e-10
473.	0.	9.867841345524649e-18	7.240348099683028e-8	2.329663411885677e-10
474.	0.	8.999836617690764e-18	7.075948792492428e-8	2.283278302003798e-10
475.	0.	8.272161528782064e-18	6.913853814643099e-8	2.2373564617093742e-10
475.99999999999994	0.	7.562977258584236e-18	6.754068618630044e-8	2.191904685517063e-10
477.	0.	6.872258515827121e-18	6.596597291713264e-8	2.1469293786217826e-10
477.99999999999994	0.	6.19996860854742e-18	6.441442595651188e-8	2.1024365638555204e-10
479.	0.	5.656980911628787e-18	6.288606006028608e-8	2.0584318886757956e-10
479.99999999999994	0.	5.2378380470717854e-18	6.138087751212454e-8	2.014920632196036e-10
481.	0.	4.722453683600502e-18	5.989886850837897e-8	1.9719077122253824e-10
481.99999999999994	0.	4.327233470069389e-18	5.844001153922795e-8	1.929397692349176e-10
483.	0.	3.943011508643366e-18	5.700427376451157e-8	1.8873947889969714e-10
484.	0.	3.569737455723273e-18	5.559161138560269e-8	1.845902878541195e-10
484.99999999999994	0.	3.2073550612826282e-18	5.420197001200357e-8	1.8049255043822023e-10
486.	0.	2.954278276625727e-18	5.283528502319844e-8	1.7644658840358593e-10
486.99999999999994	0.	2.708474145555342e-18	5.1491481925589905e-8	1.724526916216666e-10
488.	0.	2.469898486601417e-18	5.0170476704113705e-8	1.6851111879014798e-10
488.99999999999994	0.	2.238503504111033e-18	4.887217616889984e-8	1.6462209813845352e-10
490.	0.	2.014237897734762e-18	4.7596478296244286e-8	1.6078582812975635e-10
491.	0.	1.7970469715581754e-18	4.6343272564857706e-8	1.5700247816256136e-10
491.99999999999994	0.	1.6750323395656278e-18	4.511244028582682e-8	1.5327218926643208e-10
492.99999999999994	0.	1.470132427822156e-18	4.390385492793098e-8	1.495950747971967e-10
494.	0.	1.3569447539523563e-18	4.271738243688168e-8	1.459712211266154e-10
495.	0.	1.2472792196973491e-18	4.155288154910625e-8	1.4240068832840332e-10
496.	0.	1.1411038001469374e-18	4.041020410003254e-8	1.3888351086025676e-10
496.99999999999994	0.	1.038385000293073e-18	3.9289195326525816e-8	1.3541969824049023e-10
497.99999999999994	0.	9.39087908044083e-19	3.8189694163730405e-8	1.3200923571991837e-10
499.	0.	8.431762468548039e-19	3.711153353633591e-8	1.2865208494884092e-10
500.	0.	7.506124279356468e-19	3.6054540643731626e-8	1.2534818463704686e-10
500.99999999999994	0.	6.61357602041817e-19	3.5018537240065944e-8	1.220974512101249e-10
501.99999999999994	0.	6.472931746351793e-19	3.400333990773122e-8	1.1889977945671726e-10
503.	0.	5.629868999990361e-19	3.3008760326200307e-8	1.1575504317317127e-10
504.	0.	4.818808838149155e-19	3.203460553381871e-8	1.1266309579699334e-10
505.	0.	4.712539835067517e-19	3.108067818518067e-8	1.096237710380443e-10
505.99999999999994	0.	3.9491525688647084e-19	3.0146776801944755e-8	1.0663688349972568e-10
506.99999999999994	0.	3.8599191002880037e-19	2.923269601823029e-8	1.0370222929389375e-10
508.	0.	3.1430268976712083e-19	2.8338226820491684e-8	1.0081958664890436e-10
509.	0.	3.0702536334995806e-19	2.746315678144412e-8	9.798871650901686e-11
509.99999999999994	0.	2.9982892102548747e-19	2.660727028884146e-8	9.520936312773664e-11
510.99999999999994	0.	2.3417143368178934e-19	2.577034876809033e-8	9.248125465123577e-11
512.	0.	2.2854588838290987e-19	2.495217090000207e-8	8.980410369621533e-11
513.	0.	2.229871721434841e-19	2.415251283246107e-8	8.717760791760049e-11
514.	0.	1.6312194054248152e-19	2.337114838703526e-8	8.46014505694651e-11
514.9999999999999	0.	1.590545511492991e-19	2.2607849259995603e-8	8.207530105702167e-11
516.	0.	1.5503863556094298e-19	2.1862385218094776e-8	7.959881548066587e-11
517.	0.	1.5107459282617528e-19	2.113452428887052e-8	7.717163717096613e-11
518.	0.	1.471627967558901e-19	2.0424032945976836e-8	7.479339721616479e-11
518.9999999999999	0.	9.553573084694813e-20	1.9730676288978388e-8	7.246371497986669e-11
520.	0.	9.299821050128923e-20	1.9054218218267456e-8	7.018219861105652e-11
521.	0.	9.04961702662494e-20	1.8394421604842383e-8	6.79484455452374e-11
522.	0.	8.802979439049293e-20	1.775104845501013e-8	6.576204299664834e-11
523.	0.	8.559925147865979e-20	1.712386007015616e-8	6.362256844182986e-11
524.	0.	8.320469473280928e-20	1.6512617201623422e-8	6.152959009443097e-11
525.	0.	4.0423131097751713e-20	1.5917080200822964e-8	5.948266737145333e-11
526.	0.	3.9262038496662745e-20	1.5337009164433933e-8	5.748135135014414e-11
527.	0.	3.811912379116925e-20	1.4772164075088883e-8	5.552518521675601e-11
527.9999999999999	0.	3.699443399703114e-20	1.422230493735785e-8	5.361370470622624e-11
529.	0.	3.588800904088752e-20	1.3687191909094759e-8	5.17464385327543e-11
530.	0.	3.4799881884172796e-20	1.3166585428475818e-8	4.9922908812265356e-11
531.	0.	3.373007864684605e-20	1.2660246336458232e-8	4.8142631475491186e-11
532.	0.	3.2678618731514105e-20	1.2167935994981905e-8	4.640511667263171e-11
533.	0.	3.164551494766752e-20	1.1689416400900748e-8	4.4709869169307375e-11
534.	0.	3.0630773636050086e-20	1.122445029574746e-8	4.305638873395181e-11
535.	0.	2.9634394792612905e-20	1.0772801271225483e-8	4.144417051599656e-11
536.	0.	2.8656372193133743e-20	1.033423387092171e-8	3.9872705416495246e-11
536.9999999999999	0.	2.769669351678933e-20	9.908513687705739e-9	3.8341480448905996e-11
538.	0.	2.6755340470596132e-20	9.495407457609365e-9	3.684997909284413e-11
539.	0.	0.	9.094683149523007e-9	3.539768163802393e-11
540.	0.	0.	8.706110051366641e-9	3.398406552069136e-11
540.9999999999999	0.	0.	8.329458852608183e-9	3.260860565184312e-11
542.	0.	0.	7.964501722894004e-9	3.12707747360821e-11
543.	0.	0.	7.611012387547803e-9	2.99700435838399e-11
544.	0.	0.	7.268766199361178e-9	2.8705881414502412e-11
545.	0.	0.	6.937540206998434e-9	2.747775615147576e-11
545.9999999999999	0.	0.	6.617113220286717e-9	2.6285134710055576e-11
547.	0.	0.	6.307265872045213e-9	2.51274832765225e-11
548.	0.	0.	6.0077806769150455e-9	2.4004267580083e-11
549.	0.	0.	5.718442087024075e-9	2.2914953156797805e-11
549.9999999999999	0.	0.	5.439036544694967e-9	2.185900560612465e-11
551.	0.	0.	5.16935253217836e-9	2.0835890839811126e-11
552.	0.	0.	4.909180618436055e-9	1.9845075323037205e-11
553.	0.	0.	4.6583135033467795e-9	1.8886026309118257e-11
554.	0.	0.	4.41654605887886e-9	1.7958212065746312e-11
554.9999999999999	0.	0.	4.183675367825959e-9	1.7061102094987596e-11
556.	0.	0.	3.959500759910012e-9	1.6194167346071517e-11
557.	0.	0.	3.743823845266787e-9	1.5356880420850804e-11
558.	0.	0.	3.5364485455400573e-9	1.4548715772678035e-11
558.9999999999999	0.	0.	3.3371811226111957e-9	1.3769149898641816e-11
560.	0.	0.	3.145830204909767e-9	1.3017661524768364e-11
561.	0.	0.	2.96220681156524e-9	1.2293731785094496e-11
562.	0.	0.	2.786124374267974e-9	1.1596844393907533e-11
563.	0.	0.	2.6173987570563156e-9	1.0926485811888954e-11
563.9999999999999	0.	0.	2.4558482740101674e-9	1.0282145405927757e-11
565.	0.	0.	2.3012937049581276e-9	9.663315602897313e-12
566.	0.	0.	2.1535583091317175e-9	9.069492036967107e-12
567.	0.	0.	2.012467837096438e-9	8.500173691685615e-12
567.9999999999999	0.	0.	1.8778505407117062e-9	7.954863035654318e-12
569.	0.	0.	1.7495371813823414e-9	7.433066152755262e-12
570.	0.	0.	1.627361036530507e-9	6.9342928664974125e-12
571.	0.	0.	1.5111579045462162e-9	6.458056859444092e-12
572.	0.	0.	1.4007661078886574e-9	6.003875786197416e-12
572.9999999999999	0.	0.	1.2960264949483239e-9	5.571271382412245e-12
574.	0.	0.	1.1967824401193152e-9	5.159769567367055e-12
575.	0.	0.	1.102879842622069e-9	4.768900542280337e-12
576.	0.	0.	1.0141671238113207e-9	4.398198883119904e-12
576.9999999999999	0.	0.	9.304952232205365e-10	4.0472036288711475e-12
578.	0.	0.	8.517175932648271e-10	3.715458364817835e-12
579.	0.	0.	7.776901927642698e-10	3.4025113014289082e-12
580.	0.	0.	7.082714791066994e-10	3.1079153479565328e-12
581.	0.	0.	6.433223994771418e-10	2.8312281825054758e-12
582.	0.	0.	5.827063808305621e-10	2.5720123170650945e-12
583.	0.	0.	5.262893188302996e-10	2.329835158375888e-12
584.	0.	0.	4.739395658156749e-10	2.1042690648185595e-12
585.	0.	0.	4.2552791778353384e-10	1.8948913991691377e-12
585.9999999999999	0.	0.	3.809276003356276e-10	1.7012845769133968e-12
587.	0.	0.	3.400142539387285e-10	1.5230361115775134e-12
588.	0.	0.	3.026659181184027e-10	1.3597386553055498e-12
589.	0.	0.	2.6876301498037953e-10	1.2109900363563005e-12
589.9999999999999	0.	0.	2.38188331923736e-10	1.0763932928389937e-12
591.	0.	0.	2.1082700358700411e-10	9.555567027936946e-13
592.	0.	0.	1.8656649315452697e-10	8.480938111173366e-13
593.	0.	0.	1.6529657293571144e-10	7.53623452870577e-13
594.	0.	0.	1.4690930437706658e-10	6.7176977362071e-13
594.9999999999999	0.	0.	1.3129901740658814e-10	6.02162246298463e-13
596.	0.	0.	1.1836228930477781e-10	5.444356853903443e-13
597.	0.	0.	1.0799792300945877e-10	4.982302579840272e-13
598.	0.	0.	1.0010692488860596e-10	4.631914917611721e-13
598.9999999999999	0.	0.	9.459248205318304e-11	4.3897028021045976e-13
600.	0.	0.	9.135993936696016e-11	4.252228857362204e-13
601.	0.	0.	9.031677579449163e-11	4.216109389469044e-13
602.	0.	0.	9.137258063841365e-11	4.2780143662795405e-13
603.	0.	0.	9.443902923697781e-11	4.4346673636081893e-13
603.9999999999999	0.	0.	9.942985840751087e-11	4.682845490681554e-13
605.	0.	0.	1.0626084162672193e-10	5.019379294040718e-13
606.	0.	0.	1.1484976383990922e-10	5.441152634383108e-13
607.	0.	0.	1.25116396130024e-10	5.945102546810518e-13
607.9999999999999	0.	0.	1.3698247006070864e-10	6.528219075339467e-13
609.	0.	0.	1.503716519275174e-10	7.187545092395803e-13
610.	0.	0.	1.6520951670614744e-10	7.920176092923784e-13
611.	0.	0.	1.8142352194083362e-10	8.723259974342986e-13
612.	0.	0.	1.989429814491139e-10	9.593996796160822e-13
612.9999999999999	0.	0.	2.176990389110564e-10	1.0529638522187904e-12
614.	0.	0.	2.376246413582539e-10	1.1527488745813972e-12
615.	0.	0.	2.586545126435971e-10	1.2584902402017118e-12
616.	0.	0.	2.8072512673042014e-10	1.369928545803618e-12
616.9999999999999	0.	0.	3.037746810646227e-10	1.4868094595252759e-12
618.	0.	0.	3.2774306983616124e-10	1.6088836872683751e-12
619.	0.	0.	3.525718572697318e-10	1.7359069378679462e-12
620.	0.	0.	3.7820425091454433e-10	1.8676398869187407e-12
621.	0.	0.	4.0458507494068554e-10	2.003848139277159e-12
621.9999999999999	0.	0.	4.3166074351337244e-10	2.1443021905750275e-12
623.	0.	0.	4.593792341505403e-10	2.2887773872636646e-12
624.	0.	0.	4.876900612245382e-10	2.4370538859711677e-12
625.	0.	0.	5.165442494638487e-10	2.588916611446876e-12
625.9999999999999	0.	0.	5.458943076193357e-10	2.7441552139011825e-12
627.	0.	0.	5.756942021542231e-10	2.9025640250286213e-12
628.	0.	0.	6.058993311363579e-10	3.0639420136009353e-12
629.	0.	0.	6.364664981491291e-10	3.228092739700558e-12
629.9999999999999	0.	0.	6.673538864539755e-10	3.3948243087621456e-12
630.9999999999999	0.	0.	6.985210331926221e-10	3.5639493243488404e-12
632.	0.	0.	7.299288038225767e-10	3.735284840638074e-12
633.	0.	0.	7.615393666721596e-10	3.908652314038909e-12
634.	0.	0.	7.933161676796122e-10	4.083877554266621e-12
634.9999999999999	0.	0.	8.25223905320524e-10	4.2607906748964676e-12
636.	0.	0.	8.572285057278576e-10	4.43922604341986e-12
637.	0.	0.	8.892970979845279e-10	4.6190222307002756e-12
638.	0.	0.	9.21397989648911e-10	4.800021960142318e-12
638.9999999999999	0.	0.	9.535006424720109e-10	4.9820720563646265e-12
640.	0.	0.	9.855756483455874e-10	5.165023393584089e-12
641.	0.	0.	1.017594705455976e-9	5.3487308435841994e-12
642.	0.	0.	1.049530594685982e-9	5.53305322349477e-12
643.	0.	0.	1.0813571562362602e-9	5.7178532432392305e-12
643.9999999999999	0.	0.	1.1130492665015966e-9	5.902997452843488e-12
645.	0.	0.	1.144582815161497e-9	6.0883561893986e-12
646.	0.	0.	1.1759346825480942e-9	6.273803524018514e-12
647.	0.	0.	1.2070827172790763e-9	6.459217208739762e-12
647.9999999999999	0.	0.	1.2380057140850576e-9	6.644478622993865e-12
649.	0.	0.	1.2686833919653429e-9	6.8294727203783666e-12
650.	0.	0.	1.299096372562206e-9	7.014087975149282e-12
651.	0.	0.	1.329226158817174e-9	7.198216328787408e-12
652.	0.	0.	1.3590551139046047e-9	7.381753136624944e-12
652.9999999999999	0.	0.	1.3885664404061082e-9	7.564597114347062e-12
654.	0.	0.	1.4177441597914078e-9	7.746650284737213e-12
655.	0.	0.	1.4465730921651786e-9	7.927817924460544e-12
656.	0.	0.	1.475038836253532e-9	8.1080085107533e-12
656.9999999999999	0.	0.	1.503127749734003e-9	8.28713366860163e-12
658.	0.	0.	1.5308269297951197e-9	8.465108117800823e-12
659.	0.	0.	1.5581241939837114e-9	8.641849620226653e-12
660.	0.	0.	1.5850080613415638e-9	8.817278927345524e-12
661.	0.	0.	1.6114677338410651e-9	8.991319728031322e-12
661.9999999999999	0.	0.	1.6374930780612909e-9	9.163898596381675e-12
663.	0.	0.	1.6630746071700687e-9	9.33494493991099e-12
664.	0.	0.	1.688203463209047e-9	9.504390948124204e-12
665.	0.	0.	1.7128713996025632e-9	9.672171541042575e-12
665.9999999999999	0.	0.	1.7370707640235074e-9	9.83822431844631e-12
667.	0.	0.	1.7607944814667153e-9	1.0002489509011198e-11
668.	0.	0.	1.7840360376679058e-9	1.0164909920134081e-11
669.	0.	0.	1.8067894627490123e-9	1.0325430887792488e-11
670.	0.	0.	1.8290493151862126e-9	1.0484000227001348e-11
670.9999999999999	0.	0.	1.850810666023062e-9	1.0640568182444293e-11
672.	0.	0.	1.8720690833858134e-9	1.079508737962257e-11
673.	0.	0.	1.8928206172584624e-9	1.0947512776298528e-11
674.	0.	0.	1.9130617845363454e-9	1.1097801614359101e-11
674.9999999999999	0.	0.	1.9327895543632307e-9	1.1245913372146063e-11
676.	0.	0.	1.952001333727353e-9	1.1391809717132448e-11
677.	0.	0.	1.970694953329858e-9	1.1535454459038718e-11
678.	0.	0.	1.9888686537198738e-9	1.1676813503376357e-11
678.9999999999999	0.	0.	2.0065210717180556e-9	1.1815854805564621e-11
679.9999999999999	0.	0.	2.0236512270668316e-9	1.1952548325279369e-11
681.	0.	0.	2.0402585093752643e-9	1.2086865981449054e-11
682.	0.	0.	2.0563426653083102e-9	1.2218781607624392e-11
683.	0.	0.	2.07190378602695e-9	1.2348270907776921e-11
683.9999999999999	0.	0.	2.086942294925047e-9	1.2475311412818782e-11
685.	0.	0.	2.1014589355551046e-9	1.2599882437222994e-11
686.	0.	0.	2.1154547598641747e-9	1.2721965036482687e-11
687.	0.	0.	2.1289311166504107e-9	1.2841541964898467e-11
687.9999999999999	0.	0.	2.1418896402620553e-9	1.2958597633839417e-11
688.9999999999999	0.	0.	2.1543322395591673e-9	1.3073118070622099e-11
690.	0.	0.	2.166261087101759e-9	1.3185090877805694e-11
691.	0.	0.	2.1776786085822286e-9	1.3294505193032056e-11
692.	0.	0.	2.1885874724920726e-9	1.3401351649368642e-11
692.9999999999999	0.	0.	2.198990580023225e-9	1.350562233617364e-11
694.	0.	0.	2.208891055197205e-9	1.3607310760465267e-11
695.	0.	0.	2.218292235230263e-9	1.3706411808857646e-11
696.	0.	0.	2.227197661112563e-9	1.3802921709954673e-11
696.9999999999999	0.	0.	2.235611068411408e-9	1.389683799727542e-11
698.	0.	0.	2.243536378301918e-9	1.3988159472756175e-11
699.	0.	0.	2.250977688808167e-9	1.4076886170738572e-11
700.	0.	0.	2.257939266254194e-9	1.4163019322460509e-11
701.	0.	0.	2.2644255369345536e-9	1.4246561321129209e-11
701.9999999999999	0.	0.	2.2704410789827222e-9	1.4327515687456626e-11
703.	0.	0.	2.2759906144581997e-9	1.4405887035808286e-11
704.	0.	0.	2.2810790016124925e-9	1.4481681040731316e-11
705.	0.	0.	2.285711227378749e-9	1.4554904404164707e-11
705.9999999999999	0.	0.	2.289892400047275e-9	1.4625564823106315e-11
707.	0.	0.	2.293627742115832e-9	1.4693670957687792e-11
708.	0.	0.	2.2969225833662395e-9	1.475923240000052e-11
709.	0.	0.	2.2997823541073645e-9	1.4822259643308972e-11
710.	0.	0.	2.302212578582178e-9	1.488276405165151e-11
710.9999999999999	0.	0.	2.3042188686038964e-9	1.4940757830265582e-11
712.	0.	0.	2.3058069173201803e-9	1.499625399620214e-11
713.	0.	0.	2.306982493192289e-9	1.5049266349706e-11
714.	0.	0.	2.307751434116475e-9	1.509980944591234e-11
714.9999999999999	0.	0.	2.308119641737708e-9	1.5147898567194872e-11
716.	0.	0.	2.308093075910663e-9	1.5193549695893047e-11
717.	0.	0.	2.3076777493340987e-9	1.5236779487601525e-11
718.	0.	0.	2.306879722350965e-9	1.5277605244991554e-11
719.	0.	0.	2.3057050978902556e-9	1.531604489201695e-11
719.9999999999999	0.	0.	2.3041600165807424e-9	1.5352116948725482e-11
721.	0.	0.	2.3022506520034755e-9	1.5385840506464692e-11
722.	0.	0.	2.2999832060987997e-9	1.541723520360817e-11
723.	0.	0.	2.2973639047180178e-9	1.5446321201746735e-11
723.9999999999999	0.	0.	2.294398993325505e-9	1.5473119162401378e-11
725.	0.	0.	2.291094732828061e-9	1.5497650224114844e-11
726.	0.	0.	2.2874573955557706e-9	1.5519935980101308e-11
727.	0.	0.	2.2834932613698086e-9	1.553999845630118e-11
727.9999999999999	0.	0.	2.279208613900807e-9	1.5557860089879098e-11
728.9999999999999	0.	0.	2.274609736926625e-9	1.557354370824249e-11
730.	0.	0.	2.2697029108708517e-9	1.558707250846113e-11
731.	0.	0.	2.2644944094267464e-9	1.5598470037141096e-11
732.	0.	0.	2.258990496297508e-9	1.5607760170695793e-11
732.9999999999999	0.	0.	2.2531974220688864e-9	1.5614967096145112e-11
734.	0.	0.	2.2471214211889424e-9	1.5620115292274487e-11
735.	0.	0.	2.2407687090621692e-9	1.5623229511222414e-11
736.	0.	0.	2.2341454792593014e-9	1.5624334760516222e-11
736.9999999999999	0.	0.	2.227257900834794e-9	1.5623456285510234e-11
737.9999999999999	0.	0.	2.220112115748652e-9	1.5620619552219187e-11
739.	0.	0.	2.2127142363978135e-9	1.5615850230592605e-11
740.	0.	0.	2.205070343246712e-9	1.5609174178170325e-11
741.	0.	0.	2.1971864825540918e-9	1.5600617424110238e-11
741.9999999999999	0.	0.	2.189068664206645e-9	1.559020615367342e-11
743.	0.	0.	2.1807228596360784e-9	1.5577966693012694e-11
744.	0.	0.	2.1721549998386896e-9	1.556392549441059e-11
745.	0.	0.	2.163370973482659e-9	1.5548109121874285e-11
745.9999999999999	0.	0.	2.154376625096595e-9	1.5530544237050232e-11
746.9999999999999	0.	0.	2.1451777533606656e-9	1.551125758561913e-11
748.	0.	0.	2.1357801094624824e-9	1.549027598391731e-11
749.	0.	0.	2.1261893955485853e-9	1.546762630600785e-11
750.	0.	0.	2.116411263252772e-9	1.5443335471082364e-11
750.9999999999999	0.	0.	2.1064513122985337e-9	1.5417430431181365e-11
752.	0.	0.	2.0963150891809376e-9	1.5389938159279515e-11
753.	0.	0.	2.0860080859250547e-9	1.536088563772761e-11
754.	0.	0.	2.075535738904378e-9	1.5330299846935658e-11
754.9999999999999	0.	0.	2.064903427747975e-9	1.5298207754520803e-11
756.	0.	0.	2.0541164742985898e-9	1.5264636304648262e-11
757.	0.	0.	2.0431801416455743e-9	1.5229612407749944e-11
758.	0.	0.	2.0320996332209576e-9	1.5193162930543578e-11
759.	0.	0.	2.020880091960176e-9	1.5155314686374415e-11
759.9999999999999	0.	0.	2.009526599518305e-9	1.511609442581407e-11
761.	0.	0.	1.9980441755495366e-9	1.507552882758723e-11
762.	0.	0.	1.986437777042492e-9	1.5033644489775827e-11
763.	0.	0.	1.974712297715992e-9	1.499046792134339e-11
763.9999999999999	0.	0.	1.9628725674578977e-9	1.4946025533857598e-11
765.	0.	0.	1.9509233518308683e-9	1.490034363359792e-11
766.	0.	0.	1.9388693516171436e-9	1.485344841384025e-11
767.	0.	0.	1.926715202419067e-9	1.4805365947460957e-11
768.	0.	0.	1.914465474304264e-9	1.4756122179773848e-11
768.9999999999999	0.	0.	1.9021246715010528e-9	1.4705742921656146e-11
770.	0.	0.	1.8896972321345516e-9	1.4654253842889992e-11
771.	0.	0.	1.877187528009019e-9	1.460168046577791e-11
772.	0.	0.	1.8645998644295006e-9	1.454804815897521e-11
772.9999999999999	0.	0.	1.851938480067554e-9	1.4493382131588127e-11
774.	0.	0.	1.8392075468646814e-9	1.4437707427494169e-11
775.	0.	0.	1.8264111699724614e-9	1.4381048919878919e-11
776.	0.	0.	1.8135533877300588e-9	1.4323431306004364e-11
776.9999999999999	0.	0.	1.8006381716810618e-9	1.4264879102226373e-11
777.9999999999999	0.	0.	1.78766942661585e-9	1.4205416639161503e-11
779.	0.	0.	1.774650990657506e-9	1.4145068057146665e-11
780.	0.	0.	1.7615866353677408e-9	1.4083857301813881e-11
781.	0.	0.	1.7484800658956138e-9	1.4021808119962565e-11
781.9999999999999	0.	0.	1.7353349211453908e-9	1.3958944055551656e-11
783.	0.	0.	1.7221547739805673e-9	1.3895288445943916e-11
784.	0.	0.	1.708943131447207e-9	1.3830864418280354e-11
785.	0.	0.	1.6957034350318522e-9	1.376569488610544e-11
785.9999999999999	0.	0.	1.682439060937248e-9	1.369980254611603e-11
786.9999999999999	0.	0.	1.6691533203872058e-9	1.3633209875130244e-11
788.	0.	0.	1.6558494599518468e-9	1.3565939127203821e-11
789.	0.	0.	1.642530661895807e-9	1.3498012330928163e-11
790.	0.	0.	1.6292000445468814e-9	1.3429451286883383e-11
790.9999999999999	0.	0.	1.6158606626872665e-9	1.3360277565277039e-11
792.	0.	0.	1.6025155079588535e-9	1.329051250369336e-11
793.	0.	0.	1.589167509295091e-9	1.3220177205066759e-11
794.	0.	0.	1.5758195333614472e-9	1.314929253573013e-11
794.9999999999999	0.	0.	1.562474385020446e-9	1.307787912367626e-11
795.9999999999999	0.	0.	1.5491348078047794e-9	1.300595735689619e-11
797.	0.	0.	1.535803484415174e-9	1.2933547381938376e-11
798.	0.	0.	1.522483037223262e-9	1.2860669102526007e-11
799.	0.	0.	1.5091760287928786e-9	1.2787342178347065e-11
799.9999999999999	0.	0.	1.4958849624134218e-9	1.2713586023968173e-11
801.	0.	0.	1.4826122826466917e-9	1.2639419807885412e-11
802.	0.	0.	1.4693603758820623e-9	1.2564862451671621e-11
803.	0.	0.	1.4561315709036615e-9	1.2489932629253541e-11
803.9999999999999	0.	0.	1.44292813946932e-9	1.2414648766320618e-11
804.9999999999999	0.	0.	1.4297522968972485e-9	1.2339029039832079e-11
806.	0.	0.	1.4166062026613671e-9	1.226309137762951e-11
807.	0.	0.	1.4034919609962807e-9	1.2186853458173997e-11
808.	0.	0.	1.390411621507868e-9	1.211033271036598e-11
808.9999999999999	0.	0.	1.3773671797928657e-9	1.2033546313484275e-11
810.	0.	0.	1.364360578064171e-9	1.1956511197215223e-11
811.	0.	0.	1.3513937057813727e-9	1.187924404177242e-11
812.	0.	0.	1.3384684002870848e-9	1.1801761278110802e-11
812.9999999999999	0.	0.	1.3255864474500227e-9	1.1724079088248531e-11
814.	0.	0.	1.3127495823091047e-9	1.1646213405639168e-11
815.	0.	0.	1.299959489724024e-9	1.1568179915660784e-11
816.	0.	0.	1.2872178050292403e-9	1.1489994056175514e-11
816.9999999999999	0.	0.	1.2745261146891959e-9	1.1411671018159381e-11
817.9999999999999	0.	0.	1.2618859569575626e-9	1.1333225746415791e-11
819.	0.	0.	1.2492988225391927e-9	1.1254672940372898e-11
820.	0.	0.	1.236766155250982e-9	1.1176027054921004e-11
821.	0.	0.	1.224289352689444e-9	1.1097302301371602e-11
821.9999999999999	0.	0.	1.211869766892076e-9	1.101851264841406e-11
823.	0.	0.	1.1995087050064688e-9	1.093967182320473e-11
824.	0.	0.	1.187207429954344e-9	1.086079331246493e-11
825.	0.	0.	1.1749671610991627e-9	1.0781890363676691e-11
825.9999999999999	0.	0.	1.162789074910223e-9	1.0702975986303624e-11
826.9999999999999	0.	0.	1.150674305628707e-9	1.062406295309236e-11
828.	0.	0.	1.1386239459320976e-9	1.0545163801423686e-11
829.	0.	0.	1.126639047594961e-9	1.0466290834690273e-11
830.	0.	0.	1.1147206221518724e-9	1.0387456123760344e-11
830.9999999999999	0.	0.	1.1028696415553855e-9	1.0308671508460085e-11
832.	0.	0.	1.0910870388336526e-9	1.0229948599115026e-11
833.	0.	0.	1.079373708744668e-9	1.0151298778128222e-11
834.	0.	0.	1.0677305084283947e-9	1.0072733201604658e-11
834.9999999999999	0.	0.	1.056158258056136e-9	9.994262801013874e-12
835.9999999999999	0.	0.	1.0446577414760987e-9	9.915898284886008e-12
837.	0.	0.	1.0332297068562861e-9	9.837650140548475e-12
838.	0.	0.	1.0218748673242836e-9	9.759528635900824e-12
839.	0.	0.	1.0105939016014466e-9	9.681543821204232e-12
839.9999999999999	0.	0.	9.993874546362011e-10	9.603705530931099e-12
841.	0.	0.	9.882561382304324e-10	9.526023385615085e-12
842.	0.	0.	9.772005316634552e-10	9.44850679375048e-12
843.	0.	0.	9.662211823103788e-10	9.371164953699899e-12
843.9999999999999	0.	0.	9.553186062571578e-10	9.294006855644599e-12
844.9999999999999	0.	0.	9.444932889097688e-10	9.217041283542682e-12
846.	0.	0.	9.337456855995677e-10	9.140276817121243e-12
847.	0.	0.	9.230762221827812e-10	9.063721833880644e-12
848.	0.	0.	9.124852956352837e-10	8.987384511117579e-12
848.9999999999999	0.	0.	9.019732746428194e-10	8.911272827979389e-12
850.	0.	0.	8.915405001847509e-10	8.835394567514801e-12
851.	0.	0.	8.811872861125898e-10	8.759757318751425e-12
852.	0.	0.	8.709139197244603e-10	8.684368478792906e-12
852.9999999999999	0.	0.	8.607206623316716e-10	8.609235254911648e-12
853.9999999999999	0.	0.	8.506077498217321e-10	8.534364666673907e-12
855.	0.	0.	8.405753932136807e-10	8.459763548054095e-12
856.	0.	0.	8.306237792096348e-10	8.385438549581718e-12
857.	0.	0.	8.207530707378619e-10	8.311396140469263e-12
857.9999999999999	0.	0.	8.109634074925424e-10	8.237642610774242e-12
859.	0.	0.	8.012549064657466e-10	8.164184073552507e-12
860.	0.	0.	7.916276624736741e-10	8.091026467016321e-12
861.	0.	0.	7.8208174867744e-10	8.018175556708429e-12
861.9999999999999	0.	0.	7.726172170960818e-10	7.945636937657594e-12
863.	0.	0.	7.632340991157245e-10	7.873416036567437e-12
864.	0.	0.	7.539324059900911e-10	7.80151811397672e-12
865.	0.	0.	7.447121293365124e-10	7.729948266441062e-12
865.9999999999999	0.	0.	7.355732416242674e-10	7.658711428702806e-12
866.9999999999999	0.	0.	7.265156966573693e-10	7.58781237586339e-12
868.	0.	0.	7.175394300517026e-10	7.517255725563973e-12
869.	0.	0.	7.086443597032661e-10	7.44704594013906e-12
870.	0.	0.	6.998303862534472e-10	7.377187328797393e-12
870.9999999999999	0.	0.	6.91097393544868e-10	7.307684049774095e-12
872.	0.	0.	6.824452490727562e-10	7.2385401124911385e-12
873.	0.	0.	6.738738044290532e-10	7.169759379708776e-12
874.	0.	0.	6.653828957408113e-10	7.101345569674505e-12
874.9999999999999	0.	0.	6.569723441010096e-10	7.0333022582568575e-12
875.9999999999999	0.	0.	6.486419559943783e-10	6.965632881082988e-12
877.	0.	0.	6.403915237160753e-10	6.898340735660679e-12
878.	0.	0.	6.322208257841181e-10	6.831428983495477e-12
879.	0.	0.	6.241296273454931e-10	6.764900652197106e-12
879.9999999999999	0.	0.	6.161176805760754e-10	6.6987586375792515e-12
881.	0.	0.	6.081847250740006e-10	6.6330057057446706e-12
882.	0.	0.	6.003304882473691e-10	6.567644495168886e-12
883.	0.	0.	5.92554685694751e-10	6.502677518760111e-12
883.9999999999999	0.	0.	5.848570215803097e-10	6.438107165920721e-12
884.9999999999999	0.	0.	5.772371890024365e-10	6.3739357045883355e-12
886.	0.	0.	5.696948703555992e-10	6.3101652832638555e-12
887.	0.	0.	5.622297376881736e-10	6.246797933045267e-12
888.	0.	0.	5.548414530507904e-10	6.18383556961358e-12
888.9999999999999	0.	0.	5.475296688420807e-10	6.121279995243013e-12
890.	0.	0.	5.402940281463392e-10	6.059132900773026e-12
891.	0.	0.	5.331341650653084e-10	5.997395867571875e-12
892.	0.	0.	5.26049705045415e-10	5.936070369495277e-12
892.9999999999999	0.	0.	5.190402651975471e-10	5.875157774816773e-12
893.9999999999999	0.	0.	5.121054546117411e-10	5.81465934815141e-12
895.	0.	0.	5.052448746664037e-10	5.754576252365735e-12
896.	0.	0.	4.984581193307148e-10	5.694909550462928e-12
897.	0.	0.	4.917447754626487e-10	5.635660207464515e-12
897.9999999999999	0.	0.	4.851044231001843e-10	5.5768290922661126e-12
899.	0.	0.	4.785366357477743e-10	5.518416979483195e-12
900.	0.	0.	4.72040980656826e-10	5.460424551278641e-12
901.	0.	0.	4.656170191007485e-10	5.402852399171946e-12
901.9999999999999	0.	0.	4.5926430664470676e-10	5.345701025835932e-12
902.9999999999999	0.	0.	4.529823934097219e-10	5.288970846870993e-12
904.	0.	0.	4.467708243317254e-10	5.232662192567177e-12
905.	0.	0.	4.4062913941544806e-10	5.176775309649672e-12
906.	0.	0.	4.3455687398226823e-10	5.121310362998324e-12
906.9999999999999	0.	0.	4.2855355891411924e-10	5.066267437362017e-12
908.	0.	0.	4.2261872089134064e-10	5.011646539047613e-12
909.	0.	0.	4.167518826258931e-10	4.957447597591926e-12
910.	0.	0.	4.1095256308927075e-10	4.903670467416582e-12
910.9999999999999	0.	0.	4.0522027773628375e-10	4.850314929469623e-12
911.9999999999999	0.	0.	3.995545387227964e-10	4.797380692841764e-12
913.	0.	0.	3.939548551191904e-10	4.744867396364358e-12
914.	0.	0.	3.884207331199421e-10	4.692774610203085e-12
914.9999999999999	0.	0.	3.829516762465585e-10	4.6411018374117335e-12
915.9999999999999	0.	0.	3.7754718554786594e-10	4.589848515487749e-12
917.	0.	0.	3.722067597944867e-10	4.539014017897351e-12
918.	0.	0.	3.6692989566918854e-10	4.488597655587119e-12
919.	0.	0.	3.617160879527709e-10	4.438598678477147e-12
919.9999999999999	0.	0.	3.565648297054723e-10	4.389016276932681e-12
921.	0.	0.	3.51475612444222e-10	4.339849583223225e-12
922.	0.	0.	3.4644792631539263e-10	4.291097672959168e-12
923.	0.	0.	3.414812602634552e-10	4.242759566509772e-12
923.9999999999999	0.	0.	3.365751021953474e-10	4.194834230404799e-12
924.9999999999999	0.	0.	3.317289391410117e-10	4.147320578719661e-12
926.	0.	0.	3.269422574096931e-10	4.100217474437333e-12
927.	0.	0.	3.222145427420525e-10	4.053523730794662e-12
928.	0.	0.	3.1754528045886497e-10	4.007238112613295e-12
928.9999999999999	0.	0.	3.1293395560546484e-10	3.9613593376073946e-12
930.	0.	0.	3.0838005309243125e-10	3.9158860776774976e-12
931.	0.	0.	3.0388305783274463e-10	3.870816960182482e-12
932.	0.	0.	2.994424548749879e-10	3.8261505691984805e-12
932.9999999999999	0.	0.	2.9505772953312704e-10	3.781885446755997e-12
933.9999999999999	0.	0.	2.907283675124569e-10	3.738020094058876e-12
935.	0.	0.	2.864538550325677e-10	3.694552972691047e-12
936.	0.	0.	2.8223367894600783e-10	3.651482505796785e-12
937.	0.	0.	2.780673268544488e-10	3.608807079251763e-12
937.9999999999999	0.	0.	2.739542872208123e-10	3.566525042811809e-12
939.	0.	0.	2.698940494786024e-10	3.5246347112459267e-12
940.	0.	0.	2.6588610413763983e-10	3.483134365451631e-12
941.	0.	0.	2.6192994288688307e-10	3.4420222535523736e-12
941.9999999999999	0.	0.	2.5802505869386956e-10	3.4012965919793903e-12
942.9999999999999	0.	0.	2.541709459013744e-10	3.3609555665356406e-12
944.	0.	0.	2.5036710032091696e-10	3.320997333442092e-12
945.	0.	0.	2.466130193231994e-10	3.281420020369147e-12
946.	0.	0.	2.429082019258376e-10	3.242221727449126e-12
946.9999999999999	0.	0.	2.392521488781862e-10	3.2034005282749997e-12
948.	0.	0.	2.356443627431778e-10	3.1649544708781856e-12
949.	0.	0.	2.320843479767556e-10	3.1268815786958266e-12
950.	0.	0.	2.2857161100430162e-10	3.0891798515171024e-12
950.9999999999999	0.	0.	2.2510566029443531e-10	3.0518472664146813e-12
951.9999999999999	0.	0.	2.2168600643056045e-10	3.014881778663052e-12
953.	0.	0.	2.1831216217947794e-10	2.9782813226365108e-12
954.	0.	0.	2.1498364255754743e-10	2.9420438126937348e-12
954.9999999999999	0.	0.	2.1169996489461817e-10	2.9061671440485578e-12
955.9999999999999	0.	0.	2.0846064889545402e-10	2.870649193621426e-12
957.	0.	0.	2.0526521669866245e-10	2.8354878208785064e-12
958.	0.	0.	2.021131929335197e-10	2.800680868654482e-12
959.	0.	0.	1.9900410477447476e-10	2.7662261639609494e-12
959.9999999999999	0.	0.	1.9593748199328255e-10	2.7321215187787677e-12
960.9999999999999	0.	0.	1.929128570092529e-10	2.698364730836491e-12
962.	0.	0.	1.899297649372159e-10	2.664953584375796e-12
963.	0.	0.	1.869877436333371e-10	2.6318858508983578e-12
963.9999999999999	0.	0.	1.840863337390404e-10	2.599159289902854e-12
964.9999999999999	0.	0.	1.812250787228856e-10	2.566771649604015e-12
966.	0.	0.	1.7840352492043901e-10	2.5347206676415696e-12
967.	0.	0.	1.7562122157242574e-10	2.503004071771607e-12
968.	0.	0.	1.7287772086069735e-10	2.4716195805459327e-12
968.9999999999999	0.	0.	1.7017257794275346e-10	2.4405649039791784e-12
969.9999999999999	0.	0.	1.675053509841636e-10	2.4098377441991682e-12
971.	0.	0.	1.6487560118939612e-10	2.3794357960870013e-12
972.	0.	0.	1.622828928310018e-10	2.349356747902523e-12
972.9999999999999	0.	0.	1.5972679327697748e-10	2.3195982818978597e-12
973.9999999999999	0.	0.	1.57206873016565e-10	2.290158074916159e-12
975.	0.	0.	1.5472270568457818e-10	2.26103379898024e-12
976.	0.	0.	1.5227386808398783e-10	2.2322231218670136e-12
977.	0.	0.	1.498599402071356e-10	2.203723707669614e-12
977.9999999999999	0.	0.	1.474805052553833e-10	2.175533217347794e-12
979.	0.	0.	1.451351496574176e-10	2.1476493092663535e-12
980.	0.	0.	1.428234630859932e-10	2.1200696397210547e-12
980.9999999999999	0.	0.	1.405450384735373e-10	2.092791863453706e-12
982.	0.	0.	1.3829947202614062e-10	2.065813634153964e-12
982.9999999999999	0.	0.	1.3608636323644973e-10	2.0391326049516388e-12
983.9999999999999	0.	0.	1.3390531489525758e-10	2.0127464288964596e-12
985.	0.	0.	1.3175593310172586e-10	1.986652759426297e-12
985.9999999999999	0.	0.	1.2963782727258654e-10	1.960849250826047e-12
987.	0.	0.	1.2755061015001638e-10	1.9353335586740405e-12
988.	0.	0.	1.254938978083948e-10	1.9101033402780655e-12
988.9999999999999	0.	0.	1.2346730966010257e-10	1.8851562551011464e-12
990.	0.	0.	1.2147046846001813e-10	1.860489965176985e-12
990.9999999999999	0.	0.	1.1950300030904742e-10	1.836102135514908e-12
992.	0.	0.	1.1756453465667765e-10	1.8119904344938268e-12
993.	0.	0.	1.1565470430248322e-10	1.7881525342479138e-12
993.9999999999999	0.	0.	1.1377314539667004e-10	1.7645861110408326e-12
995.	0.	0.	1.1191949743968026e-10	1.7412888456314886e-12
995.9999999999999	0.	0.	1.1009340328081846e-10	1.7182584236285352e-12
997.	0.	0.	1.0829450911619006e-10	1.6954925358383104e-12
998.	0.	0.	1.0652246448548838e-10	1.6729888785996593e-12
998.9999999999999	0.	0.	1.0477692226819454e-10	1.6507451541130946e-12
1000.	0.	0.	1.0305753867884645e-10	1.62875907075872e-12