0.	0.	0.	0.	0.
1.	3.153879697301599e-10	5.315901512530763e-10	5.510438506150839e-11	5.519931215130548e-12
2.	1.842870829156436e-11	9.372656729107536e-10	1.0078003550624323e-10	1.0112821592476889e-11
3.	6.223370926085248e-13	1.2354440437382908e-9	1.3788546775640244e-10	1.3860199297476117e-11
4.	1.594391390521662e-14	1.4427419391446546e-9	1.6723889521402492e-10	1.684008172883447e-11
5.	3.429457277372294e-16	1.5740611303417601e-9	1.8961919978026422e-10	1.9127046251778082e-11
6.	6.516970117289955e-18	1.6426835803985112e-9	2.0576690126346296e-10	2.079230115983532e-11
7.	1.1272229128054532e-19	1.6603725859888232e-9	2.163851246830047e-10	2.190375688473571e-11
8.	1.809725237737008e-21	1.6374773398283228e-9	2.2214056536317631e-10	2.2526097462360896e-11
9.	2.7141061204913383e-23	1.5830387482829397e-9	2.236644516125022e-10	2.2720852252278575e-11
10.	0.	1.5048947383804548e-9	2.2155350469815849e-10	2.2546467899144584e-11
11.	0.	1.4097836348259771e-9	2.163708957511474e-10	2.2058380516087963e-11
12.	0.	1.303444486414701e-9	2.0864719917497986e-10	2.1309088063023323e-11
13.	0.	1.1907134777273669e-9	1.9888134207779114e-10	2.0348222886588644e-11
14.	0.	1.0756157809774076e-9	1.875415492042781e-10	1.9222624383018346e-11
14.999999999999998	0.	9.614523886959249e-10	1.7506628280882256e-10	1.7976411740663642e-11
16.	0.	8.508816245178277e-10	1.6186517688390955e-10	1.6651056715005058e-11
17.	0.	7.459951602128908e-10	1.483199651377978e-10	1.5285456385807827e-11
18.	0.	6.483884754791077e-10	1.3478540210168645e-10	1.3916005843493717e-11
18.999999999999996	0.	5.59225785748587e-10	1.2159017673876564e-10	1.2576670749793991e-11
20.	0.	4.792995349167777e-10	1.0903781792496086e-10	1.1299059716257728e-11
21.	0.	4.090846067906134e-10	9.740759117336491e-11	1.0112496443173376e-11
22.	0.	3.4878745320837366e-10	8.695538598079768e-11	9.044091560876895e-12
23.	0.	2.983903700353463e-10	7.791459318518996e-11	8.118814115226922e-12
24.	0.	2.576911762008124e-10	7.049697173612142e-11	7.359562639189768e-12
24.999999999999996	0.	2.2633856704252253e-10	6.489350429745918e-11	6.7872357529590484e-12
26.	0.	2.0386342272483568e-10	6.127524112026897e-11	6.420802235804349e-12
27.	0.	1.8970635650335693e-10	5.97941316456662e-11	6.277370513869998e-12
28.	0.	1.8324178709187005e-10	6.058384332071712e-11	6.3722575094002226e-12
29.	0.	1.8379881519245202e-10	6.37605671355981e-11	6.7190567983244895e-12
29.999999999999996	0.	1.906791771116545e-10	6.942380941670323e-11	7.329706024772003e-12
31.	0.	2.0317253893993286e-10	7.765716943799732e-11	8.214553522873607e-12
32.	0.	2.2056938356484267e-10	8.852910244142799e-11	9.382424098132862e-12
32.99999999999999	0.	2.4217173028867115e-10	1.0209366768640043e-10	1.084068392268388e-11
34.	0.	2.6730191342594235e-10	1.183912611780179e-10	1.2595304500886152e-11
35.	0.	2.953096323013415e-10	1.3744933275378242e-10	1.4650925663915422e-11
36.	0.	3.255774708352982e-10	1.5928308723861955e-10	1.7010917554283974e-11
37.	0.	3.5752507062576075e-10	1.8389616940823582e-10	1.967744156354304e-11
37.99999999999999	0.	3.9061212730174293e-10	2.112813325308565e-10	2.265151018877725e-11
39.	0.	4.243403660913291e-10	2.4142109028715945e-10	2.5933045775879037e-11
40.	0.	4.582546391365823e-10	2.742883518976359e-10	2.95209381199811e-11
41.	0.	4.919432741951827e-10	3.098470403155825e-10	3.341310089581861e-11
42.	0.	5.250377920648969e-10	3.4805269337230316e-10	3.7606526893173306e-11
42.99999999999999	0.	5.572120984033693e-10	3.888530477889339e-10	4.2097342034923584e-11
44.	0.	5.881812446259973e-10	4.32188605996361e-10	4.688085815756483e-11
44.99999999999999	0.	6.176998422682969e-10	4.779931857310714e-10	5.1951624536379096e-11
46.	0.	6.455602056035417e-10	5.261944524003196e-10	5.730347813970911e-11
47.	0.	6.715902884088201e-10	5.767144342346794e-10	6.292959259902331e-11
48.	0.	6.956514725622112e-10	6.294700202698932e-10	6.88225258836477e-11
49.	0.	7.176362586131233e-10	6.843734412228014e-10	7.49742666711696e-11
49.99999999999999	0.	7.374659015743434e-10	7.413327333481471e-10	8.137627940660317e-11
51.	0.	7.550880289115186e-10	8.002521853840098e-10	8.80195480454189e-11
52.	0.	7.704742720240773e-10	8.61032768713709e-10	9.489461847750372e-11
53.	0.	7.836179373894217e-10	9.235725508910489e-10	1.0199163963100746e-10
54.	0.	7.945317389468261e-10	9.877670926938612e-10	1.0930040325686124e-10
54.99999999999999	0.	8.032456091950946e-10	1.053509828887882e-9	1.1681038239651082e-10
56.	0.	8.098046028351896e-10	1.1206924328991149e-9	1.2451076853710142e-10
56.99999999999999	0.	8.142669035721053e-10	1.1892051656079334e-9	1.3239050745996814e-10
58.	0.	8.167019418665279e-10	1.2589372084923634e-9	1.4043833378983803e-10
59.	0.	8.171886289643942e-10	1.3297769813611291e-9	1.4864280425362583e-10
59.99999999999999	0.	8.158137104004708e-10	1.401612444929338e-9	1.569923296591168e-10
61.	0.	8.126702403413272e-10	1.4743313885009736e-9	1.6547520560516115e-10
62.	0.	8.078561765750853e-10	1.5478217030327596e-9	1.7407964193627472e-10
63.	0.	8.0147309464424e-10	1.6219716398634893e-9	1.827937909557317e-10
64.	0.	7.936250185279e-10	1.6966700554015272e-9	1.9160577441236264e-10
65.	0.	7.844173643884945e-10	1.7718066420709714e-9	2.0050370927732463e-10
65.99999999999999	0.	7.739559931828163e-10	1.8472721458239508e-9	2.094757323281032e-10
67.	0.	7.623463673785291e-10	1.9229585705326263e-9	2.1851002355791957e-10
68.	0.	7.496928065961334e-10	1.9987593695798883e-9	2.2759482842958145e-10
69.	0.	7.360978366955899e-10	2.074569624972331e-9	2.3671847899359834e-10
70.	0.	7.216616266309442e-10	2.150286214302962e-9	2.4586941389111567e-10
70.99999999999999	0.	7.064815072907122e-10	2.2258079658943246e-9	2.55036197262888e-10
72.	0.	6.906515665137119e-10	2.3010358024551846e-9	2.6420753658611556e-10
73.	0.	6.742623145074753e-10	2.37587287358583e-9	2.7337229946152053e-10
74.	0.	6.574004139891156e-10	2.4502246774682516e-9	2.8251952937353006e-10
75.	0.	6.401484695063474e-10	2.523999172078119e-9	2.916384604468653e-10
75.99999999999999	0.	6.225848705718104e-10	2.5971068762555727e-9	3.0071853122322734e-10
77.	0.	6.047836834481817e-10	2.6694609609713703e-9	3.0974939748209515e-10
78.	0.	5.868145866492697e-10	2.7409773311239475e-9	3.1872094412993393e-10
79.	0.	5.687428454666045e-10	2.8115746982015475e-9	3.2762329618235646e-10
80.	0.	5.506293210873898e-10	2.8811746441415757e-9	3.3644682886394705e-10
80.99999999999999	0.	5.325305101335067e-10	2.9497016767170164e-9	3.451821768506243e-10
82.	0.	5.144986107184913e-10	3.0170832767770345e-9	3.5382024267950436e-10
83.	0.	4.96581611387178e-10	3.0832499376656068e-9	3.6235220435129037e-10
84.	0.	4.788233995679359e-10	3.1481351971386697e-9	3.707695221502419e-10
84.99999999999999	0.	4.6126388642796743e-10	3.2116756620962704e-9	3.790639447067493e-10
85.99999999999999	0.	4.4393914527591275e-10	3.273811026442157e-9	3.872275143274969e-10
87.	0.	4.2688156090182803e-10	3.3344840823787227e-9	3.9525257161811187e-10
88.	0.	4.1011998748074905e-10	3.3936407254405023e-9	4.031317594230708e-10
89.	0.	3.936799128919563e-10	3.4512299535644775e-9	4.10858026107502e-10
89.99999999999999	0.	3.775836275210065e-10	3.5072038604901656e-9	4.1842462820532815e-10
90.99999999999999	0.	3.6185039581478764e-10	3.5615176237771516e-9	4.2582513245800786e-10
92.	0.	3.4649662905136045e-10	3.6141294877220383e-9	4.3305341726788996e-10
93.	0.	3.315360579659472e-10	3.6650007414510597e-9	4.401036735899521e-10
94.	0.	3.169799040419709e-10	3.714095692458677e-9	4.4697040528541686e-10
94.99999999999999	0.	3.0283704843172377e-10	3.761381635856412e-9	4.5364842896043706e-10
96.	0.	2.891141976156302e-10	3.806828819589973e-9	4.601328733127327e-10
97.	0.	2.7581604504159115e-10	3.850410405876504e-9	4.664191780087255e-10
98.	0.	2.6294542810815374e-10	3.892102429107391e-9	4.725030921133619e-10
99.	0.	2.505034799664537e-10	3.931883750455608e-9	4.783806720944568e-10
99.99999999999999	0.	2.3848977571719656e-10	3.969736009420132e-9	4.840482794230026e-10
101.	0.	2.269024726709095e-10	4.005643572533388e-9	4.895025777904945e-10
102.	0.	2.1573844442204978e-10	4.0395934794511614e-9	4.947405299639285e-10
103.	0.	2.049934085620557e-10	4.07157538663774e-9	4.997593942986941e-10
104.	0.	1.946620479221843e-10	4.1015815088525935e-9	5.045567209291763e-10
104.99999999999999	0.	1.847381252957427e-10	4.129606558638141e-9	5.091303476564347e-10
106.	0.	1.7521459164085516e-10	4.1556476840017755e-9	5.13478395551898e-10
107.	0.	1.6608368780991495e-10	4.179704404478547e-9	5.175992642955493e-10
108.	0.	1.5733703989096857e-10	4.201778545754609e-9	5.21491627266641e-10
109.	0.	1.4896574827984764e-10	4.221874173024883e-9	5.251544264045125e-10
109.99999999999999	0.	1.4096047063025339e-10	4.2399975232520655e-9	5.285868668566197e-10
111.	0.	1.33311498852917e-10	4.256156936487731e-9	5.3178841143043e-10
112.	0.	1.2600883035442528e-10	4.2703627864099405e-9	5.347587748653677e-10
113.	0.	1.1904223372228723e-10	4.282627410225573e-9	5.374979179405183e-10
113.99999999999999	0.	1.1240130907501348e-10	4.292965038079473e-9	5.400060414333545e-10
114.99999999999999	0.	1.0607554330526473e-10	4.301391722106356e-9	5.422835799442566e-10
116.	0.	1.0005436045072931e-10	4.307925265255533e-9	5.443311956011456e-10
117.	0.	9.432716743125599e-11	4.312585150012594e-9	5.46149771658085e-10
118.	0.	8.888339539276624e-11	4.3153924671363875e-9	5.47740406001239e-10
118.99999999999999	0.	8.37125368984257e-11	4.3163698445240156e-9	5.49104404575111e-10
119.99999999999999	0.	7.880417920581715e-11	4.3155413763109e-9	5.502432747415468e-10
121.	0.	7.414803386579995e-11	4.312932552307629e-9	5.5115871858351e-10
122.	0.	6.973396287425509e-11	4.308570187869859e-9	5.518526261652145e-10
122.99999999999999	0.	6.555200160281002e-11	4.30248235429231e-9	5.523270687597253e-10
124.	0.	6.15923787280481e-11	4.294698309812862e-9	5.525842920547308e-10
125.	0.	5.7845533372046775e-11	4.285248431307697e-9	5.526267093467331e-10
126.	0.	5.430212965933295e-11	4.274164146753521e-9	5.524568947334805e-10
127.	0.	5.0953068887504274e-11	4.261477868528289e-9	5.520775763140541e-10
128.	0.	4.778949950049344e-11	4.2472229276170665e-9	5.514916294055896e-10
129.	0.	4.480282504472678e-11	4.2314335087852975e-9	5.507020697852201e-10
130.	0.	4.1984710280047165e-11	4.214144586777257e-9	5.497120469654105e-10
131.	0.	3.932708560822373e-11	4.195391863593346e-9	5.485248375104756e-10
131.99999999999997	0.	3.682214997339765e-11	4.175211706895595e-9	5.471438384016673e-10
133.	0.	3.4462372380015054e-11	4.1536410895869815e-9	5.455725604578543e-10
134.	0.	3.224049216533327e-11	4.130717530605993e-9	5.438146218184284e-10
135.	0.	3.014951815502615e-11	4.106479036974448e-9	5.418737414947267e-10
136.	0.	2.818272682252456e-11	4.080964047132689e-9	5.397537329958791e-10
137.	0.	2.6333659564480913e-11	4.054211375592958e-9	5.374584980346641e-10
138.	0.	2.459611919716529e-11	4.026260158938287e-9	5.349920203186003e-10
139.	0.	2.296416577126971e-11	3.997149803191022e-9	5.323583594311754e-10
140.	0.	2.1432111795148316e-11	3.966919932571972e-9	5.295616448077921e-10
140.99999999999997	0.	1.9994516950052738e-11	3.935610339668157e-9	5.266060698106903e-10
141.99999999999997	0.	1.8646182374092924e-11	3.903260937024227e-9	5.234958859067996e-10
143.	0.	1.7382144585501843e-11	3.869911710169897e-9	5.202353969521842e-10
144.	0.	1.619766911008086e-11	3.835602672093001e-9	5.168289535864385e-10
145.	0.	1.5088243871631098e-11	3.80037381916528e-9	5.13280947740124e-10
146.	0.	1.4049572399438905e-11	3.764265088525594e-9	5.095958072580563e-10
147.	0.	1.3077566901498151e-11	3.727316316922876e-9	5.057779906409918e-10
148.	0.	1.2168341247645468e-11	3.689567201018939e-9	5.018319819079981e-10
149.	0.	1.1318203902346422e-11	3.651057259149185e-9	4.977622855815608e-10
150.	0.	1.0523650842814882e-11	3.6118257945371473e-9	4.935734217972156e-10
150.99999999999997	0.	9.78135849415626e-12	3.571911859956988e-9	4.892699215392828e-10
151.99999999999997	0.	9.08817671001959e-12	3.5313542238362974e-9	4.848563220040604e-10
153.	0.	8.441121823390645e-12	3.490191337789591e-9	4.803371620915854e-10
154.	0.	7.837369789694211e-12	3.4484613055716168e-9	4.757169780269058e-10
155.	0.	7.2742494410319575e-12	3.4062018534377914e-9	4.710002991115779e-10
156.	0.	6.749235868088828e-12	3.3634503018977944e-9	4.66191643605926e-10
157.	0.	6.2599439437530855e-12	3.3202435388468934e-9	4.6129551474240254e-10
158.	0.	5.8041220001942405e-12	3.276617994058424e-9	4.5631639687022853e-10
159.	0.	5.379645669361369e-12	3.2326096150196415e-9	4.5125875173131975e-10
160.	0.	4.9845118947635e-12	3.1882538440918166e-9	4.4612701486730935e-10
160.99999999999997	0.	4.616833120924085e-12	3.1435855969749667e-9	4.4092559215739297e-10
161.99999999999997	0.	4.274831665369103e-12	3.0986392424560426e-9	4.3565885648649825e-10
163.	0.	3.956834276520937e-12	3.053448583418958e-9	4.3033114454318877e-10
164.	0.	3.661266879790619e-12	3.0080468390938494e-9	4.2494675374655893e-10
165.	0.	3.3866495130349282e-12	2.962466628522268e-9	4.1950993930125383e-10
166.	0.	3.131591451479423e-12	2.916739955214392e-9	4.1402491137963235e-10
167.	0.	2.8947865214559475e-12	2.870898192973557e-9	4.084958324299549e-10
168.	0.	2.6750086014861882e-12	2.8249720728631235e-9	4.029268146093998e-10
169.	0.	2.471107308547805e-12	2.778991671290065e-9	3.973219173405939e-10
169.99999999999997	0.	2.282003866818749e-12	2.7329863991791595e-9	3.9168514499023514e-10
170.99999999999997	0.	2.106687155713176e-12	2.6869849922115078e-9	3.860204446683182e-10
171.99999999999997	0.	1.9442099334641493e-12	2.6410155021006283e-9	3.8033170414637537e-10
173.	0.	1.7936852323648582e-12	2.5951052888791554e-9	3.7462274989306224e-10
174.	0.	1.6542829211813392e-12	2.5492810141689744e-9	3.688973452253567e-10
175.	0.	1.5252264303528817e-12	2.5035686354073795e-9	3.6315918857355177e-10
176.	0.	1.405789635036056e-12	2.4579934010019105e-9	3.5741191185818596e-10
177.	0.	1.2952938911865952e-12	2.4125798463861405e-9	3.516590789769651e-10
178.	0.	1.19310521959989e-12	2.3673517909489346e-9	3.459041843996954e-10
179.	0.	1.0986316327883734e-12	2.322332335809536e-9	3.401506518691978e-10
179.99999999999997	0.	1.0113205995896935e-12	2.2775438624109087e-9	3.344018332061142e-10
180.99999999999997	0.	9.306566422810667e-13	2.2330080319038526e-9	3.286610072154924e-10
181.99999999999997	0.	8.561590610601909e-13	2.1887457852945136e-9	3.229313786929879e-10
183.	0.	7.873797808453893e-13	2.1447773443279986e-9	3.1721607752849194e-10
184.	0.	7.239013151468619e-13	2.101122213081066e-9	3.1151815790497335e-10
185.	0.	6.653348422578756e-13	2.057799180236961e-9	3.0584059759028317e-10
186.	0.	6.113183886224854e-13	2.014826322015723e-9	3.0018629731965857e-10
187.	0.	5.615151147202588e-13	1.9722210057335862e-9	2.9455808026664844e-10
188.	0.	5.156116987216053e-13	1.9299998939652667e-9	2.889586916001558e-10
189.	0.	4.733168133133528e-13	1.8881789492834098e-9	2.8339079812530747e-10
189.99999999999997	0.	4.343596912371932e-13	1.846773439549394e-9	2.7785698800579616e-10
190.99999999999997	0.	3.9848877523777944e-13	1.8057979437306663e-9	2.723597705654311e-10
192.	0.	3.6547044825262807e-13	1.765266358219366e-9	2.6690157616651534e-10
193.	0.	3.3508783970320283e-13	1.7251919036280583e-9	2.614847561627744e-10
194.	0.	3.0713970407278275e-13	1.6855871320382959e-9	2.561115829244881e-10
195.	0.	2.8143936797273467e-13	1.646463934678367e-9	2.5078424993352445e-10
196.	0.	2.578137420294582e-13	1.6078335500069646e-9	2.4550487194596877e-10
197.	0.	2.361023941995235e-13	1.569706572179921e-9	2.402754852200619e-10
198.	0.	2.1615668107502978e-13	1.5320929598774145e-9	2.350980478071344e-10
198.99999999999997	0.	1.9783893408934873e-13	1.495002045469988e-9	2.2997443990332292e-10
199.99999999999997	0.	1.8102169743452906e-13	1.458442544501458e-9	2.2490646425975832e-10
200.99999999999997	0.	1.6558701492047953e-13	1.4224225654679932e-9	2.1989584664904588e-10
202.	0.	1.514257628068261e-13	1.3869496198724806e-9	2.1494423638578486e-10
203.	0.	1.384370261252108e-13	1.3520306325342732e-9	2.1005320689897101e-10
204.	0.	1.2652751583775985e-13	1.317671952134457e-9	2.0522425635408432e-10
205.	0.	1.1561102443459891e-13	1.2838793619776763e-9	2.004588083227526e-10
206.	0.	1.0560791775263677e-13	1.250658090951646e-9	1.957582124978466e-10
207.	0.	9.64446607341956e-14	1.218012824666252e-9	1.9112374545193542e-10
208.	0.	8.80533751496998e-14	1.1859477167545525e-9	1.865566114370448e-10
208.99999999999997	0.	8.037142728150314e-14	1.1544664003183962e-9	1.820579432236812e-10
209.99999999999997	0.	7.334104370741427e-14	1.123571999501972e-9	1.7762880297712812e-10
210.99999999999997	0.	6.690895348578532e-14	1.0932671411770372e-9	1.7327018316904736e-10
212.	0.	6.1026054986798e-14	1.063553966724115e-9	1.6898300752245542e-10
213.	0.	5.5647105927168674e-14	1.0344341438943698e-9	1.6476813198817333e-10
214.	0.	5.07304350067494e-14	1.0059088787373893e-9	1.6062634575087935e-10
215.	0.	4.623767384066145e-14	9.779789275806592e-10	1.5655837226295127e-10
216.	0.	4.213350783457629e-14	9.506446090467916e-10	1.5256487030427743e-10
217.	0.	3.8385444735851164e-14	9.239058160953947e-10	1.486464350663151e-10
218.	0.	3.496359977470894e-14	8.977620280764109e-10	1.448035992586217e-10
218.99999999999997	0.	3.184049621242555e-14	8.722123227829376e-10	1.4103683423623914e-10
219.99999999999997	0.	2.899088029779572e-14	8.472553884912934e-10	1.3734655114623121e-10
220.99999999999997	0.	2.6391549694588566e-14	8.228895359769687e-10	1.3373310209178143e-10
222.	0.	2.40211944127417e-14	7.991127104955646e-10	1.301967813122976e-10
223.	0.	2.1860249420761718e-14	7.759225037180104e-10	1.267378263779629e-10
224.	0.	1.9890758138281034e-14	7.533161656099843e-10	1.2335641939724747e-10
225.	0.	1.8096246058056932e-14	7.312906162459843e-10	1.2005268823594207e-10
226.	0.	1.6461603763001813e-14	7.098424575486063e-10	1.1682670774626515e-10
227.	0.	1.4972978735295103e-14	6.889679849443243e-10	1.1367850100468295e-10
227.99999999999997	0.	1.3617675297773134e-14	6.68663198927344e-10	1.1060804055709846e-10
228.99999999999997	0.	1.2384062113415275e-14	6.489238165235165e-10	1.0761524967010545e-10
229.99999999999997	0.	1.1261486740722988e-14	6.297452826467275e-10	1.0470000358704424e-10
230.99999999999997	0.	1.0240196691612948e-14	6.111227813404389e-10	1.0186213078761583e-10
232.	0.	9.311266555666302e-15	5.930512468978349e-10	9.91014142499098e-11
233.	0.	8.466530752756413e-15	5.7552537485373e-10	9.641759271363011e-11
234.	0.	7.698521480558939e-15	5.585396328425642e-10	9.381036194347191e-11
235.	0.	7.0004115052673144e-15	5.42088271316473e-10	9.127937599152311e-11
236.	0.	6.365961408688386e-15	5.261653341182166e-10	8.882424845767755e-11
237.	0.	5.789470993292352e-15	5.107646689039238e-10	8.644455374704899e-11
237.99999999999997	0.	5.265734513985021e-15	4.958799374109293e-10	8.41398283234154e-11
238.99999999999997	0.	4.78999946760748e-15	4.815046255664419e-10	8.190957195777517e-11
239.99999999999997	0.	4.3579286435628915e-15	4.676320534328901e-10	7.975324897110114e-11
240.99999999999997	0.	3.965565229488424e-15	4.5425538498634967e-10	7.767028947045017e-11
242.	0.	3.609300711777142e-15	4.413676377245731e-10	7.566009057759417e-11
243.	0.	3.2858453654349515e-15	4.2896169210146017e-10	7.372201764937113e-11
244.	0.	2.9922011330137928e-15	4.170303007852923e-10	7.185540548902595e-11
245.	0.	2.7256367182859465e-15	4.055660977379421e-10	7.005955954777482e-11
245.99999999999997	0.	2.4836647058905862e-15	3.9456160711300624e-10	6.833375711594123e-11
247.	0.	2.2640205754010087e-15	3.840092519707326e-10	6.667724850298342e-11
248.	0.	2.0646434224695028e-15	3.7390136280790536e-10	6.508925820577351e-11
248.99999999999997	0.	1.8836582948509004e-15	3.6423018590134474e-10	6.356898606456014e-11
250.	0.	1.7193599984419697e-15	3.549878914635603e-10	6.211560840601731e-11
250.99999999999997	0.	1.5701982382231577e-15	3.4616658160962644e-10	6.072827917286222e-11
252.	0.	1.434764024128221e-15	3.377582981344233e-10	5.940613103952993e-11
252.99999999999997	0.	1.3117772132050512e-15	3.2975503009953303e-10	5.814827651340869e-11
254.	0.	1.2000751032454511e-15	3.221487212295731e-10	5.695380902121948e-11
254.99999999999997	0.	1.0986020043077238e-15	3.149312771175205e-10	5.5821803980072684e-11
256.	0.	1.0063996934923062e-15	3.080945722392293e-10	5.475131985284667e-11
257.	0.	9.225986864568964e-16	3.016304567771691e-10	5.3741399187492486e-11
258.	0.	8.464102642796805e-16	2.955307632537378e-10	5.2791069639923494e-11
259.	0.	7.771191865486873e-16	2.8978731297470066e-10	5.189934498017666e-11
260.	0.	7.140770351655847e-16	2.843919222834925e-10	5.106522608156443e-11
261.	0.	6.566961456265708e-16	2.793364086269584e-10	5.0287701892499614e-11
262.	0.	6.044440542921494e-16	2.74612596433832e-10	4.956575039080473e-11
263.	0.	5.568384532035029e-16	2.702123228068982e-10	4.889833952025059e-11
263.99999999999994	0.	5.134425693931948e-16	2.6612744303007426e-10	4.828442810911861e-11
265.	0.	4.738609713660148e-16	2.6234983589183105e-10	4.772296677061257e-11
266.	0.	4.3773573608496903e-16	2.5887140882649916e-10	4.7212898784968465e-11
267.	0.	4.047429667586255e-16	2.5568410287503693e-10	4.6753160963114895e-11
268.	0.	3.7458961666365954e-16	2.527798974670303e-10	4.634268449177178e-11
269.	0.	3.4701060040006645e-16	2.5015081502559325e-10	4.5980395759857165e-11
270.	0.	3.21766172851063e-16	2.477889253974466e-10	4.5665217166183074e-11
271.	0.	2.986395335835189e-16	2.4568635010977243e-10	4.5396067908299667e-11
272.	0.	2.774346657075199e-16	2.438352664563819e-10	4.517186475251844e-11
272.99999999999994	0.	2.579743547317745e-16	2.422279114150172e-10	4.4991522785017696e-11
274.	0.	2.4009840728518537e-16	2.408565853983253e-10	4.485395614406626e-11
274.99999999999994	0.	2.2366201883228406e-16	2.3971365584067947e-10	4.475807873333874e-11
276.	0.	2.085343063378313e-16	2.3879156062337534e-10	4.4702804916361224e-11
277.	0.	1.9459696437934396e-16	2.3808281134059846e-10	4.468705019210931e-11
278.	0.	1.8174305641345004e-16	2.3757999640867995e-10	4.4709731851801424e-11
279.	0.	1.6987591780476966e-16	2.3727578402128726e-10	4.4769769616963517e-11
280.	0.	1.5890815872548786e-16	2.3716292495308406e-10	4.486608625882031e-11
281.	0.	1.487607630920307e-16	2.3723425521464153e-10	4.4997608199122525e-11
281.99999999999994	0.	1.3936227408912538e-16	2.374826985611384e-10	4.5163266092475155e-11
283.	0.	1.3064805647626596e-16	2.379012688578067e-10	4.536199539031905e-11
283.99999999999994	0.	1.2255963013287e-16	2.384830723047031e-10	4.559273688664981e-11
285.	0.	1.150440660522673e-16	2.392213095237118e-10	4.5854437245625775e-11
286.	0.	1.0805344410548198e-16	2.401092775105633e-10	4.614604951120064e-11
287.	0.	1.0154435693445824e-16	2.411403714547546e-10	4.646653359893936e-11
288.	0.	9.547746884065882e-17	2.4230808643011283e-10	4.6814856770156316e-11
289.	0.	8.981711279149956e-17	2.4360601895908724e-10	4.718999408858639e-11
290.	0.	8.453093347880136e-17	2.450278684533798e-10	4.759092885971389e-11
291.	0.	7.958955358246855e-17	2.4656743853404413e-10	4.8016653052991645e-11
292.	0.	7.496628720273495e-17	2.482186382337811e-10	4.8466167707112186e-11
292.99999999999994	0.	7.063686873442031e-17	2.4997548308447237e-10	4.893848331855957e-11
294.	0.	6.657922006206642e-17	2.5183209609262843e-10	4.9432620213606486e-11
294.99999999999994	0.	6.277323135513649e-17	2.537827086058744e-10	4.9947608904016536e-11
296.	0.	5.920056861667558e-17	2.558216610731735e-10	5.048249042663426e-11
297.	0.	5.584450041646237e-17	2.579434037018131e-10	5.103631666711892e-11
298.	0.	5.268974147923825e-17	2.60142497013803e-10	5.16081506680088e-11
299.	0.	4.972231086613675e-17	2.624136123047973e-10	5.219706692140369e-11
300.	0.	4.6929404920172744e-17	2.6475153200806695e-10	5.280215164644409e-11
301.	0.	4.4299284262491616e-17	2.6715114996665186e-10	5.342250305189205e-11
301.99999999999994	0.	4.1821173071581864e-17	2.696074716162286e-10	5.405723158401054e-11
303.	0.	3.948516260409656e-17	2.721156140815306e-10	5.470546016000345e-11
303.99999999999994	0.	3.728213305121434e-17	2.7467080618920077e-10	5.5366324387295207e-11
305.	0.	3.520367748828721e-17	2.772683883995648e-10	5.603897276886018e-11
306.	0.	3.324203338438863e-17	2.799038126602466e-10	5.672256689490454e-11
307.	0.	3.1390028085344145e-17	2.8257264218408765e-10	5.741628162111902e-11
308.	0.	2.9641017010552997e-17	2.8527055115422e-10	5.811930523380888e-11
309.	0.	2.798884329416664e-17	2.879933243586692e-10	5.883083960211602e-11
310.	0.	2.6427789550618667e-17	2.907368567572782e-10	5.955010031764465e-11
310.99999999999994	0.	2.495253729975846e-17	2.934971529832704e-10	6.027631682170836e-11
312.	0.	2.3558137280780143e-17	2.962703267822277e-10	6.100873252052234e-11
312.99999999999994	0.	2.223997654061446e-17	2.9905260039066863e-10	6.174660488854856e-11
314.	0.	2.099374291405283e-17	3.0184030385687504e-10	6.248920556030496e-11
314.99999999999994	0.	1.981541077006366e-17	3.0462987430629876e-10	6.323582041089318e-11
316.	0.	1.8701208034105723e-17	3.074178551538455e-10	6.398574962549905e-11
317.	0.	1.7647601622293852e-17	3.1020089526547295e-10	6.473830775815697e-11
318.	0.	1.6651275796849864e-17	3.129757480712687e-10	6.54928237800206e-11
319.	0.	1.570911877141701e-17	3.1573927063239586e-10	6.62486411174357e-11
320.	0.	1.481819834936422e-17	3.1848842266392844e-10	6.700511768004263e-11
321.	0.	1.3975762438580516e-17	3.2122026551597686e-10	6.776162587922283e-11
321.99999999999994	0.	1.3179212125106009e-17	3.2393196111496185e-10	6.851755263709616e-11
323.	0.	1.2426098227668402e-17	3.2662077086729197e-10	6.927229938636775e-11
323.99999999999994	0.	1.1714112005158901e-17	3.2928405452747964e-10	7.002528206128325e-11
325.	0.	1.1041071062431044e-17	3.3191926903268117e-10	7.077593107994875e-11
326.	0.	1.0404914528463145e-17	3.3452396730545337e-10	7.152369131823694e-11
327.	0.	9.803688070117901e-18	3.370957970269839e-10	7.226802207560721e-11
328.	0.	9.235549679337988e-18	3.3963249938232585e-10	7.300839703302018e-11
329.	0.	8.698752521489209e-18	3.421319077796548e-10	7.374430420323606e-11
330.	0.	8.191643155984406e-18	3.445919465453376e-10	7.447524587374729e-11
330.99999999999994	0.	7.712649209384574e-18	3.470106295964766e-10	7.520073854257188e-11
332.	0.	7.260291387099196e-18	3.4938605909261885e-10	7.592031284714902e-11
332.99999999999994	0.	6.833155438161172e-18	3.517164240685378e-10	7.663351348662996e-11
334.	0.	6.4299083923513595e-18	3.539999990492482e-10	7.73398991377033e-11
335.	0.	6.0492823171246124e-18	3.562351426493569e-10	7.803904236430385e-11
336.	0.	5.690075148705595e-18	3.5842029615788934e-10	7.873052952135044e-11
337.	0.	5.351146790182085e-18	3.6055398211023634e-10	7.941396065277524e-11
338.	0.	5.0314121992179095e-18	3.626348028487599e-10	8.008894938408967e-11
339.	0.	4.7298466025797124e-18	3.6466143907327147e-10	8.075512280966554e-11
339.99999999999994	0.	4.44547061141109e-18	3.6663264838297344e-10	8.141212137500034e-11
341.	0.	4.177362998091207e-18	3.685472638109765e-10	8.20595987541344e-11
341.99999999999994	0.	3.924644350939758e-18	3.70404192352912e-10	8.269722172248374e-11
343.	0.	3.68647983031208e-18	3.7220241349069976e-10	8.332467002525686e-11
343.99999999999994	0.	3.4620794010120175e-18	3.7394097771281947e-10	8.394163624169046e-11
345.	0.	3.2506905875298374e-18	3.7561900503215655e-10	8.454782564528663e-11
346.	0.	3.051604697059524e-18	3.7723568350266065e-10	8.514295606027163e-11
347.	0.	2.864143754462979e-18	3.7879026773583405e-10	8.572675771445622e-11
348.	0.	2.6876657790386202e-18	3.8028207741816077e-10	8.629897308870115e-11
349.	0.	2.5215626935547607e-18	3.817104958304769e-10	8.685935676317046e-11
350.	0.	2.365262798506858e-18	3.830749683703021e-10	8.74076752605678e-11
350.99999999999994	0.	2.2182153888869925e-18	3.843750010780035e-10	8.794370688651732e-11
352.	0.	2.0799022535634878e-18	3.8561015916786366e-10	8.846724156730444e-11
352.99999999999994	0.	1.94983416822695e-18	3.867800655647557e-10	8.897808068511081e-11
354.	0.	1.827546915295715e-18	3.8788439944737254e-10	8.947603691093493e-11
355.	0.	1.7125994710873235e-18	3.88922894798884e-10	8.996093403538476e-11
356.	0.	1.6045718792968398e-18	3.898953389656154e-10	9.043260679745728e-11
357.	0.	1.5030735861328252e-18	3.9080157122470066e-10	9.089090071151883e-11
358.	0.	1.4077276047628919e-18	3.91641481361325e-10	9.133567189261459e-11
359.	0.	1.3181782908702636e-18	3.9241500825618516e-10	9.17667868802505e-11
359.99999999999994	0.	1.2340966541360525e-18	3.931221384839668e-10	9.218412246083085e-11
361.	0.	1.1551606310124752e-18	3.937629049233924e-10	9.258756548887913e-11
361.99999999999994	0.	1.081073640497729e-18	3.943373853793265e-10	9.297701270716244e-11
363.	0.	1.0115498657757838e-18	3.948457012177444e-10	9.33523705659125e-11
363.99999999999994	0.	9.463273425227089e-19	3.952880160138574e-10	9.371355504122422e-11
365.	0.	8.851439632304819e-19	3.956645342140301e-10	9.406049145279054e-11
366.	0.	8.277705695123711e-19	3.959754998119941e-10	9.439311428110983e-11
367.	0.	7.739749415529348e-19	3.962211950396804e-10	9.471136698425857e-11
368.	0.	7.235432735835448e-19	3.964019390733092e-10	9.501520181440087e-11
368.99999999999994	0.	6.762816903316215e-19	3.9651808675484495e-10	9.530457963408252e-11
370.	0.	6.31993612366774e-19	3.9657002732954943e-10	9.557946973250894e-11
370.99999999999994	0.	5.905015700346332e-19	3.9655818319962563e-10	9.583984964183233e-11
372.	0.	5.516393576022698e-19	3.9648300869461974e-10	9.608570495363637e-11
372.99999999999994	0.	5.152437571129933e-19	3.963449888585914e-10	9.631702913565247e-11
374.	0.	4.811675826041647e-19	3.9614463825454957e-10	9.65338233488599e-11
375.	0.	4.492682240207332e-19	3.9588249978629536e-10	9.673609626503854e-11
376.	0.	4.1941453929224953e-19	3.9555914353798406e-10	9.692386388488712e-11
377.	0.	3.9147497696503076e-19	3.951751656315568e-10	9.7097149356782e-11
378.	0.	3.6534026270742915e-19	3.947311871023176e-10	9.725598279628267e-11
379.	0.	3.4088916853223443e-19	3.942278527927425e-10	9.740040110644658e-11
379.99999999999994	0.	3.180239693941928e-19	3.936658302648074e-10	9.753044779906996e-11
381.	0.	2.966454836431922e-19	3.930458087308227e-10	9.764617281689071e-11
381.99999999999994	0.	2.7665656127385146e-19	3.923684980030556e-10	9.77476323568744e-11
383.	0.	2.579755435713012e-19	3.9163462746207233e-10	9.783488869460834e-11
384.	0.	2.405171117237322e-19	3.9084494504409795e-10	9.790801000993192e-11
385.	0.	2.242023620829955e-19	3.900002162472728e-10	9.796707021381577e-11
386.	0.	2.0896252247690875e-19	3.891012231569551e-10	9.801214877658592e-11
387.	0.	1.9472932846118618e-19	3.881487634901366e-10	9.804333055755517e-11
388.	0.	1.814351995087127e-19	3.8714364965892287e-10	9.806070563610408e-11
388.99999999999994	0.	1.6902358547800685e-19	3.860867078531144e-10	9.806436914427687e-11
390.	0.	1.574357500180692e-19	3.849787771419977e-10	9.805442110097195e-11
390.99999999999994	0.	1.466211157208895e-19	3.838207085950443e-10	9.803096624770678e-11
392.	0.	1.3652725797650105e-19	3.826133644219104e-10	9.79941138861127e-11
392.99999999999994	0.	1.2711033319333304e-19	3.813576171312753e-10	9.794397771710116e-11
394.	0.	1.1832843177174502e-19	3.8005434870874106e-10	9.788067568181256e-11
395.	0.	1.10131262717272e-19	3.7870444981363876e-10	9.78043298043696e-11
396.	0.	1.024915345813954e-19	3.77308818994661e-10	9.771506603647036e-11
397.	0.	9.536688924351502e-20	3.7586836192423035e-10	9.761301410386057e-11
397.99999999999994	0.	8.872081408087349e-20	3.7438399065154633e-10	9.74983073547257e-11
399.	0.	8.252989278979376e-20	3.728566228741792e-10	9.73710826100336e-11
399.99999999999994	0.	7.675926972123809e-20	3.712871812280722e-10	9.723148001584927e-11
401.	0.	7.13802994516745e-20	3.6967659259588655e-10	9.707964289766554e-11
401.99999999999994	0.	6.637070608530155e-20	3.6802578743348653e-10	9.691571761675989e-11
403.	0.	6.17039884975798e-20	3.663356991145331e-10	9.673985342862815e-11
404.	0.	5.735658092311704e-20	3.6460726329285314e-10	9.655220234347146e-11
405.	0.	5.330793855039724e-20	3.6284141728266865e-10	9.635291898881744e-11
406.	0.	4.954061729688953e-20	3.610390994562947e-10	9.614216047423726e-11
407.	0.	4.6029486570127784e-20	3.592012486592946e-10	9.592008625821476e-11
408.	0.	4.2763439663838e-20	3.5732880364284616e-10	9.568685801716567e-11
408.99999999999994	0.	3.972376874880789e-20	3.554227025131736e-10	9.544263951662946e-11
410.	0.	3.689503742780234e-20	3.5348388219778184e-10	9.51875964846242e-11
410.99999999999994	0.	3.4265143057770114e-20	3.515132779284504e-10	9.49218964872176e-11
412.	0.	3.1814391177721323e-20	3.4951182274059057e-10	9.464570880626493e-11
412.99999999999994	0.	2.953744807589312e-20	3.4748044698895303e-10	9.435920431937589e-11
414.	0.	2.74214502932685e-20	3.454200778793642e-10	9.40625553820835e-11
415.	0.	2.5453312416938765e-20	3.433316390163203e-10	9.375593571222675e-11
416.	0.	2.3619743409790923e-20	3.4121604996622065e-10	9.34395202765533e-11
417.	0.	2.1918334697304195e-20	3.3907422583601377e-10	9.311348517953678e-11
417.99999999999994	0.	2.033547597645698e-20	3.369070768670693e-10	9.277800755442145e-11
419.	0.	1.8864792496349926e-20	3.3471550804401586e-10	9.243326545647805e-11
419.99999999999994	0.	1.7499793662852972e-20	3.325004187183035e-10	9.207943775846987e-11
421.	0.	1.6230174082298986e-20	3.3026270224636207e-10	9.17167040483472e-11
421.99999999999994	0.	1.5052937156650616e-20	3.280032456419861e-10	9.134524452913071e-11
423.	0.	1.3957582390567972e-20	3.25722929242814e-10	9.096523992100378e-11
424.	0.	1.2940947965551826e-20	3.2342262639063037e-10	9.057687136559479e-11
425.	0.	1.1996090214648316e-20	3.2110320312527214e-10	9.018032033244973e-11
426.	0.	1.1119717987574168e-20	3.187655178918904e-10	8.977576852767754e-11
426.99999999999994	0.	1.0304766346785962e-20	3.1641042126131773e-10	8.93633978047591e-11
428.	0.	9.547838700672743e-21	3.140387556633364e-10	8.894339007751377e-11
428.99999999999994	0.	8.849216779678366e-21	3.1165135513258324e-10	8.851592723520894e-11
430.	0.	8.197979623277084e-21	3.0924904506686807e-10	8.808119105980008e-11
430.99999999999994	0.	7.59433503798741e-21	3.068326419976345e-10	8.763936314528053e-11
432.	0.	7.034739301140357e-21	3.0440295337237313e-10	8.719062481914143e-11
432.99999999999994	0.	6.515622126351939e-21	3.0196077734871245e-10	8.673515706591508e-11
434.	0.	6.0333906940919145e-21	2.9950690259994553e-10	8.627314045278351e-11
435.	0.	5.584433647598458e-21	2.9704210813177927e-10	8.58047550572473e-11
436.	0.	5.172551542682439e-21	2.9456716311006134e-10	8.533018039683016e-11
437.	0.	4.786670695387109e-21	2.9208282669920016e-10	8.484959536079138e-11
437.99999999999994	0.	4.430560681401457e-21	2.895898479111422e-10	8.436317814385527e-11
439.	0.	4.100552696644267e-21	2.8708896546455174e-10	8.38711061819022e-11
439.99999999999994	0.	3.79667490514099e-21	2.8458090765405967e-10	8.337355608963525e-11
441.	0.	3.511546639516587e-21	2.820663922292747e-10	8.287070360017434e-11
441.99999999999994	0.	3.2488826734256375e-21	2.7954612628338446e-10	8.236272350658144e-11
443.	0.	3.00499284130984e-21	2.770208061510467e-10	8.184978960526918e-11
444.	0.	2.7798760818885564e-21	2.744911173154435e-10	8.133207464130479e-11
445.	0.	2.569843658474042e-21	2.7195773432414133e-10	8.08097502555477e-11
446.	0.	2.378560355534914e-21	2.694213207136453e-10	8.028298693363171e-11
446.99999999999994	0.	2.1986640343276393e-21	2.668825289423679e-10	7.975195395675227e-11
448.	0.	2.0338076592116457e-21	2.6434200033180903e-10	7.921681935424195e-11
448.99999999999994	0.	1.8803080073029657e-21	2.618003650156948e-10	7.867774985789908e-11
450.	0.	1.738145936149385e-21	2.5925824189690357e-10	7.813491085806152e-11
450.99999999999994	0.	1.6072958617593701e-21	2.567162386119591e-10	7.758846636139774e-11
452.	0.	1.4840972574244094e-21	2.5417495150281723e-10	7.703857895037494e-11
453.	0.	1.3721568198569933e-21	2.5163496559583203e-10	7.648540974440651e-11
454.	0.	1.2678191598565198e-21	2.490968545876047e-10	7.592911836262918e-11
455.	0.	1.1710611264975384e-21	2.465611808375553e-10	7.536986288829829e-11
455.99999999999994	0.	1.0818554606328608e-21	2.440284953670223e-10	7.480779983477682e-11
457.	0.	1.00017086584023e-21	2.414993378646468e-10	7.424308411308401e-11
457.99999999999994	0.	9.22396898980368e-22	2.3897423669788333e-10	7.367586900098522e-11
459.	0.	8.520894967043994e-22	2.3645370893042986e-10	7.310630611359933e-11
459.99999999999994	0.	7.856515747481432e-22	2.339382603453723e-10	7.253454537548924e-11
461.	0.	7.266133200894498e-22	2.3142838547384743e-10	7.196073499421312e-11
461.99999999999994	0.	6.713923983366657e-22	2.2892456762909433e-10	7.138502143532302e-11
463.	0.	6.199697679186483e-22	2.2642727894563216e-10	7.080754939876671e-11
464.	0.	5.7232449028027575e-22	2.2393698042341509e-10	7.022846179667235e-11
465.	0.	5.284337686273186e-22	2.2145412197680685e-10	6.964789973250039e-11
466.	0.	4.88272987165414e-22	2.189791424881775e-10	6.906600248152686e-11
466.99999999999994	0.	4.48340245022788e-22	2.1651246986593026e-10	6.848290747263104e-11
468.	0.	4.1557083495861157e-22	2.1405452110682354e-10	6.789875027136752e-11
468.99999999999994	0.	3.829968337286144e-22	2.116057023624208e-10	6.731366456430147e-11
470.	0.	3.54063002417913e-22	2.0916640900945227e-10	6.672778214456341e-11
470.99999999999994	0.	3.2531261951455995e-22	2.06737025723991e-10	6.61412328986178e-11
472.	0.	3.001628617018327e-22	2.0431792655925547e-10	6.555414479421196e-11
473.	0.	2.7518161258165366e-22	2.0190947502686633e-10	6.49666438694747e-11
474.	0.	2.537575770478777e-22	1.9951202418144064e-10	6.437885422314944e-11
475.	0.	2.3585361626638354e-22	1.9712591670834944e-10	6.379089800593025e-11
475.99999999999994	0.	2.1807611610241296e-22	1.9475148501448114e-10	6.320289541287374e-11
477.	0.	2.0042868130814952e-22	1.9238905132192507e-10	6.261496467687794e-11
477.99999999999994	0.	1.8291483142865725e-22	1.9003892776433857e-10	6.202722206317387e-11
479.	0.	1.688487606202057e-22	1.8770141648595147e-10	6.143978186483665e-11
479.99999999999994	0.	1.5818830659841485e-22	1.8537680974301858e-10	6.08527563992721e-11
481.	0.	1.4432957531747384e-22	1.8306539000760027e-10	6.026625600566019e-11
481.99999999999994	0.	1.3385056797732843e-22	1.807674300735582e-10	5.968038904333557e-11
483.	0.	1.2345763541427567e-22	1.7848319316460715e-10	5.909526189107231e-11
484.	0.	1.1315266666907827e-22	1.7621293304433046e-10	5.851097894725832e-11
484.99999999999994	0.	1.0293749926486658e-22	1.7395689412801464e-10	5.792764263092914e-11
486.	0.	9.601439920120416e-23	1.7171531159620223e-10	5.734535338364386e-11
486.99999999999994	0.	8.915163506248332e-23	1.694884115098469e-10	5.6764209672178514e-11
488.	0.	8.235037443020017e-23	1.672764109269295e-10	5.61843079920071e-11
488.99999999999994	0.	7.561175059377035e-23	1.6507951802046277e-10	5.5605742871557864e-11
490.	0.	6.893686260843906e-23	1.628979321977691e-10	5.502860687722336e-11
491.	0.	6.232677536655798e-23	1.607318442208871e-10	5.4452990619083016e-11
491.99999999999994	0.	5.888154855319435e-23	1.585814363280787e-10	5.387898275734884e-11
492.99999999999994	0.	5.2386660661388534e-23	1.5644688235627316e-10	5.3306670009484387e-11
494.	0.	4.9023378792019134e-23	1.5432834786436146e-10	5.2736137157982666e-11
495.	0.	4.569317632554342e-23	1.5222599025729337e-10	5.216746705879809e-11
496.	0.	4.239653856806592e-23	1.5013995891082243e-10	5.160074065038666e-11
496.99999999999994	0.	3.913393394440895e-23	1.4807039529685882e-10	5.1036036963355665e-11
497.99999999999994	0.	3.590581406824191e-23	1.460174331093142e-10	5.047343313068839e-11
499.	0.	3.271261381790583e-23	1.4398119839036138e-10	4.991300439852839e-11
500.	0.	2.9554751417791784e-23	1.4196180965704926e-10	4.935482413751083e-11
500.99999999999994	0.	2.6432628525117528e-23	1.3995937802815657e-10	4.879896385460813e-11
501.99999999999994	0.	2.6264959112210866e-23	1.3797400735123253e-10	4.8245493205480864e-11
503.	0.	2.3196714985638242e-23	1.3600579432974774e-10	4.7694480007312794e-11
504.	0.	2.016521141222089e-23	1.340548286502833e-10	4.7145990252111046e-11
505.	0.	2.0032586865585295e-23	1.3212119310966276e-10	4.660008812044753e-11
505.99999999999994	0.	1.7056525492554297e-23	1.302049637420151e-10	4.605683599563977e-11
506.99999999999994	0.	1.6941700832037594e-23	1.283062099456441e-10	4.551629447833308e-11
508.	0.	1.4021948554269516e-23	1.2642499460967783e-10	4.4978522401482175e-11
509.	0.	1.392538428480074e-23	1.2456137424041693e-10	4.444357684570573e-11
509.99999999999994	0.	1.3828410544242607e-23	1.2271539908735193e-10	4.3911513155006727e-11
510.99999999999994	0.	1.0984837218364334e-23	1.2088711326874477e-10	4.3382384952828975e-11
512.	0.	1.0906649018044878e-23	1.1907655489677404e-10	4.285624415844749e-11
513.	0.	1.0828178962287224e-23	1.1728375620214767e-10	4.2333141003666014e-11
514.	0.	8.06208154734723e-24	1.1550874365815988e-10	4.181312404981258e-11
514.9999999999999	0.	8.002839910875324e-24	1.1375153810412881e-10	4.129624020501566e-11
516.	0.	7.943420392496535e-24	1.1201215486817501e-10	4.078253474174503e-11
517.	0.	7.883833980545904e-24	1.10290603889287e-10	4.027205131460124e-11
518.	0.	7.824091569939912e-24	1.0858688983864836e-10	3.976483197834716e-11
518.9999999999999	0.	5.176135973782086e-24	1.069010122401683e-10	3.9260917206157715e-11
520.	0.	5.136121237578269e-24	1.0523296559016858e-10	3.8760345908073825e-11
521.	0.	5.0960239085841994e-24	1.0358273947622987e-10	3.826315544966235e-11
522.	0.	5.0558509912932e-24	1.019503186951089e-10	3.776938167084691e-11
523.	0.	5.0156094232609004e-24	1.003356833697175e-10	3.727905890490849e-11
524.	0.	4.975306074278416e-24	9.873880906515221e-11	3.679221999765006e-11
525.	0.	2.4674738727887923e-24	9.71596669036825e-11	3.630889632669022e-11
526.	0.	2.4472705845357474e-24	9.559822367874432e-11	3.582911782090199e-11
527.	0.	2.4270465033133227e-24	9.405444196784207e-11	3.5352912979959825e-11
527.9999999999999	0.	2.406804924684311e-24	9.252828024437921e-11	3.4880308894000434e-11
529.	0.	2.3865491085097476e-24	9.101969298836344e-11	3.4411331263375425e-11
530.	0.	2.3662822786338123e-24	8.952863079598665e-11	3.394600441849267e-11
531.	0.	2.3460076225839634e-24	8.805504048802128e-11	3.348435133972442e-11
532.	0.	2.325728291287462e-24	8.659886521707115e-11	3.302639367739105e-11
533.	0.	2.305447398802275e-24	8.516004457358222e-11	3.257215177178435e-11
534.	0.	2.2851680220637745e-24	8.373851469065923e-11	3.212164467324288e-11
535.	0.	2.2648932006460456e-24	8.233420834763186e-11	3.167489016225649e-11
536.	0.	2.244625936537955e-24	8.094705507237213e-11	3.123190476959511e-11
536.9999999999999	0.	2.2243691939339147e-24	7.957698124234477e-11	3.079270379645393e-11
538.	0.	2.2041258990387686e-24	7.822391018437433e-11	3.035730133460164e-11
539.	0.	0.	7.688776227310485e-11	2.992571028652247e-11
540.	0.	0.	7.556845502818473e-11	2.94979423855562e-11
540.9999999999999	0.	0.	7.426590321009118e-11	2.9074008216002048e-11
542.	0.	0.	7.298001891466917e-11	2.865391723320998e-11
543.	0.	0.	7.171071166631194e-11	2.823767778362516e-11
544.	0.	0.	7.045788850980771e-11	2.7825297124793012e-11
545.	0.	0.	6.92214541008361e-11	2.7416781445311135e-11
545.9999999999999	0.	0.	6.80013107951094e-11	2.7012135884722838e-11
547.	0.	0.	6.679735873616275e-11	2.6611364553347177e-11
548.	0.	0.	6.560949594177239e-11	2.621447055203384e-11
549.	0.	0.	6.44376183890153e-11	2.5821455991842097e-11
549.9999999999999	0.	0.	6.328162009796152e-11	2.5432322013632805e-11
551.	0.	0.	6.214139321399642e-11	2.504706880757065e-11
552.	0.	0.	6.101682808877431e-11	2.4665695632528923e-11
553.	0.	0.	5.99078133598055e-11	2.4288200835391613e-11
554.	0.	0.	5.8814236028676e-11	2.391458187024855e-11
554.9999999999999	0.	0.	5.773598153790005e-11	2.3544835317476032e-11
556.	0.	0.	5.667293384640903e-11	2.3178956902699184e-11
557.	0.	0.	5.5624975503683956e-11	2.2816941515632583e-11
558.	0.	0.	5.459198772252841e-11	2.2458783228791596e-11
558.9999999999999	0.	0.	5.357385045048808e-11	2.2104475316071514e-11
560.	0.	0.	5.2570442439924986e-11	2.175401027118978e-11
561.	0.	0.	5.1581641316751304e-11	2.140737982598899e-11
562.	0.	0.	5.0607323647824196e-11	2.1064574968593504e-11
563.	0.	0.	4.9647365007008206e-11	2.0725585961416254e-11
563.9999999999999	0.	0.	4.870164003992485e-11	2.0390402359017537e-11
565.	0.	0.	4.7770022527377646e-11	2.005901302580427e-11
566.	0.	0.	4.68523854474724e-11	1.973140615357142e-11
567.	0.	0.	4.5948601036440544e-11	1.9407569278882047e-11
567.9999999999999	0.	0.	4.5058540848169533e-11	1.9087489300281432e-11
569.	0.	0.	4.418207581245571e-11	1.8771152495344508e-11
570.	0.	0.	4.331907629197778e-11	1.8458544537549983e-11
571.	0.	0.	4.246941213802157e-11	1.8149650512986498e-11
572.	0.	0.	4.163295274493973e-11	1.784445493687754e-11
572.9999999999999	0.	0.	4.0809567103378314e-11	1.7542941769932657e-11
574.	0.	0.	3.999912385227215e-11	1.7245094434517562e-11
575.	0.	0.	3.920149132962142e-11	1.6950895830643284e-11
576.	0.	0.	3.841653762205549e-11	1.6660328351769056e-11
576.9999999999999	0.	0.	3.76441306132141e-11	1.6373373900425736e-11
578.	0.	0.	3.6884138030924946e-11	1.6090013903644346e-11
579.	0.	0.	3.613642749323511e-11	1.5810229328206056e-11
580.	0.	0.	3.5400866553256106e-11	1.553400069569243e-11
581.	0.	0.	3.467732274288358e-11	1.5261308097352906e-11
582.	0.	0.	3.396566361537616e-11	1.499213120877761e-11
583.	0.	0.	3.3265756786807023e-11	1.4726449304374948e-11
584.	0.	0.	3.257746997642189e-11	1.4464241271660613e-11
585.	0.	0.	3.1900671045889325e-11	1.4205485625347304e-11
585.9999999999999	0.	0.	3.123522803747892e-11	1.3950160521242139e-11
587.	0.	0.	3.058100921117011e-11	1.369824376994788e-11
588.	0.	0.	2.9937883080705035e-11	1.3449712850367186e-11
589.	0.	0.	2.9305718448606416e-11	1.3204544923011882e-11
589.9999999999999	0.	0.	2.868438444016734e-11	1.2962716843114383e-11
591.	0.	0.	2.8073750536429457e-11	1.2724205173542995e-11
592.	0.	0.	2.747368660616233e-11	1.2488986197518697e-11
593.	0.	0.	2.6884062936863977e-11	1.225703593113767e-11
594.	0.	0.	2.6304750264789023e-11	1.2028330135695021e-11
594.9999999999999	0.	0.	2.573561980401911e-11	1.1802844329811237e-11
596.	0.	0.	2.5176543274599728e-11	1.1580553801364391e-11
597.	0.	0.	2.4627392929744753e-11	1.1361433619224398e-11
598.	0.	0.	2.4088041582133327e-11	1.1145458644792911e-11
598.9999999999999	0.	0.	2.3558362629302927e-11	1.0932603543345482e-11
600.	0.	0.	2.303823007816851e-11	1.0722842795183173e-11
601.	0.	0.	2.2527518568663608e-11	1.0516150706585956e-11
602.	0.	0.	2.202610339653436e-11	1.0312501420575886e-11
603.	0.	0.	2.1533860535283458e-11	1.0111868927483686e-11
603.9999999999999	0.	0.	2.1050666657301122e-11	9.914227075328577e-12
605.	0.	0.	2.0576399154174563e-11	9.719549580003348e-12
606.	0.	0.	2.011093615620078e-11	9.527810035269538e-12
607.	0.	0.	1.9654156551122282e-11	9.33898192256597e-12
607.9999999999999	0.	0.	1.9205940002086692e-11	9.153038620626476e-12
609.	0.	0.	1.8766166964853685e-11	8.969953414911665e-12
610.	0.	0.	1.8334718704261473e-11	8.78969950685479e-12
611.	0.	0.	1.79114773099655e-11	8.612250022923165e-12
612.	0.	0.	1.7496325711466054e-11	8.4375780234965e-12
612.9999999999999	0.	0.	1.7089147692426436e-11	8.265656511559044e-12
614.	0.	0.	1.6689827904322245e-11	8.096458441218136e-12
615.	0.	0.	1.629825187940103e-11	7.929956726035551e-12
616.	0.	0.	1.5914306042995657e-11	7.766124247185991e-12
616.9999999999999	0.	0.	1.5537877725184155e-11	7.604933861435399e-12
618.	0.	0.	1.5168855171822185e-11	7.446358408945537e-12
619.	0.	0.	1.480712755495454e-11	7.290370720904354e-12
620.	0.	0.	1.4452584982622874e-11	7.136943626984298e-12
621.	0.	0.	1.410511850807712e-11	6.986049962628476e-12
621.9999999999999	0.	0.	1.3764620138410128e-11	6.837662576168827e-12
623.	0.	0.	1.3430982842624461e-11	6.691754335776383e-12
624.	0.	0.	1.3104100559144812e-11	6.548298136245467e-12
625.	0.	0.	1.2783868202785513e-11	6.407266905611976e-12
625.9999999999999	0.	0.	1.2470181671195545e-11	6.2686336116127185e-12
627.	0.	0.	1.2162937850777107e-11	6.1323712679786595e-12
628.	0.	0.	1.1862034622107017e-11	5.998452940573261e-12
629.	0.	0.	1.1567370864860351e-11	5.866851753370727e-12
629.9999999999999	0.	0.	1.1278846462254725e-11	5.737540894279176e-12
630.9999999999999	0.	0.	1.0996362305023154e-11	5.610493620809163e-12
632.	0.	0.	1.071982029493347e-11	5.485683265591783e-12
633.	0.	0.	1.0449123347854978e-11	5.363083241743129e-12
634.	0.	0.	1.0184175396394301e-11	5.242667048082387e-12
634.9999999999999	0.	0.	9.92488139210899e-12	5.124408274203654e-12
636.	0.	0.	9.671147307302294e-12	5.0082806053997285e-12
637.	0.	0.	9.422880136420743e-12	4.894257827445278e-12
638.	0.	0.	9.179987897058889e-12	4.782313831237415e-12
638.9999999999999	0.	0.	8.942379630585673e-12	4.672422617298119e-12
640.	0.	0.	8.709965402394994e-12	4.5645583001360505e-12
641.	0.	0.	8.482656301805929e-12	4.4586951124772864e-12
642.	0.	0.	8.260364441602157e-12	4.35480740935649e-12
643.	0.	0.	8.043002957240585e-12	4.252869672080199e-12
643.9999999999999	0.	0.	7.830486005727644e-12	4.1528565120590325e-12
645.	0.	0.	7.622728764173714e-12	4.05474267451023e-12
646.	0.	0.	7.419647428039602e-12	3.958503042034899e-12
647.	0.	0.	7.221159209080823e-12	3.864112638070405e-12
647.9999999999999	0.	0.	7.027182333003102e-12	3.7715466302210676e-12
649.	0.	0.	6.837636036829143e-12	3.680780333465287e-12
650.	0.	0.	6.652440565999236e-12	3.5917892132468576e-12
651.	0.	0.	6.471517171202246e-12	3.504548888447156e-12
652.	0.	0.	6.294788104953637e-12	3.419035134243459e-12
652.9999999999999	0.	0.	6.122176617923999e-12	3.3352238848525174e-12
654.	0.	0.	5.953606955029561e-12	3.253091236163434e-12
655.	0.	0.	5.789004351293781e-12	3.172613448261656e-12
656.	0.	0.	5.6282950274829915e-12	3.0937669478431883e-12
656.9999999999999	0.	0.	5.471406185529603e-12	3.0165283305242325e-12
658.	0.	0.	5.318266003748665e-12	2.940874363046527e-12
659.	0.	0.	5.168803631855215e-12	2.8667819853801138e-12
660.	0.	0.	5.022949185789344e-12	2.7942283127255135e-12
661.	0.	0.	4.8806337423582374e-12	2.7231906374173205e-12
661.9999999999999	0.	0.	4.741789333700169e-12	2.653646430730507e-12
663.	0.	0.	4.606348941580505e-12	2.5855733445922314e-12
664.	0.	0.	4.474246491524072e-12	2.5189492131999073e-12
665.	0.	0.	4.345416846791197e-12	2.453752054547287e-12
665.9999999999999	0.	0.	4.2197958022055804e-12	2.389960071861227e-12
667.	0.	0.	4.097320077838158e-12	2.32755165494945e-12
668.	0.	0.	3.977927312558517e-12	2.2665053814638974e-12
669.	0.	0.	3.861556057450525e-12	2.2068000180760753e-12
670.	0.	0.	3.748145769110109e-12	2.1484145215725855e-12
670.9999999999999	0.	0.	3.637636802822428e-12	2.0913280398676072e-12
672.	0.	0.	3.529970405628002e-12	2.0355199129359643e-12
673.	0.	0.	3.4250887092822516e-12	1.980969673667879e-12
674.	0.	0.	3.322934723117915e-12	1.9276570486491416e-12
674.9999999999999	0.	0.	3.22345232680743e-12	1.8755619588632355e-12
676.	0.	0.	3.1265862630419432e-12	1.824664520323987e-12
677.	0.	0.	3.0322821301215438e-12	1.7749450446336627e-12
678.	0.	0.	2.940486374470462e-12	1.726384039473475e-12
678.9999999999999	0.	0.	2.8511462830754047e-12	1.6789622090237363e-12
679.9999999999999	0.	0.	2.7642099758566194e-12	1.6326604543182191e-12
681.	0.	0.	2.679626397976555e-12	1.5874598735340218e-12
682.	0.	0.	2.597345312084566e-12	1.5433417622150078e-12
683.	0.	0.	2.5173172905123806e-12	1.5002876134361927e-12
683.9999999999999	0.	0.	2.4394937074155985e-12	1.4582791179050988e-12
685.	0.	0.	2.3638267308703414e-12	1.4172981640045214e-12
686.	0.	0.	2.2902693149283285e-12	1.3773268377773343e-12
687.	0.	0.	2.218775191634843e-12	1.3383474228552594e-12
687.9999999999999	0.	0.	2.1492988630123825e-12	1.300342400331998e-12
688.9999999999999	0.	0.	2.0817955930151506e-12	1.263294448583141e-12
690.	0.	0.	2.0162213994575307e-12	1.2271864430335563e-12
691.	0.	0.	1.9525330459215675e-12	1.1920014558746496e-12
692.	0.	0.	1.8906880336440624e-12	1.1577227557309428e-12
692.9999999999999	0.	0.	1.8306445933903202e-12	1.1243338072792791e-12
694.	0.	0.	1.7723616773165273e-12	1.0918182708215243e-12
695.	0.	0.	1.7157989508224676e-12	1.0601600018104685e-12
696.	0.	0.	1.660916784400646e-12	1.0293430503325731e-12
696.9999999999999	0.	0.	1.6076762454831921e-12	9.993516605472674e-13
698.	0.	0.	1.5560390902895957e-12	9.701702700843922e-13
699.	0.	0.	1.505967755679068e-12	9.417835094012577e-13
700.	0.	0.	1.4574253510100093e-12	9.14176201100476e-13
701.	0.	0.	1.4103756500085398e-12	8.873333592092789e-13
701.9999999999999	0.	0.	1.3647830826502097e-12	8.612401884222204e-13
703.	0.	0.	1.3206127270571305e-12	8.358820833083511e-13
704.	0.	0.	1.2778303014107864e-12	8.112446274824896e-13
705.	0.	0.	1.2364021558870992e-12	7.873135927444933e-13
705.9999999999999	0.	0.	1.1962952646127184e-12	7.640749381851836e-13
707.	0.	0.	1.1574772176465074e-12	7.415148092614432e-13
708.	0.	0.	1.1199162129865488e-12	7.196195368401503e-13
709.	0.	0.	1.083581048608745e-12	6.983756362145741e-13
710.	0.	0.	1.0484411145323512e-12	6.777698060899786e-13
710.9999999999999	0.	0.	1.0144663849231964e-12	6.577889275451458e-13
712.	0.	0.	9.816274102283793e-13	6.384200629655233e-13
713.	0.	0.	9.498953093485444e-13	6.196504549517229e-13
714.	0.	0.	9.192417618493223e-13	6.014675252044037e-13
714.9999999999999	0.	0.	8.896390002125255e-13	5.838588733855335e-13
716.	0.	0.	8.61059802127682e-13	5.668122759564634e-13
717.	0.	0.	8.334774828303837e-13	5.503156849968459e-13
718.	0.	0.	8.068658874813164e-13	5.343572270004078e-13
719.	0.	0.	7.811993835951346e-13	5.189252016533704e-13
719.9999999999999	0.	0.	7.564528535136965e-13	5.040080805921071e-13
721.	0.	0.	7.326016869315792e-13	4.895945061449911e-13
722.	0.	0.	7.096217734692353e-13	4.756732900556139e-13
723.	0.	0.	6.87489495298651e-13	4.622334121904439e-13
723.9999999999999	0.	0.	6.661817198214293e-13	4.492640192310304e-13
725.	0.	0.	6.456757924003974e-13	4.367544233514894e-13
726.	0.	0.	6.259495291459436e-13	4.246941008822277e-13
727.	0.	0.	6.069812097582366e-13	4.13072690960713e-13
727.9999999999999	0.	0.	5.887495704250441e-13	4.018799941692346e-13
728.9999999999999	0.	0.	5.712337967783898e-13	3.9110597116205577e-13
730.	0.	0.	5.544135169089004e-13	3.8074074128116983e-13
731.	0.	0.	5.382687944381531e-13	3.707745811612345e-13
732.	0.	0.	5.227801216529469e-13	3.6119792332635713e-13
732.9999999999999	0.	0.	5.079284126980877e-13	3.5200135477677506e-13
734.	0.	0.	4.936949968317109e-13	3.4317561556821676e-13
735.	0.	0.	4.800616117413537e-13	3.347115973830937e-13
736.	0.	0.	4.670103969228599e-13	3.2660034209515495e-13
736.9999999999999	0.	0.	4.545238871217425e-13	3.1883304032753154e-13
737.9999999999999	0.	0.	4.425850058387208e-13	3.114010300057326e-13
739.	0.	0.	4.3117705889753024e-13	3.0429579490447627e-13
740.	0.	0.	4.202837280780732e-13	2.9750896319081397e-13
741.	0.	0.	4.098890648137894e-13	2.9103230596307964e-13
741.9999999999999	0.	0.	3.9997748395322886e-13	2.8485773578593406e-13
743.	0.	0.	3.905337575883134e-13	2.789773052236035e-13
744.	0.	0.	3.815430089456381e-13	2.7338320536905237e-13
745.	0.	0.	3.7299070634581983e-13	2.6806776437301853e-13
745.9999999999999	0.	0.	3.6486265722667855e-13	2.6302344597024944e-13
746.9999999999999	0.	0.	3.5714500223379093e-13	2.5824284800577346e-13
748.	0.	0.	3.498242093765569e-13	2.537187009603869e-13
749.	0.	0.	3.4288706825053835e-13	2.49443866476134e-13
750.	0.	0.	3.363206843254927e-13	2.4541133588185057e-13
750.9999999999999	0.	0.	3.3011247330143445e-13	2.4161422872083836e-13
752.	0.	0.	3.24250155529108e-13	2.380457912784227e-13
753.	0.	0.	3.1872175049796195e-13	2.3469939511209753e-13
754.	0.	0.	3.1351557139008933e-13	2.3156853558351865e-13
754.9999999999999	0.	0.	3.086202197008416e-13	2.286468303933474e-13
756.	0.	0.	3.040245799243708e-13	2.2592801811804123e-13
757.	0.	0.	2.9971781430747164e-13	2.234059567515399e-13
758.	0.	0.	2.9568935766697625e-13	2.2107462224878338e-13
759.	0.	0.	2.919289122746446e-13	2.189281070744704e-13
759.9999999999999	0.	0.	2.884264428071281e-13	2.1696061875564612e-13
761.	0.	0.	2.851721713611543e-13	2.1516647843876163e-13
762.	0.	0.	2.8215657253461916e-13	2.1354011945214703e-13
763.	0.	0.	2.793703685720153e-13	2.120760858731933e-13
763.9999999999999	0.	0.	2.768045245750636e-13	2.1076903110140144e-13
765.	0.	0.	2.7445024377788806e-13	2.0961371643727064e-13
766.	0.	0.	2.7229896288629437e-13	2.086050096671202e-13
767.	0.	0.	2.7034234748114257e-13	2.077378836544522e-13
768.	0.	0.	2.6857228748524983e-13	2.0700741493778668e-13
768.9999999999999	0.	0.	2.669808926936918e-13	2.0640878233546034e-13
770.	0.	0.	2.655604883674505e-13	2.0593726555775378e-13
771.	0.	0.	2.643036108886468e-13	2.055882438256205e-13
772.	0.	0.	2.6320300347991935e-13	2.0535719449836752e-13
772.9999999999999	0.	0.	2.6225161198355873e-13	2.0523969170747212e-13
774.	0.	0.	2.6144258070360603e-13	2.0523140499952577e-13
775.	0.	0.	2.607692483092559e-13	2.0532809798748687e-13
776.	0.	0.	2.6022514379731057e-13	2.0552562700903976e-13
776.9999999999999	0.	0.	2.5980398251714395e-13	2.058199397952356e-13
777.9999999999999	0.	0.	2.594996622537049e-13	2.0620707414647274e-13
779.	0.	0.	2.5930625937113783e-13	2.066831566183002e-13
780.	0.	0.	2.592180250146887e-13	2.072444012157696e-13
781.	0.	0.	2.592293813713612e-13	2.0788710809716666e-13
781.9999999999999	0.	0.	2.5933491798896665e-13	2.086076622874441e-13
783.	0.	0.	2.5952938815205027e-13	2.0940253240053845e-13
784.	0.	0.	2.5980770531564206e-13	2.1026826937196937e-13
785.	0.	0.	2.6016493959527176e-13	2.1120150520089558e-13
785.9999999999999	0.	0.	2.605963143129375e-13	2.121989517019418e-13
786.9999999999999	0.	0.	2.610972025991836e-13	2.1325739926745178e-13
788.	0.	0.	2.6166312404996045e-13	2.143737156395227e-13
789.	0.	0.	2.622897414382767e-13	2.1554484469248845e-13
790.	0.	0.	2.629728574796053e-13	2.167678052253614e-13
790.9999999999999	0.	0.	2.637084116514645e-13	2.1803968976524215e-13
792.	0.	0.	2.64492477065496e-13	2.1935766338069413e-13
793.	0.	0.	2.6532125739247824e-13	2.2071896250607072e-13
794.	0.	0.	2.661910838389548e-13	2.221208937761424e-13
794.9999999999999	0.	0.	2.6709841217592896e-13	2.2356083287195453e-13
795.9999999999999	0.	0.	2.6803981981761217e-13	2.250362233767146e-13
797.	0.	0.	2.690120029516105e-13	2.2654457564339314e-13
798.	0.	0.	2.70011773717927e-13	2.2808346567234453e-13
799.	0.	0.	2.7103605743807983e-13	2.296505340005312e-13
799.9999999999999	0.	0.	2.720818898927442e-13	2.312434846015404e-13
801.	0.	0.	2.731464146472526e-13	2.32860083796303e-13
802.	0.	0.	2.742268804252424e-13	2.344981591752637e-13
803.	0.	0.	2.753206385293446e-13	2.3615559853156217e-13
803.9999999999999	0.	0.	2.7642514030823353e-13	2.378303488051549e-13
804.9999999999999	0.	0.	2.775379346697813e-13	2.395204150381274e-13
806.	0.	0.	2.78656665640016e-13	2.412238593413763e-13
807.	0.	0.	2.79779069966267e-13	2.429387998719105e-13
808.	0.	0.	2.809029747656403e-13	2.446634098220671e-13
808.9999999999999	0.	0.	2.8202629521661333e-13	2.46395916419315e-13
810.	0.	0.	2.8314703229408436e-13	2.4813459993735243e-13
811.	0.	0.	2.8426327054745894e-13	2.4987779271867827e-13
812.	0.	0.	2.853731759204224e-13	2.516238782078657e-13
812.9999999999999	0.	0.	2.864749936128367e-13	2.533712899964616e-13
814.	0.	0.	2.875670459834466e-13	2.551185108786336e-13
815.	0.	0.	2.8864773049320425e-13	2.568640719182284e-13
816.	0.	0.	2.8971551768887575e-13	2.5860655152694817e-13
816.9999999999999	0.	0.	2.907689492255677e-13	2.603445745532824e-13
817.9999999999999	0.	0.	2.9180663592888036e-13	2.6207681138299447e-13
819.	0.	0.	2.928272558949258e-13	2.6380197705028097e-13
820.	0.	0.	2.938295526285518e-13	2.6551883036010355e-13
821.	0.	0.	2.9481233321893216e-13	2.6722617302162175e-13
821.9999999999999	0.	0.	2.9577446655165813e-13	2.689228487921836e-13
823.	0.	0.	2.9671488155753423e-13	2.70607742632679e-13
824.	0.	0.	2.97632565496984e-13	2.7227977987349144e-13
825.	0.	0.	2.985265622797163e-13	2.7393792539139386e-13
825.9999999999999	0.	0.	2.9939597081920564e-13	2.755811827971832e-13
826.9999999999999	0.	0.	3.0023994342132527e-13	2.772085936339925e-13
828.	0.	0.	3.0105768420685313e-13	2.7881923658646427e-13
829.	0.	0.	3.0184844756711423e-13	2.8041222670039686e-13
830.	0.	0.	3.026115366525011e-13	2.8198671461316976e-13
830.9999999999999	0.	0.	3.033463018928064e-13	2.8354188579431157e-13
832.	0.	0.	3.0405213955002056e-13	2.850769597971437e-13
833.	0.	0.	3.0472849030166386e-13	2.865911895202459e-13
834.	0.	0.	3.0537483785539787e-13	2.880838604797615e-13
834.9999999999999	0.	0.	3.059907075935416e-13	2.8955429009158025e-13
835.9999999999999	0.	0.	3.065756652477662e-13	2.9100182696417284e-13
837.	0.	0.	3.071293156027539e-13	2.9242585020121226e-13
838.	0.	0.	3.076513012289871e-13	2.938257687145582e-13
839.	0.	0.	3.08141301243912e-13	2.952010205472585e-13
839.9999999999999	0.	0.	3.085990301008353e-13	2.965510722063461e-13
841.	0.	0.	3.0902423640554645e-13	2.9787541800571937e-13
842.	0.	0.	3.094167017597128e-13	2.991735794187396e-13
843.	0.	0.	3.0977623963121925e-13	3.004451044407454e-13
843.9999999999999	0.	0.	3.101026942501527e-13	3.016895669609687e-13
844.9999999999999	0.	0.	3.1039593953094307e-13	3.029065661443821e-13
846.	0.	0.	3.1065587801936974e-13	3.040957258227791e-13
847.	0.	0.	3.108824398647207e-13	3.0525669389564267e-13
848.	0.	0.	3.110755818161764e-13	3.0638914174010346e-13
848.9999999999999	0.	0.	3.1123528624299147e-13	3.074927636302595e-13
850.	0.	0.	3.1136156017876363e-13	3.085672761659509e-13
851.	0.	0.	3.11454434388211e-13	3.0961241771038494e-13
852.	0.	0.	3.115139624571551e-13	3.1062794783699135e-13
852.9999999999999	0.	0.	3.115402199045614e-13	3.1161364678518013e-13
853.9999999999999	0.	0.	3.1153330331669146e-13	3.125693149251682e-13
855.	0.	0.	3.114933295025529e-13	3.1349477223131404e-13
856.	0.	0.	3.1142043467083773e-13	3.1438985776462667e-13
857.	0.	0.	3.113147736272424e-13	3.152544291634978e-13
857.9999999999999	0.	0.	3.111765189925174e-13	3.1608836214336023e-13
859.	0.	0.	3.1100586044013816e-13	3.1689155000455723e-13
860.	0.	0.	3.108030039539814e-13	3.176639031488455e-13
861.	0.	0.	3.105681711049359e-13	3.184053486040737e-13
861.9999999999999	0.	0.	3.103015983466981e-13	3.1911582955717414e-13
863.	0.	0.	3.100035363298282e-13	3.1979530489528124e-13
864.	0.	0.	3.09674249234237e-13	3.204437487549504e-13
865.	0.	0.	3.093140141193427e-13	3.210611500792849e-13
865.9999999999999	0.	0.	3.089231202917163e-13	3.2164751218305374e-13
866.9999999999999	0.	0.	3.0850186869000716e-13	3.222028523255684e-13
868.	0.	0.	3.0805057128661166e-13	3.22727201291318e-13
869.	0.	0.	3.0756955050572064e-13	3.23220602978217e-13
870.	0.	0.	3.0705913865773556e-13	3.2368311399341307e-13
870.9999999999999	0.	0.	3.0651967738927495e-13	3.2411480325660963e-13
872.	0.	0.	3.0595151714892744e-13	3.245157516107094e-13
873.	0.	0.	3.0535501666807473e-13	3.2488605143985163e-13
874.	0.	0.	3.047305424566256e-13	3.252258062945181e-13
874.9999999999999	0.	0.	3.040784683133202e-13	3.2553513052393264e-13
875.9999999999999	0.	0.	3.0339917485036596e-13	3.2581414891537984e-13
877.	0.	0.	3.026930490321094e-13	3.2606299634054943e-13
878.	0.	0.	3.019604837273209e-13	3.262818174087668e-13
879.	0.	0.	3.0120187727491177e-13	3.2647076612693925e-13
879.9999999999999	0.	0.	3.00417633062789e-13	3.266300055662803e-13
881.	0.	0.	2.996081591196387e-13	3.2675970753563673e-13
882.	0.	0.	2.9877386771914273e-13	3.2686005226131274e-13
883.	0.	0.	2.97915174996697e-13	3.269312280734304e-13
883.9999999999999	0.	0.	2.9703250057792826e-13	3.2697343109858155e-13
884.9999999999999	0.	0.	2.9612626721927535e-13	3.2698686495880614e-13
886.	0.	0.	2.9519690045981465e-13	3.2697174047677656e-13
887.	0.	0.	2.9424482828457586e-13	3.269282753870974e-13
888.	0.	0.	2.932704807987419e-13	3.2685669405362985e-13
888.9999999999999	0.	0.	2.922742899127133e-13	3.267572271928449e-13
890.	0.	0.	2.912566890376407e-13	3.266301116028991e-13
891.	0.	0.	2.9021811279123636e-13	3.2647558989873645e-13
892.	0.	0.	2.8915899671378867e-13	3.2629391025274253e-13
892.9999999999999	0.	0.	2.880797769937814e-13	3.2608532614099297e-13
893.9999999999999	0.	0.	2.8698089020330936e-13	3.258500960952717e-13
895.	0.	0.	2.8586277304284093e-13	3.2558848346040114e-13
896.	0.	0.	2.8472586209496637e-13	3.2530075615692716e-13
897.	0.	0.	2.835705935874529e-13	3.249871864493834e-13
897.9999999999999	0.	0.	2.823974031646088e-13	3.2464805071949347e-13
899.	0.	0.	2.812067256675119e-13	3.2428362924472036e-13
900.	0.	0.	2.7999899492241875e-13	3.238942059819249e-13
901.	0.	0.	2.787746435372985e-13	3.2348006835589826e-13
901.9999999999999	0.	0.	2.775341027063228e-13	3.2304150705301574e-13
902.9999999999999	0.	0.	2.762778020220614e-13	3.225788158195814e-13
904.	0.	0.	2.7500616929528016e-13	3.2209229126512496e-13
905.	0.	0.	2.7371963038204006e-13	3.2158223267031183e-13
906.	0.	0.	2.724186090179278e-13	3.2104894179950996e-13
906.9999999999999	0.	0.	2.7110352665944855e-13	3.2049272271800477e-13
908.	0.	0.	2.697748023319749e-13	3.1991388161361456e-13
909.	0.	0.	2.6843285248462915e-13	3.1931272662281965e-13
910.	0.	0.	2.6707809085136644e-13	3.1868956766120765e-13
910.9999999999999	0.	0.	2.6571092831864e-13	3.1804471625821935e-13
911.9999999999999	0.	0.	2.643317727988579e-13	3.173784853961228e-13
913.	0.	0.	2.629410291101694e-13	3.166911893531224e-13
914.	0.	0.	2.615390988619287e-13	3.159831435505933e-13
914.9999999999999	0.	0.	2.6012638034566344e-13	3.152546644042457e-13
915.9999999999999	0.	0.	2.587032684318936e-13	3.145060691793751e-13
917.	0.	0.	2.572701544720354e-13	3.137376758498309e-13
918.	0.	0.	2.558274262056718e-13	3.129498029609826e-13
919.	0.	0.	2.543754676727517e-13	3.121427694962532e-13
919.9999999999999	0.	0.	2.5291465913100206e-13	3.1131689474751707e-13
921.	0.	0.	2.514453769778211e-13	3.104724981889831e-13
922.	0.	0.	2.4996799367699863e-13	3.096098993547312e-13
923.	0.	0.	2.4848287769002423e-13	3.08729417719691e-13
923.9999999999999	0.	0.	2.469903934116388e-13	3.0783137258410446e-13
924.9999999999999	0.	0.	2.4549090110973106e-13	3.06916082961346e-13
926.	0.	0.	2.439847568695365e-13	3.0598386746905674e-13
927.	0.	0.	2.424723125415337e-13	3.050350442234995e-13
928.	0.	0.	2.4095391569355374e-13	3.0406993073723183e-13
928.9999999999999	0.	0.	2.394299095665682e-13	3.030888438197518e-13
930.	0.	0.	2.3790063303404793e-13	3.020920994813708e-13
931.	0.	0.	2.363664205652472e-13	3.010800128400567e-13
932.	0.	0.	2.348276021913757e-13	3.000528980311589e-13
932.9999999999999	0.	0.	2.3328450347569244e-13	2.9901106812026985e-13
933.9999999999999	0.	0.	2.3173744548644196e-13	2.979548350186631e-13
935.	0.	0.	2.3018674477319474e-13	2.96884509401765e-13
936.	0.	0.	2.286327133460318e-13	2.95800400630286e-13
937.	0.	0.	2.2707565865783213e-13	2.9470281667399387e-13
937.9999999999999	0.	0.	2.255158835892217e-13	2.9359206403822565e-13
939.	0.	0.	2.2395368643656027e-13	2.9246844769297795e-13
940.	0.	0.	2.2238936090225456e-13	2.9133227100445943e-13
941.	0.	0.	2.2082319608797242e-13	2.901838356692223e-13
941.9999999999999	0.	0.	2.1925547649001432e-13	2.8902344165071646e-13
942.9999999999999	0.	0.	2.1768648199733592e-13	2.878513871181806e-13
944.	0.	0.	2.1611648789187213e-13	2.866679683879437e-13
945.	0.	0.	2.145457648508523e-13	2.8547347986699333e-13
946.	0.	0.	2.129745789515643e-13	2.8426821399876457e-13
946.9999999999999	0.	0.	2.1140319167803312e-13	2.830524612112174e-13
948.	0.	0.	2.0983185992974447e-13	2.8182650986695696e-13
949.	0.	0.	2.0826083603225769e-13	2.8059064621552166e-13
950.	0.	0.	2.066903677497328e-13	2.793451543477629e-13
950.9999999999999	0.	0.	2.0512069829911293e-13	2.780903161521671e-13
951.9999999999999	0.	0.	2.0355206636622023e-13	2.768264112732603e-13
953.	0.	0.	2.0198470612336458e-13	2.755537170718336e-13
954.	0.	0.	2.0041884724847854e-13	2.742725085871406e-13
954.9999999999999	0.	0.	1.9885471494582174e-13	2.729830585009135e-13
955.9999999999999	0.	0.	1.9729252996831427e-13	2.7168563710319674e-13
957.	0.	0.	1.9573250864092264e-13	2.7038051225994667e-13
958.	0.	0.	1.9417486288562712e-13	2.6906794938233465e-13
959.	0.	0.	1.9261980024760842e-13	2.67748211397803e-13
959.9999999999999	0.	0.	1.9106752392253227e-13	2.664215587227074e-13
960.9999999999999	0.	0.	1.895182327852258e-13	2.6508824923658917e-13
962.	0.	0.	1.8797212141920442e-13	2.637485382580363e-13
963.	0.	0.	1.8642938014747438e-13	2.6240267852208663e-13
963.9999999999999	0.	0.	1.8489019506412995e-13	2.6105092015908224e-13
964.9999999999999	0.	0.	1.8335474806717616e-13	2.5969351067506633e-13
966.	0.	0.	1.8182321689186885e-13	2.583306949335369e-13
967.	0.	0.	1.8029577514540043e-13	2.569627151386418e-13
968.	0.	0.	1.7877259234193075e-13	2.5558981081970377e-13
968.9999999999999	0.	0.	1.772538339386983e-13	2.5421221881710463e-13
969.9999999999999	0.	0.	1.7573966137275447e-13	2.528301732694399e-13
971.	0.	0.	1.7423023209831268e-13	2.514439056019251e-13
972.	0.	0.	1.7272569962492928e-13	2.5005364451606e-13
972.9999999999999	0.	0.	1.7122621355604343e-13	2.4865961598048435e-13
973.9999999999999	0.	0.	1.6973191962825684e-13	2.472620432229537e-13
975.	0.	0.	1.6824295975112857e-13	2.4586114672352834e-13
976.	0.	0.	1.667594720473317e-13	2.4445714420879844e-13
977.	0.	0.	1.6528159089344438e-13	2.4305025064723087e-13
977.9999999999999	0.	0.	1.638094469610057e-13	2.416406782455278e-13
979.	0.	0.	1.623431672580884e-13	2.4022863644604815e-13
980.	0.	0.	1.6088287517105257e-13	2.3881433192515214e-13
980.9999999999999	0.	0.	1.594286905068655e-13	2.373979685925869e-13
982.	0.	0.	1.579807295354915e-13	2.3597974759174905e-13
982.9999999999999	0.	0.	1.5653910503264143e-13	2.345598673008786e-13
983.9999999999999	0.	0.	1.5510392632281607e-13	2.331385233351361e-13
985.	0.	0.	1.5367529932243608e-13	2.317159085495336e-13
985.9999999999999	0.	0.	1.522533265832429e-13	2.302922130427099e-13
987.	0.	0.	1.5083810733576284e-13	2.2886762416145237e-13
988.	0.	0.	1.4942973753297986e-13	2.2744232650611487e-13
988.9999999999999	0.	0.	1.480283098942142e-13	2.2601650193670942e-13
990.	0.	0.	1.4663391394880923e-13	2.2459032957972047e-13
990.9999999999999	0.	0.	1.4524663608003845e-13	2.2316398583569676e-13
992.	0.	0.	1.4386655956915945e-13	2.2173764438750864e-13
993.	0.	0.	1.4249376463925856e-13	2.2031147620922591e-13
993.9999999999999	0.	0.	1.4112832849928551e-13	2.1888564957573554e-13
995.	0.	0.	1.397703253878972e-13	2.1746033007287272e-13
995.9999999999999	0.	0.	1.3841982661738024e-13	2.160356806082621e-13
997.	0.	0.	1.3707690061747832e-13	2.1461186142265687e-13
998.	0.	0.	1.3574161297912812e-13	2.1318903010190647e-13
998.9999999999999	0.	0.	1.3441402649809988e-13	2.1176734158941895e-13
1000.	0.	0.	1.3309420121856545e-13	2.1034694819916226e-13