0.	0.	0.	0.	0.
1.	0.048252319574514854	0.08132985504448437	0.008430614522868272	0.00084451377536595
2.	0.0029172626019449976	0.14836905834148686	0.015953469117508917	0.0016008586041474733
3.	0.00010216693372704234	0.20281858696710786	0.022636181602391014	0.00227538110758183
4.	2.7211051864865383e-6	0.2462289119664453	0.028542215409245796	0.0028740517545190604
5.	6.100615137611762e-8	0.28000760419581616	0.03373110282474967	0.003402484371836379
6.	1.2117134767790734e-9	0.3054274910931	0.038258657451031824	0.0038659547420325643
7.	2.1971510130009252e-11	0.3236351273400641	0.04217717635922911	0.0042694183272097026
8.	3.7096773846773744e-13	0.3356593878902159	0.045535632391229104	0.004617527157086721
9.	5.870761543524734e-15	0.3424200304904279	0.048379857046360365	0.0049146459171845805
10.	0.	0.3447361075200636	0.050752714372081335	0.005164867271874381
11.	0.	0.34333413449881384	0.052694266260668615	0.0053720264555854455
12.	0.	0.3388559456714004	0.05424192953748295	0.00553971516412828
13.	0.	0.331866186277448	0.0554306252105843	0.005671294776795867
14.	0.	0.3228594069971005	0.056292920236247976	0.005769908938663726
14.999999999999998	0.	0.31226673909976316	0.05685916214028712	0.005838495531313381
16.	0.	0.3004621394277898	0.057157606820992184	0.005879798059053114
17.	0.	0.2877682028796402	0.05721453984593481	0.005896376476603085
18.	0.	0.2744615468319872	0.057054391541837696	0.005890617483146994
18.999999999999996	0.	0.2607777772303194	0.05669984616416107	0.005864744306628459
20.	0.	0.24691605011921983	0.05617194542098767	0.005820826001185197
21.	0.	0.23304324538114188	0.05549018661418205	0.0057607862796671015
22.	0.	0.21929777158242802	0.054672615649641786	0.0056864119022734675
23.	0.	0.2057930222390148	0.05373591515773187	0.005599360641469107
24.	0.	0.19262050464162975	0.05269548795468461	0.005501168842497403
24.999999999999996	0.	0.1798526627322036	0.05156553606583995	0.005393258597999176
26.	0.	0.1675454154940829	0.050359135522082425	0.005276944554468719
27.	0.	0.1557404319884422	0.049088307131685646	0.00515344036753098
28.	0.	0.1444671636055627	0.04776408342099245	0.005023864822305813
29.	0.	0.1337446533590533	0.04639657192892187	0.00488924763443526
29.999999999999996	0.	0.12358314118097331	0.04499501503219475	0.004750534946686972
31.	0.	0.11398548321545922	0.04356784647039289	0.0046085945354102514
32.	0.	0.10494840209019404	0.042122744732500966	0.004464220740509535
32.99999999999999	0.	0.09646358409533813	0.04066668345941657	0.0043181391320129495
34.	0.	0.08851863813970595	0.03920597901003761	0.004171010925749494
35.	0.	0.08109793030109703	0.03774633533194069	0.004023437160107049
36.	0.	0.07418330675517794	0.03629288627133475	0.0038759626453234147
37.	0.	0.06775471686552499	0.03485023545090623	0.0037290796962637066
37.99999999999999	0.	0.061790747254118115	0.03342249383835039	0.003583231659158399
39.	0.	0.056269076752363305	0.03201331512280323	0.0034388162423167274
40.	0.	0.05116686126144177	0.030625929011038118	0.0032961886603890544
41.	0.	0.04646105672980957	0.029263172550163176	0.0031556646013287054
42.	0.	0.04212868768618986	0.02792751957864121	0.003017523024797747
42.99999999999999	0.	0.03814706804861842	0.02662110840274504	0.0028820088003718835
44.	0.	0.03449398026348381	0.025345767791049585	0.0027493351935260783
44.99999999999999	0.	0.031147818211889576	0.02410304137524226	0.002619686207024518
46.	0.	0.028087698752454076	0.02289421054139343	0.0024932187849950036
47.	0.	0.025293546247907313	0.021720315891868385	0.0023700648866387896
48.	0.	0.022746153945336325	0.020582177354267765	0.0022503334362112604
49.	0.	0.0204272256443298	0.019480413010153037	0.0021341121556063603
49.99999999999999	0.	0.01831940069110625	0.018415456712839853	0.002021469285587978
51.	0.	0.01640626497749037	0.017387574560216317	0.0019124552014336106
52.	0.	0.014672350298821937	0.01639688028536438	0.0018071039284897564
53.	0.	0.013103124132078977	0.015443349624719303	0.0017054345628834465
54.	0.	0.011684971632267777	0.014526833720594557	0.0016074526023904083
54.99999999999999	0.	0.010405171409151584	0.01364707161211746	0.0015131511922264742
56.	0.	0.00925186643543594	0.012803701865963026	0.001422512290305155
56.99999999999999	0.	0.00821403124948029	0.011996273395731788	0.0013355077562899307
58.	0.	0.00728143644846292	0.0112242555163908	0.001252100368564874
59.	0.	0.006444611319802242	0.010487047277876142	0.0011722447730508065
59.99999999999999	0.	0.005694805327770226	0.009783986119741045	0.0010958883676065294
61.	0.	0.005023949056978622	0.009114355886617029	0.001022972125574852
62.	0.	0.004424615113248559	0.00847739424223656	0.0009534313618614142
63.	0.	0.003889979393880025	0.007872299517836485	0.0008871964447697878
64.	0.	0.003413783062216455	0.0072982370289224555	0.0008241934566592747
65.	0.	0.002990295494459299	0.0067543448926174685	0.0007643448063414075
65.99999999999999	0.	0.0026142784088326407	0.006239739376144051	0.000707569795987626
67.	0.	0.0022809513374308092	0.005753519805391235	0.0006537851451832231
68.	0.	0.001985958558493498	0.0052947730609940735	0.0006029054746313978
69.	0.	0.0017253375706190355	0.004862577687903223	0.0005548437518861345
70.	0.	0.0014954891597975708	0.004456007643034554	0.000509511701372455
70.99999999999999	0.	0.0012931490844522938	0.004074135704274657	0.0004668201808387716
72.	0.	0.0011153613823051789	0.0037160365628580187	0.000426679526276417
73.	0.	0.0009594532852933901	0.0033807896199367065	0.0003889998672373619
74.	0.	0.0008230117144628355	0.0030674815070251557	0.0003536914143817258
75.	0.	0.0007038613153177482	0.002775208348915996	0.00032066472099147666
75.99999999999999	0.	0.0006000439851243669	0.0025030777866333377	0.0002898309200964093
77.	0.	0.0005097998368018802	0.0022502107770055227	0.00026110193877177025
78.	0.	0.00043154953898245853	0.0020157431845075975	0.00023439069108473743
79.	0.	0.00036387796830959074	0.0017988271801342647	0.00020961125108821647
80.	0.	0.00030551910783330075	0.0015986324612204182	0.00018667900718556628
80.99999999999999	0.	0.0002553421242409382	0.0014143473053236993	0.00016551079911844452
82.	0.	0.00021233855644927597	0.0012451794705207	0.00014602503876187483
83.	0.	0.00017561054861751132	0.001090356953745922	0.00012814181584601807
84.	0.	0.0001443600617804005	0.0009491286181128075	0.00011178298966215084
84.99999999999999	0.	0.00011787899992664115	0.0008207646995051785	0.00009687226775178544
85.99999999999999	0.	0.00009554018835393084	0.000704557202107201	0.00008333527252182332
87.	0.	0.00007678914442992958	0.0005998201919524149	0.00007109959667539791
88.	0.	0.00006113658340069801	0.0005058899970161476	0.000060094848297525565
89.	0.	0.000048151604549514745	0.0004221253218451224	0.000050252686386242236
89.99999999999999	0.	0.00003745550576539541	0.00034790728422062767	0.000041506847574465296
90.99999999999999	0.	0.000028716177384405952	0.00028263938087391493	0.00003379316474386621
92.	0.	0.000021643028981451827	0.00022574738882638086	0.000027049578191008653
93.	0.	0.00001598240558259258	0.00017667920849921486	0.000021216139966368375
94.	0.	0.000011513452513791071	0.00013490465433776166	0.000016235011969850925
94.99999999999999	0.	8.044390779639779e-6	0.00009991519831171363	0.000012050458350541515
96.	0.	5.409167460313375e-6	0.00007122367129574689	8.608832725166631e-6
97.	0.	3.4644481132438453e-6	0.00004836392699286879	5.858560697545388e-6
98.	0.	2.0869205596947182e-6	0.00003089047274250781	3.7501181311473995e-6
99.	0.	1.1708817186987556e-6	0.00001837807125104086	2.2360055980429226e-6
99.99999999999999	0.	6.260813180788614e-7	0.000010421316996624875	1.2707194003751435e-6
101.	0.	3.7579836232390943e-7	6.634190790836332e-6	8.107195347923777e-7
102.	0.	3.551281692764617e-7	6.649595721438328e-6	8.143949454332822e-7
103.	0.	5.094596035968953e-7	0.00001011887746558156	1.242026388551719e-6
104.	0.	7.931238356060515e-7	0.000016711331731455063	2.0557472093591133e-6
104.99999999999999	0.	1.1681975433550978e-6	0.000026113701376482177	3.2195023113265294e-6
106.	0.	1.603444956386277e-6	0.00003802966554914054	4.69900557853442e-6
107.	0.	2.0733845158491516e-6	0.000052179323010883696	6.46169599288749e-6
108.	0.	2.5574672021493458e-6	0.0000682986716218183	8.476692671059224e-6
109.	0.	3.0393547620668462e-6	0.00008613908580195488	0.000010714749028847498
109.99999999999999	0.	3.5062871579911345e-6	0.00010546679362818622	0.000013148206265596544
111.	0.	3.9485295667273475e-6	0.00012606235507782505	0.000015750946346291678
112.	0.	4.358890179635609e-6	0.00014772014279323037	0.000018498344645199388
113.	0.	4.73230090435985e-6	0.00017024782661359292	0.000021367222401886384
113.99999999999999	0.	5.065453845872586e-6	0.0001934658629983008	0.00002433579912799328
114.99999999999999	0.	5.3564871558437706e-6	0.00021720699035601254	0.00002738364509184864
116.	0.	5.604714488677788e-6	0.00024131573118403552	0.000030491633996575162
117.	0.	5.810392894774305e-6	0.00026564790183065826	0.000033641895957889625
118.	0.	5.974524520227178e-6	0.00029007013059503703	0.000036817770877370465
118.99999999999999	0.	6.098687971871681e-6	0.0003144593847978738	0.00004000376229843978
119.99999999999999	0.	6.184895650681609e-6	0.0003387025073755419	0.000043185491823694815
121.	0.	6.2354737587652635e-6	0.0003626957634765137	0.0000463496541642937
122.	0.	6.252962048902981e-6	0.00038634439746907615	0.00004948397288450233
122.99999999999999	0.	6.240030714014069e-6	0.0004095622007084021	0.000052577156897895604
124.	0.	6.199412109846685e-6	0.00043227109034948757	0.000055618857764867444
125.	0.	6.133845270586892e-6	0.0004544006994387673	0.000058599627835128646
126.	0.	6.046031416399685e-6	0.00047588797846862164	0.00006151087927342752
127.	0.	5.93859886652518e-6	0.0004966768085282215	0.00006434484400088111
128.	0.	5.814075963882722e-6	0.0005167176261482928	0.00006709453458026798
129.	0.	5.674870788847424e-6	0.0005359670598892762	0.00006975370606791206
130.	0.	5.523256593393225e-6	0.000554387578696511	0.00007231681885184559
131.	0.	5.361362023265301e-6	0.0005719471520025897	0.00007477900249062625
131.99999999999997	0.	5.191165317493618e-6	0.0005886189215374006	0.00007713602056487923
133.	0.	5.014491782288902e-6	0.000604380884770137	0.00007938423654909822
134.	0.	4.833013931977632e-6	0.0006192155898894491	0.00008152058070899
135.	0.	4.648253774018664e-6	0.0006331098422003437	0.00008354251802609921
136.	0.	4.461586789753751e-6	0.0006460544218026167	0.00008544801714963962
137.	0.	4.274247228025478e-6	0.0006580438123887148	0.00008723552037187896
138.	0.	4.087334386496381e-6	0.0006690759409925728	0.00008890391462249067
139.	0.	3.901819605928349e-6	0.0006791519284987748	0.00009045250347422326
140.	0.	3.7185537467710215e-6	0.000688275850714135	0.00009188098015110287
140.99999999999997	0.	3.538274955871512e-6	0.0006964545097889992	0.00009318940152821127
141.99999999999997	0.	3.3616165644749005e-6	0.0007036972157689074	0.00009437816311095524
143.	0.	3.189114987597895e-6	0.0007100155780476788	0.00009544797498019723
144.	0.	3.021217519843812e-6	0.0007154233064851927	0.00009639983868827765
145.	0.	2.858289944107914e-6	0.0007199360219511631	0.00009723502509037695
146.	0.	2.700623888055556e-6	0.0007235710760458286	0.00009795505309393075
147.	0.	2.5484438788546547e-6	0.0007263473797506632	0.00009856166930874442
148.	0.	2.4019140599156215e-6	0.000728285240755036	0.00009905682857911098
149.	0.	2.261144544568361e-6	0.0007294062092060735	0.00009944267537902284
150.	0.	2.126197390957656e-6	0.0007297329316262579	0.00009972152605079951
150.99999999999997	0.	1.997092190169827e-6	0.0007292890127436651	0.00009989585186708687
151.99999999999997	0.	1.873811266054915e-6	0.0007280988849787448	0.00009996826289562751
153.	0.	1.756304490300151e-6	0.000726187685335917	0.00009994149264636687
154.	0.	1.644493720581112e-6	0.0007235811394450905	0.00009981838347959241
155.	0.	1.5382768728070711e-6	0.0007203054525048857	0.00009960187275427942
156.	0.	1.4375316410559458e-6	0.0007163872068774494	0.00009929497969511109
157.	0.	1.3421188806718662e-6	0.0007118532660922748	0.00009890079295723573
158.	0.	1.2518856713077682e-6	0.0007067306850155231	0.00009842245886725165
159.	0.	1.166668077633379e-6	0.0007010466259466217	0.00009786317031919234
160.	0.	1.0862936258791166e-6	0.0006948282804099636	0.00009722615630468466
160.99999999999997	0.	1.0105835146080689e-6	0.0006881027964091541	0.0000965146720559556
161.99999999999997	0.	9.39354578041455e-7	0.0006808972109194547	0.00009573198978106717
163.	0.	8.724210199545676e-7	0.0006732383873977747	0.00009488138997084395
164.	0.	8.095959357442122e-7	0.000665152958092439	0.00009396615325692548
165.	0.	7.506926396917183e-7	0.0006566672709426809	0.00009298955280103787
166.	0.	6.955258137493066e-7	0.0006478073408608985	0.00009195484719558911
167.	0.	6.439124934574058e-7	0.0006385988051962454	0.00009086527385606171
168.	0.	5.956729057935616e-7	0.0006290668831842731	0.00008972404288613427
169.	0.	5.506311729184962e-7	0.0006192363391909648	0.00008853433139657788
169.99999999999997	0.	5.086158949523578e-7	0.0006091314495662664	0.00008729927825953834
170.99999999999997	0.	4.694606240718101e-7	0.0005987759729271097	0.00008602197928012595
171.99999999999997	0.	4.33004241350713e-7	0.0005881931236947064	0.00008470548276753874
173.	0.	3.990912469937952e-7	0.0005774055487168688	0.00008335278548842673
174.	0.	3.6757197374661853e-7	0.0005664353068117991	0.00008196682898566193
175.	0.	3.3830273257012704e-7	0.0005553038510742463	0.00008055049624596253
176.	0.	3.1114589884628727e-7	0.0005440320137894362	0.00007910660870012249
177.	0.	2.8596994674241917e-7	0.0005326399938093202	0.00007763792354058434
178.	0.	2.626494386523928e-7	0.0005211473462449444	0.00007614713134065495
179.	0.	2.4106497601170347e-7	0.0005095729743392234	0.00007463685396086586
179.99999999999997	0.	2.2110311720017905e-7	0.0004979351233856935	0.00007310964272785853
180.99999999999997	0.	2.026562676688983e-7	0.00048625137656690997	0.00007156797687205157
181.99999999999997	0.	1.856225469242436e-7	0.00047453865258748724	0.00007001426221025017
183.	0.	1.6990563653489306e-7	0.00046281320498528527	0.00006845083006032085
184.	0.	1.5541461282537433e-7	0.0004510906230064516	0.00006687993637510265
185.	0.	1.4206376760113502e-7	0.0004393858339342507	0.00006530376108308183
186.	0.	1.2977241976968144e-7	0.0004277131067704488	0.00006372440762440408
187.	0.	1.1846472045645e-7	0.000416086057165112	0.00006214390267012008
188.	0.	1.0806945385724034e-7	0.0004045176535026094	0.00006056419601408682
189.	0.	9.85198357845597e-8	0.00039302022405046053	0.00005898716062654803
189.99999999999997	0.	8.975331160752947e-8	0.0003816054650841705	0.000057414592859159785
190.99999999999997	0.	8.171135505188159e-8	0.0003702844499047386	0.00005584821279154324
192.	0.	7.43392691116843e-8	0.0003590676386692743	0.00005428966470979945
193.	0.	6.758599010856204e-8	0.000347964888959421	0.00005274051770786508
194.	0.	6.140389579891661e-8	0.00033698546701453966	0.00005120226640273187
195.	0.	5.574861824897037e-8	0.0003261380595623503	0.00004967633175523926
196.	0.	5.057886205718407e-8	0.00031543078618137733	0.00004816406198822003
197.	0.	4.5856228407892875e-8	0.0003048712121335968	0.000046666733594227496
198.	0.	4.15450452946612e-8	0.00029446636160945197	0.000045185552425481385
198.99999999999997	0.	3.761220419753196e-8	0.0002842227313282542	0.00004372165485864552
199.99999999999997	0.	3.402700336952343e-8	0.00027414630444483627	0.00004227610902810285
200.99999999999997	0.	3.076099786896975e-8	0.00026424256470924435	0.00004084991612062699
202.	0.	2.778785634900901e-8	0.00025451651083637004	0.00003944401172576677
203.	0.	2.508322462862045e-8	0.0002449726710393197	0.00003805926723565665
204.	0.	2.2624595967538514e-8	0.00023561511768733432	0.00003669649128892527
205.	0.	2.0391187953850314e-8	0.00022644748204758044	0.00003535643125302856
206.	0.	1.8363825891199636e-8	0.00021747296907653226	0.00003403977474021506
207.	0.	1.652483251311391e-8	0.00020869437222560696	0.000032747151152064155
208.	0.	1.485792386524263e-8	0.0002001140882304674	0.000031479133248178667
208.99999999999997	0.	1.3348111154534162e-8	0.0001917341318532409	0.000030236238734494162
209.99999999999997	0.	1.1981608358317744e-8	0.0001835561505520772	0.0000290189318673901
210.99999999999997	0.	1.0745745386429673e-8	0.000175581439051115	0.00002782762506949351
212.	0.	9.628886557336883e-9	0.0001678109537869946	0.00002666268055346736
213.	0.	8.620354181412114e-9	0.0001602453272122754	0.000025524411950671612
214.	0.	7.710357001876245e-9	0.00015288488193311234	0.00002441308594103942
215.	0.	6.889923278414316e-9	0.00014572964466501935	0.000023328923881472916
216.	0.	6.150838279315417e-9	0.00013877935998842636	0.000022272103429666375
217.	0.	5.485585953170396e-9	0.00013203350388934728	0.00002124276016078188
218.	0.	4.887294571182816e-9	0.0001254912970719258	0.00002024098917458465
218.99999999999997	0.	4.349686111383644e-9	0.0001191517180283794	0.0000192668466903944
219.99999999999997	0.	3.8670291800730505e-9	0.00011301351585791874	0.00001832035162813787
220.99999999999997	0.	3.4340952711504186e-9	0.00010707522282244386	0.00001740148717313974
222.	0.	3.0461181589467306e-9	0.0001013351666307858	0.00001651020232288857
223.	0.	2.6987562399465994e-9	0.00009579148244462267	0.000015646413414201475
224.	0.	2.388057641691541e-9	0.00009044212459818085	0.000014810005629014262
225.	0.	2.1104279249936546e-9	0.0000852848780271867	0.00001400083447753992
226.	0.	1.8626002098133102e-9	0.0000803173694009102	0.000013218727257246994
227.	0.	1.641607573462803e-9	0.00007553707795576571	0.000012463484486843377
227.99999999999997	0.	1.4447575653847187e-9	0.00007094134602420755	0.00001173488131365416
228.99999999999997	0.	1.2696086965296203e-9	0.00006652738926034335	0.00001103266889402678
229.99999999999997	0.	1.1139487721011667e-9	0.00006229230655701039	0.000010356575745281032
230.99999999999997	0.	9.757749346861271e-10	0.00005823308965696674	9.706309069012597e-6
232.	0.	8.532753009858069e-10	0.000054346632455582925	9.081556044677087e-6
233.	0.	7.448120785116156e-10	0.00005062973999609307	8.481985092978656e-6
234.	0.	6.489060532099765e-10	0.000047079137159581376	7.907247108767966e-6
235.	0.	5.642223504902367e-10	0.00004369147704891817	7.356976662653009e-6
236.	0.	4.89557372840985e-10	0.000040463349070786405	6.8307931713451776e-6
237.	0.	4.238268287372269e-10	0.00003739128671745265	6.328302036345732e-6
237.99999999999997	0.	3.660547683972667e-10	0.000034471775050512	5.8490957506714156e-6
238.99999999999997	0.	3.153635507421255e-10	0.00003170125789037648	5.39275497357704e-6
239.99999999999997	0.	2.709646675678235e-10	0.000029076144716060926	4.9588495733698925e-6
240.99999999999997	0.	2.3215036086247266e-10	0.00002659281727712414	4.546939637955172e-6
242.	0.	1.9828596869956445e-10	0.00002424763592384739	4.156576453472679e-6
243.	0.	1.6880294230234165e-10	0.0000220369456589241	3.787303450913222e-6
244.	0.	1.4319248027987318e-10	0.000019957081916201617	3.4386571209958203e-6
245.	0.	1.209997304559064e-10	0.000018004376070779257	3.1101678973826245e-6
245.99999999999997	0.	1.0181851194978176e-10	0.00001617516068633562	2.801361008585937e-6
247.	0.	8.528651574663806e-11	0.000014465774503509398	2.511757298577094e-6
248.	0.	7.108094218576625e-11	0.00001287256717730904	2.240874016833934e-6
248.99999999999997	0.	5.891454045834472e-11	0.000011391903766247443	1.988225577661327e-6
250.	0.	4.85320151414007e-11	0.000010020168980978474	1.7533242895088175e-6
250.99999999999997	0.	3.970676790650323e-11	8.753771198033643e-6	1.5356810546462193e-6
252.	0.	3.223794667146932e-11	7.589146242860274e-6	1.3348060393236724e-6
252.99999999999997	0.	2.5947774561532915e-11	6.522760950122318e-6	1.1502093152122443e-6
254.	0.	2.067913443625386e-11	5.551116506590075e-6	9.8140147247571e-7
254.99999999999997	0.	1.6293386597731735e-11	4.670751582167918e-6	8.278942048747268e-7
256.	0.	1.2668398563121428e-11	3.8782452553388055e-6	6.892008674465152e-7
257.	0.	9.696768020056592e-12	3.1702197391851193e-6	5.648370072969087e-7
258.	0.	7.284221530624694e-12	2.5433429147824017e-6	4.5432086817034783e-7
259.	0.	5.3481728271346275e-12	1.994330676331273e-6	3.5717386904547494e-7
260.	0.	3.816426060334199e-12	1.5199490952675412e-6	2.729210575289661e-7
261.	0.	2.626010602213149e-12	1.117016409375522e-6	2.0109153862116878e-7
262.	0.	1.7221349680047481e-12	7.82404842292814e-7	1.412188793276522e-7
263.	0.	1.0572488154218005e-12	5.13042259485555e-7	9.284148972913056e-8
263.99999999999994	0.	5.902025631929037e-13	3.0591366664036705e-7	5.550298111429443e-8
265.	0.	2.8549541975066355e-13	1.5806255641510163e-7	2.8752501795297723e-8
266.	0.	1.1260318690882613e-13	6.659210850398405e-8	1.2145051061947968e-8
267.	0.	4.537811684291115e-14	2.8666250060023564e-8	5.241772125035876e-9
268.	0.	6.151372165050002e-14	4.151058000518613e-8	7.610224276246943e-9
269.	0.	1.4206811145079944e-13	1.0241316497995251e-7	1.8824635275787374e-8
270.	0.	2.710400072034804e-13	2.0872521038982355e-7	3.846613421168977e-8
271.	0.	4.3499211570074883e-13	3.5786161313152646e-7	6.612296566021672e-8
272.	0.	6.227170628176892e-13	5.473013999597356e-7	1.0139068551130869e-7
272.99999999999994	0.	8.249414913342024e-13	7.745880581549965e-7	1.438723393348903e-7
274.	0.	1.0340644132700042e-12	1.0373297619017723e-6	1.9317862357937556e-7
274.99999999999994	0.	1.2439261781615398e-12	1.3331995003882436e-6	2.489280303884075e-7
276.	0.	1.4496049029090807e-12	1.659935111550316e-6	3.1074697644983796e-7
277.	0.	1.6472373354093453e-12	2.015339226951899e-6	3.78269916596743e-7
278.	0.	1.833861617262399e-12	2.3972791315452598e-6	4.511394425687941e-7
279.	0.	2.007279532414165e-12	2.8036865434382425e-6	5.290063676141927e-7
280.	0.	2.1659360601330317e-12	3.232557317399195e-6	6.115297973648437e-7
281.	0.	2.3088143461395806e-12	3.6819510766857943e-6	6.983771875909911e-7
281.99999999999994	0.	2.4353443668013405e-12	4.1499907771580995e-6	7.89224389337386e-7
283.	0.	2.5453237067825854e-12	4.634862207900025e-6	8.837556820060048e-7
283.99999999999994	0.	2.6388490758879865e-12	5.134813431502129e-6	9.816637947593862e-7
285.	0.	2.7162572706684223e-12	5.648154169006765e-6	1.082649916982704e-6
286.	0.	2.7780745717667234e-12	6.173255131471871e-6	1.186423697974943e-6
287.	0.	2.824973345488827e-12	6.70854730332919e-6	1.2927032366652408e-6
288.	0.	2.857735270865016e-12	7.2525211802877555e-6	1.4012150617004818e-6
289.	0.	2.8772201036334254e-12	7.803725964140835e-6	1.5116941021830898e-6
290.	0.	2.884339601652643e-12	8.360768719842121e-6	1.6238836499295326e-6
291.	0.	2.8800353860278387e-12	8.922313495382042e-6	1.737535313198429e-6
292.	0.	2.86526104476197e-12	9.487080409781456e-6	1.8524089627720398e-6
292.99999999999994	0.	2.840967043306429e-12	0.00001005384471029834	1.9682726704684834e-6
294.	0.	2.808088891948926e-12	0.000010621435802562571	2.0849026406791167e-6
294.99999999999994	0.	2.7675373686007626e-12	0.00001118873625603161	2.202083135279143e-6
296.	0.	2.72019102528442e-12	0.000011754680787450801	2.319606392325366e-6
297.	0.	2.6668904850169327e-12	0.000012318255224331076	2.437272538832261e-6
298.	0.	2.6084342380946985e-12	0.00001287849545174997	2.5548894981811207e-6
299.	0.	2.545575667432298e-12	0.000013434486343253205	2.672272892226985e-6
300.	0.	2.479021176260643e-12	0.00001398536067976695	2.7892459387950585e-6
301.	0.	2.4094292842882683e-12	0.000014530298057342333	2.905639344656273e-6
301.99999999999994	0.	2.337410522803387e-12	0.000015068523785871698	3.0212911943387177e-6
303.	0.	2.263527605122308e-12	0.00001559930778136012	3.1360468352291765e-6
303.99999999999994	0.	2.188296582481625e-12	0.000016121963452724793	3.249758759104605e-6
305.	0.	2.1121880547724535e-12	0.000016635846585585325	3.3622864805384894e-6
306.	0.	2.0356286751337915e-12	0.000017140354223880275	3.4734964123069677e-6
307.	0.	1.9590033249134234e-12	0.000017634923551618412	3.583261738222318e-6
308.	0.	1.8826566474217593e-12	0.00001811903077593293	3.6914622835987225e-6
309.	0.	1.8068956768926283e-12	0.00001859219001258514	3.7979843835555025e-6
310.	0.	1.731991753044544e-12	0.000019053952175803924	3.9027207495195655e-6
310.99999999999994	0.	1.6581826567580262e-12	0.00001950390387311142	4.005570334042799e-6
312.	0.	1.585675209421432e-12	0.000019941666306913023	4.106438194285443e-6
312.99999999999994	0.	1.5146474173874545e-12	0.000020366894183433076	4.205235354277029e-6
314.	0.	1.4452501669183275e-12	0.000020779274630433804	4.301878666246354e-6
314.99999999999994	0.	1.377610110022458e-12	0.000021178526124385743	4.396290671158824e-6
316.	0.	1.3118310328344383e-12	0.000021564397428377228	4.4883994587314405e-6
317.	0.	1.2479962435667775e-12	0.00002193666654132246	4.578138527049789e-6
318.	0.	1.186170243801111e-12	0.000022295139659134378	4.66544664193641e-6
319.	0.	1.1264007560078127e-12	0.0000226396501494912	4.750267696425258e-6
320.	0.	1.068719753980385e-12	0.00002297005753939029	4.832550570192246e-6
321.	0.	1.0131460693949128e-12	0.00002328624651769314	4.912248989423724e-6
321.99999999999994	0.	9.59685837995861e-13	0.000023588125952085647	4.989321387027013e-6
323.	0.	9.083344485845545e-13	0.00002387562792167563	5.063730763466457e-6
323.99999999999994	0.	8.590779053512804e-13	0.00002414870676534962	5.135444548280444e-6
325.	0.	8.118936743459539e-13	0.000024407338146579353	5.2044344624572466e-6
326.	0.	7.667520544368558e-13	0.00002465151813483563	5.2706763817372685e-6
327.	0.	7.23616659036788e-13	0.000024881262304082654	5.334150200978278e-6
328.	0.	6.824462950035584e-13	0.000025096604849066315	5.3948396997746266e-6
329.	0.	6.43195027821377e-13	0.000025297597718671794	5.4527324092154145e-6
330.	0.	6.058132634473197e-13	0.00002548430976778901	5.507819480131451e-6
330.99999999999994	0.	5.702479443677261e-13	0.00002565682592699313	5.560095552726205e-6
332.	0.	5.364444463298054e-13	0.00002581524639056912	5.609558627749057e-6
332.99999999999994	0.	5.043454221022464e-13	0.000025959685823402663	5.656209939370759e-6
334.	0.	4.738928336395922e-13	0.00002609027258575195	5.700053829594854e-6
335.	0.	4.4502750532305067e-13	0.000026207147977348834	5.741097624568115e-6
336.	0.	4.1768986716473414e-13	0.000026310465499808002	5.779351512618048e-6
337.	0.	3.9182028199818754e-13	0.00002640039013790446	5.814828424189904e-6
338.	0.	3.6735909272466565e-13	0.000026477097659701968	5.8475439137314475e-6
339.	0.	3.442475018639593e-13	0.000026540773935167916	5.877516043497543e-6
339.99999999999994	0.	3.224269313838159e-13	0.000026591614273594427	5.9047652693976454e-6
341.	0.	3.0184035332644797e-13	0.00002662982277983303	5.929314328942042e-6
341.99999999999994	0.	2.824314577183062e-13	0.000026655611728526427	5.9511881311595456e-6
343.	0.	2.6414517439097786e-13	0.000026669200957467553	5.970413648792137e-6
343.99999999999994	0.	2.469279715558942e-13	0.000026670817278558964	5.987019812481595e-6
345.	0.	2.3072758721135424e-13	0.000026660693907399916	6.001037407231913e-6
346.	0.	2.154936937831369e-13	0.000026639069910701824	6.012498971024283e-6
347.	0.	2.0117716443223856e-13	0.000026606189671478843	6.021438695627717e-6
348.	0.	1.8773062244347885e-13	0.000026562302372040835	6.027892329666819e-6
349.	0.	1.7510844225527076e-13	0.000026507661494282905	6.031897083887946e-6
350.	0.	1.6326704764694985e-13	0.000026442524337147806	6.033491538650629e-6
350.99999999999994	0.	1.5216395751114008e-13	0.000026367151551375992	6.032715553725662e-6
352.	0.	1.4175868468296515e-13	0.000026281806690853038	6.029610180298028e-6
352.99999999999994	0.	1.3201257179804618e-13	0.000026186755780288094	6.024217575167827e-6
354.	0.	1.228885886727664e-13	0.000026082266899593262	6.01658091728822e-6
355.	0.	1.1435127110235443e-13	0.000025968609784063155	6.006744326488686e-6
356.	0.	1.0636663126095666e-13	0.000025846055440218256	5.994752784404706e-6
357.	0.	9.890275115956314e-14	0.00002571487577733753	5.980652057673456e-6
358.	0.	9.192876243616194e-14	0.000025575343254191504	5.964488623335355e-6
359.	0.	8.541539359904976e-14	0.000025427730540341083	5.946309596345918e-6
359.99999999999994	0.	7.933532711086163e-14	0.000025272310192738433	5.926162659421223e-6
361.	0.	7.36619352611348e-14	0.000025109354346053774	5.9040959949008505e-6
361.99999999999994	0.	6.837049144965141e-14	0.000024939134417283727	5.88015821880779e-6
363.	0.	6.343723031273831e-14	0.000024761920824273764	5.854398317069755e-6
363.99999999999994	0.	5.884017761060282e-14	0.000024577982717476054	5.826865583791705e-6
365.	0.	5.455764716252593e-14	0.00002438758772481547	5.797609561597256e-6
366.	0.	5.0570298596383656e-14	0.000024191001709738284	5.766679984105124e-6
367.	0.	4.685889914313789e-14	0.000023988488541354328	5.73412672032943e-6
368.	0.	4.340564855866535e-14	0.000023780309877212638	5.6999997211781715e-6
368.99999999999994	0.	4.0194243648230744e-14	0.00002356672495767156	5.664348967848149e-6
370.	0.	3.720851245737789e-14	0.00002334799041220498	5.627224422242598e-6
370.99999999999994	0.	3.443371366396537e-14	0.00002312436007680277	5.588675979254033e-6
372.	0.	3.1856047412113945e-14	0.000022896084822468113	5.548753420955758e-6
372.99999999999994	0.	2.946216573785423e-14	0.000022663412394454282	5.5075063726585165e-6
374.	0.	2.723991627510164e-14	0.000022426587261930306	5.4649842607988625e-6
375.	0.	2.517766672644285e-14	0.00002218585047757673	5.421236272578749e-6
376.	0.	2.326468471147042e-14	0.00002194143954732598	5.376311317448507e-6
377.	0.	2.1490462261543703e-14	0.000021693588309382188	5.330257990261767e-6
378.	0.	1.984595754884849e-14	0.000021442526822488834	5.283124536132096e-6
379.	0.	1.8321698249231438e-14	0.00002118848126331143	5.234958816996488e-6
379.99999999999994	0.	1.690970738737969e-14	0.000020931673832221927	5.18580827974691e-6
381.	0.	1.5602128351411822e-14	0.000020672322667749773	5.135719926030407e-6
381.99999999999994	0.	1.439141519749917e-14	0.000020410641768917288	5.0847402835598036e-6
383.	0.	1.3271023230674057e-14	0.00002014684092544241	5.032915378963839e-6
384.	0.	1.2234393667188212e-14	0.000019881125655593903	4.980290712156918e-6
385.	0.	1.1275473826134624e-14	0.0000196136971512152	4.926911232139747e-6
386.	0.	1.038888593008835e-14	0.000019344752229827015	4.872821314239826e-6
387.	0.	9.569427167776122e-15	0.00001907448329346843	4.818064738736728e-6
388.	0.	8.81207857774357e-15	0.000018803078294104835	4.762684670858673e-6
388.99999999999994	0.	8.11250113347524e-15	0.000018530720705162555	4.706723642068261e-6
390.	0.	7.466378582422561e-15	0.000018257589499274087	4.650223532686281e-6
390.99999999999994	0.	6.869909392046662e-15	0.000017983859131576814	4.593225555714276e-6
392.	0.	6.319321124339839e-15	0.000017709699528736412	4.535770241925329e-6
392.99999999999994	0.	5.811353052067028e-15	0.000017435276083133468	4.4778974261056755e-6
394.	0.	5.342932139241919e-15	0.00001716074965221896	4.419646234472858e-6
395.	0.	4.910707971220704e-15	0.00001688627656263971	4.36105507319215e-6
396.	0.	4.512458151343236e-15	0.000016612008619053377	4.30216161799331e-6
397.	0.	4.145369162741976e-15	0.000016338093117334195	4.243002804833094e-6
397.99999999999994	0.	3.8069759654723574e-15	0.00001606467286209591	4.18361482160583e-6
399.	0.	3.495452659516243e-15	0.000015791886187994303	4.124033100783436e-6
399.99999999999994	0.	3.2085504595255703e-15	0.000015519866985077275	4.064292313074035e-6
401.	0.	2.944357275311111e-15	0.000015248744727651685	4.00442636198048e-6
401.99999999999994	0.	2.701286828382352e-15	0.000014978644506530015	3.944468379241102e-6
403.	0.	2.4776355775112915e-15	0.00001470968706462532	3.8844507211620206e-6
404.	0.	2.2718776742218066e-15	0.000014441988835500631	3.824404965754683e-6
405.	0.	2.0826600327650567e-15	0.000014175661984978623	3.764361910722659e-6
406.	0.	1.9087969592510885e-15	0.000013910814455196457	3.704351572150807e-6
407.	0.	1.7488517156196071e-15	0.000013647550011522292	3.644403184021739e-6
408.	0.	1.601970066636816e-15	0.00001338596829167247	3.5845451983987814e-6
408.99999999999994	0.	1.4670439835588706e-15	0.000013126164857100413	3.5248052863073654e-6
410.	0.	1.3431273599177895e-15	0.000012868231246515303	3.4652103392900264e-6
410.99999999999994	0.	1.2294292991614494e-15	0.000012612255031327523	3.4057864715930978e-6
412.	0.	1.124918807186579e-15	0.000012358319872871848	3.3465590229565277e-6
412.99999999999994	0.	1.029109070994363e-15	0.000012106505581345658	3.2875525620012135e-6
414.	0.	9.412685902656667e-16	0.000011856888176143646	3.2287908901380957e-6
415.	0.	8.606874920029982e-16	0.000011609539947876653	3.1702970460870094e-6
416.	0.	7.866783268009435e-16	0.000011364529521255696	3.112093310792339e-6
417.	0.	7.189399504141139e-16	0.000011121921919516552	3.054201212927688e-6
417.99999999999994	0.	6.568165618922134e-16	0.000010881778629680173	2.9966415348062114e-6
419.	0.	5.99911927873083e-16	0.000010644157668766086	2.9394343187357793e-6
419.99999999999994	0.	5.47840937479485e-16	0.00001040911365084403	2.8825988737949525e-6
421.	0.	5.001157461732838e-16	0.000010176697854848168	2.8261537830157462e-6
421.99999999999994	0.	4.564922453443357e-16	9.946958292932652e-6	2.770116910918431e-6
423.	0.	4.1651000934103666e-16	9.719939779341233e-6	2.7145054113963338e-6
424.	0.	3.799460597729163e-16	9.495683999784021e-6	2.6593357359542197e-6
425.	0.	3.4647581725583338e-16	9.274229581104906e-6	2.6046236422451216e-6
426.	0.	3.1589318099109754e-16	9.055612161177772e-6	2.5503842028924808e-6
426.99999999999994	0.	2.8789424009458497e-16	8.839864458978854e-6	2.4966318145869946e-6
428.	0.	2.6229043085739486e-16	8.627016344866914e-6	2.4433802074708966e-6
428.99999999999994	0.	2.390000758629026e-16	8.417094910649375e-6	2.390642454694055e-6
430.	0.	2.176447583463025e-16	8.210124539867794e-6	2.338430982267001e-6
430.99999999999994	0.	1.9815756964301837e-16	8.006126977709774e-6	2.2867575790457896e-6
432.	0.	1.8037602349322344e-16	7.805121400874253e-6	2.235633406943292e-6
432.99999999999994	0.	1.6414432716120808e-16	7.607124487240794e-6	2.1850690113267196e-6
434.	0.	1.4931341939473504e-16	7.412150485019202e-6	2.1350743315100653e-6
435.	0.	1.357409933503265e-16	7.220211281769359e-6	2.0856587114542926e-6
436.	0.	1.234687752860366e-16	7.0313164728408635e-6	2.036830910547005e-6
437.	0.	1.1218402475353848e-16	6.8454734293888195e-6	1.9885991145068614e-6
437.99999999999994	0.	1.0193534369024096e-16	6.662687365945167e-6	1.940970946407335e-6
439.	0.	9.25975153306688e-17	6.482961407281696e-6	1.893953477743242e-6
439.99999999999994	0.	8.413409898463121e-17	6.306296654812938e-6	1.8475532396118043e-6
441.	0.	7.634810620079885e-17	6.132692252255397e-6	1.8017762339252422e-6
441.99999999999994	0.	6.9292003107526e-17	5.962145450669962e-6	1.756627944691144e-6
443.	0.	6.285768580464989e-17	5.7946516727152175e-6	1.71211334930905e-6
444.	0.	5.701922594305771e-17	5.630204576219337e-6	1.6682369299136648e-6
445.	0.	5.167696758285812e-17	5.468796116928509e-6	1.6250026847214841e-6
446.	0.	4.688250502056866e-17	5.310416610456408e-6	1.582414139386335e-6
446.99999999999994	0.	4.246899792981449e-17	5.155054793363705e-6	1.540474358340849e-6
448.	0.	3.8490006352889744e-17	5.002697883462004e-6	1.4991859561500426e-6
448.99999999999994	0.	3.485769908144102e-17	4.853331639116994e-6	1.4585511088075925e-6
450.	0.	3.155675707325523e-17	4.706940417732958e-6	1.4185715650267393e-6
450.99999999999994	0.	2.8572038647722006e-17	4.563507233254383e-6	1.3792486574741295e-6
452.	0.	2.582545066025758e-17	4.423013812788283e-6	1.3405833139750288e-6
453.	0.	2.3368360605381933e-17	4.285440652169136e-6	1.3025760686332938e-6
454.	0.	2.112600750832705e-17	4.15076707068691e-6	1.2652270729297795e-6
455.	0.	1.9088410432493305e-17	4.018971264654434e-6	1.2285361066979343e-6
455.99999999999994	0.	1.7245734277396315e-17	3.89003036020233e-6	1.1925025890912684e-6
457.	0.	1.5588297771467674e-17	3.7639204648136126e-6	1.1571255893907914e-6
457.99999999999994	0.	1.4052115481263518e-17	3.64061671807174e-6	1.1224038377933902e-6
459.	0.	1.2685081477663062e-17	3.520093341226421e-6	1.0883357360567227e-6
459.99999999999994	0.	1.142626673230129e-17	3.402323685857391e-6	1.0549193680827788e-6
461.	0.	1.0321040067888312e-17	3.2872802813857513e-6	1.0221525103593408e-6
461.99999999999994	0.	9.311482672319125e-18	3.1749348816391686e-6	9.900326423189997e-7
463.	0.	8.392838602109853e-18	3.0652585104036253e-6	9.585569565913897e-7
464.	0.	7.56044228263535e-18	2.958221505792552e-6	9.277223690916758e-7
465.	0.	6.809721464357549e-18	2.853793563786179e-6	8.975255290513455e-7
466.	0.	6.1361999822208576e-18	2.751943780554634e-6	8.679628288665446e-7
466.99999999999994	0.	5.492919550488772e-18	2.6526406938791117e-6	8.390304138581374e-7
468.	0.	4.961996030722153e-18	2.5558523234576188e-6	8.107241918723073e-7
468.99999999999994	0.	4.455288274663887e-18	2.4615462102105467e-6	7.830398427536244e-7
470.	0.	4.011252892260495e-18	2.3696894546258837e-6	7.55972827699115e-7
470.99999999999994	0.	3.5881027730886976e-18	2.2802487539748247e-6	7.295183984352446e-7
472.	0.	3.22200958772198e-18	2.1931904386337245e-6	7.036716062884477e-7
473.	0.	2.8736396151192533e-18	2.1084805073339312e-6	6.7842731108813e-7
474.	0.	2.5769591416072176e-18	2.0260846614165125e-6	6.537801899221395e-7
475.	0.	2.3282766536499222e-18	1.945968338187425e-6	6.297247457712177e-7
475.99999999999994	0.	2.0918314549266672e-18	1.8680967431373992e-6	6.062553159420779e-7
477.	0.	1.8673378611645952e-18	1.7924348813862182e-6	5.83366080410687e-7
477.99999999999994	0.	1.6545084314739027e-18	1.7189475880035048e-6	5.610510699590382e-7
479.	0.	1.4821153110667296e-18	1.6475995575027677e-6	5.393041741970438e-7
479.99999999999994	0.	1.3468640651682107e-18	1.5783553723236952e-6	5.181191494051667e-7
481.	0.	1.1914207259052857e-18	1.5111795303992925e-6	4.974896262246842e-7
481.99999999999994	0.	1.0707282998918403e-18	1.446036471890519e-6	4.774091172185232e-7
483.	0.	9.565517127310666e-19	1.3828906048817218e-6	4.578710242303874e-7
484.	0.	8.487152063526303e-19	1.3217063303342425e-6	4.388686456356165e-7
484.99999999999994	0.	7.470428092023989e-19	1.2624480660360324e-6	4.203951833931122e-7
486.	0.	6.738191080241353e-19	1.2050802697975779e-6	4.024437499767339e-7
486.99999999999994	0.	6.046774402686616e-19	1.1495674617201017e-6	3.8500737512430313e-7
488.	0.	5.395001839079515e-19	1.0958742456603202e-6	3.6807901244117194e-7
488.99999999999994	0.	4.781698365653077e-19	1.0439653298891872e-6	3.516515458534564e-7
490.	0.	4.2056909821948903e-19	9.938055469012375e-7	3.357177958922004e-7
491.	0.	3.6658095163642787e-19	9.453598724824389e-7	3.2027052584054313e-7
491.99999999999994	0.	3.336492260598208e-19	8.985934439295207e-7	3.053024477037913e-7
492.99999999999994	0.	2.8578726047908157e-19	8.534715775851364e-7	2.9080622805380334e-7
494.	0.	2.5728886444680366e-19	8.099597855633125e-7	2.7677449370130225e-7
495.	0.	2.3053518311781797e-19	7.680237917633742e-7	2.6319983722536113e-7
496.	0.	2.0546811376780734e-19	7.276295471399393e-7	2.5007482234511186e-7
496.99999999999994	0.	1.820298552855076e-19	6.887432443220016e-7	2.3739198916169073e-7
497.99999999999994	0.	1.6016294209369232e-19	6.513313314470071e-7	2.251438592205722e-7
499.	0.	1.3981027698162402e-19	6.153605254277797e-7	2.1332294046535485e-7
500.	0.	1.209151627953335e-19	5.807978244428347e-7	2.0192173200718004e-7
500.99999999999994	0.	1.0342133305501883e-19	5.476105199098394e-7	1.909327287958325e-7
501.99999999999994	0.	9.818210412305914e-20	5.157662076746384e-7	1.8034842609622237e-7
503.	0.	8.275976026783209e-20	4.852327987275267e-7	1.7016132387486472e-7
504.	0.	6.859061723616657e-20	4.559785291930544e-7	1.6036393100460128e-7
505.	0.	6.489031365658546e-20	4.279719698256667e-7	1.5094876936513975e-7
505.99999999999994	0.	5.2553845940799106e-20	4.011820348881886e-7	1.419083777931274e-7
506.99999999999994	0.	4.959175363320427e-20	3.755779904460331e-7	1.3323531588973235e-7
508.	0.	3.8944191927863654e-20	3.5112946217872623e-7	1.2492216771838602e-7
509.	0.	3.6647240863941557e-20	3.278064425923628e-7	1.1696154534833215e-7
509.99999999999994	0.	3.4434765440544215e-20	3.0557929777946005e-7	1.0934609229269494e-7
510.99999999999994	0.	2.5844722778581803e-20	2.844187736082756e-7	1.020684867960686e-7
512.	0.	2.420781931030376e-20	2.6429600148179176e-7	9.512144501849312e-8
513.	0.	2.263638301823847e-20	2.4518250358218396e-7	8.849772408283749e-8
514.	0.	1.5847261004586465e-20	2.2705019768313349e-7	8.219012501213948e-8
514.9999999999999	0.	1.4765226526799884e-20	2.0987140147548757e-7	7.619149553442771e-8
516.	0.	1.3730615361372968e-20	1.9361883650854783e-7	7.049473278912519e-8
517.	0.	1.2742850204389835e-20	1.7826563164329378e-7	6.509278589475445e-8
518.	0.	1.1801345370857645e-20	1.6378532616573195e-7	5.997865842899425e-8
518.9999999999999	0.	7.270338159388587e-21	1.501518724592304e-7	5.514541078177273e-8
520.	0.	6.703156459442484e-21	1.37339638301573e-7	5.0586162402668716e-8
521.	0.	6.1656130236140614e-21	1.2532340879729074e-7	4.629409394402758e-8
522.	0.	5.657297968847275e-21	1.140783879648411e-7	4.2262449304591935e-8
523.	0.	5.177797263658896e-21	1.0358019992340309e-7	3.848453755079671e-8
524.	0.	4.7266930060155885e-21	9.380488984253129e-8	3.495373477377501e-8
525.	0.	2.1517818450560427e-21	8.472892443588268e-8	3.1663485798733576e-8
526.	0.	1.953992237718564e-21	7.632919227989059e-8	2.8607305848702192e-8
527.	0.	1.7697637232260417e-21	6.858300373549423e-8	2.5778782078088115e-8
527.9999999999999	0.	1.5988809345780052e-21	6.14680906103902e-8	2.317157502497795e-8
529.	0.	1.4411272223933727e-21	5.496260557626903e-8	2.077941998579406e-8
530.	0.	1.2962847781034724e-21	4.904512126604272e-8	1.8596128282096188e-8
531.	0.	1.1641347555380863e-21	4.3694629141704806e-8	1.6615588451621228e-8
532.	0.	1.0444573901341871e-21	3.889053811317497e-8	1.4831767354361385e-8
533.	0.	9.370321159855489e-22	3.461267292659279e-8	1.3238711198864866e-8
534.	0.	8.416376802278307e-22	3.0841272313237177e-8	1.1830546483612695e-8
535.	0.	7.580522553737052e-22	2.7556986931890546e-8	1.0601480864247311e-8
536.	0.	6.860535490944293e-22	2.474087709544919e-8	9.545803941483444e-9
536.9999999999999	0.	6.254189118079226e-22	2.2374410304400812e-8	8.657887976744774e-9
538.	0.	5.759254427942e-22	2.0439458621522706e-8	7.932188547302163e-9
539.	0.	0.	1.891829577854399e-8	7.363245097087232e-9
540.	0.	0.	1.77935942404405e-8	6.945681469082789e-9
540.9999999999999	0.	0.	1.7048421985995872e-8	6.674206324381774e-9
542.	0.	0.	1.6666239209361e-8	6.543613525947175e-9
543.	0.	0.	1.663089485409987e-8	6.5487824514791004e-9
544.	0.	0.	1.692662300370929e-8	6.684678243402183e-9
545.	0.	0.	1.7538039148958116e-8	6.946352002745442e-9
545.9999999999999	0.	0.	1.845013633135862e-8	7.328940925505861e-9
547.	0.	0.	1.964828116012533e-8	7.827668379284103e-9
548.	0.	0.	2.111820974714543e-8	8.437843936791297e-9
549.	0.	0.	2.284602351297703e-8	9.154863346555493e-9
549.9999999999999	0.	0.	2.4818184911971585e-8	9.974208458918344e-9
551.	0.	0.	2.7021513070177188e-8	1.0891447103908127e-8
552.	0.	0.	2.944317933897945e-8	1.190223292126262e-8
553.	0.	0.	3.2070702765042475e-8	1.3002305141921982e-8
554.	0.	0.	3.489194551413985e-8	1.4187488335363386e-8
554.9999999999999	0.	0.	3.789510819606069e-8	1.5453692100626874e-8
556.	0.	0.	4.106872517761356e-8	1.6796910735564804e-8
557.	0.	0.	4.440165979201636e-8	1.8213222846351725e-8
558.	0.	0.	4.788309954365546e-8	1.969879093685803e-8
558.9999999999999	0.	0.	5.150255124673489e-8	2.1249860952224818e-8
560.	0.	0.	5.5249836147587506e-8	2.2862761796415384e-8
561.	0.	0.	5.911508497754279e-8	2.4533904801297945e-8
562.	0.	0.	6.308873302683711e-8	2.625978318405952e-8
563.	0.	0.	6.71615151600753e-8	2.803697145966583e-8
563.9999999999999	0.	0.	7.132446083241554e-8	2.9862124832360854e-8
565.	0.	0.	7.556888907114202e-8	3.1731978551085024e-8
566.	0.	0.	7.988640347364456e-8	3.3643347249709694e-8
567.	0.	0.	8.426888717872568e-8	3.559312425373692e-8
567.9999999999999	0.	0.	8.870849784526293e-8	3.757828086735036e-8
569.	0.	0.	9.319766262765e-8	3.959586563608434e-8
570.	0.	0.	9.772907315122026e-8	4.164300358614409e-8
571.	0.	0.	1.0229568050932326e-7	4.371689544932874e-8
572.	0.	0.	1.0689069025776146e-7	4.581481686302432e-8
572.9999999999999	0.	0.	1.1150755743550107e-7	4.7934117557362686e-8
574.	0.	0.	1.1613998158293718e-7	5.007222051707794e-8
575.	0.	0.	1.2078190181192403e-7	5.2226621141167745e-8
576.	0.	0.	1.2542749186102687e-7	5.4394886371640154e-8
576.9999999999999	0.	0.	1.3007115520439364e-7	5.657465382064795e-8
578.	0.	0.	1.3470752017578022e-7	5.876363087939027e-8
579.	0.	0.	1.393314351288338e-7	6.095959381782588e-8
580.	0.	0.	1.439379636190546e-7	6.316038686881489e-8
581.	0.	0.	1.485223796303287e-7	6.536392130663014e-8
582.	0.	0.	1.5308016283970232e-7	6.75681745171297e-8
583.	0.	0.	1.5760699390293515e-7	6.977118905189003e-8
584.	0.	0.	1.6209874980828708e-7	7.197107168722909e-8
585.	0.	0.	1.665514992403587e-7	7.41659924625263e-8
585.9999999999999	0.	0.	1.7096149801545096e-7	7.635418372505198e-8
587.	0.	0.	1.7532518454414164e-7	7.853393916180885e-8
588.	0.	0.	1.7963917535002904e-7	8.070361283132348e-8
589.	0.	0.	1.8390026062505956e-7	8.28616181867627e-8
589.9999999999999	0.	0.	1.881053998478672e-7	8.500642710234464e-8
591.	0.	0.	1.922517174458945e-7	8.713656889460633e-8
592.	0.	0.	1.9633649850194685e-7	8.92506293389098e-8
593.	0.	0.	2.0035718452487e-7	9.134724969027983e-8
594.	0.	0.	2.043113692673009e-7	9.342512570106317e-8
594.9999999999999	0.	0.	2.081967946002369e-7	9.548300664002364e-8
596.	0.	0.	2.120113464331481e-7	9.751969430790774e-8
597.	0.	0.	2.1575305070861528e-7	9.953404206299371e-8
598.	0.	0.	2.1942006943365003e-7	1.0152495383951216e-7
598.9999999999999	0.	0.	2.2301069677864596e-7	1.0349138317336065e-7
600.	0.	0.	2.2652335523361384e-7	1.0543233223064386e-7
601.	0.	0.	2.2995659181792685e-7	1.0734685083753756e-7
602.	0.	0.	2.3330907434946747e-7	1.0923403551445664e-7
603.	0.	0.	2.3657958778019686e-7	1.1109302851812036e-7
603.9999999999999	0.	0.	2.3976703057184143e-7	1.1292301687946877e-7
605.	0.	0.	2.428704111583712e-7	1.1472323145960489e-7
606.	0.	0.	2.458888444395614e-7	1.1649294599792838e-7
607.	0.	0.	2.488215483541058e-7	1.1823147617551562e-7
607.9999999999999	0.	0.	2.5166784050172337e-7	1.1993817867970348e-7
609.	0.	0.	2.5442713483340516e-7	1.216124502792351e-7
610.	0.	0.	2.5709893839289724e-7	1.2325372690226755e-7
611.	0.	0.	2.596828481200132e-7	1.2486148272259097e-7
612.	0.	0.	2.6217854772165477e-7	1.2643522925723482e-7
612.9999999999999	0.	0.	2.645858045870378e-7	1.2797451446453128e-7
614.	0.	0.	2.6690446677640743e-7	1.2947892185700909e-7
615.	0.	0.	2.6913446006326866e-7	1.3094806961991178e-7
616.	0.	0.	2.7127578503385854e-7	1.323816097374293e-7
616.9999999999999	0.	0.	2.7332851424780805e-7	1.3377922712893197e-7
618.	0.	0.	2.7529278945613045e-7	1.35140638793671e-7
619.	0.	0.	2.7716881887689175e-7	1.3646559296449156e-7
620.	0.	0.	2.789568745319314e-7	1.3775386827255421e-7
621.	0.	0.	2.8065728963243624e-7	1.390052729174397e-7
621.9999999999999	0.	0.	2.822704560343876e-7	1.402196438533444e-7
623.	0.	0.	2.837968217376485e-7	1.413968459787992e-7
624.	0.	0.	2.8523688844904945e-7	1.4253677134031874e-7
625.	0.	0.	2.865912091980458e-7	1.436393383446998e-7
625.9999999999999	0.	0.	2.878603860091639e-7	1.447044909824361e-7
627.	0.	0.	2.890450676254532e-7	1.457321980597006e-7
628.	0.	0.	2.901459472945846e-7	1.4672245244513276e-7
629.	0.	0.	2.9116376059369117e-7	1.476752703197551e-7
629.9999999999999	0.	0.	2.920992833221675e-7	1.485906904450887e-7
630.9999999999999	0.	0.	2.929533294381608e-7	1.4946877343763053e-7
632.	0.	0.	2.9372674905312314e-7	1.503096010572997e-7
633.	0.	0.	2.9442042646871957e-7	1.511132755022359e-7
634.	0.	0.	2.9503527826799757e-7	1.5187991871635302e-7
634.9999999999999	0.	0.	2.95572251463517e-7	1.5260967171143164e-7
636.	0.	0.	2.960323216897583e-7	1.5330269389763184e-7
637.	0.	0.	2.964164914352238e-7	1.5395916242035203e-7
638.	0.	0.	2.9672578833851127e-7	1.5457927151632992e-7
638.9999999999999	0.	0.	2.969612635191389e-7	1.5516323187426303e-7
640.	0.	0.	2.9712398996580213e-7	1.5571127001205017e-7
641.	0.	0.	2.97215060957415e-7	1.5622362765815898e-7
642.	0.	0.	2.972355885419819e-7	1.567005611505442e-7
643.	0.	0.	2.971867020541866e-7	1.5714234084347581e-7
643.9999999999999	0.	0.	2.9706954667532893e-7	1.575492505245113e-7
645.	0.	0.	2.9688528204163145e-7	1.579215868451141e-7
646.	0.	0.	2.966350808888017e-7	1.5825965875885856e-7
647.	0.	0.	2.963201277450988e-7	1.5856378697406137e-7
647.9999999999999	0.	0.	2.959416176627157e-7	1.5883430341574634e-7
649.	0.	0.	2.955007549851324e-7	1.5907155069602282e-7
650.	0.	0.	2.9499875216265887e-7	1.5927588159969779e-7
651.	0.	0.	2.9443682859739647e-7	1.5944765857543362e-7
652.	0.	0.	2.93816209539253e-7	1.5958725324437957e-7
652.9999999999999	0.	0.	2.9313812500276357e-7	1.596950459102611e-7
654.	0.	0.	2.924038087383225e-7	1.5977142508943523e-7
655.	0.	0.	2.9161449722736705e-7	1.5981678704470794e-7
656.	0.	0.	2.907714287157833e-7	1.5983153533092763e-7
656.9999999999999	0.	0.	2.898758422858835e-7	1.59816080352898e-7
658.	0.	0.	2.889289769611457e-7	1.5977083893272108e-7
659.	0.	0.	2.8793207083836987e-7	1.5969623388388592e-7
660.	0.	0.	2.8688636026042544e-7	1.5959269359968224e-7
661.	0.	0.	2.857930790212188e-7	1.5946065165160408e-7
661.9999999999999	0.	0.	2.846534575927716e-7	1.593005463924137e-7
663.	0.	0.	2.8346872239155147e-7	1.5911282057362597e-7
664.	0.	0.	2.8224009507553564e-7	1.5889792097301629e-7
665.	0.	0.	2.809687918634149e-7	1.58656298027569e-7
665.9999999999999	0.	0.	2.796560228884716e-7	1.5838840547915096e-7
667.	0.	0.	2.7830299157655303e-7	1.580947000272345e-7
668.	0.	0.	2.769108940596157e-7	1.5777564099541744e-7
669.	0.	0.	2.754809186020098e-7	1.5743168999905632e-7
670.	0.	0.	2.7401424506546823e-7	1.570633106289701e-7
670.9999999999999	0.	0.	2.7251204439703875e-7	1.566709681425537e-7
672.	0.	0.	2.709754781360501e-7	1.5625512916025298e-7
673.	0.	0.	2.694056979496887e-7	1.5581626137312478e-7
674.	0.	0.	2.6780384519468144e-7	1.5535483326030795e-7
674.9999999999999	0.	0.	2.6617105049766124e-7	1.5487131381233002e-7
676.	0.	0.	2.645084333595046e-7	1.543661722635462e-7
677.	0.	0.	2.628171017816975e-7	1.5383987783277498e-7
678.	0.	0.	2.6109815191401265e-7	1.532928994719612e-7
678.9999999999999	0.	0.	2.593526677247402e-7	1.5272570562378707e-7
679.9999999999999	0.	0.	2.575817206880101e-7	1.5213876398526134e-7
681.	0.	0.	2.557863694916172e-7	1.5153254127945106e-7
682.	0.	0.	2.539676597663555e-7	1.509075030361874e-7
683.	0.	0.	2.5212662382977894e-7	1.5026411337774243e-7
683.9999999999999	0.	0.	2.5026428045362943e-7	1.4960283481514152e-7
685.	0.	0.	2.4838163464205055e-7	1.489241280476616e-7
686.	0.	0.	2.4647967743302634e-7	1.4822845177307516e-7
687.	0.	0.	2.445593857119754e-7	1.4751626250225095e-7
687.9999999999999	0.	0.	2.4262172204383373e-7	1.46788014382039e-7
688.9999999999999	0.	0.	2.406676345187024e-7	1.4604415902368588e-7
690.	0.	0.	2.386980566161966e-7	1.4528514534002337e-7
691.	0.	0.	2.3671390707867895e-7	1.4451141938567544e-7
692.	0.	0.	2.3471608980426385e-7	1.4372342420703145e-7
692.9999999999999	0.	0.	2.3270549374919205e-7	1.4292159969581183e-7
694.	0.	0.	2.3068299284641665e-7	1.421063824505884e-7
695.	0.	0.	2.2864944593626204e-7	1.4127820564382178e-7
696.	0.	0.	2.266056967073193e-7	1.4043749889349316e-7
696.9999999999999	0.	0.	2.2455257365166382e-7	1.395846881419254e-7
698.	0.	0.	2.2249089003099675e-7	1.3872019553989238e-7
699.	0.	0.	2.204214438540898e-7	1.3784443933634628e-7
700.	0.	0.	2.183450178632256e-7	1.3695783377247444e-7
701.	0.	0.	2.16262379533593e-7	1.3606078898268918e-7
701.9999999999999	0.	0.	2.1417428108073813e-7	1.351537108995979e-7
703.	0.	0.	2.1208145947874676e-7	1.3423700116476426e-7
704.	0.	0.	2.0998463648574712e-7	1.333110570432181e-7
705.	0.	0.	2.0788451868029502e-7	1.3237627134410157e-7
705.9999999999999	0.	0.	2.0578179750652844e-7	1.314330323461895e-7
707.	0.	0.	2.036771493244423e-7	1.3048172372611885e-7
708.	0.	0.	2.0157123547088632e-7	1.2952272449296017e-7
709.	0.	0.	1.9946470232814723e-7	1.2855640892725578e-7
710.	0.	0.	1.9735818139636804e-7	1.2758314652220718e-7
710.9999999999999	0.	0.	1.952522893778034e-7	1.2660330193226004e-7
712.	0.	0.	1.9314762826226798e-7	1.256172349223116e-7
713.	0.	0.	1.9104478542377367e-7	1.2462530032407835e-7
714.	0.	0.	1.8894433371924703e-7	1.2362784799385396e-7
714.9999999999999	0.	0.	1.8684683159588964e-7	1.22625222775948e-7
716.	0.	0.	1.8475282320092035e-7	1.2161776446784741e-7
717.	0.	0.	1.8266283849922816e-7	1.206058077907639e-7
718.	0.	0.	1.8057739339539833e-7	1.1958968236336693e-7
719.	0.	0.	1.7849698985781578e-7	1.1856971267720743e-7
719.9999999999999	0.	0.	1.764221160503841e-7	1.1754621807761094e-7
721.	0.	0.	1.7435324646761443e-7	1.1651951274725906e-7
722.	0.	0.	1.7229084207057812e-7	1.1548990569088999e-7
723.	0.	0.	1.702353504313464e-7	1.1445770072622607e-7
723.9999999999999	0.	0.	1.681872058769736e-7	1.1342319647525005e-7
725.	0.	0.	1.6614682963927885e-7	1.1238668636005179e-7
726.	0.	0.	1.6411463000541709e-7	1.1134845859995758e-7
727.	0.	0.	1.620910024727541e-7	1.1030879621233867e-7
727.9999999999999	0.	0.	1.6007632990612738e-7	1.0926797701586982e-7
728.9999999999999	0.	0.	1.5807098269651546e-7	1.0822627363563583e-7
730.	0.	0.	1.5607531892416751e-7	1.0718395351217049e-7
731.	0.	0.	1.540896845204999e-7	1.0614127891064217e-7
732.	0.	0.	1.521144134348272e-7	1.0509850693431923e-7
732.9999999999999	0.	0.	1.5014982780080172e-7	1.0405588953890132e-7
734.	0.	0.	1.4819623810618276e-7	1.0301367355018864e-7
735.	0.	0.	1.462539433616394e-7	1.0197210068220481e-7
736.	0.	0.	1.4432323127305571e-7	1.0093140755888573e-7
736.9999999999999	0.	0.	1.4240437841311115e-7	9.989182573641819e-8
737.9999999999999	0.	0.	1.4049765039514084e-7	9.885358172837693e-8
739.	0.	0.	1.386033020464619e-7	9.78168970317055e-8
740.	0.	0.	1.367215775838406e-7	9.678198815545092e-8
741.	0.	0.	1.3485271078765861e-7	9.57490666498606e-8
741.9999999999999	0.	0.	1.3299692517801152e-7	9.471833913813441e-8
743.	0.	0.	1.3115443419051033e-7	9.369000734929026e-8
744.	0.	0.	1.2932544135141784e-7	9.266426815189113e-8
745.	0.	0.	1.2751014045460027e-7	9.164131359043274e-8
745.9999999999999	0.	0.	1.257087157360826e-7	9.06213309213967e-8
746.9999999999999	0.	0.	1.2392134205082366e-7	8.960450265226896e-8
748.	0.	0.	1.2214818504709448e-7	8.859100658027417e-8
749.	0.	0.	1.20389401341649e-7	8.758101583307776e-8
750.	0.	0.	1.18645138694265e-7	8.657469891048266e-8
750.9999999999999	0.	0.	1.1691553618134025e-7	8.557221972689102e-8
752.	0.	0.	1.1520072436932024e-7	8.45737376550943e-8
753.	0.	0.	1.1350082548669595e-7	8.357940757049657e-8
754.	0.	0.	1.1181595359573859e-7	8.258937989661322e-8
754.9999999999999	0.	0.	1.1014621476334712e-7	8.160380065141779e-8
756.	0.	0.	1.0849170723019395e-7	8.062281149391908e-8
757.	0.	0.	1.0685252158050637e-7	7.9646549772709e-8
758.	0.	0.	1.052287409077595e-7	7.867514857297881e-8
759.	0.	0.	1.0362044098317613e-7	7.770873676714259e-8
759.9999999999999	0.	0.	1.0202769041904718e-7	7.674743906309728e-8
761.	0.	0.	1.0045055083370081e-7	7.579137605523518e-8
762.	0.	0.	9.888907701335073e-8	7.484066427462913e-8
763.	0.	0.	9.734331707396419e-8	7.389541624074535e-8
763.9999999999999	0.	0.	9.581331261976832e-8	7.295574051213865e-8
765.	0.	0.	9.429909890288205e-8	7.202174173951815e-8
766.	0.	0.	9.280070497854675e-8	7.10935207169667e-8
767.	0.	0.	9.131815386127024e-8	7.017117443538946e-8
768.	0.	0.	8.985146267806628e-8	6.925479613523803e-8
768.9999999999999	0.	0.	8.840064281982418e-8	6.83444753593147e-8
770.	0.	0.	8.696570009201754e-8	6.744029800654988e-8
771.	0.	0.	8.55466348631237e-8	6.654234638553957e-8
772.	0.	0.	8.41434422110298e-8	6.565069926799261e-8
772.9999999999999	0.	0.	8.275611206837706e-8	6.47654319428456e-8
774.	0.	0.	8.138462936541875e-8	6.388661626992642e-8
775.	0.	0.	8.00289741719668e-8	6.30143207343686e-8
776.	0.	0.	7.86891218360188e-8	6.214861049989601e-8
776.9999999999999	0.	0.	7.736504312247529e-8	6.128954746362645e-8
777.9999999999999	0.	0.	7.605670434843132e-8	6.043719030963561e-8
779.	0.	0.	7.476406751735888e-8	5.9591594563071324e-8
780.	0.	0.	7.348709045090241e-8	5.875281264380965e-8
781.	0.	0.	7.22257269193544e-8	5.792089392047229e-8
781.9999999999999	0.	0.	7.097992677000025e-8	5.70958847641708e-8
783.	0.	0.	6.974963605309894e-8	5.627782860173722e-8
784.	0.	0.	6.853479714651393e-8	5.5466765969272624e-8
785.	0.	0.	6.733534887843866e-8	5.466273456553074e-8
785.9999999999999	0.	0.	6.61512266473427e-8	5.3865769304423314e-8
786.9999999999999	0.	0.	6.49823625412647e-8	5.307590236835466e-8
788.	0.	0.	6.382868545388879e-8	5.229316326026861e-8
789.	0.	0.	6.269012119971665e-8	5.1517578856304725e-8
790.	0.	0.	6.156659262639178e-8	5.0749173457423764e-8
790.9999999999999	0.	0.	6.045801972605066e-8	4.998796884155354e-8
792.	0.	0.	5.936431974366449e-8	4.923398431453317e-8
793.	0.	0.	5.828540728458618e-8	4.84872367616872e-8
794.	0.	0.	5.7221194418929706e-8	4.774774069803412e-8
794.9999999999999	0.	0.	5.6171590785373174e-8	4.701550831926788e-8
795.9999999999999	0.	0.	5.513650369155236e-8	4.629054955113035e-8
797.	0.	0.	5.411583821415188e-8	4.557287209975089e-8
798.	0.	0.	5.310949729576898e-8	4.4862481500490036e-8
799.	0.	0.	5.211738184052972e-8	4.415938116691944e-8
799.9999999999999	0.	0.	5.1139390807595455e-8	4.346357243920233e-8
801.	0.	0.	5.0175421303299115e-8	4.27750546324755e-8
802.	0.	0.	4.92253686704008e-8	4.209382508393271e-8
803.	0.	0.	4.828912657664584e-8	4.1419879200442566e-8
803.9999999999999	0.	0.	4.7366587100717135e-8	4.075321050506403e-8
804.9999999999999	0.	0.	4.645764081662498e-8	4.009381068332152e-8
806.	0.	0.	4.5562176876577276e-8	3.9441669629251784e-8
807.	0.	0.	4.468008309117973e-8	3.879677549023653e-8
808.	0.	0.	4.381124600903319e-8	3.815911471235376e-8
808.9999999999999	0.	0.	4.2955550993671364e-8	3.7528672084470215e-8
810.	0.	0.	4.2112882299143685e-8	3.690543078217228e-8
811.	0.	0.	4.128312314386345e-8	3.628937241119838e-8
812.	0.	0.	4.046615578257023e-8	3.56804770502093e-8
812.9999999999999	0.	0.	3.966186157677869e-8	3.507872329321248e-8
814.	0.	0.	3.887012106361548e-8	3.448408829150966e-8
815.	0.	0.	3.809081402267342e-8	3.389654779487068e-8
816.	0.	0.	3.732381954148261e-8	3.3316076192378404e-8
816.9999999999999	0.	0.	3.656901607948673e-8	3.274264655288359e-8
817.9999999999999	0.	0.	3.582628152996656e-8	3.2176230664512604e-8
819.	0.	0.	3.50954932810027e-8	3.1616799074214165e-8
820.	0.	0.	3.437652827411212e-8	3.106432112607157e-8
821.	0.	0.	3.3669263062336844e-8	3.0518764999987246e-8
821.9999999999999	0.	0.	3.29735738657604e-8	2.998009774887402e-8
823.	0.	0.	3.228933662627466e-8	2.9448285335997163e-8
824.	0.	0.	3.16164270604263e-8	2.8923292671367328e-8
825.	0.	0.	3.0954720711274316e-8	2.8405083648037775e-8
825.9999999999999	0.	0.	3.03040929983347e-8	2.7893621177420335e-8
826.9999999999999	0.	0.	2.9664419266149003e-8	2.7388867224101e-8
828.	0.	0.	2.9035574831956468e-8	2.689078284058285e-8
829.	0.	0.	2.8417435031357132e-8	2.6399328200901037e-8
830.	0.	0.	2.780987526306096e-8	2.5914462634112546e-8
830.9999999999999	0.	0.	2.72127710319563e-8	2.5436144656928423e-8
832.	0.	0.	2.6625997991282624e-8	2.496433200619191e-8
833.	0.	0.	2.6049431983144487e-8	2.4498981670488554e-8
834.	0.	0.	2.5482949077825027e-8	2.4040049921288055e-8
834.9999999999999	0.	0.	2.4926425612057174e-8	2.3587492343745074e-8
835.9999999999999	0.	0.	2.4379738225854112e-8	2.3141263866778873e-8
837.	0.	0.	2.384276389812634e-8	2.2701318792616905e-8
838.	0.	0.	2.3315379981335807e-8	2.2267610826027426e-8
839.	0.	0.	2.2797464234553695e-8	2.1840093102621174e-8
839.9999999999999	0.	0.	2.228889485597704e-8	2.141871821721131e-8
841.	0.	0.	2.1789550513759758e-8	2.1003438251118452e-8
842.	0.	0.	2.1299310375950737e-8	2.05942047991721e-8
843.	0.	0.	2.0818054139626584e-8	2.0190968996457707e-8
843.9999999999999	0.	0.	2.0345662058184245e-8	1.9793681543819064e-8
844.9999999999999	0.	0.	1.988201496870708e-8	1.940229273392895e-8
846.	0.	0.	1.9426994317152052e-8	1.9016752475744265e-8
847.	0.	0.	1.8980482183405046e-8	1.8637010319310976e-8
848.	0.	0.	1.8542361304884746e-8	1.82630154796133e-8
848.9999999999999	0.	0.	1.8112515099362843e-8	1.7894716860123704e-8
850.	0.	0.	1.7690827686739956e-8	1.7532063075751686e-8
851.	0.	0.	1.727718390994871e-8	1.717500247538186e-8
852.	0.	0.	1.6871469355030243e-8	1.6823483163996325e-8
852.9999999999999	0.	0.	1.6473570370073454e-8	1.6477453024086144e-8
853.9999999999999	0.	0.	1.608337408363127e-8	1.613685973693614e-8
855.	0.	0.	1.57007684219466e-8	1.580165080310144e-8
856.	0.	0.	1.5325642125601532e-8	1.5471773562682748e-8
857.	0.	0.	1.4957884765130966e-8	1.5147175214919178e-8
857.9999999999999	0.	0.	1.4597386756125744e-8	1.4827802837616783e-8
859.	0.	0.	1.424403937329937e-8	1.4513603405874055e-8
860.	0.	0.	1.389773476377817e-8	1.4204523810338862e-8
861.	0.	0.	1.3558365959996712e-8	1.3900510875390696e-8
861.9999999999999	0.	0.	1.3225826891410765e-8	1.360151137641421e-8
863.	0.	0.	1.2900012395809143e-8	1.3307472056968775e-8
864.	0.	0.	1.2580818229872199e-8	1.3018339645462388e-8
865.	0.	0.	1.2268141078931167e-8	1.2734060871282873e-8
865.9999999999999	0.	0.	1.196187856631161e-8	1.2454582480769709e-8
866.9999999999999	0.	0.	1.16619292616254e-8	1.2179851252344862e-8
868.	0.	0.	1.1368192689029012e-8	1.1909814011859969e-8
869.	0.	0.	1.1080569334291307e-8	1.164441764694442e-8
870.	0.	0.	1.079896065162675e-8	1.1383609121326588e-8
870.9999999999999	0.	0.	1.0523269069811773e-8	1.1127335488634276e-8
872.	0.	0.	1.0253397997751244e-8	1.0875543905815384e-8
873.	0.	0.	9.989251829536496e-9	1.062818164623176e-8
874.	0.	0.	9.73073594892484e-9	1.0385196112327947e-8
874.9999999999999	0.	0.	9.477756733301834e-9	1.0146534847940565e-8
875.9999999999999	0.	0.	9.230221557246538e-9	9.912145550355789e-9
877.	0.	0.	8.988038795337813e-9	9.681976081723852e-9
878.	0.	0.	8.751117824855483e-9	9.455974480523576e-9
879.	0.	0.	8.519369027675735e-9	9.234088972310275e-9
879.9999999999999	0.	0.	8.292703791925285e-9	9.016267980348366e-9
881.	0.	0.	8.071034513139796e-9	8.802460135841878e-9
882.	0.	0.	7.854274594970562e-9	8.592614287806713e-9
883.	0.	0.	7.642338449545399e-9	8.386679512684692e-9
883.9999999999999	0.	0.	7.43514149734481e-9	8.184605123547637e-9
884.9999999999999	0.	0.	7.232600166743848e-9	7.986340679035078e-9
886.	0.	0.	7.0346318932097686e-9	7.791835992022407e-9
887.	0.	0.	6.8411551180977395e-9	7.601041137933735e-9
888.	0.	0.	6.652089287061399e-9	7.413906462718846e-9
888.9999999999999	0.	0.	6.467354848240219e-9	7.230382590662666e-9
890.	0.	0.	6.28687324994342e-9	7.050420431706955e-9
891.	0.	0.	6.110566938226264e-9	6.8739711887251155e-9
892.	0.	0.	5.938359354001776e-9	6.70098636433259e-9
892.9999999999999	0.	0.	5.77017492987133e-9	6.5314177674411726e-9
893.9999999999999	0.	0.	5.6059390868323735e-9	6.365217519725652e-9
895.	0.	0.	5.445578230461779e-9	6.202338061540148e-9
896.	0.	0.	5.289019747051313e-9	6.04273215782153e-9
897.	0.	0.	5.136191999369347e-9	5.886352903599291e-9
897.9999999999999	0.	0.	4.987024322196881e-9	5.7331537292791366e-9
899.	0.	0.	4.841447017678217e-9	5.583088405734047e-9
900.	0.	0.	4.699391350430252e-9	5.436111049140274e-9
901.	0.	0.	4.560789542337844e-9	5.292176125462148e-9
901.9999999999999	0.	0.	4.4255747672976175e-9	5.151238454887912e-9
902.9999999999999	0.	0.	4.293681145665216e-9	5.013253215924127e-9
904.	0.	0.	4.165043738507053e-9	4.878175949263052e-9
905.	0.	0.	4.039598541759291e-9	4.7459625615362e-9
906.	0.	0.	3.917282480066529e-9	4.616569328684715e-9
906.9999999999999	0.	0.	3.7980334006173185e-9	4.489952899310037e-9
908.	0.	0.	3.681790066710295e-9	4.366070297693384e-9
909.	0.	0.	3.568492151176268e-9	4.244878926618987e-9
910.	0.	0.	3.458080229716e-9	4.126336570075579e-9
910.9999999999999	0.	0.	3.350495774104808e-9	4.0104013957666515e-9
911.9999999999999	0.	0.	3.245681145159369e-9	3.897031957309539e-9
913.	0.	0.	3.1435795856802557e-9	3.786187196362398e-9
914.	0.	0.	3.0441352132933933e-9	3.6778264445932973e-9
914.9999999999999	0.	0.	2.9472930131072643e-9	3.5719094253855767e-9
915.9999999999999	0.	0.	2.8529988303029863e-9	3.4683962554117e-9
917.	0.	0.	2.7611993626644906e-9	3.3672474460870874e-9
918.	0.	0.	2.671842152955683e-9	3.2684239047853538e-9
919.	0.	0.	2.584875581256689e-9	3.171886935947356e-9
919.9999999999999	0.	0.	2.5002488572018165e-9	3.0775982420098717e-9
921.	0.	0.	2.4179120121503665e-9	2.9855199241928787e-9
922.	0.	0.	2.3378158913144626e-9	2.895614483168791e-9
923.	0.	0.	2.259912145766922e-9	2.807844819515665e-9
923.9999999999999	0.	0.	2.1841532244462637e-9	2.7221742340996183e-9
924.9999999999999	0.	0.	2.1104923661153525e-9	2.638566428327274e-9
926.	0.	0.	2.038883591203e-9	2.556985504176747e-9
927.	0.	0.	1.9692816936750315e-9	2.4773959641919767e-9
928.	0.	0.	1.901642232860075e-9	2.3997627113400234e-9
928.9999999999999	0.	0.	1.835921525185961e-9	2.3240510486752727e-9
930.	0.	0.	1.7720766359853352e-9	2.2502266790104725e-9
931.	0.	0.	1.7100653711534584e-9	2.1782557043126796e-9
932.	0.	0.	1.6498462688994298e-9	2.1081046251357135e-9
932.9999999999999	0.	0.	1.5913785914349144e-9	2.039740339881879e-9
933.9999999999999	0.	0.	1.534622316603793e-9	1.973130143899828e-9
935.	0.	0.	1.4795381296246877e-9	1.9082417286348514e-9
936.	0.	0.	1.4260874146758833e-9	1.845043180485251e-9
937.	0.	0.	1.374232246602464e-9	1.7835029797193458e-9
937.9999999999999	0.	0.	1.323935382581029e-9	1.7235899992446462e-9
939.	0.	0.	1.2751602537703854e-9	1.6652735032591347e-9
940.	0.	0.	1.2278709570098504e-9	1.6085231458681366e-9
941.	0.	0.	1.1820322464744816e-9	1.5533089695433283e-9
941.9999999999999	0.	0.	1.1376095254170103e-9	1.4996014035965795e-9
942.9999999999999	0.	0.	1.0945688378790666e-9	1.4473712625099075e-9
944.	0.	0.	1.0528768604087584e-9	1.3965897441710484e-9
945.	0.	0.	1.012500893872021e-9	1.3472284281305827e-9
946.	0.	0.	9.734088551946395e-10	1.2992592736605103e-9
946.9999999999999	0.	0.	9.355692692112204e-10	1.252654617850468e-9
948.	0.	0.	8.989512605099194e-10	1.2073871735914558e-9
949.	0.	0.	8.635245453055361e-10	1.163430027490696e-9
950.	0.	0.	8.292594233645374e-10	1.1207566377480747e-9
950.9999999999999	0.	0.	7.961267699439086e-10	1.0793408319430552e-9
951.9999999999999	0.	0.	7.64098027814383e-10	1.0391568048259024e-9
953.	0.	0.	7.331451992611472e-10	1.000179115969267e-9
954.	0.	0.	7.032408381755182e-10	9.623826874335391e-10
954.9999999999999	0.	0.	6.743580421812426e-10	9.25742801368722e-10
955.9999999999999	0.	0.	6.464704447941537e-10	8.90235097550294e-10
957.	0.	0.	6.195522076412368e-10	8.55835570886846e-10
958.	0.	0.	5.935780127218697e-10	8.225205688729583e-10
959.	0.	0.	5.68523054735699e-10	7.902667890228415e-10
959.9999999999999	0.	0.	5.443630334377523e-10	7.590512762300154e-10
960.9999999999999	0.	0.	5.210741460670158e-10	7.288514201158381e-10
962.	0.	0.	4.986330798320904e-10	6.996449523465355e-10
963.	0.	0.	4.770170044373509e-10	6.714099438936452e-10
963.9999999999999	0.	0.	4.562035646806886e-10	6.441248022829956e-10
964.9999999999999	0.	0.	4.361708730948251e-10	6.177682687917343e-10
966.	0.	0.	4.1689750266867445e-10	5.923194156470285e-10
967.	0.	0.	3.9836247962182346e-10	5.677576431862219e-10
968.	0.	0.	3.8054527621580024e-10	5.440626769583141e-10
968.9999999999999	0.	0.	3.634258036779746e-10	5.212145648726493e-10
969.9999999999999	0.	0.	3.4698440514686685e-10	4.991936742668421e-10
971.	0.	0.	3.3120184868588073e-10	4.779806889608229e-10
972.	0.	0.	3.1605932038838576e-10	4.5755660633015755e-10
972.9999999999999	0.	0.	3.015384175203038e-10	4.3790273432297923e-10
973.9999999999999	0.	0.	2.876211417437991e-10	4.1900068848246843e-10
975.	0.	0.	2.742898923980665e-10	4.0083238894166795e-10
976.	0.	0.	2.61527459860353e-10	3.8338005742484653e-10
977.	0.	0.	2.4931701895338143e-10	3.6662621420618935e-10
977.9999999999999	0.	0.	2.376421224474137e-10	3.505536750976851e-10
979.	0.	0.	2.26486694612848e-10	3.351455484019219e-10
980.	0.	0.	2.1583502483031027e-10	3.2038523184084286e-10
980.9999999999999	0.	0.	2.056717613167424e-10	3.0625640954725977e-10
982.	0.	0.	1.9598190485991095e-10	2.9274304896156424e-10
982.9999999999999	0.	0.	1.8675080265836599e-10	2.798293977772841e-10
983.9999999999999	0.	0.	1.779641422405548e-10	2.6749998089805755e-10
985.	0.	0.	1.6960794541477725e-10	2.5573959733467064e-10
985.9999999999999	0.	0.	1.6166856232560084e-10	2.4453331715573474e-10
987.	0.	0.	1.541326655624675e-10	2.3386647841205034e-10
988.	0.	0.	1.469872443419406e-10	2.2372468406748943e-10
988.9999999999999	0.	0.	1.402195987668004e-10	2.1409379894217034e-10
990.	0.	0.	1.338173341295596e-10	2.049599466200519e-10
990.9999999999999	0.	0.	1.2776835533376234e-10	1.9630950643319364e-10
992.	0.	0.	1.2206086133293747e-10	1.881291103709537e-10
993.	0.	0.	1.1668333968033535e-10	1.8040564005784334e-10
993.9999999999999	0.	0.	1.1162456111418141e-10	1.731262236851886e-10
995.	0.	0.	1.0687357424948027e-10	1.6627823300733347e-10
995.9999999999999	0.	0.	1.0241970029768349e-10	1.5984928028168785e-10
997.	0.	0.	9.825252790059569e-11	1.5382721528750203e-10
998.	0.	0.	9.436190799433315e-11	1.4820012229389375e-10
998.9999999999999	0.	0.	9.073794876133319e-11	1.4295631706811486e-10
1000.	0.	0.	8.737101065117566e-11	1.3808434389542545e-10