0.	0.	0.	0.	0.
1.	0.008225975395004439	0.013864978769405251	0.0014372371782621967	0.00014397130745548117
2.	0.0004989407626648263	0.025375628191787732	0.002728529150352343	0.00027379558231725785
3.	0.00001753076248668026	0.034801518909276595	0.003884128737161485	0.00039043127075016003
4.	4.6845276413641954e-7	0.04238961984777909	0.004913694541996878	0.0004947833311853639
5.	1.0537497912554754e-8	0.048365279208023394	0.00582632107724002	0.0005877058486230264
6.	2.100007829910235e-10	0.05293331592467651	0.00663056751853467	0.0006700045335740047
7.	3.820780064885619e-12	0.05627918315677079	0.007334485143395087	0.0007424391103176877
8.	6.473122801655623e-14	0.05857017233672162	0.00794564350897344	0.0008057255989768931
9.	1.0279512283588083e-15	0.05995663226102772	0.008471155421647584	0.0008605384957409329
10.	0.	0.060573182780527715	0.008917700749084071	0.0009075128554040556
11.	0.	0.06053990695471921	0.009291549123494156	0.0009472462802283834
12.	0.	0.05996350917310875	0.009598581582930425	0.000980300818987967
13.	0.	0.05893842980523609	0.00984431119566694	0.0010072047799034828
14.	0.	0.05754790949790394	0.01003390271096365	0.0010284544610352612
14.999999999999998	0.	0.05586499836194403	0.0101721912778352	0.0010445158015655182
16.	0.	0.05395350704194998	0.010263700271822614	0.0010558259572687606
17.	0.	0.05186889809379865	0.01031265826820208	0.0010627948033421703
18.	0.	0.04965911725284604	0.01032301519855641	0.0010658063676451206
18.999999999999996	0.	0.04736536510095697	0.010298457726179827	0.0010652201972788302
20.	0.	0.04502281036833622	0.010242423874383863	0.0010613726613231715
21.	0.	0.04266124666720053	0.010158116940419903	0.0010545781924378834
22.	0.	0.04030569487532558	0.01004851872643007	0.0010451304699295861
23.	0.	0.03797695369148137	0.009916402117581945	0.0010333035467840154
24.	0.	0.03569210109164622	0.009764343036331877	0.0010193529230646421
24.999999999999996	0.	0.033464949541783785	0.009594731800595026	0.0010035165679841622
26.	0.	0.031306457884570794	0.009409783912476825	0.0009860158928641323
27.	0.	0.029225102826328814	0.009211550303137651	0.0009670566771101785
28.	0.	0.02722721291723145	0.009001927058320756	0.0009468299492455922
29.	0.	0.02531726785169209	0.008782664648069092	0.0009255128249646057
29.999999999999996	0.	0.02349816582433952	0.008555376683190685	0.0009032693040881904
31.	0.	0.021771461566585146	0.008321548220101739	0.0008802510282296247
32.	0.	0.020137577564837125	0.008082543634781362	0.0008565980009043431
32.99999999999999	0.	0.01859599082837844	0.007839614085709955	0.000832439271748514
34.	0.	0.017145397436455125	0.007593904584834422	0.00080789358644339
35.	0.	0.015783856953205635	0.007346460694805476	0.0007830700038775528
36.	0.	0.014508918658112638	0.007098234869965196	0.0007580684820167482
37.	0.	0.01331773140059326	0.006850092457825019	0.0007329804338908759
37.99999999999999	0.	0.012207138751661626	0.006602817377064619	0.0007078892550498832
39.	0.	0.011173760994452822	0.00635711748740007	0.0006828708237846757
40.	0.	0.0102140653696416	0.006113629666013484	0.000657993975355613
41.	0.	0.009324425872032902	0.005872924604606231	0.0006333209514197026
42.	0.	0.008501173781248176	0.005635511340531668	0.0006089078257980582
42.99999999999999	0.	0.007740640002717618	0.005401841534881302	0.0005848049076775842
44.	0.	0.007039190195214392	0.005172313509838995	0.0005610571232950549
44.99999999999999	0.	0.006393253567919486	0.004947276057080544	0.0005377043771077324
46.	0.	0.0057993461433880275	0.004727032028479834	0.0005147818934123267
47.	0.	0.0052540892026316285	0.004511841719887568	0.0004923205393334471
48.	0.	0.004754223554614811	0.004301926058272466	0.00047034713006356
49.	0.	0.004296620204530802	0.004097469602058357	0.0004488847171988988
49.99999999999999	0.	0.0038782879329832356	0.0038986233640522583	0.0004279528609796827
51.	0.	0.0034963782413529117	0.0037055074659376403	0.0004075678872082635
52.	0.	0.0031481880668561757	0.00351821363290366	0.00038774312958552744
53.	0.	0.002831160623784783	0.0033368075365939193	0.00036848915817384897
54.	0.	0.002542884684837534	0.003161330994186774	0.00034981399466414503
54.99999999999999	0.	0.002281092577997494	0.0029918040310630235	0.00033172331509503776
56.	0.	0.0020436571397706876	0.0028282268141755417	0.0003142206406438142
56.99999999999999	0.	0.0018285878344861477	0.002670581462907498	0.00029730751708160005
58.	0.	0.0016340262214820838	0.002518833743892546	0.00028098368345909
59.	0.	0.0014582409270978527	0.002372934655969041	0.000265247230564042
59.99999999999999	0.	0.0012996222562026648	0.00223282191115251	0.000250094749667713
61.	0.	0.001156676558279142	0.0020984213172343643	0.0002355214720543001
62.	0.	0.0010280204456174444	0.0019696480673502626	0.00022152139980527997
63.	0.	0.0009123749457550593	0.0018464079416085377	0.00020808742828931347
64.	0.	0.0008085596567214274	0.0017285984256263168	0.0001952114607879601
65.	0.	0.0007154869617362704	0.0016161097505889132	0.0001828845156679064
65.99999999999999	0.	0.0006321563495974686	0.00150882585922597	0.00017109682649167228
67.	0.	0.0005576488779254826	0.001406625301884937	0.00015983793544075662
68.	0.	0.000491121808565544	0.0013093820666792355	0.0001490967804079731
69.	0.	0.0004318034376568543	0.0012169663474938326	0.00013886177609921245
70.	0.	0.0003789881370421405	0.0011292452534445636	0.00012912088946900557
70.99999999999999	0.	0.00033203161870414065	0.0010460834632099634	0.00011986170979914974
72.	0.	0.0002903464296801501	0.000967343827483808	0.00011107151371507571
73.	0.	0.0002533976813340437	0.0008928879226341903	0.00010273732542075381
74.	0.	0.00022069901387739908	0.0008225765584994972	0.00009484597241959953
75.	0.	0.00019180879455557744	0.000756270243103001	0.00008738413697605973
75.99999999999999	0.	0.00016632654588704347	0.000693829606926265	0.00008033840356037903
77.	0.	0.00014388959870622375	0.0006351157892456791	0.00007369530250730055
78.	0.	0.0001241699634610072	0.0005799907889074505	0.00006744135010830146
79.	0.	0.00010687141220884913	0.0005283177817928467	0.00006156308534624443
80.	0.	0.00009172676299964764	0.0004799614071075316	0.000056047103471063315
80.99999999999999	0.	0.00007849535779273122	0.00043478802451651883	0.00005088008660531158
82.	0.	0.00006696072469710931	0.0003926659440389788	0.00004604883155902212
83.	0.	0.0000569284151203202	0.00035346563051501093	0.00004154027502438038
84.	0.	0.00004822400633658052	0.00031705988435865414	0.00003734151631210615
84.99999999999999	0.	0.00004069126001782857	0.00028332400021890644	0.00003343983778330084
85.99999999999999	0.	0.000034190427392161744	0.00025213590508145337	0.00002982272312263223
87.	0.	0.000028596691886773018	0.00022337627725987135	0.000026477873591305615
88.	0.	0.00002379874036195008	0.00019692864764434218	0.00002339322239108409
89.	0.	0.00001969745433676092	0.00017267948449951705	0.00002055694726381758
89.99999999999999	0.	0.00001620471293483604	0.00015051826303043295	0.000017957481444440058
90.99999999999999	0.	0.00001324229963089652	0.0001303375208657109	0.000015583523079138485
92.	0.	0.000010740905247692001	0.00011203290054160377	0.000013424043214498832
93.	0.	8.639220032022496e-6	0.00009550318000756784	0.000011468292457755927
94.	0.	6.883108022033474e-6	0.00008065029211434592	9.705806402869767e-6
94.99999999999999	0.	5.424857301367097e-6	0.00006737933398893291	8.126409912011081e-6
96.	0.	4.222500115182639e-6	0.000055598567146708095	6.720220337104933e-6
97.	0.	3.239197195466291e-6	0.00004521940913998919	5.477649761418828e-6
98.	0.	2.442681005943231e-6	0.00003615641749380669	4.389406336740045e-6
99.	0.	1.8047529682494096e-6	0.000028327266632769556	3.4464947873428177e-6
99.99999999999999	0.	1.3008300695565538e-6	0.000021652718460260573	2.6402161480382154e-6
101.	0.	9.095365761554804e-7	0.00001605658720848447	1.9621667996037155e-6
102.	0.	6.123368871433413e-7	0.00001146569913933637	1.4042368613222275e-6
103.	0.	3.9320585661980875e-7	7.809847638151625e-6	9.586079968006757e-7
104.	0.	2.3833319158424116e-7	5.021744207368643e-6	6.177506859601137e-7
104.99999999999999	0.	1.3585879590192187e-7	3.0369658331602996e-6	3.744210128742932e-7
106.	0.	7.563617849765065e-8	1.79389916705554e-6	2.2165701621619273e-7
107.	0.	4.902127644719536e-8	1.233681933375705e-6	1.5277464607443705e-7
108.	0.	4.86842614488095e-8	1.3001419463164697e-6	1.613633683639144e-7
109.	0.	6.844210146558734e-8	1.9397340923114865e-6	2.4128145531520387e-7
109.99999999999999	0.	1.0310983887418551e-7	3.101475608691931e-6	3.866509981763576e-7
111.	0.	1.4836872264862903e-7	4.736879965287174e-6	5.918526758920322e-7
112.	0.	2.0064949562087193e-7	6.79988963314113e-6	8.515203113446184e-7
113.	0.	2.5702928927419757e-7	9.246808002985167e-6	1.1605352446334954e-6
113.99999999999999	0.	3.151407184910405e-7	0.0000120362306959824	1.514020550892677e-6
114.99999999999999	0.	3.7309189781512264e-7	0.000015128976490165845	1.9073351282598605e-6
116.	0.	4.2939621973661973e-7	0.00001848801806813325	2.336067679838362e-6
117.	0.	4.829108448786503e-7	0.00002207841277457484	2.796030611794828e-6
118.	0.	5.327829543759452e-7	0.000025867233556648557	3.2832538681816614e-6
118.99999999999999	0.	5.78402906744906e-7	0.000029823500244509972	3.793978721467321e-6
119.99999999999999	0.	6.193635257823328e-7	0.00003391811131628606	4.324651536460443e-6
121.	0.	6.554248229582042e-7	0.00003812377627764365	4.871917523845327e-6
122.	0.	6.86483527985819e-7	0.00004241494877434239	5.432614498350815e-6
122.99999999999999	0.	7.125468652054962e-7	0.000046767760544195636	6.0037666553268445e-6
124.	0.	7.337100716023432e-7	0.000051159956304274324	6.582578378405408e-6
125.	0.	7.50137205123979e-7	0.00005557082965849971	7.166428089788254e-6
126.	0.	7.620448399142753e-7	0.000059981160102075674	7.752862153802392e-6
127.	0.	7.696882884850449e-7	0.00006437315118910979	8.33958884326093e-6
128.	0.	7.733500301436725e-7	0.00006873036992290832	8.924472377460076e-6
129.	0.	7.733300604421363e-7	0.00007303768741902044	9.505527039588737e-6
130.	0.	7.699379084319708e-7	0.00007728122088567022	0.000010080911380768734
131.	0.	7.634860972945135e-7	0.0000814482769576556	0.000010648922516963885
131.99999999999997	0.	7.542848498475346e-7	0.00008552729641513709	0.000011207990524506699
133.	0.	7.426378636792097e-7	0.00008950780031179364	0.000011756672939190156
134.	0.	7.288390015279514e-7	0.00009338033753213197	0.00001229364936335012
135.	0.	7.131697611909802e-7	0.00009713643379227974	0.000012817716184728927
136.	0.	6.958974059445724e-7	0.0001007685420944766	0.00001332778141043929
137.	0.	6.772736513412114e-7	0.00010426999464064207	0.000013822859618770022
138.	0.	6.575338175238476e-7	0.0001076349562070743	0.000014302067031185447
139.	0.	6.368963679971013e-7	0.00011085837897833344	0.000014764616706381852
140.	0.	6.155627662643669e-7	0.00011393595883519235	0.000015209813857875911
140.99999999999997	0.	5.937175910335721e-7	0.00011686409308870215	0.000015637051296247265
141.99999999999997	0.	5.715288588947678e-7	0.00011963983964918728	0.00001604580499674393
143.	0.	5.491485106259292e-7	0.00012226087761726476	0.000016435629792739574
144.	0.	5.267130236686337e-7	0.0001247254692807779	0.000016806155195106957
145.	0.	5.043441189158348e-7	0.00012703242350035784	0.000017157081337411644
146.	0.	4.821495348869244e-7	0.000129181060463889	0.00001748817504649545
147.	0.	4.60223846657019e-7	0.00013117117778882893	0.000017799266037827646
148.	0.	4.386493106646761e-7	0.00013300301794964172	0.00001809024323475688
149.	0.	4.174967197859702e-7	0.00013467723700661817	0.000018361051210641843
150.	0.	3.9682625589356355e-7	0.00013619487461089113	0.000018611686752615023
150.99999999999997	0.	3.766883295598241e-7	0.0001375573252596734	0.00001884219554559906
151.99999999999997	0.	3.571243986814047e-7	0.0001387663107747668	0.000019052668975029685
153.	0.	3.381677595883471e-7	0.00013982385397689578	0.000019243241046637232
154.	0.	3.198443057630204e-7	0.00014073225352739506	0.000019414085421460545
155.	0.	3.0217325058497895e-7	0.00014149405990893018	0.0000195654125642483
156.	0.	2.8516781163250947e-7	0.00014211205251573138	0.000019697467003195722
157.	0.	2.688358549969921e-7	0.00014258921782436823	0.000019810524698996073
158.	0.	2.5318049883137025e-7	0.00014292872861524847	0.000019904890521024822
159.	0.	2.3820067600041332e-7	0.00014313392421522146	0.00001998089582845398
160.	0.	2.23891656207781e-7	0.0001432082917315237	0.000020038896154026414
160.99999999999997	0.	2.10245528401078e-7	0.0001431554482475495	0.000020079268988205135
161.99999999999997	0.	1.9725164458492702e-7	0.00014297912395038663	0.000020102411661285987
163.	0.	1.8489702642394664e-7	0.0001426831461612239	0.000020108739321174886
164.	0.	1.7316673621455707e-7	0.000142271424238865	0.000020098683004356953
165.	0.	1.6204421394298883e-7	0.00014174793532768974	0.00002007268779768812
166.	0.	1.51511582234551e-7	0.00014111671092105406	0.000020031211088538777
167.	0.	1.415499210598666e-7	0.00014038182421200854	0.000019974720900891322
168.	0.	1.3213951408382958e-7	0.0001395473782032433	0.000019903694314945655
169.	0.	1.2326006853856172e-7	0.00013861749454846832	0.00001981861596777634
169.99999999999997	0.	1.1489091047972523e-7	0.00013759630309835002	0.00001971997663266254
170.99999999999997	0.	1.0701115724480147e-7	0.0001364879321242301	0.000019608271874674926
171.99999999999997	0.	9.959986887058232e-8	0.00013529649919322777	0.000019484000780105373
173.	0.	9.263618017320474e-8	0.00013402610266913628	0.000019347664757389264
174.	0.	8.609941510610261e-8	0.00013268081381406015	0.000019199766407197014
175.	0.	7.996918495039426e-8	0.00013126466946588252	0.000019040808459340893
176.	0.	7.422547179192682e-8	0.00012978166526752782	0.000018871292774219378
177.	0.	6.884869867013439e-8	0.0001282357494246457	0.000018691719406568457
178.	0.	6.38197876906034e-8	0.00012663081696851261	0.000018502585729264482
179.	0.	5.91202073107672e-8	0.00012497070450182923	0.000018304385615003734
179.99999999999997	0.	5.473200992816751e-8	0.00012325918540558245	0.000018097608673708437
180.99999999999997	0.	5.063786081411597e-8	0.00012149996548587546	0.000017882739543569527
181.99999999999997	0.	4.68210593606643e-8	0.00011969667903972992	0.00001766025723360598
183.	0.	4.326555353671594e-8	0.0001178528853201271	0.000017430634515761033
184.	0.	3.995594836256955e-8	0.000115972065380601	0.000017194337364518684
185.	0.	3.687750916667755e-8	0.00011405761928060489	0.000016951824442115035
186.	0.	3.401616029688283e-8	0.00011211286363314343	0.000016703546627417195
187.	0.	3.135847991805715e-8	0.00011014102947714624	0.0000164499465866469
188.	0.	2.88916914593564e-8	0.00010814526045721496	0.000016191458384109778
189.	0.	2.660365222174108e-8	0.0001061286112942128	0.00001592850713117615
189.99999999999997	0.	2.4482839606843384e-8	0.00010409404653061115	0.000015661508671788123
190.99999999999997	0.	2.2518335382614935e-8	0.00010204443953508974	0.000015390869302817376
192.	0.	2.0699808357706426e-8	0.00009998257175143425	0.000015116985527644294
193.	0.	1.9017495789980778e-8	0.0000979111321772084	0.000014840243841358895
194.	0.	1.7462183828053066e-8	0.00009583271705854907	0.000014561020546081126
195.	0.	1.602518724349163e-8	0.00009374982978725608	0.000014279681594838834
196.	0.	1.4698328679622638e-8	0.0000916648809877115	0.000013996582462614432
197.	0.	1.3473917621863046e-8	0.00008958018878104183	0.000013712068043123719
198.	0.	1.2344729258021818e-8	0.0000874979792146374	0.000013426472569964929
198.99999999999997	0.	1.1303983385325724e-8	0.00008542038684553625	0.000013140119560807477
199.99999999999997	0.	1.0345323486179135e-8	0.00008334945546696557	0.000012853321783381821
200.99999999999997	0.	9.462796091509806e-9	0.00008128713896708549	0.000012566381241965837
202.	0.	8.650830514443478e-9	0.00007923530231044523	0.000012279589183262007
203.	0.	7.904219041783324e-9	0.00007719572263193531	0.000011993226120422564
204.	0.	7.2180976399824095e-9	0.00007517009043446604	0.000011707561874177615
205.	0.	6.5879272275297735e-9	0.00007316001088132412	0.00001142285562995509
206.	0.	6.009475558183329e-9	0.00007116700517495511	0.000011139356009981502
207.	0.	5.478799739541248e-9	0.00006919251201402464	0.000010857301159347016
208.	0.	4.992229414012525e-9	0.00006723788912120148	0.000010576918845088652
208.99999999999997	0.	4.5463506140776966e-9	0.0000653044148343442	0.000010298426567362877
209.99999999999997	0.	4.137990299410331e-9	0.00006339328975431819	0.000010022031681844187
210.99999999999997	0.	3.764201581363342e-9	0.00006150563844262586	9.747931532460864e-6
212.	0.	3.4222496268621342e-9	0.00005964251116276065	9.476313593675205e-6
213.	0.	3.1095982420749918e-9	0.00005780488565939598	9.207355621530216e-6
214.	0.	2.8238971188163804e-9	0.00005599366896973001	8.94122581270127e-6
215.	0.	2.562969735617526e-9	0.00005420969926165855	8.678082970831093e-6
216.	0.	2.324801895872109e-9	0.000052453747693870516	8.418076679478388e-6
217.	0.	2.107530884022816e-9	0.00005072652029300951	8.161347481003845e-6
218.	0.	1.9094352252052253e-9	0.00004902865984356588	7.908027060786686e-6
218.99999999999997	0.	1.7289250233126945e-9	0.00004736074778610476	7.658238436142231e-6
219.99999999999997	0.	1.5645328581616549e-9	0.00004572330612016405	7.412096149415559e-6
220.99999999999997	0.	1.4149052216548143e-9	0.000044116799307835085	7.169706464662677e-6
222.	0.	1.2787944676236294e-9	0.00004254163617473567	6.931167567431818e-6
223.	0.	1.1550512546789693e-9	0.00004099817180502719	6.6965697671371995e-6
224.	0.	1.0426174596463862e-9	0.00003948670942749268	6.465995701566918e-6
225.	0.	9.40519539304924e-10	0.00003800750228987207	6.239520543086037e-6
226.	0.	8.478623168061211e-10	0.000036560755518681216	6.0172122060917245e-6
227.	0.	7.638231740767739e-10	0.00003514662796234049	5.799131555366849e-6
227.99999999999997	0.	6.876466267432277e-10	0.000033765234015009484	5.5853326148997434e-6
228.99999999999997	0.	6.186392611282476e-10	0.00003241664541941796	5.375862776877326e-6
229.99999999999997	0.	5.561650151542406e-10	0.000031100893046386804	5.1707630104530135e-6
230.99999999999997	0.	4.996407812649181e-10	0.000029817968649743945	4.9700680700516085e-6
232.	0.	4.4853231441453043e-10	0.000028567826594507176	4.773806702828773e-6
233.	0.	4.0235042717149334e-10	0.000027350385557277183	4.582001855074614e-6
234.	0.	3.6064745352114295e-10	0.000026165530197452925	4.394670877290782e-6
235.	0.	3.230139663182032e-10	0.00002501311279783485	4.211825727657216e-6
236.	0.	2.8907573115050024e-10	0.000023892954873819935	4.033473173706719e-6
237.	0.	2.584908831483508e-10	0.000022804848750242835	3.859614991996456e-6
237.99999999999997	0.	2.309473113700105e-10	0.000021748559104761003	3.6902481655349025e-6
238.99999999999997	0.	2.061602380177592e-10	0.00002072382447737762	3.525365078836263e-6
239.99999999999997	0.	1.8386997831500018e-10	0.00001973035874534361	3.3649537104118837e-6
240.99999999999997	0.	1.6383987073159515e-10	0.000018767852562822605	3.2089978225287637e-6
242.	0.	1.4585436473504236e-10	0.000017835974765102587	3.0574771481307764e-6
243.	0.	1.297172556066323e-10	0.00001693437373685203	2.9103675747669473e-6
244.	0.	1.152500560435627e-10	0.000016062678744112086	2.767641325401834e-6
245.	0.	1.0229049532216869e-10	0.000015220501230105947	2.6292671360479634e-6
245.99999999999997	0.	9.069113627687226e-11	0.000014407436074377972	2.495210430060975e-6
247.	0.	8.031810263956566e-11	0.00001362306281552462	2.3654334890653055e-6
248.	0.	7.104990726846219e-11	0.000012866946837376085	2.2398956204077936e-6
248.99999999999997	0.	6.277637545261634e-11	0.000012138640518730038	2.1185533210771866e-6
250.	0.	5.5397655564337776e-11	0.000011437684346866912	2.001360438049048e-6
250.99999999999997	0.	4.882330995631238e-11	0.000010763607994853651	1.8882683249761363e-6
252.	0.	4.297148129426592e-11	0.000010115931363058337	1.7792259952161556e-6
252.99999999999997	0.	3.776812765824802e-11	9.494165584961865e-6	1.6741802711297986e-6
254.	0.	3.314632139902798e-11	8.8978139978772e-6	1.5730759296737836e-6
254.99999999999997	0.	2.9045607144754542e-11	8.326373078588616e-6	1.4758558442084644e-6
256.	0.	2.5411413893612358e-11	7.779333344566803e-6	1.382461122552874e-6
257.	0.	2.2194517132488423e-11	7.256180221034768e-6	1.2928312412532655e-6
258.	0.	1.9350547159273542e-11	6.756394874563957e-6	1.206904176103287e-6
259.	0.	1.6839539736442087e-11	6.279455013363671e-6	1.124616528862715e-6
260.	0.	1.4625525723459548e-11	5.82483565507302e-6	1.0459036502371378e-6
261.	0.	1.2676156721682512e-11	5.392009862413301e-6	9.706997591014688e-7
262.	0.	1.0962363326661633e-11	4.9804494474033445e-6	8.989380580125586e-7
263.	0.	9.45804402306741e-12	4.5896256445295145e-6	8.305508450013735e-7
263.99999999999994	0.	8.139781390226482e-12	4.219009753641726e-6	7.654696217043768e-7
265.	0.	6.986584076697361e-12	3.868073753114098e-6	7.036251978531945e-7
266.	0.	5.97965182812069e-12	3.5362908838155237e-6	6.449477921437358e-7
267.	0.	5.1021619846127375e-12	3.223136204703487e-6	5.893671295559368e-7
268.	0.	4.339075389253664e-12	2.9280871204235485e-6	5.36812535118255e-7
269.	0.	3.676960175388636e-12	2.650623881892052e-6	4.872130242208327e-7
270.	0.	3.1038319305675815e-12	2.3902300601549467e-6	4.4049738945774207e-7
271.	0.	2.60900860987762e-12	2.146392994504658e-6	3.9659428410612577e-7
272.	0.	2.182979217154909e-12	1.918604215252844e-6	3.5543230224458324e-7
272.99999999999994	0.	1.8172847077116726e-12	1.7063598420592528e-6	3.169400556070208e-7
274.	0.	1.504410360322714e-12	1.5091609583015786e-6	2.8104624719331715e-7
274.99999999999994	0.	1.2376883150389313e-12	1.3265139621750012e-6	2.476797416971618e-7
276.	0.	1.0112095897422211e-12	1.1579308953639634e-6	2.1676963284193925e-7
277.	0.	8.197445404557707e-13	1.0029297496766777e-6	1.8824530763308765e-7
278.	0.	6.586711421884126e-13	8.610347524894117e-7	1.620365076218906e-7
279.	0.	5.239102989073602e-13	7.317766316526148e-7	1.380733872413458e-7
280.	0.	4.1186754060192753e-13	6.146928603655076e-7	1.1628656924894795e-7
281.	0.	3.193805398968217e-13	5.093278828208134e-7	9.660719736837176e-8
281.99999999999994	0.	2.4367189806175255e-13	4.152333211656105e-7	7.896698617578133e-8
283.	0.	1.8230670105230642e-13	3.3196816448244285e-7	6.329826830804268e-8
283.99999999999994	0.	1.3315439954795956e-13	2.590989403334434e-7	4.9534039041308905e-8
285.	0.	9.435459907023242e-14	1.9619986952574295e-7	3.760799831202492e-8
286.	0.	6.428639209815665e-14	1.4285300471663596e-7	2.7454590246674875e-8
287.	0.	4.1540881572677365e-14	9.864835344281095e-8	1.9009040261806563e-8
288.	0.	2.4896598222822857e-14	6.318398620369133e-8	1.2207389806392127e-8
289.	0.	1.329751900575039e-14	3.606613000958354e-8	6.986528777994904e-9
290.	0.	5.833436642821342e-15	1.690924833696301e-8	3.2842257485040056e-9
291.	0.	1.7224432326730844e-15	5.336107526478837e-9	1.0391559618567177e-9
292.	0.	2.9532164667766495e-16	9.778306984984781e-10	1.909272686362686e-10
292.99999999999994	0.	9.816490658332904e-16	3.473939372563435e-9	6.801039923440531e-10
294.	0.	3.297441323081329e-15	1.247238341572498e-8	2.4482288084567322e-9
294.99999999999994	0.	6.834180180477724e-15	2.7629559923241095e-8	5.43784271519983e-9
296.	0.	1.1249081324951097e-14	4.861032144352749e-8	9.592503139155885e-9
297.	0.	1.6256474624163635e-14	7.508797402568927e-8	1.4856800233192173e-8
298.	0.	2.162018058218321e-14	1.0674426566990608e-7	2.1176371445939397e-8
299.	0.	2.714677744823651e-14	1.4326936557322636e-7	2.8497914406691134e-8
300.	0.	3.267966430168815e-14	1.843618346343487e-7	3.676919818497182e-8
301.	0.	3.809383569134607e-14	2.2972858774155266e-7	4.593907299767166e-8
301.99999999999994	0.	4.329129183728852e-14	2.790848481288227e-7	5.595747839052122e-8
303.	0.	4.819700800005216e-14	3.3215409444625025e-7	6.677544999408642e-8
303.99999999999994	0.	5.275541407301642e-14	3.886680006848093e-7	7.834512485485505e-8
305.	0.	5.692731567888295e-14	4.483663696626232e-7	9.061974545683866e-8
306.	0.	6.068720955288752e-14	5.10997060172075e-7	1.0355366242864573e-7
307.	0.	6.402096257353397e-14	5.763159083638565e-7	1.171023360279624e-7
308.	0.	6.692377844153543e-14	6.440866436715945e-7	1.312223364420528e-7
309.	0.	6.939846833075191e-14	7.140807996212746e-7	1.4587134295220815e-7
310.	0.	7.145393996571256e-14	7.860776198767712e-7	1.6100814201275229e-7
310.99999999999994	0.	7.310390343912706e-14	8.598639598689387e-7	1.7659262429568852e-7
312.	0.	7.436578459797364e-14	9.352341843356804e-7	1.925857807492286e-7
312.99999999999994	0.	7.52597877019262e-14	1.0119900610510656e-6	2.0894969770946044e-7
314.	0.	7.580807973089814e-14	1.08994065110056e-6	2.2564755112177244e-7
314.99999999999994	0.	7.603416183220653e-14	1.168902195907163e-6	2.4264359989842163e-7
316.	0.	7.596227969486153e-14	1.248698001423389e-6	2.5990317848308807e-7
317.	0.	7.561698523538735e-14	1.3291583196019764e-6	2.773926886318857e-7
318.	0.	7.502274843981958e-14	1.4101202275297849e-6	2.9507959047747307e-7
319.	0.	7.420366734585739e-14	1.4914275044287914e-6	3.1293239290658575e-7
320.	0.	7.318318211942576e-14	1.572930506746993e-6	3.309206432860649e-7
321.	0.	7.19839510706756e-14	1.65448604163309e-6	3.4901491658832327e-7
321.99999999999994	0.	7.062763616440554e-14	1.735957238905574e-6	3.6718680392963226e-7
323.	0.	6.913483310026904e-14	1.8172134218858862e-6	3.854089005899498e-7
323.99999999999994	0.	6.752500416304222e-14	1.8981299771591065e-6	4.036547935194696e-7
325.	0.	6.581640542565074e-14	1.9785882235260733e-6	4.2189904838001876e-7
326.	0.	6.402608316350726e-14	2.0584752803393684e-6	4.401171961552726e-7
327.	0.	6.216982436333762e-14	2.1376839353615693e-6	4.582857193529899e-7
328.	0.	6.026224592813996e-14	2.21611251236685e-6	4.7638203784081833e-7
329.	0.	5.831675290963886e-14	2.2936647386163058e-6	4.94384494338634e-7
330.	0.	5.634559718984346e-14	2.3702496123409775e-6	5.122723395917302e-7
330.99999999999994	0.	5.435987077349708e-14	2.4457812704539592e-6	5.300257172686763e-7
332.	0.	5.23696706552888e-14	2.5201788565596766e-6	5.476256485953849e-7
332.99999999999994	0.	5.03839867416734e-14	2.5933663894329244e-6	5.650540167599717e-7
334.	0.	4.841090087797573e-14	2.6652726320583914e-6	5.822935511059144e-7
335.	0.	4.645755535101234e-14	2.735830961427975e-6	5.993278111547855e-7
336.	0.	4.453024237753723e-14	2.80497923908268e-6	6.161411704545101e-7
337.	0.	4.263445809160451e-14	2.8726596826391534e-6	6.327188003048347e-7
338.	0.	4.0774929309298245e-14	2.9388187383152412e-6	6.490466533630129e-7
339.	0.	3.895573443777671e-14	3.003406954569717e-6	6.651114471550894e-7
339.99999999999994	0.	3.7180259729124845e-14	3.0663788569572666e-6	6.809006475156378e-7
341.	0.	3.545137776484996e-14	3.127692824285288e-6	6.964024519760714e-7
341.99999999999994	0.	3.3771383359199793e-14	3.187310966103125e-6	7.11605773109608e-7
343.	0.	3.214208245689103e-14	3.2451990016880596e-6	7.265002218710954e-7
343.99999999999994	0.	3.0564858916651475e-14	3.301326140470967e-6	7.410760909210129e-7
345.	0.	2.904067250998434e-14	3.3556649640881565e-6	7.553243379776107e-7
346.	0.	2.7570171818371757e-14	3.4081913100379516e-6	7.692365691951149e-7
347.	0.	2.615363249674399e-14	3.458884157008299e-6	7.828050225857756e-7
348.	0.	2.4791054800016405e-14	3.507725511953335e-6	7.960225515065386e-7
349.	0.	2.3482193333611187e-14	3.5547002989339653e-6	8.088826082172453e-7
350.	0.	2.2226626260530173e-14	3.599796249747017e-6	8.213792275196079e-7
350.99999999999994	0.	2.102365414096331e-14	3.643003796466779e-6	8.33507010509062e-7
352.	0.	1.9872446038845688e-14	3.6843159657936104e-6	8.452611084197378e-7
352.99999999999994	0.	1.8772044556883734e-14	3.723728275363213e-6	8.566372066019113e-7
354.	0.	1.7721362522768993e-14	3.7612386319621084e-6	8.676315086240978e-7
355.	0.	1.671919716693302e-14	3.7968472317397653e-6	8.782407205253435e-7
356.	0.	1.5764238674463785e-14	3.830556462330885e-6	8.88462035202676e-7
357.	0.	1.4855179629182107e-14	3.862370807038127e-6	8.982931169734838e-7
358.	0.	1.3990585377326067e-14	3.892296750983276e-6	9.077320862968342e-7
359.	0.	1.3168993328552083e-14	3.920342689256157e-6	9.167775046658078e-7
359.99999999999994	0.	1.2388988600765565e-14	3.946518837129521e-6	9.254283596922411e-7
361.	0.	1.1649027070764018e-14	3.970837142272501e-6	9.336840503738059e-7
361.99999999999994	0.	1.0947639345321934e-14	3.993311198969299e-6	9.415443725506016e-7
363.	0.	1.028330005066633e-14	4.013956164409011e-6	9.490095045725148e-7
363.99999999999994	0.	9.6545759978395e-15	4.032788676978762e-6	9.56079993167378e-7
365.	0.	9.059896486609477e-15	4.049826776560477e-6	9.627567395158293e-7
366.	0.	8.497903841811457e-15	4.065089826880185e-6	9.690409855505296e-7
367.	0.	7.967097743849667e-15	4.078598439805119e-6	9.74934300460936e-7
368.	0.	7.466065609331908e-15	4.090374401699121e-6	9.80438567436034e-7
368.99999999999994	0.	6.993509234162039e-15	4.10044060171506e-6	9.855559706223239e-7
370.	0.	6.5480203329231085e-15	4.108820962061802e-6	9.902889823121587e-7
370.99999999999994	0.	6.1283139602961775e-15	4.1155403702473145e-6	9.946403503690601e-7
372.	0.	5.733155430909392e-15	4.120624613227383e-6	9.98613085879337e-7
372.99999999999994	0.	5.3612812069537615e-15	4.124100313498547e-6	1.002210451045501e-6
374.	0.	5.0115406957867e-15	4.125994867080625e-6	1.0054359473146033e-6
375.	0.	4.6827829461266955e-15	4.1263363833711e-6	1.0082933037433952e-6
376.	0.	4.373933547451655e-15	4.125153626866662e-6	1.0107864656054374e-6
377.	0.	4.083875511730526e-15	4.122475960732808e-6	1.0129195832417776e-6
378.	0.	3.81169012237692e-15	4.1183332921532495e-6	1.0146970011447137e-6
379.	0.	3.5563037211348355e-15	4.112756019495686e-6	1.0161232472897639e-6
379.99999999999994	0.	3.3168610445331176e-15	4.1057749812268375e-6	1.0172030227055993e-6
381.	0.	3.0924679206472544e-15	4.0974214065801116e-6	1.0179411912888648e-6
381.99999999999994	0.	2.882230516615602e-15	4.087726867911169e-6	1.0183427698540331e-6
383.	0.	2.6853981204162047e-15	4.076723234758391e-6	1.0184129184285088e-6
384.	0.	2.5011657805012153e-15	4.0644426295499945e-6	1.0181569307846012e-6
385.	0.	2.32878139157421e-15	4.050917384939766e-6	1.0175802252097755e-6
386.	0.	2.167585975967587e-15	4.036180002756479e-6	1.016688335517451e-6
387.	0.	2.016915188610828e-15	4.0202631144995225e-6	1.0154869022872437e-6
388.	0.	1.8761028117765042e-15	4.003199443400421e-6	1.013981664345393e-6
388.99999999999994	0.	1.7445891136192287e-15	3.985021767990327e-6	1.0121784504760956e-6
390.	0.	1.6217851258348984e-15	3.965762887141847e-6	1.0100831713613744e-6
390.99999999999994	0.	1.5071805329314772e-15	3.945455586572089e-6	1.0077018117517703e-6
392.	0.	1.4002413782635657e-15	3.924132606782514e-6	1.0050404228672393e-6
392.99999999999994	0.	1.3005180924150823e-15	3.901826612358693e-6	1.0021051150141325e-6
394.	0.	1.2075776173181926e-15	3.878570162667432e-6	9.989020504331734e-7
395.	0.	1.1208990649173436e-15	3.8543956838658096e-6	9.954374363619474e-7
396.	0.	1.0401942550558982e-15	3.829335442221151e-6	9.91717518316822e-7
397.	0.	9.650199789716646e-16	3.803421518699687e-6	9.87748573588646e-7
397.99999999999994	0.	8.949918952799443e-16	3.776685784806513e-6	9.8353690495277e-7
399.	0.	8.298572264372677e-16	3.749159879623611e-6	9.790888345846654e-7
399.99999999999994	0.	7.692473012749166e-16	3.7208751880379225e-6	9.744106981839016e-7
401.	0.	7.128562611569671e-16	3.6918628201267513e-6	9.695088393028579e-7
401.99999999999994	0.	6.604420884909976e-16	3.6621535916572643e-6	9.643896038736238e-7
403.	0.	6.117208583005705e-16	3.6317780056838853e-6	9.590593349334772e-7
404.	0.	5.664386334208294e-16	3.6007662352076e-6	9.535243675441033e-7
405.	0.	5.24372133102995e-16	3.5691481068762713e-6	9.477910239035082e-7
406.	0.	4.853292606769891e-16	3.5369530856776587e-6	9.418656086422978e-7
407.	0.	4.490435368269167e-16	3.504210260630911e-6	9.357544043101441e-7
408.	0.	4.1538685947893815e-16	3.4709483314104054e-6	9.294636670391313e-7
408.99999999999994	0.	3.8415768613072003e-16	3.4371955958958594e-6	9.229996223864614e-7
410.	0.	3.551875446798121e-16	3.4029799386273915e-6	9.163684613548925e-7
410.99999999999994	0.	3.2834113569426546e-16	3.368328820108896e-6	9.09576336579719e-7
412.	0.	3.0341157425919063e-16	3.333269266965656e-6	9.026293586876864e-7
412.99999999999994	0.	2.8033064912950184e-16	3.2978278629196487e-6	8.955335928218682e-7
414.	0.	2.589589301108886e-16	3.2620307405264526e-6	8.88295055320984e-7
415.	0.	2.3915632047182254e-16	3.2259035737156294e-6	8.809197105680905e-7
416.	0.	2.2078240495416733e-16	3.1894715710279754e-6	8.734134679832971e-7
417.	0.	2.0379973471577218e-16	3.1527594695793497e-6	8.657821791718767e-7
417.99999999999994	0.	1.8806700170761648e-16	3.115791529729737e-6	8.580316352254203e-7
419.	0.	1.7351150157634849e-16	3.078591530378329e-6	8.50167564157512e-7
419.99999999999994	0.	1.6006016197659843e-16	3.0411827649322156e-6	8.421956284901729e-7
421.	0.	1.4760600090334772e-16	3.003588037868622e-6	8.341214229721175e-7
421.99999999999994	0.	1.3610977364125897e-16	2.965829661901192e-6	8.259504724347003e-7
423.	0.	1.2546496713265865e-16	2.9279294557071206e-6	8.176882297764982e-7
424.	0.	1.1563247468374896e-16	2.8899087422202944e-6	8.09340074080787e-7
425.	0.	1.0653992223018836e-16	2.8517883474281452e-6	8.009113088513344e-7
426.	0.	9.814835672484998e-17	2.813588599692545e-6	7.924071603747842e-7
426.99999999999994	0.	9.038615151273198e-17	2.7753293295439767e-6	7.838327761980519e-7
428.	0.	8.321495116755293e-17	2.737029869953951e-6	7.751932237245916e-7
428.99999999999994	0.	7.6628774679281e-17	2.698709057030843e-6	7.664934889165398e-7
430.	0.	7.052498387007742e-17	2.660385231167409e-6	7.577384751130227e-7
430.99999999999994	0.	6.489832803063964e-17	2.6220762385731493e-6	7.48933001947997e-7
432.	0.	5.971149496958357e-17	2.5837994332034998e-6	7.400818043731989e-7
432.99999999999994	0.	5.4927607823602945e-17	2.5455716790634026e-6	7.311895317819192e-7
434.	0.	5.0510289160144664e-17	2.5074093528530346e-6	7.222607472264387e-7
435.	0.	4.6423722193646496e-17	2.4693283469586955e-6	7.132999267319707e-7
436.	0.	4.269400703572034e-17	2.431344072753542e-6	7.0431145869883e-7
437.	0.	3.922435237782213e-17	2.393471464205926e-6	6.952996433940287e-7
437.99999999999994	0.	3.60412581992099e-17	2.3557249817722747e-6	6.862686925273876e-7
439.	0.	3.311018077235603e-17	2.3181186165608773e-6	6.772227289098924e-7
439.99999999999994	0.	3.042701297492345e-17	2.2806658947492936e-6	6.681657861909131e-7
441.	0.	2.7928648373857206e-17	2.243379882244247e-6	6.591018086725543e-7
441.99999999999994	0.	2.5641288018321916e-17	2.206273189570295e-6	6.500346511986791e-7
443.	0.	2.353218619783237e-17	2.1693579769656107e-6	6.409680791136371e-7
444.	0.	2.159811782780313e-17	2.1326459596848855e-6	6.31905768292085e-7
445.	0.	1.9807392942809936e-17	2.0961484134771107e-6	6.228513052317018e-7
446.	0.	1.8185419797772923e-17	2.059876180247776e-6	6.138081872128386e-7
446.99999999999994	0.	1.667304158067085e-17	2.0238396738824366e-6	6.047798225195001e-7
448.	0.	1.5295749622015785e-17	1.988048886208567e-6	5.957695307159068e-7
448.99999999999994	0.	1.4023382156862493e-17	1.9525133931047705e-6	5.867805429823807e-7
450.	0.	1.2853774651649088e-17	1.9172423607353063e-6	5.778160025050364e-7
450.99999999999994	0.	1.1784700085363844e-17	1.8822445518979162e-6	5.688789649166054e-7
452.	0.	1.078749780432464e-17	1.8475283324823607e-6	5.599723987885537e-7
453.	0.	9.886781142234988e-18	1.8131016780130917e-6	5.510991861673112e-7
454.	0.	9.054369709972286e-18	1.778972180293147e-6	5.422621231606042e-7
455.	0.	8.288708985517076e-18	1.7451470541083156e-6	5.334639205622552e-7
455.99999999999994	0.	7.588210797546534e-18	1.7116331440152345e-6	5.247072045233166e-7
457.	0.	6.951255989147991e-18	1.6784369311703825e-6	5.15994517257148e-7
457.99999999999994	0.	6.351578521372278e-18	1.6455645402206801e-6	5.073283177853085e-7
459.	0.	5.812718667595481e-18	1.6130217462343725e-6	4.98710982718389e-7
459.99999999999994	0.	5.308960544739115e-18	1.5808139816643624e-6	4.901448070698614e-7
461.	0.	4.863210892932476e-18	1.5489463433338078e-6	4.816320051003229e-7
461.99999999999994	0.	4.450316015783143e-18	1.5174235994479125e-6	4.7317471119376507e-7
463.	0.	4.069431005651301e-18	1.4862501966184914e-6	4.647749807621873e-7
464.	0.	3.719699998003101e-18	1.4554302668856193e-6	4.5643479117399913e-7
465.	0.	3.4002574017588376e-18	1.4249676347476212e-6	4.4815604271007757e-7
466.	0.	3.1102291064305263e-18	1.3948658241812524e-6	4.3994055954210603e-7
466.99999999999994	0.	2.826820329651816e-18	1.3651280656480642e-6	4.3179009073222503e-7
468.	0.	2.5932728487794162e-18	1.3357573030843003e-6	4.2370631125335797e-7
468.99999999999994	0.	2.365170133885136e-18	1.3067562008672373e-6	4.156908230282148e-7
470.	0.	2.1635287358498675e-18	1.2781271507502233e-6	4.077451559846703e-7
470.99999999999994	0.	1.966746032268454e-18	1.2498722787710436e-6	3.998707691291335e-7
472.	0.	1.7952269668406816e-18	1.221993452116364e-6	3.9206905163254397e-7
473.	0.	1.6279687390537062e-18	1.1944922859442457e-6	3.843413239296904e-7
474.	0.	1.4847677579287656e-18	1.1673701501642898e-6	3.7668883883177e-7
475.	0.	1.3647179663430147e-18	1.1406281761644757e-6	3.69112782648718e-7
475.99999999999994	0.	1.2477187380736736e-18	1.1142672634821087e-6	3.6161427632047155e-7
477.	0.	1.1337659006380532e-18	1.0882880864218607e-6	3.5419437655809134e-7
477.99999999999994	0.	1.0228534006991443e-18	1.0626911006108763e-6	3.4685407699147623e-7
479.	0.	9.332728161191938e-19	1.0374765494869886e-6	3.3959430932229953e-7
479.99999999999994	0.	8.641238040097028e-19	1.012644470725533e-6	3.3241594448386187e-7
481.	0.	7.790971398235309e-19	9.881947025886735e-7	3.2531979380249717e-7
481.99999999999994	0.	7.138948194637105e-19	9.641268902134205e-7	3.183066101656927e-7
483.	0.	6.505069598338891e-19	9.404404918120433e-7	3.1137708918814926e-7
484.	0.	5.889252553885303e-19	9.171347848070974e-7	3.045318703828981e-7
484.99999999999994	0.	5.291404261563136e-19	8.942088718794337e-7	2.97771538330174e-7
486.	0.	4.873885293051833e-19	8.716616869379388e-7	2.9109662384670397e-7
486.99999999999994	0.	4.468364544084452e-19	8.494920010081747e-7	2.845076051542614e-7
488.	0.	4.074769125313074e-19	8.276984280332168e-7	2.7800490904501974e-7
488.99999999999994	0.	3.693020184812453e-19	8.062794305927741e-7	2.7158891204546903e-7
490.	0.	3.3230330887075145e-19	7.852333255284435e-7	2.65259941574576e-7
491.	0.	2.9647176012154465e-19	7.645582894910474e-7	2.590182771012343e-7
491.99999999999994	0.	2.76342128965578e-19	7.442523643842431e-7	2.528641512920554e-7
492.99999999999994	0.	2.4253831724291385e-19	7.243134627315043e-7	2.467977511582995e-7
494.	0.	2.238649328365249e-19	7.047393729428452e-7	2.4081921919366983e-7
495.	0.	2.0577262112746566e-19	6.855277644915349e-7	2.3492865450609357e-7
496.	0.	1.8825609873603356e-19	6.666761930000932e-7	2.2912611394291003e-7
496.99999999999994	0.	1.713098397499133e-19	6.481821052298072e-7	2.2341161320716694e-7
497.99999999999994	0.	1.5492808447031493e-19	6.300428439779438e-7	2.1778512796607287e-7
499.	0.	1.3910484809474515e-19	6.122556528829754e-7	2.1224659495136958e-7
500.	0.	1.2383392933031253e-19	5.948176811289793e-7	2.0679591304818937e-7
500.99999999999994	0.	1.0910891893776753e-19	5.777259880659786e-7	2.014329443778165e-7
501.99999999999994	0.	1.0678860922169365e-19	5.609775477218175e-7	1.961575153655091e-7
503.	0.	9.287999691146802e-20	5.445692532373528e-7	1.909694178040271e-7
504.	0.	7.949935424874268e-20	5.28497921185426e-7	1.8586840989868659e-7
505.	0.	7.774615809479588e-20	5.127602958169818e-7	1.8085421730868806e-7
505.99999999999994	0.	6.515200946943847e-20	4.973530531989535e-7	1.759265341719329e-7
506.99999999999994	0.	6.367986077720102e-20	4.822728052627446e-7	1.7108502411948997e-7
508.	0.	5.1852774646952276e-20	4.67516103761607e-7	1.6632932127873232e-7
509.	0.	5.0652181782089916e-20	4.530794441298831e-7	1.616590312622156e-7
509.99999999999994	0.	4.9464932947576125e-20	4.3895926925731675e-7	1.5707373214655894e-7
510.99999999999994	0.	3.863294516649654e-20	4.251519731616813e-7	1.5257297543495548e-7
512.	0.	3.770485850944263e-20	4.1165390458118693e-7	1.481562870105133e-7
513.	0.	3.678779712284468e-20	3.984613704665271e-7	1.438231680728231e-7
514.	0.	2.6911399419425736e-20	3.855706393894801e-7	1.395730960633558e-7
514.9999999999999	0.	2.624037294567089e-20	3.729779448592714e-7	1.3540552557611964e-7
516.	0.	2.557783847560796e-20	3.6067948855247684e-7	1.3131988925521035e-7
517.	0.	2.4923861843180504e-20	3.486714434525921e-7	1.2731559867742103e-7
518.	0.	2.4278504718659477e-20	3.369499569075759e-7	1.233920452224995e-7
518.9999999999999	0.	1.5761216443960908e-20	3.2551115359604735e-7	1.195486009272159e-7
520.	0.	1.534258346712257e-20	3.143511384130163e-7	1.1578461932677522e-7
521.	0.	1.492980389924405e-20	3.0346599927084026e-7	1.1209943628158148e-7
522.	0.	1.45229081371523e-20	2.928518098164422e-7	1.0849237078928449e-7
523.	0.	1.4121923996767075e-20	2.825046320671471e-7	1.0496272578255258e-7
524.	0.	1.3726876752933676e-20	2.724205189658345e-7	1.0150978891239611e-7
525.	0.	6.668894589763058e-21	2.6259551685741844e-7	9.813283331736359e-8
526.	0.	6.4773407948110666e-21	2.530256678843183e-7	9.483111837731101e-8
527.	0.	6.288785937999142e-21	2.437070123074451e-7	9.160389045375334e-8
527.9999999999999	0.	6.103237775855252e-21	2.3463559074962758e-7	8.845038361523472e-8
529.	0.	5.92070289536413e-21	2.2580744636252958e-7	8.536982034768337e-8
530.	0.	5.741186734410615e-21	2.1721862692249276e-7	8.236141225138002e-8
531.	0.	5.564693602192162e-21	2.088651868508269e-7	7.942436072244699e-8
532.	0.	5.3912266996963306e-21	2.0074318916386775e-7	7.655785762044774e-8
533.	0.	5.2207881401968806e-21	1.928487073525839e-7	7.376108592161769e-8
534.	0.	5.0533789697719056e-21	1.851778271934454e-7	7.103322035797383e-8
535.	0.	4.888999187753433e-21	1.777266484888005e-7	6.837342804123337e-8
536.	0.	4.727647767286766e-21	1.7049128674490295e-7	6.5780869074259e-8
536.9999999999999	0.	4.569322675717096e-21	1.6346787477877785e-7	6.325469714626748e-8
538.	0.	4.414020895119406e-21	1.5665256426701904e-7	6.079406011644114e-8
539.	0.	0.	1.500415272255755e-7	5.839810058135313e-8
540.	0.	0.	1.436309574313752e-7	5.6065956430004766e-8
540.9999999999999	0.	0.	1.374170717836903e-7	5.379676138531205e-8
542.	0.	0.	1.313961116013611e-7	5.1589645530144505e-8
543.	0.	0.	1.255643438683556e-7	4.944373582242105e-8
544.	0.	0.	1.1991806241814958e-7	4.735815659519815e-8
545.	0.	0.	1.1445358906225047e-7	4.533203004346121e-8
545.9999999999999	0.	0.	1.091672746673354e-7	4.336447669904332e-8
547.	0.	0.	1.0405550017529186e-7	4.145461589106904e-8
548.	0.	0.	9.911467757377696e-8	3.96015661945949e-8
549.	0.	0.	9.43412508145597e-8	3.780444586603097e-8
549.9999999999999	0.	0.	8.973169668308359e-8	3.606237326637788e-8
551.	0.	0.	8.528252561895091e-8	3.4374467271843367e-8
552.	0.	0.	8.099028248773816e-8	3.273984767167232e-8
553.	0.	0.	7.685154731029078e-8	3.1157635555353254e-8
554.	0.	0.	7.28629359419779e-8	2.962695368586483e-8
554.9999999999999	0.	0.	6.902110071174396e-8	2.814692686262152e-8
556.	0.	0.	6.532273101772472e-8	2.6716682272527016e-8
557.	0.	0.	6.176455387968263e-8	2.5335349828936492e-8
558.	0.	0.	5.834333445198965e-8	2.4002062499757554e-8
558.9999999999999	0.	0.	5.5055876497600206e-8	2.2715956624596092e-8
560.	0.	0.	5.1899022822115806e-8	2.1476172220296632e-8
561.	0.	0.	4.886965567223326e-8	2.0281853276371937e-8
562.	0.	0.	4.596469709640106e-8	1.9132148039159547e-8
563.	0.	0.	4.318110927126139e-8	1.802620928592091e-8
563.9999999999999	0.	0.	4.051589479355362e-8	1.6963194588497005e-8
565.	0.	0.	3.796609693924631e-8	1.5942266567005023e-8
566.	0.	0.	3.552879988880073e-8	1.496259313286918e-8
567.	0.	0.	3.320112892400622e-8	1.4023347723225057e-8
567.9999999999999	0.	0.	3.098025059229628e-8	1.312370952475074e-8
569.	0.	0.	2.8863372842879397e-8	1.2262863688512615e-8
570.	0.	0.	2.6847745133511214e-8	1.144000153510849e-8
571.	0.	0.	2.4930658512166694e-8	1.0654320751695625e-8
572.	0.	0.	2.3109445668204775e-8	9.905025578389274e-9
572.9999999999999	0.	0.	2.13814809630894e-8	9.19132698811083e-9
574.	0.	0.	1.9744180431582238e-8	8.512442855806401e-9
575.	0.	0.	1.819500176232049e-8	7.8675981206464e-9
576.	0.	0.	1.6731444253404328e-8	7.25602493913976e-9
576.9999999999999	0.	0.	1.535104874713908e-8	6.676962830756416e-9
578.	0.	0.	1.4051397542645411e-8	6.129658815321622e-9
579.	0.	0.	1.2830114289008862e-8	5.613367543161186e-9
580.	0.	0.	1.168486385598382e-8	5.1273514165214344e-9
581.	0.	0.	1.0613352189299155e-8	4.6708807051677415e-9
582.	0.	0.	9.61332614523144e-9	4.243233653672451e-9
583.	0.	0.	8.68257330811437e-9	3.843696581830813e-9
584.	0.	0.	7.818921791831706e-9	3.471563978514955e-9
585.	0.	0.	7.020240025042451e-9	3.126138588707804e-9
585.9999999999999	0.	0.	6.284436519344696e-9	2.8067314932108547e-9
587.	0.	0.	5.60945962610112e-9	2.5126621834294177e-9
588.	0.	0.	4.993297275672314e-9	2.2432586283162075e-9
589.	0.	0.	4.4339767055569566e-9	1.9978573362325886e-9
589.9999999999999	0.	0.	3.929564175198782e-9	1.7758034106047897e-9
591.	0.	0.	3.4781646681385523e-9	1.5764505995497032e-9
592.	0.	0.	3.077921583611546e-9	1.3991613402966966e-9
593.	0.	0.	2.7270164161495435e-9	1.2433067976386112e-9
594.	0.	0.	2.4236684258250457e-9	1.1082668974929247e-9
594.9999999999999	0.	0.	2.1661342974807354e-9	9.93430354711622e-10
596.	0.	0.	1.9527077921494924e-9	8.981946964953311e-10
597.	0.	0.	1.7817193891333293e-9	8.219662806156874e-10
598.	0.	0.	1.6515359193057962e-9	7.641603086016671e-10
598.9999999999999	0.	0.	1.5605601908255375e-9	7.242008343399033e-10
600.	0.	0.	1.5072306098507253e-9	7.015207692032138e-10
601.	0.	0.	1.490020790334641e-9	6.955618808767425e-10
602.	0.	0.	1.5074391619952888e-9	7.057747900136572e-10
603.	0.	0.	1.558028569380132e-9	7.316189613577544e-10
603.9999999999999	0.	0.	1.6403658667391949e-9	7.725626914447377e-10
605.	0.	0.	1.7530615085567403e-9	8.280830927483156e-10
606.	0.	0.	1.8947591339606423e-9	8.976660733619102e-10
607.	0.	0.	2.064135148819722e-9	9.808063139427704e-10
607.9999999999999	0.	0.	2.2598983024623962e-9	1.0770072404099535e-9
609.	0.	0.	2.4807892628805536e-9	1.1857809941650546e-9
610.	0.	0.	2.725580186934788e-9	1.3066483981249002e-9
611.	0.	0.	2.99307428957248e-9	1.4391389204194558e-9
612.	0.	0.	3.2821054100163922e-9	1.5827906347333783e-9
612.9999999999999	0.	0.	3.591537576047168e-9	1.7371501777774258e-9
614.	0.	0.	3.920264566632208e-9	1.9017727039652563e-9
615.	0.	0.	4.267209474237446e-9	2.0762218379015177e-9
616.	0.	0.	4.6313242641591725e-9	2.260069623349846e-9
616.9999999999999	0.	0.	5.011589335224789e-9	2.45289647075066e-9
618.	0.	0.	5.407013078668407e-9	2.6542911017050987e-9
619.	0.	0.	5.816631437488031e-9	2.8638504915131554e-9
620.	0.	0.	6.239507465787766e-9	3.0811798094954633e-9
621.	0.	0.	6.674730888228709e-9	3.305892357130018e-9
621.9999999999999	0.	0.	7.121417660764872e-9	3.5376095045586966e-9
623.	0.	0.	7.578709531104151e-9	3.775960624669082e-9
624.	0.	0.	8.045773601546735e-9	4.0205830260432475e-9
625.	0.	0.	8.521801891823947e-9	4.2711218835757266e-9
625.9999999999999	0.	0.	9.006010904651369e-9	4.527230168093912e-9
627.	0.	0.	9.497641191673524e-9	4.788568573806212e-9
628.	0.	0.	9.995956922745771e-9	5.054805445040715e-9
629.	0.	0.	1.0500245455523958e-8	5.3256167007408795e-9
629.9999999999999	0.	0.	1.1009816909204735e-8	5.600685758644553e-9
630.9999999999999	0.	0.	1.152400373892133e-8	5.879703457375573e-9
632.	0.	0.	1.204216031398751e-8	6.162367978056181e-9
633.	0.	0.	1.2563662498113649e-8	6.448384764486665e-9
634.	0.	0.	1.3087907232659621e-8	6.737466442429598e-9
634.9999999999999	0.	0.	1.3614312122994528e-8	7.0293327380348165e-9
636.	0.	0.	1.4142315028033882e-8	7.323710395443498e-9
637.	0.	0.	1.4671373652623506e-8	7.620333093401966e-9
638.	0.	0.	1.520096514376626e-8	7.918941361402202e-9
638.9999999999999	0.	0.	1.5730585690010688e-8	8.21928249500388e-9
640.	0.	0.	1.6259750124649965e-8	8.521110470680073e-9
641.	0.	0.	1.6787991532314357e-8	8.824185859976935e-9
642.	0.	0.	1.731486085965626e-8	9.128275743362099e-9
643.	0.	0.	1.7839926529656312e-8	9.433153623524747e-9
643.9999999999999	0.	0.	1.8362774060134804e-8	9.738599338447228e-9
645.	0.	0.	1.8883005685798594e-8	1.0044398973905562e-8
646.	0.	0.	1.9400239984863262e-8	1.0350344775961828e-8
647.	0.	0.	1.9914111510047395e-8	1.0656235063360751e-8
647.9999999999999	0.	0.	2.0424270422774812e-8	1.0961874139221393e-8
649.	0.	0.	2.0930382132794492e-8	1.1267072203221494e-8
650.	0.	0.	2.1432126941405497e-8	1.1571645263322216e-8
651.	0.	0.	2.192919968933433e-8	1.1875415047614747e-8
652.	0.	0.	2.242130940918708e-8	1.2178208916266401e-8
652.9999999999999	0.	0.	2.2908178981874762e-8	1.2479859773260404e-8
654.	0.	0.	2.338954479809445e-8	1.2780205978537815e-8
655.	0.	0.	2.386515642419825e-8	1.3079091260202273e-8
656.	0.	0.	2.4334776272015923e-8	1.3376364626569685e-8
656.9999999999999	0.	0.	2.479817927434459e-8	1.3671880279025318e-8
658.	0.	0.	2.525515256422596e-8	1.39654975246836e-8
659.	0.	0.	2.5705495158970574e-8	1.4257080689397871e-8
660.	0.	0.	2.6149017648955672e-8	1.4546499031164073e-8
661.	0.	0.	2.6585541891355693e-8	1.4833626654030509e-8
661.9999999999999	0.	0.	2.7014900707839446e-8	1.5118342422006502e-8
663.	0.	0.	2.7436937587315327e-8	1.540052987359282e-8
664.	0.	0.	2.7851506393675306e-8	1.5680077136939992e-8
665.	0.	0.	2.8258471077231176e-8	1.595687684492768e-8
665.9999999999999	0.	0.	2.8657705392040388e-8	1.623082605142655e-8
667.	0.	0.	2.9049092616655643e-8	1.6501826147385343e-8
668.	0.	0.	2.9432525280575174e-8	1.6769782778054353e-8
669.	0.	0.	2.980790489442802e-8	1.7034605760265198e-8
670.	0.	0.	3.01751416854831e-8	1.7296209000695796e-8
670.9999999999999	0.	0.	3.0534154337201874e-8	1.7554510414423198e-8
672.	0.	0.	3.088486973377653e-8	1.780943184433045e-8
673.	0.	0.	3.122722270895291e-8	1.8060898980999466e-8
674.	0.	0.	3.156115579944888e-8	1.83088412832967e-8
674.9999999999999	0.	0.	3.188661900304997e-8	1.8553191899728957e-8
676.	0.	0.	3.220356954097661e-8	1.8793887590370304e-8
677.	0.	0.	3.2511971624745834e-8	1.9030868649514414e-8
678.	0.	0.	3.281179622743153e-8	1.9264078829032096e-8
678.9999999999999	0.	0.	3.310302085968389e-8	1.9493465262674417e-8
679.9999999999999	0.	0.	3.3385629349488894e-8	1.971897839075866e-8
681.	0.	0.	3.3659611626788364e-8	1.9940571885922005e-8
682.	0.	0.	3.392496351213195e-8	2.0158202579491618e-8
683.	0.	0.	3.41816865094679e-8	2.037183038856241e-8
683.9999999999999	0.	0.	3.442978760382919e-8	2.058141824426454e-8
685.	0.	0.	3.466927906213612e-8	2.078693202019684e-8
686.	0.	0.	3.490017823911557e-8	2.0988340462244135e-8
687.	0.	0.	3.512250738686049e-8	2.118561511893614e-8
687.9999999999999	0.	0.	3.533629346838898e-8	2.1378730272587566e-8
688.9999999999999	0.	0.	3.554156797553798e-8	2.1567662871457867e-8
690.	0.	0.	3.57383667505921e-8	2.1752392462597533e-8
691.	0.	0.	3.592672981194299e-8	2.1932901125593278e-8
692.	0.	0.	3.610670118361357e-8	2.2109173407142998e-8
692.9999999999999	0.	0.	3.6278328728653205e-8	2.2281196256492097e-8
694.	0.	0.	3.644166398629116e-8	2.2448958961701652e-8
695.	0.	0.	3.659676201298344e-8	2.2612453086851347e-8
696.	0.	0.	3.674368122699086e-8	2.2771672409997816e-8
696.9999999999999	0.	0.	3.688248325665319e-8	2.2926612862010154e-8
698.	0.	0.	3.701323279241579e-8	2.3077272466356508e-8
699.	0.	0.	3.71359974423284e-8	2.3223651279692722e-8
700.	0.	0.	3.7250847591006295e-8	2.3365751333280517e-8
701.	0.	0.	3.735785626221334e-8	2.35035765753659e-8
701.9999999999999	0.	0.	3.745709898470932e-8	2.3637132814320546e-8
703.	0.	0.	3.754865366170505e-8	2.3766427662795026e-8
704.	0.	0.	3.763260044326887e-8	2.3891470482497763e-8
705.	0.	0.	3.770902160242263e-8	2.4012272330099428e-8
705.9999999999999	0.	0.	3.777800141430452e-8	2.412884590389077e-8
707.	0.	0.	3.7839626038215215e-8	2.4241205491113668e-8
708.	0.	0.	3.7893983403397634e-8	2.4349366916530988e-8
709.	0.	0.	3.794116309756166e-8	2.4453347491635616e-8
710.	0.	0.	3.798125625811572e-8	2.4553165964498756e-8
710.9999999999999	0.	0.	3.801435546717742e-8	2.464884247097819e-8
712.	0.	0.	3.804055464869727e-8	2.4740398486238833e-8
713.	0.	0.	3.805994896912832e-8	2.482785677753685e-8
714.	0.	0.	3.8072634740442654e-8	2.4911241357525283e-8
714.9999999999999	0.	0.	3.807870932632075e-8	2.499057743863488e-8
716.	0.	0.	3.807827105077049e-8	2.506589138808023e-8
717.	0.	0.	3.807141910960657e-8	2.5137210683793386e-8
718.	0.	0.	3.805825348466415e-8	2.5204563871235246e-8
719.	0.	0.	3.803887486035105e-8	2.5267980520841173e-8
719.9999999999999	0.	0.	3.801338454303536e-8	2.532749118646562e-8
721.	0.	0.	3.798188438272263e-8	2.5383127364477348e-8
722.	0.	0.	3.794447669728205e-8	2.5434921453713298e-8
723.	0.	0.	3.7901264199059156e-8	2.5482906716199544e-8
723.9999999999999	0.	0.	3.785234992397036e-8	2.552711723873286e-8
725.	0.	0.	3.779783716269692e-8	2.556758789508713e-8
726.	0.	0.	3.773782939437817e-8	2.560435430914039e-8
727.	0.	0.	3.767243022239932e-8	2.5637452818670246e-8
727.9999999999999	0.	0.	3.760174331233297e-8	2.566692043988051e-8
728.9999999999999	0.	0.	3.752587233218068e-8	2.5692794832786542e-8
730.	0.	0.	3.7444920894606185e-8	2.571511426726229e-8
731.	0.	0.	3.735899250123812e-8	2.573391758983685e-8
732.	0.	0.	3.726819048889191e-8	2.5749244191146206e-8
732.9999999999999	0.	0.	3.7172617977975015e-8	2.576113397425617e-8
734.	0.	0.	3.707237782265981e-8	2.576962732357916e-8
735.	0.	0.	3.696757256294326e-8	2.577476507449779e-8
736.	0.	0.	3.685830437861511e-8	2.5776588483728013e-8
736.9999999999999	0.	0.	3.6744675045002405e-8	2.5775139200346058e-8
737.9999999999999	0.	0.	3.662678589043557e-8	2.5770459237467506e-8
739.	0.	0.	3.6504737755521864e-8	2.57625909446538e-8
740.	0.	0.	3.637863095405507e-8	2.5751576980947657e-8
741.	0.	0.	3.624856523551307e-8	2.573746028852241e-8
741.9999999999999	0.	0.	3.611463974931792e-8	2.5720284067086044e-8
743.	0.	0.	3.597695301047208e-8	2.5700091748785766e-8
744.	0.	0.	3.583560286688602e-8	2.567692697385408e-8
745.	0.	0.	3.569068646815281e-8	2.565083356684363e-8
745.9999999999999	0.	0.	3.5542300235663265e-8	2.5621855513389614e-8
746.9999999999999	0.	0.	3.53905398344135e-8	2.5590036937764563e-8
748.	0.	0.	3.523550014588082e-8	2.5555422080806674e-8
749.	0.	0.	3.5077275242476656e-8	2.5518055278590147e-8
750.	0.	0.	3.491595836326744e-8	2.547798094164092e-8
750.9999999999999	0.	0.	3.475164189091799e-8	2.5435243534678157e-8
752.	0.	0.	3.4584417329945456e-8	2.5389887556957582e-8
753.	0.	0.	3.441437528623635e-8	2.5341957523203416e-8
754.	0.	0.	3.424160544755308e-8	2.529149794493798e-8
754.9999999999999	0.	0.	3.406619656550446e-8	2.5238553312578333e-8
756.	0.	0.	3.388823643835679e-8	2.5183168077851204e-8
757.	0.	0.	3.370781189507937e-8	2.512538663683101e-8
758.	0.	0.	3.352500878043184e-8	2.5065253313473792e-8
759.	0.	0.	3.333991194111794e-8	2.5002812343683157e-8
759.9999999999999	0.	0.	3.315260521285532e-8	2.493810785980053e-8
761.	0.	0.	3.2963171408488435e-8	2.4871183875636294e-8
762.	0.	0.	3.277169230702278e-8	2.480208427195869e-8
763.	0.	0.	3.257824864365642e-8	2.4730852782510905e-8
763.9999999999999	0.	0.	3.2382920100522244e-8	2.465753298035519e-8
765.	0.	0.	3.218578529853396e-8	2.458216826485228e-8
766.	0.	0.	3.198692178987623e-8	2.4504801848932792e-8
767.	0.	0.	3.178640605141395e-8	2.442547674689556e-8
768.	0.	0.	3.158431347883878e-8	2.4344235762590325e-8
768.9999999999999	0.	0.	3.138071838164395e-8	2.42611214780771e-8
770.	0.	0.	3.117569397877061e-8	2.4176176242641194e-8
771.	0.	0.	3.0969312395017095e-8	2.408944216226021e-8
772.	0.	0.	3.076164465809635e-8	2.4000961089428887e-8
772.9999999999999	0.	0.	3.055276069642077e-8	2.391077461342237e-8
774.	0.	0.	3.034272933750906e-8	2.3818924050926108e-8
775.	0.	0.	3.013161830699851e-8	2.3725450437022808e-8
776.	0.	0.	2.9919494228273986e-8	2.363039451656135e-8
776.9999999999999	0.	0.	2.9706422622745714e-8	2.3533796735936813e-8
777.9999999999999	0.	0.	2.949246791054824e-8	2.343569723511677e-8
779.	0.	0.	2.9277693411957734e-8	2.333613584015075e-8
780.	0.	0.	2.9062161349139603e-8	2.3235152055869673e-8
781.	0.	0.	2.8845932848601997e-8	2.3132785059075972e-8
781.9999999999999	0.	0.	2.8629067943965035e-8	2.3029073691931597e-8
783.	0.	0.	2.8411625579326784e-8	2.2924056455761898e-8
784.	0.	0.	2.8193663612947805e-8	2.28177715050743e-8
785.	0.	0.	2.7975238821506118e-8	2.2710256641990668e-8
785.9999999999999	0.	0.	2.7756406904645972e-8	2.2601549310883738e-8
786.9999999999999	0.	0.	2.7537222490007443e-8	2.249168659337651e-8
788.	0.	0.	2.7317739138592192e-8	2.2380705203584867e-8
789.	0.	0.	2.7098009350508026e-8	2.2268641483659956e-8
790.	0.	0.	2.687808457105076e-8	2.2155531399586283e-8
790.9999999999999	0.	0.	2.6658015197158755e-8	2.204141053728624e-8
792.	0.	0.	2.643785058409934e-8	2.1926314098906735e-8
793.	0.	0.	2.621763905259361e-8	2.1810276899476046e-8
794.	0.	0.	2.5997427896082982e-8	2.1693333363683868e-8
794.9999999999999	0.	0.	2.577726338840129e-8	2.157551752301311e-8
795.9999999999999	0.	0.	2.5557190791580032e-8	2.1456863012998542e-8
797.	0.	0.	2.533725436406201e-8	2.1337403070849754e-8
798.	0.	0.	2.51174973689976e-8	2.121717053317001e-8
799.	0.	0.	2.489796208284494e-8	2.109619783396015e-8
799.9999999999999	0.	0.	2.4678689804169148e-8	2.0974517002826687e-8
801.	0.	0.	2.4459720862663953e-8	2.0852159663415876e-8
802.	0.	0.	2.4241094628310725e-8	2.072915703200694e-8
803.	0.	0.	2.40228495207357e-8	2.0605539916319526e-8
803.9999999999999	0.	0.	2.380502301876122e-8	2.0481338714538355e-8
804.9999999999999	0.	0.	2.358765167008471e-8	2.0356583414500054e-8
806.	0.	0.	2.337077110110014e-8	2.0231303593053925e-8
807.	0.	0.	2.315441602687877e-8	2.010552841562836e-8
808.	0.	0.	2.2938620261242523e-8	1.997928663593359e-8
808.9999999999999	0.	0.	2.2723416726985623e-8	1.9852606595861122e-8
810.	0.	0.	2.250883746619076e-8	1.9725516225531785e-8
811.	0.	0.	2.2294913650631326e-8	1.9598043043493307e-8
812.	0.	0.	2.2081675592269525e-8	1.947021415707348e-8
812.9999999999999	0.	0.	2.1869152753865637e-8	1.934205626291118e-8
814.	0.	0.	2.1657373759604234e-8	1.9213595647570402e-8
815.	0.	0.	2.144636640582714e-8	1.9084858188347185e-8
816.	0.	0.	2.1236157671822775e-8	1.89558693541927e-8
816.9999999999999	0.	0.	2.1026773730635748e-8	1.8826654206752367e-8
817.9999999999999	0.	0.	2.081823995994293e-8	1.8697237401542928e-8
819.	0.	0.	2.0610580952974134e-8	1.856764318926794e-8
820.	0.	0.	2.0403820529414823e-8	1.8437895417199288e-8
821.	0.	0.	2.0197981746419582e-8	1.830801753075935e-8
821.9999999999999	0.	0.	1.999308690952316e-8	1.8178032575099375e-8
823.	0.	0.	1.978915758367923e-8	1.8047963196896215e-8
824.	0.	0.	1.9586214604215507e-8	1.7917831646163747e-8
825.	0.	0.	1.9384278087847768e-8	1.778765977822561e-8
825.9999999999999	0.	0.	1.9183367443635936e-8	1.765746905572934e-8
826.9999999999999	0.	0.	1.8983501383972336e-8	1.752728055079345e-8
828.	0.	0.	1.8784697935543055e-8	1.7397114947236485e-8
829.	0.	0.	1.858697445022938e-8	1.7266992542849985e-8
830.	0.	0.	1.839034761604451e-8	1.7136933251813186e-8
830.9999999999999	0.	0.	1.8194833467988593e-8	1.700695660713865e-8
832.	0.	0.	1.800044739889791e-8	1.6877081763215218e-8
833.	0.	0.	1.7807204170238456e-8	1.674732749841164e-8
834.	0.	0.	1.7615117922864505e-8	1.6617712217756465e-8
834.9999999999999	0.	0.	1.742420218773178e-8	1.6488253955680983e-8
835.9999999999999	0.	0.	1.7234469896547742e-8	1.635897037881735e-8
837.	0.	0.	1.7045933392377902e-8	1.6229878788863642e-8
838.	0.	0.	1.6858604440200788e-8	1.610099612551205e-8
839.	0.	0.	1.667249423737062e-8	1.5972338969401085e-8
839.9999999999999	0.	0.	1.6487613424065315e-8	1.5843923545166966e-8
841.	0.	0.	1.630397209362048e-8	1.5715765724495825e-8
842.	0.	0.	1.6121579802823484e-8	1.5587881029257195e-8
843.	0.	0.	1.594044558211508e-8	1.5460284634651256e-8
843.9999999999999	0.	0.	1.5760577945736332e-8	1.5332991372426443e-8
844.9999999999999	0.	0.	1.5581984901778677e-8	1.520601573411003e-8
846.	0.	0.	1.5404673962170867e-8	1.5079371874294717e-8
847.	0.	0.	1.5228652152569284e-8	1.4953073613945205e-8
848.	0.	0.	1.5053926022170363e-8	1.4827134443735819e-8
848.9999999999999	0.	0.	1.488050165344792e-8	1.4701567527439655e-8
850.	0.	0.	1.470838467178368e-8	1.4576385705311811e-8
851.	0.	0.	1.4537580255011679e-8	1.4451601497516812e-8
852.	0.	0.	1.436809314289567e-8	1.4327227107588405e-8
852.9999999999999	0.	0.	1.4199927646476186e-8	1.4203274425882105e-8
853.9999999999999	0.	0.	1.403308765735908e-8	1.4079755033081078e-8
855.	0.	0.	1.3867576656877157e-8	1.3956680203684302e-8
856.	0.	0.	1.3703397725189497e-8	1.3834060909548488e-8
857.	0.	0.	1.354055355024087e-8	1.371190782339863e-8
857.9999999999999	0.	0.	1.3379046436666624e-8	1.3590231322394872e-8
859.	0.	0.	1.3218878314569053e-8	1.3469041491685005e-8
860.	0.	0.	1.3060050748199186e-8	1.3348348127964768e-8
861.	0.	0.	1.2902564944548533e-8	1.322816074306458e-8
861.9999999999999	0.	0.	1.274642176181257e-8	1.3108488567505693e-8
863.	0.	0.	1.2591621717790762e-8	1.2989340554111266e-8
864.	0.	0.	1.2438164998143868e-8	1.2870725381570338e-8
865.	0.	0.	1.2286051464576971e-8	1.275265145803717e-8
865.9999999999999	0.	0.	1.2135280662895971e-8	1.2635126924711028e-8
866.9999999999999	0.	0.	1.1985851830972453e-8	1.2518159659420089e-8
868.	0.	0.	1.183776390661537e-8	1.2401757280219e-8
869.	0.	0.	1.1691015535295992e-8	1.2285927148941843e-8
870.	0.	0.	1.1545605077823825e-8	1.2170676374800124e-8
870.9999999999999	0.	0.	1.1401530617867102e-8	1.2056011817933318e-8
872.	0.	0.	1.125878996939931e-8	1.1941940092973132e-8
873.	0.	0.	1.1117380684026013e-8	1.1828467572592903e-8
874.	0.	0.	1.0977300058217345e-8	1.1715600391052871e-8
874.9999999999999	0.	0.	1.0838545140415551e-8	1.160334444772048e-8
875.9999999999999	0.	0.	1.0701112738060081e-8	1.1491705410596867e-8
877.	0.	0.	1.0564999424494819e-8	1.1380688719817723e-8
878.	0.	0.	1.0430201545772237e-8	1.1270299591146074e-8
879.	0.	0.	1.029671522735331e-8	1.1160543019447362e-8
879.9999999999999	0.	0.	1.0164536380705254e-8	1.1051423782153651e-8
881.	0.	0.	1.003366070979128e-8	1.0942946442703542e-8
882.	0.	0.	9.904083717466818e-9	1.0835115353979823e-8
883.	0.	0.	9.775800711756991e-9	1.0727934661707861e-8
883.9999999999999	0.	0.	9.648806812045284e-9	1.062140830785655e-8
884.9999999999999	0.	0.	9.523096955155187e-9	1.0515540034005658e-8
886.	0.	0.	9.398665901319874e-9	1.04103333846916e-8
887.	0.	0.	9.275508240085596e-9	1.0305791710762766e-8
888.	0.	0.	9.153618396058608e-9	1.0201918172655859e-8
888.9999999999999	0.	0.	9.032990634609196e-9	1.009871574371225e-8
890.	0.	0.	8.913619067442335e-9	9.996187213431369e-9
891.	0.	0.	8.79549765807139e-9	9.89433519071013e-9
892.	0.	0.	8.678620227216738e-9	9.79316210707429e-9
892.9999999999999	0.	0.	8.562980458081397e-9	9.692670219863078e-9
893.9999999999999	0.	0.	8.448571901542625e-9	9.592861615402886e-9
895.	0.	0.	8.33538798125338e-9	9.493738212158256e-9
896.	0.	0.	8.223421998631272e-9	9.395301763841963e-9
897.	0.	0.	8.11266713777524e-9	9.297553862519422e-9
897.9999999999999	0.	0.	8.003116470269866e-9	9.200495941670192e-9
899.	0.	0.	7.89476295991144e-9	9.104129279233128e-9
900.	0.	0.	7.787599467335283e-9	9.008455000621376e-9
901.	0.	0.	7.681618754553349e-9	8.913474081707178e-9
901.9999999999999	0.	0.	7.576813489404624e-9	8.819187351786036e-9
902.9999999999999	0.	0.	7.473176249912103e-9	8.725595496503797e-9
904.	0.	0.	7.370699528556655e-9	8.632699060763705e-9
905.	0.	0.	7.269375736465576e-9	8.540498451606047e-9
906.	0.	0.	7.169197207501521e-9	8.448993941044948e-9
906.9999999999999	0.	0.	7.070156202286445e-9	8.35818566889675e-9
908.	0.	0.	6.972244912125575e-9	8.268073645566331e-9
909.	0.	0.	6.875455462854947e-9	8.178657754805503e-9
910.	0.	0.	6.779779918601425e-9	8.08993775644316e-9
910.9999999999999	0.	0.	6.6852102854746175e-9	8.001913289093533e-9
911.9999999999999	0.	0.	6.591738515159039e-9	7.914583872822656e-9
913.	0.	0.	6.499356508435789e-9	7.827948911784651e-9
914.	0.	0.	6.408056118640084e-9	7.742007696850927e-9
914.9999999999999	0.	0.	6.317829155009248e-9	7.656759408173588e-9
915.9999999999999	0.	0.	6.228667385987006e-9	7.572203117751731e-9
917.	0.	0.	6.140562542431918e-9	7.48833779194752e-9
918.	0.	0.	6.053506320757707e-9	7.405162293979984e-9
919.	0.	0.	5.9674903859999555e-9	7.3226753863883745e-9
919.9999999999999	0.	0.	5.882506374808915e-9	7.240875733460018e-9
921.	0.	0.	5.7985458983737575e-9	7.159761903637529e-9
922.	0.	0.	5.715600545272593e-9	7.079332371888892e-9
923.	0.	0.	5.633661884254896e-9	6.999585522046847e-9
923.9999999999999	0.	0.	5.5527214669532154e-9	6.920519649121236e-9
924.9999999999999	0.	0.	5.472770830531668e-9	6.842132961584176e-9
926.	0.	0.	5.393801500264513e-9	6.7644235836169315e-9
927.	0.	0.	5.315804992045671e-9	6.6873895573310005e-9
928.	0.	0.	5.238772814841894e-9	6.611028844963836e-9
928.9999999999999	0.	0.	5.162696473075805e-9	6.535339331036296e-9
930.	0.	0.	5.0875674689468615e-9	6.4603188244872e-9
931.	0.	0.	5.013377304694143e-9	6.385965060771796e-9
932.	0.	0.	4.940117484793856e-9	6.31227570393867e-9
932.9999999999999	0.	0.	4.867779518100427e-9	6.23924834867071e-9
933.9999999999999	0.	0.	4.796354919924313e-9	6.166880522296137e-9
935.	0.	0.	4.7258352140606725e-9	6.095169686779335e-9
936.	0.	0.	4.656211934747034e-9	6.024113240668045e-9
937.	0.	0.	4.58747662857974e-9	5.953708521025294e-9
937.9999999999999	0.	0.	4.519620856363805e-9	5.883952805324624e-9
939.	0.	0.	4.452636194916634e-9	5.814843313319284e-9
940.	0.	0.	4.386514238812401e-9	5.7463772088822945e-9
941.	0.	0.	4.321246602078369e-9	5.678551601816952e-9
941.9999999999999	0.	0.	4.256824919835435e-9	5.611363549641623e-9
942.9999999999999	0.	0.	4.193240849892774e-9	5.544810059345005e-9
944.	0.	0.	4.130486074290502e-9	5.478888089112254e-9
945.	0.	0.	4.068552300791684e-9	5.413594550026609e-9
946.	0.	0.	4.007431264329716e-9	5.348926307739753e-9
946.9999999999999	0.	0.	3.947114728407726e-9	5.284880184119495e-9
948.	0.	0.	3.88759448644874e-9	5.2214529588629165e-9
949.	0.	0.	3.8288623631061465e-9	5.15864137109215e-9
950.	0.	0.	3.770910215524581e-9	5.0964421209155845e-9
950.9999999999999	0.	0.	3.7137299345574323e-9	5.034851870964547e-9
951.9999999999999	0.	0.	3.6573134459472128e-9	4.9738672479083426e-9
953.	0.	0.	3.601652711457502e-9	4.913484843935724e-9
954.	0.	0.	3.5467397299644696e-9	4.853701218214235e-9
954.9999999999999	0.	0.	3.4925665385115873e-9	4.794512898326801e-9
955.9999999999999	0.	0.	3.4391252133229994e-9	4.735916381676425e-9
957.	0.	0.	3.386407870775719e-9	4.677908136870535e-9
958.	0.	0.	3.3344066683371127e-9	4.6204846050784e-9
959.	0.	0.	3.2831138054640923e-9	4.563642201364807e-9
959.9999999999999	0.	0.	3.232521524463191e-9	4.507377315997259e-9
960.9999999999999	0.	0.	3.182622111319563e-9	4.4516863157301984e-9
962.	0.	0.	3.1334078964882957e-9	4.396565545067805e-9
963.	0.	0.	3.0848712556502585e-9	4.342011327496154e-9
963.9999999999999	0.	0.	3.0370046104367305e-9	4.288019966699115e-9
964.9999999999999	0.	0.	2.9898004291202837e-9	4.234587747744624e-9
966.	0.	0.	2.943251227272563e-9	4.181710938254268e-9
967.	0.	0.	2.8973495683937005e-9	4.129385789543891e-9
968.	0.	0.	2.8520880645057093e-9	4.077608537744362e-9
968.9999999999999	0.	0.	2.8074593767220084e-9	4.026375404902164e-9
969.9999999999999	0.	0.	2.7634562157823074e-9	3.9756826000523465e-9
971.	0.	0.	2.720071342561215e-9	3.925526320274512e-9
972.	0.	0.	2.6772975685497046e-9	3.875902751724712e-9
972.9999999999999	0.	0.	2.635127756306543e-9	3.826808070647622e-9
973.9999999999999	0.	0.	2.5935548198839267e-9	3.778238444364346e-9
975.	0.	0.	2.5525717252288124e-9	3.73019003224354e-9
976.	0.	0.	2.512171490555516e-9	3.6826589866490798e-9
977.	0.	0.	2.4723471866957072e-9	3.6356414538674537e-9
977.9999999999999	0.	0.	2.433091937422558e-9	3.5891335750157788e-9
979.	0.	0.	2.3943989197527463e-9	3.5431314869301025e-9
980.	0.	0.	2.356261364222671e-9	3.497631323033019e-9
980.9999999999999	0.	0.	2.318672555145892e-9	3.4526292141834638e-9
982.	0.	0.	2.2816258308439483e-9	3.4081212895045562e-9
982.9999999999999	0.	0.	2.2451145838590578e-9	3.364103677195796e-9
983.9999999999999	0.	0.	2.2091322611453254e-9	3.320572505324574e-9
985.	0.	0.	2.173672364237399e-9	3.277523902598618e-9
985.9999999999999	0.	0.	2.138728449402265e-9	3.2349539991230602e-9
987.	0.	0.	2.104294127769166e-9	3.192858927136903e-9
988.	0.	0.	2.0703630654410872e-9	3.151234821732357e-9
988.9999999999999	0.	0.	2.0369289835904216e-9	3.1100778215572836e-9
990.	0.	0.	2.003985658533152e-9	3.069384069500578e-9
990.9999999999999	0.	0.	1.9715269217870774e-9	3.0291497133602308e-9
992.	0.	0.	1.9395466601139553e-9	2.9893709064932837e-9
993.	0.	0.	1.9080388155443367e-9	2.950043808452103e-9
993.9999999999999	0.	0.	1.8769973853865534e-9	2.9111645856017695e-9
995.	0.	0.	1.8464164222201895e-9	2.8727294117234928e-9
995.9999999999999	0.	0.	1.8162900338734226e-9	2.834734468599456e-9
997.	0.	0.	1.7866123833890102e-9	2.797175946586838e-9
998.	0.	0.	1.7573776889712822e-9	2.7600500451701944e-9
998.9999999999999	0.	0.	1.728580223923451e-9	2.72335297350449e-9
1000.	0.	0.	1.7002143165695586e-9	2.687080950939612e-9