0.	0.	0.	0.	0.
1.	1.117774292380474e-15	1.884021783271319e-15	1.952968119611145e-16	1.956332454043954e-17
2.	1.4335802945848028e-16	7.29104600397125e-15	7.839739535919632e-16	7.866824699950754e-17
3.	7.98166968812359e-18	1.584495989777305e-14	1.7684246552154563e-15	1.777614317352062e-16
4.	3.0019237534521703e-19	2.7163978198621262e-14	3.1487777407015493e-15	3.1706544360681733e-16
5.	8.903835549553085e-21	4.0867053635510915e-14	4.923047687519108e-15	4.965919111988983e-16
6.	2.2446580833884134e-22	5.657940593295623e-14	7.087286421483336e-15	7.161549927449836e-16
7.	5.019578795337421e-24	7.393720381575918e-14	9.635735497799573e-15	9.753850134504957e-16
8.	1.0233123306663719e-25	9.259144526980398e-14	1.2560977486371984e-14	1.2737421578897277e-15
9.	1.923849331723903e-27	1.1221108913110002e-13	1.5854085531748054e-14	1.6105301149326657e-15
10.	0.	1.3248549637453654e-13	1.9504770197444244e-14	1.984909585321147e-15
11.	0.	1.5312624263304306e-13	2.3501522831628593e-14	2.3959115736333675e-15
12.	0.	1.7386836484720482e-13	2.7831754807055865e-14	2.8424503970199693e-15
13.	0.	1.9447110484241619e-13	3.2481932093546184e-14	3.3233363528288563e-15
14.	0.	2.1471821134002123e-13	3.743770471690854e-14	3.8372879961208665e-15
14.999999999999998	0.	2.3441785968294227e-13	4.268403074473198e-14	4.382943986172186e-15
16.	0.	2.534022456162778e-13	4.8205294517556366e-14	4.958874468416585e-15
17.	0.	2.715269060011435e-13	5.3985418914206767e-14	5.563591964952404e-15
18.	0.	2.8866981552008697e-13	6.0007971503109e-14	6.19556175277397e-15
18.999999999999996	0.	3.0473030439400586e-13	6.625626448774431e-14	6.853211714330533e-15
20.	0.	3.1962783798997677e-13	7.271344840455845e-14	7.534941649910372e-15
21.	0.	3.333006950524344e-13	7.936259957609051e-14	8.239132045733805e-15
22.	0.	3.4570457721407896e-13	8.618680136128533e-14	8.964152295554257e-15
23.	0.	3.5681117849874785e-13	9.31692192793117e-14	9.708368377046592e-15
24.	0.	3.6660673976323313e-13	1.0029317011312855e-13	1.0470149987340349e-14
24.999999999999996	0.	3.750906094732404e-13	1.0754218512488567e-13	1.1247877144762912e-14
26.	0.	3.822738288945349e-13	1.149000675373604e-13	1.2039946266223944e-14
27.	0.	3.881777567190322e-13	1.2235094445433868e-13	1.2844775731724813e-14
28.	0.	3.928327453450064e-13	1.2987931340844763e-13	1.3660810949240541e-14
29.	0.	3.9627687849238443e-13	1.3747008373771357e-13	1.4486528934721918e-14
29.999999999999996	0.	3.9855477755502413e-13	1.451086130023233e-13	1.532044242322343e-14
31.	0.	3.997164820647341e-13	1.5278073866093868e-13	1.616110352820003e-14
32.	0.	3.9981640785630523e-13	1.604728052316885e-13	1.7007106966852126e-14
32.99999999999999	0.	3.989123849665066e-13	1.6817168716684495e-13	1.7857092870051604e-14
34.	0.	3.970647759586487e-13	1.758648076723763e-13	1.8709749195869184e-14
35.	0.	3.943356742227463e-13	1.8354015370423512e-13	1.956381376606109e-14
36.	0.	3.90788180843701e-13	1.911862873725602e-13	2.0418075945075786e-14
37.	0.	3.8648575784027237e-13	1.987923539830891e-13	2.127137798122189e-14
37.99999999999999	0.	3.814916549399654e-13	2.0634808694214845e-13	2.212261602961133e-14
39.	0.	3.758684065538003e-13	2.1384380974772883e-13	2.2970740876366492e-14
40.	0.	3.696773952352641e-13	2.212704352844968e-13	2.3814758383369802e-14
41.	0.	3.62978477635212e-13	2.2861946263524623e-13	2.4653729672547557e-14
42.	0.	3.5582966878567794e-13	2.3588297161534925e-13	2.5486771068326318e-14
42.99999999999999	0.	3.4828688044778924e-13	2.430536152303401e-13	2.6313053816489903e-14
44.	0.	3.404037092306507e-13	2.501246102499117e-13	2.7131803597203186e-14
44.99999999999999	0.	3.3223127021836167e-13	2.570897260844348e-13	2.794229984946604e-14
46.	0.	3.238180719215581e-13	2.639432721426668e-13	2.8743874923720895e-14
47.	0.	3.152099284891216e-13	2.706800838416802e-13	2.953591307876809e-14
48.	0.	3.064499052670294e-13	2.7729550743226947e-13	3.031784933854992e-14
49.	0.	2.9757829396771794e-13	2.8378538379522904e-13	3.1089168223751985e-14
49.99999999999999	0.	2.886326139084461e-13	2.9014603135599793e-13	3.184940237254364e-14
51.	0.	2.796476359856049e-13	2.9637422825726705e-13	3.2598131064142574e-14
52.	0.	2.7065542626886816e-13	3.0246719392129163e-13	3.333497865824618e-14
53.	0.	2.6168540632049467e-13	3.0842257012587155e-13	3.405961296272638e-14
54.	0.	2.5276442756746604e-13	3.142384017102848e-13	3.4771743541339737e-14
54.99999999999999	0.	2.439168572745355e-13	3.199131170199183e-13	3.547111997256299e-14
56.	0.	2.351646738822894e-13	3.2544550819095136e-13	3.615753007002828e-14
56.99999999999999	0.	2.265275696839732e-13	3.3083471136922725e-13	3.683079807440411e-14
58.	0.	2.1802305901656858e-13	3.360801869504332e-13	3.749078282595093e-14
59.	0.	2.0966659033420767e-13	3.4118169992188095e-13	3.8137375926373436e-14
59.99999999999999	0.	2.0147166071454824e-13	3.4613930037958455e-13	3.8770499897999547e-14
61.	0.	1.934499315206651e-13	3.509533042879614e-13	3.939010634773767e-14
62.	0.	1.856113441018117e-13	3.556242745433332e-13	3.9996174142701405e-14
63.	0.	1.7796423456605444e-13	3.6015300239652096e-13	4.05887076038454e-14
64.	0.	1.7051544679607575e-13	3.6454048928416346e-13	4.116773472342788e-14
65.	0.	1.6327044300668012e-13	3.6878792911299394e-13	4.1733305411605135e-14
65.99999999999999	0.	1.5623341125881666e-13	3.72896691036151e-13	4.2285489776972216e-14
67.	0.	1.4940736945068005e-13	3.768683027556999e-13	4.2824376445391544e-14
68.	0.	1.4279426540203628e-13	3.8070443438088257e-13	4.33500709209982e-14
69.	0.	1.363950727338072e-13	3.844068828672099e-13	4.386269399283713e-14
70.	0.	1.302098823216734e-13	3.879775570573473e-13	4.43623801901735e-14
70.99999999999999	0.	1.242379891705203e-13	3.9141846334081994e-13	4.484927628912321e-14
72.	0.	1.1847797461653816e-13	3.947316919458814e-13	4.5323539872875106e-14
73.	0.	1.1292778381622749e-13	3.979194038734388e-13	4.578533794742184e-14
74.	0.	1.0758479852707508e-13	4.009838184796972e-13	4.623484561437854e-14
75.	0.	1.0244590522369206e-13	4.0392720171117766e-13	4.667224480215175e-14
75.99999999999999	0.	9.750755862645169e-14	4.0675185499298437e-13	4.7097723056421713e-14
77.	0.	9.276584074745988e-14	4.0946010476859835e-13	4.7511472390619886e-14
78.	0.	8.821651558172064e-14	4.120542926871015e-13	4.791368819682017e-14
79.	0.	8.385507958995929e-14	4.1453676643155287e-13	4.8304568217218055e-14
80.	0.	7.967680813427186e-14	4.1690987118022303e-13	4.868431157613999e-14
80.99999999999999	0.	7.567679803898955e-14	4.1917594169058904e-13	4.9053117872316e-14
82.	0.	7.18500064572438e-14	4.213372949943344e-13	4.941118633094938e-14
83.	0.	6.819128622912466e-14	4.233962236901205e-13	4.975871501493766e-14
84.	0.	6.469541792033134e-14	4.253549898195692e-13	5.009590009443165e-14
84.99999999999999	0.	6.135713873117324e-14	4.2721581931072554e-13	5.0422935173768245e-14
85.99999999999999	0.	5.817116846494072e-14	4.289808969722323e-13	5.074001067467311e-14
87.	0.	5.51322327423594e-14	4.3065236202056153e-13	5.104731327450624e-14
88.	0.	5.2235083645228654e-14	4.3223230412187606e-13	5.1345025398209194e-14
89.	0.	4.947451796769795e-14	4.337227599294458e-13	5.16333247625138e-14
89.99999999999999	0.	4.6845393248149274e-14	4.3512571009702627e-13	5.191238397088271e-14
90.99999999999999	0.	4.4342641748452295e-14	4.3644307674817056e-13	5.2182370157576134e-14
92.	0.	4.196128254065421e-14	4.3767672138113363e-13	5.2443444679169557e-14
93.	0.	3.969643185407549e-14	4.3882844318879937e-13	5.2695762851792926e-14
94.	0.	3.7543311828409135e-14	4.398999777729262e-13	5.2939473732312396e-14
94.99999999999999	0.	3.5497257810879126e-14	4.4089299623194484e-13	5.317471994163714e-14
96.	0.	3.3553724327936204e-14	4.418091046015761e-13	5.3401637528304995e-14
97.	0.	3.170828985432646e-14	4.426498436276128e-13	5.3620355870476e-14
98.	0.	2.995666049487955e-14	4.434166888503913e-13	5.383099761445086e-14
99.	0.	2.829467268693379e-14	4.4411105098066246e-13	5.403367864782035e-14
99.99999999999999	0.	2.6718295024083955e-14	4.447342765468871e-13	5.422850810535383e-14
101.	0.	2.5223629294938187e-14	4.4528764879426377e-13	5.441558840573643e-14
102.	0.	2.3806910823752784e-14	4.4577238881619495e-13	5.4595015317277575e-14
103.	0.	2.246450819333859e-14	4.461896568992883e-13	5.476687805072693e-14
104.	0.	2.1192922424358952e-14	4.4654055406345054e-13	5.4931259377356763e-14
104.99999999999999	0.	1.9988785679218557e-14	4.468261237790928e-13	5.5088235770491665e-14
106.	0.	1.8848859553096615e-14	4.4704735384399604e-13	5.523787756869881e-14
107.	0.	1.777003300933419e-14	4.4720517840289226e-13	5.538024915888164e-14
108.	0.	1.6749320011358216e-14	4.473004800933911e-13	5.551540917755813e-14
109.	0.	1.5783856898599993e-14	4.4733409230244364e-13	5.5643410728642894e-14
109.99999999999999	0.	1.4870899549428617e-14	4.4730680151812044e-13	5.576430161609386e-14
111.	0.	1.4007820369990915e-14	4.472193497620886e-13	5.587812458983011e-14
112.	0.	1.3192105143979808e-14	4.4707243708877166e-13	5.5984917603371815e-14
113.	0.	1.2421349774792062e-14	4.4686672413779065e-13	5.6084714081702276e-14
113.99999999999999	0.	1.1693256948203564e-14	4.4660283472692073e-13	5.617754319790353e-14
114.99999999999999	0.	1.1005632740627235e-14	4.462813584733922e-13	5.6263430157164694e-14
116.	0.	1.0356383195205749e-14	4.4590285343200606e-13	5.634239648681764e-14
117.	0.	9.743510885376206e-15	4.454678487391527e-13	5.6414460331107036e-14
118.	0.	9.16511148317613e-15	4.449768472524211e-13	5.64796367494538e-14
118.99999999999999	0.	8.619370347381689e-15	4.4443032817611914e-13	5.6537938017028336e-14
119.99999999999999	0.	8.104559144577917e-15	4.438287496636098e-13	5.658937392650252e-14
121.	0.	7.619032514460815e-15	4.431725513879715e-13	5.663395208990434e-14
122.	0.	7.161224789017832e-15	4.4246215707307783e-13	5.667167823955593e-14
122.99999999999999	0.	6.729646773778826e-15	4.4169797697775226e-13	5.6702556527126154e-14
124.	0.	6.322882597956974e-15	4.408804103262389e-13	5.672658981988883e-14
125.	0.	5.939586639125998e-15	4.4000984767875836e-13	5.674377999332604e-14
126.	0.	5.578480526977777e-15	4.3908667323645427e-13	5.675412821927232e-14
127.	0.	5.238350229753344e-15	4.381112670755828e-13	5.675763524884805e-14
128.	0.	4.918043226084214e-15	4.3708400730627045e-13	5.6754301689481e-14
129.	0.	4.616465764198542e-15	4.360052721516717e-13	5.674412827536575e-14
130.	0.	4.332580209803058e-15	4.348754419438458e-13	5.672711613076283e-14
131.	0.	4.0654024833260416e-15	4.33694901033085e-13	5.6703267025583724e-14
131.99999999999997	0.	3.8139995867144726e-15	4.3246403960794753e-13	5.667258362276385e-14
133.	0.	3.577487219511279e-15	4.3118325542357306e-13	5.663506971696082e-14
134.	0.	3.355027483556331e-15	4.298529554363515e-13	5.6590730464171856e-14
135.	0.	3.145826675299414e-15	4.2847355734335336e-13	5.6539572601900245e-14
136.	0.	2.949133164457567e-15	4.270454910253386e-13	5.6481604659549763e-14
137.	0.	2.7642353574763304e-15	4.2556919989246886e-13	5.6416837158759964e-14
138.	0.	2.590459744065324e-15	4.2404514213224855e-13	5.634528280344464e-14
139.	0.	2.4271690249218966e-15	4.224737918594762e-13	5.6266956659324986e-14
140.	0.	2.2737603185901983e-15	4.208556401683436e-13	5.618187632279388e-14
140.99999999999997	0.	2.1296634453355492e-15	4.1919119608707466e-13	5.609006207897856e-14
141.99999999999997	0.	1.9943392858019912e-15	4.1748098743576695e-13	5.599153704890415e-14
143.	0.	1.8672782121691085e-15	4.157255615883899e-13	5.5886327325697766e-14
144.	0.	1.747998589506544e-15	4.139254861400627e-13	5.577446209979577e-14
145.	0.	1.6360453449514043e-15	4.1208134948102486e-13	5.5655973773155517e-14
146.	0.	1.5309886023842894e-15	4.101937612788793e-13	5.553089806249645e-14
147.	0.	1.4324223802412773e-15	4.082633528708751e-13	5.5399274091622e-14
148.	0.	1.3399633501337926e-15	4.0629077756820165e-13	5.5261144472903084e-14
149.	0.	1.2532496539681041e-15	4.0427671087440364e-13	5.511655537802578e-14
150.	0.	1.1719397772948109e-15	4.0222185062017017e-13	5.4965556598126824e-14
150.99999999999997	0.	1.0957114766406754e-15	4.0012691701690013e-13	5.480820159346577e-14
151.99999999999997	0.	1.0242607586603768e-15	3.979926526315633e-13	5.4644547532800824e-14
153.	0.	9.573009089354202e-16	3.9581982228547214e-13	5.4474655322653667e-14
154.	0.	8.945615683680067e-16	3.9360921287968093e-13	5.4298589626666213e-14
155.	0.	8.3578785511729495e-16	3.913616331498054e-13	5.4116418875268073e-14
156.	0.	7.80739530119613e-16	3.890779133531675e-13	5.3928215265893075e-14
157.	0.	7.291902042844348e-16	3.867589048911357e-13	5.3734054753985154e-14
158.	0.	6.809265855075879e-16	3.8440547986969566e-13	5.353401703506089e-14
159.	0.	6.357477637312276e-16	3.820185306012488e-13	5.3328185518097296e-14
160.	0.	5.934645323111127e-16	3.7959896905067624e-13	5.3116647290525275e-14
160.99999999999997	0.	5.538987440360351e-16	3.771477262287718e-13	5.28994930751236e-14
161.99999999999997	0.	5.168827002030341e-16	3.7466575153608356e-13	5.267681717910737e-14
163.	0.	4.822585711975813e-16	3.7215401206028073e-13	5.2448717435719954e-14
164.	0.	4.498778471046138e-16	3.696134918301201e-13	5.2215295138640454e-14
165.	0.	4.196008169315492e-16	3.6704519102906494e-13	5.1976654969520377e-14
166.	0.	3.9129607507096734e-16	3.64450125171623e-13	5.1732904918973495e-14
167.	0.	3.6484005370051043e-16	3.6182932424542513e-13	5.148415620134268e-14
168.	0.	3.4011657986581907e-16	3.591838318220152e-13	5.1230523163566586e-14
169.	0.	3.170164560423317e-16	3.565147041393607e-13	5.0972123188482964e-14
169.99999999999997	0.	2.954370630284086e-16	3.5382300915890923e-13	5.0709076592884886e-14
170.99999999999997	0.	2.7528198407528975e-16	3.5110982560014145e-13	5.044150652067113e-14
171.99999999999997	0.	2.564606491911158e-16	3.483762419553637e-13	5.016953883141008e-14
173.	0.	2.3888799863151633e-16	3.456233554875481e-13	4.989330198465101e-14
174.	0.	2.2248416459581095e-16	3.4285227121387493e-13	4.961292692030348e-14
175.	0.	2.0717417023731538e-16	3.400641008775919e-13	4.932854693540498e-14
176.	0.	1.9288764509035528e-16	3.372599619108242e-13	4.9040297557606415e-14
177.	0.	1.7955855609516794e-16	3.3444097639073345e-13	4.874831641567919e-14
178.	0.	1.6712495341925775e-16	3.3160826999149066e-13	4.845274310736136e-14
179.	0.	1.5552873031505013e-16	3.2876297093442305e-13	4.8153719064853796e-14
179.99999999999997	0.	1.447153962974873e-16	3.259062089385166e-13	4.78513874182557e-14
180.99999999999997	0.	1.3463386294491272e-16	3.2303911417357843e-13	4.754589285725425e-14
181.99999999999997	0.	1.2523624166920892e-16	3.2016281621801956e-13	4.723738149133785e-14
183.	0.	1.1647765284139982e-16	3.1727844302340655e-13	4.692600070883651e-14
184.	0.	1.083160456517013e-16	3.1438711988763395e-13	4.661189903505489e-14
185.	0.	1.0071202817378489e-16	3.1148996843861456e-13	4.6295225989775236e-14
186.	0.	9.36287070605679e-17	3.085881056302203e-13	4.5976131944389306e-14
187.	0.	8.70315363815671e-17	3.056826427522e-13	4.565476797892234e-14
188.	0.	8.088817510829875e-17	3.027746844556206e-13	4.533128573919013e-14
189.	0.	7.516835278200424e-17	2.99865327795414e-13	4.500583729434125e-14
189.99999999999997	0.	6.984374292340345e-17	2.9695566129137326e-13	4.467857499500471e-14
190.99999999999997	0.	6.488784376978212e-17	2.9404676400902633e-13	4.434965133228147e-14
192.	0.	6.027586594588018e-17	2.9113970466157234e-13	4.4019218797785024e-14
193.	0.	5.598462667670662e-17	2.882355407341583e-13	4.368742974495549e-14
194.	0.	5.1992450199155576e-17	2.8533531763145496e-13	4.33544362518266e-14
195.	0.	4.827907402740866e-17	2.824400678496984e-13	4.302038998546126e-14
196.	0.	4.4825560741666085e-17	2.7955081017400025e-13	4.268544206821812e-14
197.	0.	4.161421500881617e-17	2.766685489019022e-13	4.234974294604365e-14
198.	0.	3.8628505527531005e-17	2.737942730938457e-13	4.2013442258938917e-14
198.99999999999997	0.	3.585299164104021e-17	2.709289558513611e-13	4.167668871377453e-14
199.99999999999997	0.	3.327325433366502e-17	2.68073553623513e-13	4.133962995958993e-14
200.99999999999997	0.	3.087583139094937e-17	2.6522900554226757e-13	4.1002412465533815e-14
202.	0.	2.864815645652951e-17	2.6239623278714505e-13	4.066518140156031e-14
203.	0.	2.6578501795940364e-17	2.5957613797971087e-13	4.032808052202611e-14
204.	0.	2.46559245349967e-17	2.567696046081178e-13	3.9991252052283306e-14
205.	0.	2.2870216175454423e-17	2.5397749648213133e-13	3.965483657839918e-14
206.	0.	2.121185521358274e-17	2.5120065721871256e-13	3.931897294007967e-14
207.	0.	1.9671962662670957e-17	2.484399097584605e-13	3.8983798126911014e-14
208.	0.	1.8242260327719116e-17	2.456960559129049e-13	3.8649447177986044e-14
208.99999999999997	0.	1.6915031663584523e-17	2.429698759427692e-13	3.831605308500434e-14
209.99999999999997	0.	1.5683085063488625e-17	2.4026212816715147e-13	3.798374669890796e-14
210.99999999999997	0.	1.4539719446663763e-17	2.3757354860358563e-13	3.765265664011934e-14
212.	0.	1.3478691989562654e-17	2.3490485063884795e-13	3.732290921243168e-14
213.	0.	1.2494187899397015e-17	2.322567247303698e-13	3.699462832060401e-14
214.	0.	1.1580792083168989e-17	2.2962983813802283e-13	3.666793539169656e-14
215.	0.	1.0733462617554454e-17	2.270248346860357e-13	3.634294930018313e-14
216.	0.	9.947505904288525e-18	2.2444233455474675e-13	3.601978629686708e-14
217.	0.	9.218553402759885e-18	2.2188293410187042e-13	3.569855994162471e-14
218.	0.	8.542539862903564e-18	2.1934720571282283e-13	3.537938103997722e-14
218.99999999999997	0.	7.91568294823495e-18	2.168356976798305e-13	3.506235758352183e-14
219.99999999999997	0.	7.334464171171624e-18	2.1434893410925402e-13	3.474759469420516e-14
220.99999999999997	0.	6.795611068512414e-18	2.1188741485668592e-13	3.4435194572441286e-14
222.	0.	6.296080527379264e-18	2.0945161548934534e-13	3.412525644907147e-14
223.	0.	5.833043197895468e-18	2.0704198727521438e-13	3.381787654114852e-14
224.	0.	5.403868925562522e-18	2.0465895719827522e-13	3.3513148011514216e-14
225.	0.	5.006113140267258e-18	2.0230292799943556e-13	3.3211160932174544e-14
226.	0.	4.637504133784401e-18	1.999742782423196e-13	3.29120022514095e-14
227.	0.	4.295931184727757e-18	1.9767336240346506e-13	3.261575576461259e-14
227.99999999999997	0.	3.979433466500056e-18	1.9540051098615833e-13	3.2322502088803e-14
228.99999999999997	0.	3.686189688731225e-18	1.9315603065732839e-13	3.203231864078401e-14
229.99999999999997	0.	3.4145084361094126e-18	1.9094020440673265e-13	3.174527961888776e-14
230.99999999999997	0.	3.162819146166247e-18	1.887532917277841e-13	3.146145598826539e-14
232.	0.	2.9296636943615882e-18	1.865955288193474e-13	3.118091546967564e-14
233.	0.	2.7136885481713015e-18	1.8446712880763997e-13	3.090372253169214e-14
234.	0.	2.5136374461197887e-18	1.8236828198771677e-13	3.0629938386304475e-14
235.	0.	2.328344576746349e-18	1.802991560835847e-13	3.035962098781479e-14
236.	0.	2.1567282152965153e-18	1.7825989652637314e-13	3.0092825034993646e-14
237.	0.	1.997784798441095e-18	1.7625062674971259e-13	2.9829601976409455e-14
237.99999999999997	0.	1.8505834012328798e-18	1.74271448501605e-13	2.957000001886908e-14
238.99999999999997	0.	1.7142605957103674e-18	1.7232244217202615e-13	2.931406413889465e-14
239.99999999999997	0.	1.5880156557412445e-18	1.704036671354779e-13	2.90618360971587e-14
240.99999999999997	0.	1.471106099306672e-18	1.685151621078057e-13	2.8813354455812144e-14
242.	0.	1.362843536005805e-18	1.6665694551643854e-13	2.8568654598612634e-14
243.	0.	1.2625898020782451e-18	1.6482901588335667e-13	2.8327768753782235e-14
244.	0.	1.1697533630311537e-18	1.6303135222001156e-13	2.809072601950916e-14
245.	0.	1.0837859697001905e-18	1.6126391443348798e-13	2.7857552392016036e-14
245.99999999999997	0.	1.004179544008479e-18	1.5952664374312914e-13	2.7628270796104362e-14
247.	0.	9.304632892022274e-19	1.5781946310690555e-13	2.7402901118092285e-14
248.	0.	8.622009936326192e-19	1.5614227765682295e-13	2.7181460241063476e-14
248.99999999999997	0.	7.989885317168579e-19	1.5449497514266985e-13	2.6963962082343945e-14
250.	0.	7.404515418947424e-19	1.52877426383273e-13	2.6750417633098064e-14
250.99999999999997	0.	6.862432613862588e-19	1.5128948572477073e-13	2.6540834999992778e-14
252.	0.	6.360425224044901e-19	1.497309915050307e-13	2.6335219448809908e-14
252.99999999999997	0.	5.89551887119884e-19	1.4820176652364578e-13	2.613357344993779e-14
254.	0.	5.464959144206559e-19	1.4670161851678078e-13	2.593589672564413e-14
254.99999999999997	0.	5.066195544933657e-19	1.452303406362748e-13	2.5742186299051146e-14
256.	0.	4.696866555126137e-19	1.437877119323062e-13	2.5552436544717132e-14
257.	0.	4.354785769847344e-19	1.4237349783904536e-13	2.5366639240745533e-14
258.	0.	4.0379290487945766e-19	1.4098745066262413e-13	2.5184783622324748e-14
259.	0.	3.744422581747722e-19	1.3962931007089244e-13	2.5006856436623783e-14
260.	0.	3.4725318088322323e-19	1.3829880358431778e-13	2.4832841998947978e-14
261.	0.	3.2206511796669854e-19	1.3699564706748472e-13	2.466272225007368e-14
262.	0.	2.9872945824475373e-19	1.3571954522066232e-13	2.4496476814681607e-14
263.	0.	2.7710865654426656e-19	1.3447019207087724e-13	2.4334083060801128e-14
263.99999999999994	0.	2.5707540960485386e-19	1.332472714619356e-13	2.417551616017661e-14
265.	0.	2.385119009811203e-19	1.3205045754298502e-13	2.4020749149491977e-14
266.	0.	2.2130909486963236e-19	1.3087941525500307e-13	2.3869752992350498e-14
267.	0.	2.0536608588584183e-19	1.2973380081486054e-13	2.3722496641953126e-14
268.	0.	1.9058949333695942e-19	1.2861326219639368e-13	2.3578947104377183e-14
269.	0.	1.7689290069020304e-19	1.2751743960812773e-13	2.3439069502394057e-14
270.	0.	1.6419633959208908e-19	1.2644596596718835e-13	2.3302827139743322e-14
271.	0.	1.5242580546467192e-19	1.2539846736897042e-13	2.317018156578514e-14
272.	0.	1.4151281708791809e-19	1.2437456355220884e-13	2.3041092640464687e-14
272.99999999999994	0.	1.313939995386034e-19	1.233738683590997e-13	2.2915518599522058e-14
274.	0.	1.2201070713561112e-19	1.2239599019002583e-13	2.2793416119861495e-14
274.99999999999994	0.	1.1330866638018177e-19	1.214405324526413e-13	2.267474038503025e-14
276.	0.	1.052376524174337e-19	1.2050709400489845e-13	2.255944515072298e-14
277.	0.	9.775118281597292e-20	1.195952695918107e-13	2.2447482810266855e-14
278.	0.	9.080623906759757e-20	1.1870465027553578e-13	2.233880446000029e-14
279.	0.	8.436300794417937e-20	1.1783482385863648e-13	2.2233359964510086e-14
280.	0.	7.83846403919451e-20	1.169853753001018e-13	2.2131098021636975e-14
281.	0.	7.283702933445847e-20	1.1615588712406202e-13	2.2031966227225787e-14
281.99999999999994	0.	6.768860459209653e-20	1.153459398207631e-13	2.193591113952508e-14
283.	0.	6.291014270501767e-20	1.1455511223979248e-13	2.184287834322086e-14
283.99999999999994	0.	5.847459130548581e-20	1.1378298197518867e-13	2.1752812513019986e-14
285.	0.	5.435690588611248e-20	1.130291257423504e-13	2.166565747675091e-14
286.	0.	5.053390049631051e-20	1.1229311974651093e-13	2.1581356277921023e-14
287.	0.	4.698410660371376e-20	1.1157454004265461e-13	2.1499851237688686e-14
288.	0.	4.368764582005058e-20	1.1087296288676862e-13	2.1421084016211678e-14
289.	0.	4.06261098554953e-20	1.101879650781693e-13	2.134499567330254e-14
290.	0.	3.7782452537749834e-20	1.0951912429297239e-13	2.1271526728383944e-14
291.	0.	3.514088452446772e-20	1.0886601940844679e-13	2.1200617219673506e-14
292.	0.	3.2686782478117327e-20	1.0822823081821369e-13	2.1132206762569062e-14
292.99999999999994	0.	3.040659921951534e-20	1.0760534073830589e-13	2.106623460721541e-14
294.	0.	2.828778575983497e-20	1.0699693350383993e-13	2.1002639695181616e-14
294.99999999999994	0.	2.6318714947807152e-20	1.0640259585639251e-13	2.0941360715243804e-14
296.	0.	2.448861306494257e-20	1.0582191722204483e-13	2.0882336158242393e-14
297.	0.	2.2787496501797825e-20	1.0525448997989694e-13	2.0825504370951112e-14
298.	0.	2.1206112955170386e-20	1.0469990972129811e-13	2.0770803608981178e-14
299.	0.	1.973588659149806e-20	1.0415777549952809e-13	2.0718172088643672e-14
300.	0.	1.8368867561804526e-20	1.0362769007008183e-13	2.0667548037774685e-14
301.	0.	1.7097685803675008e-20	1.0310926012156224e-13	2.061886974549835e-14
301.99999999999994	0.	1.5915508607351193e-20	1.0260209649714579e-13	2.0572075610894718e-14
303.	0.	1.4815999068185683e-20	1.0210581440666141e-13	2.0527104190554595e-14
303.99999999999994	0.	1.379328100791927e-20	1.0162003362937879e-13	2.0483894245012947e-14
305.	0.	1.2841904222567765e-20	1.0114437870752602e-13	2.044238478403919e-14
306.	0.	1.1956812351139406e-20	1.0067847913054488e-13	2.0402515110758446e-14
307.	0.	1.1133315714424064e-20	1.0022196951022384e-13	2.0364224864604604e-14
308.	0.	1.0367061499467977e-20	9.977448974675879e-14	2.0327454063088723e-14
309.	0.	9.654011711469696e-21	9.93356851857877e-14	2.0292143142363967e-14
310.	0.	8.99041841148137e-21	9.890520676655175e-14	2.0258232996591344e-14
310.99999999999994	0.	8.372801911886289e-21	9.848271116121311e-14	2.022566501608431e-14
312.	0.	7.797932905178899e-21	9.806786090545824e-14	2.0194381124231422e-14
312.99999999999994	0.	7.262813710524881e-21	9.766032452053377e-14	2.016432381319962e-14
314.	0.	6.764659060733781e-21	9.725977662674296e-14	2.0135436178396414e-14
314.99999999999994	0.	6.300884192054698e-21	9.686589804860254e-14	2.0107661951704604e-14
316.	0.	5.869087134887165e-21	9.64783759117366e-14	2.0080945533478507e-14
317.	0.	5.467037329923556e-21	9.609690373164801e-14	2.0055232023303123e-14
318.	0.	5.0926622988786905e-21	9.572118149453982e-14	2.0030467249525422e-14
319.	0.	4.744037246836296e-21	9.535091573019521e-14	2.000659779753234e-14
320.	0.	4.4193716779416115e-21	9.498581957729375e-14	1.9983571036827843e-14
321.	0.	4.117003899324778e-21	9.462561284103627e-14	1.9961335146855997e-14
321.99999999999994	0.	3.8353875711202046e-21	9.427002204344022e-14	1.9939839141619335e-14
323.	0.	3.573085656489131e-21	9.39187804663222e-14	1.991903289307046e-14
323.99999999999994	0.	3.328762866040648e-21	9.357162818723702e-14	1.9898867153307545e-14
325.	0.	3.101177048320679e-21	9.322831210841651e-14	1.987929357555786e-14
326.	0.	2.889173548807233e-21	9.288858597896892e-14	1.9860264733979132e-14
327.	0.	2.691676992314702e-21	9.255221041040396e-14	1.9841734142267903e-14
328.	0.	2.5076891119136465e-21	9.221895288577202e-14	1.9823656271111824e-14
329.	0.	2.3362804413126677e-21	9.188858776243876e-14	1.9805986564466227e-14
330.	0.	2.176586530229139e-21	9.156089626878871e-14	1.978868145469424e-14
330.99999999999994	0.	2.027801545671212e-21	9.123566649496616e-14	1.9771698376570138e-14
332.	0.	1.8891785391294334e-21	9.09126933777934e-14	1.97549957801531e-14
332.99999999999994	0.	1.7600193302895937e-21	9.059177868014978e-14	1.9738533142570044e-14
334.	0.	1.6396762485595741e-21	9.027273096481862e-14	1.9722270978686677e-14
335.	0.	1.5275455368737005e-21	8.995536556314132e-14	1.9706170850718847e-14
336.	0.	1.4230653860417726e-21	8.963950453855832e-14	1.9690195376780017e-14
337.	0.	1.3257128912022348e-21	8.932497664516044e-14	1.9674308238370857e-14
338.	0.	1.235000428928697e-21	8.90116172815869e-14	1.9658474186864303e-14
339.	0.	1.1504751765079261e-21	8.86992684402572e-14	1.964265904896298e-14
339.99999999999994	0.	1.0717138098296546e-21	8.83877786522425e-14	1.9626829731176796e-14
341.	0.	9.983240933852033e-22	8.807700292787849e-14	1.9610954223324152e-14
341.99999999999994	0.	9.299394917811966e-22	8.776680269329676e-14	1.9595001601077275e-14
343.	0.	8.662185504201174e-22	8.745704572307116e-14	1.9578942027577143e-14
343.99999999999994	0.	8.068437261540346e-22	8.71476060691442e-14	1.9562746754136907e-14
345.	0.	7.515185564745232e-22	8.683836398611774e-14	1.9546388120035823e-14
346.	0.	6.999680638979238e-22	8.652920585323665e-14	1.9529839551460048e-14
347.	0.	6.519347632447347e-22	8.622002409305485e-14	1.9513075559572143e-14
348.	0.	6.071790075808582e-22	8.59107170870549e-14	1.9496071737754494e-14
349.	0.	5.654776782059677e-22	8.560118908833276e-14	1.9478804758036358e-14
350.	0.	5.266239617766313e-22	8.529135013157028e-14	1.946125236674075e-14
350.99999999999994	0.	4.9042320290072635e-22	8.498111594033674e-14	1.944339337934588e-14
352.	0.	4.566948454882868e-22	8.467040783198306e-14	1.9425207674607574e-14
352.99999999999994	0.	4.252710334009064e-22	8.435915262022868e-14	1.9406676187952597e-14
354.	0.	3.959951782520823e-22	8.404728251559556e-14	1.9387780904164818e-14
355.	0.	3.6872106227547333e-22	8.373473502385817e-14	1.936850484939191e-14
356.	0.	3.4331191985124298e-22	8.342145284260824e-14	1.9348832082482315e-14
357.	0.	3.1964178891351726e-22	8.310738375615223e-14	1.9328747685692758e-14
358.	0.	2.975917155201838e-22	8.279248052879774e-14	1.930823775476787e-14
359.	0.	2.770510663594212e-22	8.247670079670383e-14	1.928728938842265e-14
359.99999999999994	0.	2.579182899296057e-22	8.21600069584795e-14	1.9265890677261063e-14
361.	0.	2.400964591753713e-22	8.184236606458057e-14	1.9244030692132907e-14
361.99999999999994	0.	2.2349688401091643e-22	8.152374970563025e-14	1.9221699471949926e-14
363.	0.	2.0803577319845074e-22	8.120413389993489e-14	1.9198888011016358e-14
363.99999999999994	0.	1.9363669917350544e-22	8.08834989800903e-14	1.9175588245841924e-14
365.	0.	1.8022544570951544e-22	8.056182947903508e-14	1.915179304151352e-14
366.	0.	1.677365825342829e-22	8.023911401548789e-14	1.9127496177604503e-14
367.	0.	1.5610592110766754e-22	7.991534517893668e-14	1.9102692333654602e-14
368.	0.	1.4527473073904335e-22	7.959051941440001e-14	1.907737707426719e-14
368.99999999999994	0.	1.3518985494362147e-22	7.926463690688407e-14	1.905154683380018e-14
370.	0.	1.2579902580442683e-22	7.893770146578625e-14	1.9025198900705625e-14
370.99999999999994	0.	1.1705511394856904e-22	7.860972040929064e-14	1.8998331401524356e-14
372.	0.	1.089144214704183e-22	7.828070444886556e-14	1.8970943284557894e-14
372.99999999999994	0.	1.0133493789319822e-22	7.79506675739456e-14	1.8943034303234212e-14
374.	0.	9.427881801061588e-23	7.761962693693465e-14	1.891460499919666e-14
375.	0.	8.771002517140551e-23	7.728760273856464e-14	1.8885656685121968e-14
376.	0.	8.159560012670859e-23	7.69546181137481e-14	1.88561914272983e-14
377.	0.	7.590326769440858e-23	7.66206990179954e-14	1.8826212027978833e-14
378.	0.	7.06057747664502e-23	7.628587411445194e-14	1.8795722007522524e-14
379.	0.	6.567418234629135e-23	7.595017466167824e-14	1.876472558635086e-14
379.99999999999994	0.	6.108467208529488e-23	7.561363440220681e-14	1.8733227666728645e-14
381.	0.	5.6813660889717e-23	7.52762894520137e-14	1.8701233814401426e-14
381.99999999999994	0.	5.2838438335222995e-23	7.493817819088915e-14	1.8668750240086628e-14
383.	0.	4.913969356830117e-23	7.45993411538369e-14	1.8635783780849567e-14
384.	0.	4.5697808995950263e-23	7.425982092356683e-14	1.8602341881382162e-14
385.	0.	4.249475292514653e-23	7.391966202410734e-14	1.8568432575190648e-14
386.	0.	3.951474292573911e-23	7.357891081563085e-14	1.8534064465718066e-14
387.	0.	3.6742385921467854e-23	7.323761539052286e-14	1.8499246707409868e-14
388.	0.	3.416269038455546e-23	7.289582547078726e-14	1.8463988986747773e-14
388.99999999999994	0.	3.176299018215634e-23	7.255359230676844e-14	1.8428301503249785e-14
390.	0.	2.9530427837882364e-23	7.22109685773604e-14	1.8392194950481387e-14
390.99999999999994	0.	2.7453879700551407e-23	7.186800829157417e-14	1.8355680497048053e-14
392.	0.	2.5522057465458823e-23	7.152476669171288e-14	1.831876976763539e-14
392.99999999999994	0.	2.372544397639036e-23	7.118130015799816e-14	1.8281474824060893e-14
394.	0.	2.205502968251397e-23	7.083766611484256e-14	1.824380814638987e-14
395.	0.	2.0500378991991273e-23	7.049392293870031e-14	1.820578261410267e-14
396.	0.	1.9055463586486514e-23	7.015012986758527e-14	1.8167411487339406e-14
397.	0.	1.7711557632561084e-23	6.980634691227515e-14	1.8128708388232227e-14
397.99999999999994	0.	1.6461124564117205e-23	6.946263476920659e-14	1.808968728232981e-14
399.	0.	1.5299146715030197e-23	6.91190547351371e-14	1.8050362460139484e-14
399.99999999999994	0.	1.4218562786553828e-23	6.877566862355478e-14	1.8010748518786288e-14
401.	0.	1.3213536375455762e-23	6.843253868285216e-14	1.7970860343798508e-14
401.99999999999994	0.	1.2279474555113442e-23	6.808972751633719e-14	1.793071309104419e-14
403.	0.	1.1411059601588788e-23	6.774729800407627e-14	1.789032216882281e-14
404.	0.	1.0603569078157093e-23	6.740531322649614e-14	1.7849703220098463e-14
405.	0.	9.852885307315851e-24	6.706383638996347e-14	1.7808872104937916e-14
406.	0.	9.155504715122277e-24	6.672293075409754e-14	1.7767844883095316e-14
407.	0.	8.506539852407736e-24	6.638265956105426e-14	1.7726637796812314e-14
408.	0.	7.90372758410945e-24	6.604308596665676e-14	1.768526725380726e-14
408.99999999999994	0.	7.343428900147796e-24	6.570427297339955e-14	1.7643749810466775e-14
410.	0.	6.822634900032734e-24	6.536628336536965e-14	1.760210215525763e-14
410.99999999999994	0.	6.338975746800481e-24	6.502917964504162e-14	1.7560341092354857e-14
412.	0.	5.888696854304605e-24	6.469302397199604e-14	1.7518483525504986e-14
412.99999999999994	0.	5.4707178468021805e-24	6.435787810351609e-14	1.7476546442120305e-14
414.	0.	5.0825810461622374e-24	6.402380333707282e-14	1.7434546897613364e-14
415.	0.	4.721800105292659e-24	6.369086045471697e-14	1.739250199998317e-14
416.	0.	4.3858602583636095e-24	6.335910966934191e-14	1.735042889465171e-14
417.	0.	4.0742765942632735e-24	6.30286105728426e-14	1.7308344749563786e-14
417.99999999999994	0.	3.7844933488085635e-24	6.269942208611654e-14	1.7266266740543404e-14
419.	0.	3.515305711479317e-24	6.237160241097224e-14	1.722421203693127e-14
419.99999999999994	0.	3.265494699738532e-24	6.20452089838212e-14	1.7182197787477632e-14
421.	0.	3.033134474882266e-24	6.172029843128603e-14	1.71402411065335e-14
421.99999999999994	0.	2.817667474059158e-24	6.139692652758687e-14	1.7098359060510475e-14
423.	0.	2.6171366392707673e-24	6.10751481537398e-14	1.7056568654625527e-14
424.	0.	2.4309601519334605e-24	6.075501725856443e-14	1.7014886819937423e-14
425.	0.	2.2578496281561893e-24	6.043658682150145e-14	1.6973330400683127e-14
426.	0.	2.097204352296972e-24	6.011990881712203e-14	1.693191614188813e-14
426.99999999999994	0.	1.9477136724660713e-24	5.98050341814527e-14	1.6890660677293373e-14
428.	0.	1.8087580967577658e-24	5.949201277999914e-14	1.6849580517573248e-14
428.99999999999994	0.	1.6804180251017773e-24	5.918089337746146e-14	1.680869203885055e-14
430.	0.	1.5606489275682423e-24	5.887172360916203e-14	1.6768011471521603e-14
430.99999999999994	0.	1.4495159667660328e-24	5.856454995412522e-14	1.6727554889381923e-14
432.	0.	1.3463726645360518e-24	5.825941770978903e-14	1.668733819905468e-14
432.99999999999994	0.	1.2505657733438977e-24	5.79563709683768e-14	1.6647377129737143e-14
434.	0.	1.1614352394864799e-24	5.765545259478303e-14	1.6607687223230705e-14
435.	0.	1.0783141518170498e-24	5.735670420613062e-14	1.6568283824307728e-14
436.	0.	1.001967250331601e-24	5.706016615279737e-14	1.6529182071363733e-14
437.	0.	9.302825688267865e-25	5.6765877500989536e-14	1.649039688738538e-14
437.99999999999994	0.	8.640183225043328e-25	5.647387601682146e-14	1.6451942971229393e-14
439.	0.	8.024908406616913e-25	5.618419815184489e-14	1.6413834789203202e-14
439.99999999999994	0.	7.457361761843004e-25	5.589687903002457e-14	1.6376086566954307e-14
441.	0.	6.923333302867608e-25	5.561195243613481e-14	1.6338712281666902e-14
441.99999999999994	0.	6.430384010044701e-25	5.5329450805535696e-14	1.6301725654562217e-14
443.	0.	5.971503400367644e-25	5.504940521530497e-14	1.626514014370143e-14
444.	0.	5.54695337367281e-25	5.477184537670907e-14	1.6228968937093818e-14
445.	0.	5.149633095807539e-25	5.449679962897159e-14	1.6193224946104775e-14
446.	0.	4.787140004210889e-25	5.422429493430153e-14	1.6157920799159093e-14
446.99999999999994	0.	4.444933297982324e-25	5.395435687419293e-14	1.6123068835749906e-14
448.	0.	4.130597910397045e-25	5.368700964691956e-14	1.608868110073731e-14
448.99999999999994	0.	3.8369057831388384e-25	5.3422276066217226e-14	1.605476933894073e-14
450.	0.	3.564019639906953e-25	5.3160177561114645e-14	1.6021344990020255e-14
450.99999999999994	0.	3.3121056769262457e-25	5.290073417691145e-14	1.5988419183652417e-14
452.	0.	3.073818367509365e-25	5.264396457723092e-14	1.5956002734985447e-14
453.	0.	2.856802482156576e-25	5.238988604717051e-14	1.5924106140386778e-14
454.	0.	2.6536749231838646e-25	5.2138514497439236e-14	1.5892739573455526e-14
455.	0.	2.4645486744138593e-25	5.188986446954615e-14	1.5861912881325615e-14
455.99999999999994	0.	2.289539518892838e-25	5.164394914196032e-14	1.5831635581240625e-14
457.	0.	2.1287662081931887e-25	5.140078033720816e-14	1.5801916857396694e-14
457.99999999999994	0.	1.9746967679329478e-25	5.116036852988131e-14	1.5772765558050005e-14
459.	0.	1.835061817600141e-25	5.092272285556608e-14	1.57441901928987e-14
459.99999999999994	0.	1.7022863209596162e-25	5.068785112060363e-14	1.5716198930715856e-14
461.	0.	1.5841542981024392e-25	5.0455759812684265e-14	1.5688799597241037e-14
461.99999999999994	0.	1.4730467697560687e-25	5.022645411227115e-14	1.5661999673332875e-14
463.	0.	1.3690245293372461e-25	4.999993790476783e-14	1.5635806293362746e-14
464.	0.	1.2721501439173752e-25	4.9776213793430244e-14	1.561022624385355e-14
465.	0.	1.1824880375698258e-25	4.95552831130265e-14	1.5585265962370354e-14
466.	0.	1.1001045740996296e-25	4.93371459441495e-14	1.5560931536637334e-14
466.99999999999994	0.	1.0171829995484066e-25	4.9121801128218385e-14	1.553722870389791e-14
468.	0.	9.495364176359726e-26	4.890924628307942e-14	1.5514162850493314e-14
468.99999999999994	0.	8.814387136441477e-26	4.8699477819250575e-14	1.5491739011679115e-14
470.	0.	8.208486737507231e-26	4.849249095672351e-14	1.5469961871656127e-14
470.99999999999994	0.	7.598438992633083e-26	4.8288279742306597e-14	1.544883576381488e-14
472.	0.	7.064423013411738e-26	4.8086837067523895e-14	1.5428364671202385e-14
473.	0.	6.526657368887563e-26	4.7888154686981213e-14	1.540855222718723e-14
474.	0.	6.065931646153988e-26	4.769222323722382e-14	1.5389401716334e-14
475.	0.	5.683077453136723e-26	4.749903225604275e-14	1.5370916075477534e-14
475.99999999999994	0.	5.297453442926777e-26	4.73085702021841e-14	1.5353097894986047e-14
477.	0.	4.90899281787662e-26	4.7120824475485155e-14	1.5335949420223725e-14
477.99999999999994	0.	4.517627335927229e-26	4.6935781437347694e-14	1.5319472553187468e-14
479.	0.	4.205753081418118e-26	4.675342643159843e-14	1.5303668854337544e-14
479.99999999999994	0.	3.974295207031184e-26	4.6573743805649486e-14	1.528853954459658e-14
481.	0.	3.6579379917946905e-26	4.639671693196207e-14	1.5274085507521048e-14
481.99999999999994	0.	3.422566158226878e-26	4.6222328229806025e-14	1.5260307291645705e-14
483.	0.	3.1853380959632506e-26	4.605055918725707e-14	1.5247205112984978e-14
484.	0.	2.9462092155658565e-26	4.5881390383437485e-14	1.523477885769535e-14
484.99999999999994	0.	2.70513414861657e-26	4.5714801510976796e-14	1.522302808489414e-14
486.	0.	2.5469656190455745e-26	4.5550771398644534e-14	1.5211952029620986e-14
486.99999999999994	0.	2.3874955904095234e-26	4.5389278034179286e-14	1.520154960595209e-14
488.	0.	2.2266929351301718e-26	4.523029858724347e-14	1.5191819410246704e-14
488.99999999999994	0.	2.0645260405360123e-26	4.5073809432532636e-14	1.5182759724536685e-14
490.	0.	1.9009628213372363e-26	4.4919786172973436e-14	1.5174368520040313e-14
491.	0.	1.7359707323682315e-26	4.476820366303498e-14	1.5166643460808713e-14
491.99999999999994	0.	1.6567121583415918e-26	4.4619036032086166e-14	1.515958190748608e-14
492.99999999999994	0.	1.4891655147814206e-26	4.4472256707849645e-14	1.5153180921200768e-14
494.	0.	1.408101910595243e-26	4.4327838439849047e-14	1.5147437267554707e-14
495.	0.	1.3263092683765062e-26	4.4185753322903576e-14	1.514234742073102e-14
496.	0.	1.2437706783752155e-26	4.404597282062015e-14	1.513790756770329e-14
496.99999999999994	0.	1.1604690286704386e-26	4.39084677888723e-14	1.5134113612545598e-14
497.99999999999994	0.	1.0763870122053267e-26	4.3773208499244485e-14	1.5130961180835632e-14
499.	0.	9.915071339256819e-27	4.364016466243699e-14	1.5128445624151286e-14
500.	0.	9.058117180174894e-27	4.350930545161438e-14	1.512656202465533e-14
500.99999999999994	0.	8.192829152387493e-27	4.338059952567673e-14	1.5125305199761985e-14
501.99999999999994	0.	8.233905491336741e-27	4.325401505243084e-14	1.5124669706878512e-14
503.	0.	7.356033480879952e-27	4.312951973168238e-14	1.5124649848229326e-14
504.	0.	6.469344563362859e-27	4.300708081818893e-14	1.5125239675742202e-14
505.	0.	6.502596779983846e-27	4.288666514450259e-14	1.5126432996007988e-14
505.99999999999994	0.	5.6025326551356904e-27	4.276823914365431e-14	1.5128223375296514e-14
506.99999999999994	0.	5.631789049709405e-27	4.2651768871702316e-14	1.513060414463682e-14
508.	0.	4.717854351074074e-27	4.2537220030105706e-14	1.513356840494914e-14
509.	0.	4.742868940689371e-27	4.2424557987909896e-14	1.513710903222339e-14
509.99999999999994	0.	4.7682025291678715e-27	4.231374780377584e-14	1.5141218682754924e-14
510.99999999999994	0.	3.835085003827822e-27	4.2204754247785844e-14	1.5145889798415575e-14
512.	0.	3.8558649398650104e-27	4.20975418230418e-14	1.5151114611963065e-14
513.	0.	3.876902612228938e-27	4.1992074787068605e-14	1.5156885152395145e-14
514.	0.	2.9236490523090727e-27	4.1888317172965186e-14	1.516319325032637e-14
514.9999999999999	0.	2.9398154718007368e-27	4.17862328103315e-14	1.5170030543398186e-14
516.	0.	2.9561766558638208e-27	4.168578534595622e-14	1.517738848171562e-14
517.	0.	2.9727329933167382e-27	4.1586938264243897e-14	1.5185258333302717e-14
518.	0.	2.989484823471259e-27	4.1489654907384695e-14	1.519363118957801e-14
518.9999999999999	0.	2.0042882906950026e-27	4.1393898495262514e-14	1.5202497970846524e-14
520.	0.	2.0157173807171936e-27	4.12996321450803e-14	1.5211849431800792e-14
521.	0.	2.0272772792611742e-27	4.12068188907165e-14	1.522167616703544e-14
522.	0.	2.0389680800315163e-27	4.111542170177702e-14	1.5231968616560485e-14
523.	0.	2.0507898435432233e-27	4.102540350237352e-14	1.5242717071324688e-14
524.	0.	2.062742597118976e-27	4.093672718959828e-14	1.5253911678736754e-14
525.	0.	1.03741316744838e-27	4.0849355651680487e-14	1.526554244817763e-14
526.	0.	1.0435205089247603e-27	4.076325178585463e-14	1.5277599256514376e-14
527.	0.	1.049693286907672e-27	4.06783785159083e-14	1.529007185360231e-14
527.9999999999999	0.	1.0559314487691122e-27	4.0594698809408915e-14	1.5302949867774187e-14
529.	0.	1.0622349253599407e-27	4.0512175694617203e-14	1.5316222811318065e-14
530.	0.	1.0686036310407099e-27	4.043077227706344e-14	1.532988008593326e-14
531.	0.	1.0750374637181993e-27	4.035045175581384e-14	1.534391098817417e-14
532.	0.	1.0815363048866495e-27	4.027117743939061e-14	1.5358304714865938e-14
533.	0.	1.0881000196743858e-27	4.019291276136963e-14	1.5373050368500416e-14
534.	0.	1.0947284568950756e-27	4.011562129562858e-14	1.5388136962600002e-14
535.	0.	1.1014214491042642e-27	4.003926677126934e-14	1.540355342705763e-14
536.	0.	1.1081788126608515e-27	3.9963813087204366e-14	1.541928861344664e-14
536.9999999999999	0.	1.1150003477928215e-27	3.988922432637924e-14	1.543533130028932e-14
538.	0.	1.1218858386682869e-27	3.981546476967646e-14	1.545167019829861e-14
539.	0.	0.	3.974249890946222e-14	1.5468293955578205e-14
540.	0.	0.	3.967029146278891e-14	1.5485191162782448e-14
540.9999999999999	0.	0.	3.959880738426362e-14	1.5502350358239856e-14
542.	0.	0.	3.9528011878549886e-14	1.551976003302525e-14
543.	0.	0.	3.945787041254418e-14	1.5537408635994403e-14
544.	0.	0.	3.9388348727197646e-14	1.5555284578769e-14
545.	0.	0.	3.931941284899129e-14	1.557337624067235e-14
545.9999999999999	0.	0.	3.925102910106455e-14	1.559167197361465e-14
547.	0.	0.	3.91831641140101e-14	1.5610160106930202e-14
548.	0.	0.	3.91157848363104e-14	1.562882895215626e-14
549.	0.	0.	3.9048858544448445e-14	1.5647666807763772e-14
549.9999999999999	0.	0.	3.898235285266449e-14	1.566666196382599e-14
551.	0.	0.	3.891623572237414e-14	1.5685802706631287e-14
552.	0.	0.	3.8850475471260345e-14	1.570507732324157e-14
553.	0.	0.	3.878504078201849e-14	1.5724474105986265e-14
554.	0.	0.	3.87199007107717e-14	1.5743981356897515e-14
554.9999999999999	0.	0.	3.865502469515046e-14	1.576358739208142e-14
556.	0.	0.	3.859038256205246e-14	1.578328054603027e-14
557.	0.	0.	3.852594453506455e-14	1.5803049175866242e-14
558.	0.	0.	3.846168124156816e-14	1.5822881665523144e-14
558.9999999999999	0.	0.	3.8397563719515516e-14	1.5842766429859643e-14
560.	0.	0.	3.83335634238966e-14	1.5862691918708943e-14
561.	0.	0.	3.826965223288482e-14	1.588264662085923e-14
562.	0.	0.	3.82058024536689e-14	1.5902619067965345e-14
563.	0.	0.	3.814198682797366e-14	1.5922597838390534e-14
563.9999999999999	0.	0.	3.8078178537288247e-14	1.5942571560984574e-14
565.	0.	0.	3.801435120777449e-14	1.596252891878438e-14
566.	0.	0.	3.7950478914883954e-14	1.598245865264735e-14
567.	0.	0.	3.788653618767682e-14	1.600234956481211e-14
567.9999999999999	0.	0.	3.7822498012859816e-14	1.602219052239251e-14
569.	0.	0.	3.7758339838519905e-14	1.604197046079227e-14
570.	0.	0.	3.76940375775786e-14	1.606167838704972e-14
571.	0.	0.	3.7629567610981684e-14	1.6081303383116002e-14
572.	0.	0.	3.756490679058743e-14	1.6100834609049368e-14
572.9999999999999	0.	0.	3.750003244180211e-14	1.6120261306145067e-14
574.	0.	0.	3.7434922365937146e-14	1.6139572799986428e-14
575.	0.	0.	3.736955484231653e-14	1.6158758503429014e-14
576.	0.	0.	3.730390863010154e-14	1.617780791950062e-14
576.9999999999999	0.	0.	3.723796296988091e-14	1.6196710644236352e-14
578.	0.	0.	3.7171697585004825e-14	1.6215456369437954e-14
579.	0.	0.	3.710509268267101e-14	1.6234034885357457e-14
580.	0.	0.	3.7038128954762413e-14	1.6252436083305583e-14
581.	0.	0.	3.697078757846554e-14	1.6270649958193186e-14
582.	0.	0.	3.690305021663554e-14	1.6288666610990397e-14
583.	0.	0.	3.683489901794777e-14	1.6306476251119274e-14
584.	0.	0.	3.676631661681642e-14	1.632406919876799e-14
585.	0.	0.	3.6697286133103624e-14	1.634143588713739e-14
585.9999999999999	0.	0.	3.6627791171598266e-14	1.6358566864606533e-14
587.	0.	0.	3.65578158213089e-14	1.6375452796836772e-14
588.	0.	0.	3.6487344654524125e-14	1.6392084468791792e-14
589.	0.	0.	3.6416362725691413e-14	1.6408452786693384e-14
589.9999999999999	0.	0.	3.6344855570094336e-14	1.6424548779903086e-14
591.	0.	0.	3.627280920233953e-14	1.644036360273392e-14
592.	0.	0.	3.6200210114650355e-14	1.6455888536187147e-14
593.	0.	0.	3.612704527498607e-14	1.6471114989622752e-14
594.	0.	0.	3.6053302124982446e-14	1.6486034502358806e-14
594.9999999999999	0.	0.	3.5978968577716186e-14	1.650063874520078e-14
596.	0.	0.	3.590403301530267e-14	1.651491952190114e-14
597.	0.	0.	3.582848428633215e-14	1.6528868770552654e-14
598.	0.	0.	3.575231170314184e-14	1.6542478564910486e-14
598.9999999999999	0.	0.	3.5675505038937916e-14	1.6555741115649553e-14
600.	0.	0.	3.559805452476592e-14	1.656864877155395e-14
601.	0.	0.	3.5519950846335234e-14	1.6581194020640236e-14
602.	0.	0.	3.54411851407059e-14	1.6593369491216013e-14
603.	0.	0.	3.536174899282707e-14	1.660516795286929e-14
603.9999999999999	0.	0.	3.528163443196227e-14	1.6616582317400652e-14
605.	0.	0.	3.5200833927971237e-14	1.6627605639685866e-14
606.	0.	0.	3.511934038747351e-14	1.6638231118477646e-14
607.	0.	0.	3.503714714989251e-14	1.664845209714409e-14
607.9999999999999	0.	0.	3.4954247983390424e-14	1.6658262064349223e-14
609.	0.	0.	3.487063708068175e-14	1.6667654654667274e-14
610.	0.	0.	3.478630905474666e-14	1.6676623649139386e-14
611.	0.	0.	3.470125893444457e-14	1.668516297577291e-14
612.	0.	0.	3.4615482160026715e-14	1.6693266709979606e-14
612.9999999999999	0.	0.	3.4528974578549465e-14	1.6700929074954958e-14
614.	0.	0.	3.444173243921091e-14	1.6708144442005248e-14
615.	0.	0.	3.435375238858665e-14	1.671490733081273e-14
616.	0.	0.	3.426503146579694e-14	1.672121240965061e-14
616.9999999999999	0.	0.	3.417556709758358e-14	1.6727054495538612e-14
618.	0.	0.	3.4085357093321437e-14	1.6732428554347916e-14
619.	0.	0.	3.399439963995843e-14	1.6737329700854015e-14
620.	0.	0.	3.390269329688297e-14	1.6741753198733354e-14
621.	0.	0.	3.381023699073574e-14	1.6745694460513214e-14
621.9999999999999	0.	0.	3.371703001015798e-14	1.6749149047468556e-14
623.	0.	0.	3.3623072000483517e-14	1.675211266946952e-14
624.	0.	0.	3.3528362958382773e-14	1.675458118478205e-14
625.	0.	0.	3.343290322645545e-14	1.6756550599819255e-14
625.9999999999999	0.	0.	3.3336693487774605e-14	1.6758017068845137e-14
627.	0.	0.	3.323973476039731e-14	1.6758976893634994e-14
628.	0.	0.	3.314202839182721e-14	1.6759426523087158e-14
629.	0.	0.	3.3043576053450025e-14	1.6759362552794125e-14
629.9999999999999	0.	0.	3.2944379734932995e-14	1.675878172456776e-14
630.9999999999999	0.	0.	3.284444173859172e-14	1.6757680925921358e-14
632.	0.	0.	3.274376467374233e-14	1.675605718951453e-14
633.	0.	0.	3.264235145101756e-14	1.675390769255101e-14
634.	0.	0.	3.254020527667276e-14	1.6751229756141953e-14
634.9999999999999	0.	0.	3.2437329646873364e-14	1.6748020844628756e-14
636.	0.	0.	3.233372834196232e-14	1.6744278564864977e-14
637.	0.	0.	3.2229405420723494e-14	1.6740000665465326e-14
638.	0.	0.	3.2124365214633915e-14	1.6735185036015784e-14
638.9999999999999	0.	0.	3.20186123221124e-14	1.672982970625013e-14
640.	0.	0.	3.191215160275726e-14	1.6723932845188097e-14
641.	0.	0.	3.1804988171596696e-14	1.671749276024605e-14
642.	0.	0.	3.169712739332912e-14	1.6710507896309408e-14
643.	0.	0.	3.1588574876571773e-14	1.6702976834773798e-14
643.9999999999999	0.	0.	3.147933646812233e-14	1.6694898292560235e-14
645.	0.	0.	3.1369418247220356e-14	1.6686271121093985e-14
646.	0.	0.	3.125882651982646e-14	1.6677094305257036e-14
647.	0.	0.	3.1147567812910745e-14	1.666736696231126e-14
647.9999999999999	0.	0.	3.1035648868764665e-14	1.665708834079601e-14
649.	0.	0.	3.0923076639319103e-14	1.6646257819395217e-14
650.	0.	0.	3.0809858280497106e-14	1.6634874905783054e-14
651.	0.	0.	3.069600114657427e-14	1.662293923543969e-14
652.	0.	0.	3.058151278457428e-14	1.6610450570447768e-14
652.9999999999999	0.	0.	3.046640092868384e-14	1.659740879826096e-14
654.	0.	0.	3.035067349469866e-14	1.658381393045316e-14
655.	0.	0.	3.023433857449813e-14	1.656966610144478e-14
656.	0.	0.	3.011740443055204e-14	1.655496556720781e-14
656.9999999999999	0.	0.	2.999987949045706e-14	1.653971270395037e-14
658.	0.	0.	2.9881772341511603e-14	1.652390800678298e-14
659.	0.	0.	2.976309172532665e-14	1.650755208836543e-14
660.	0.	0.	2.964384653247247e-14	1.649064567753691e-14
661.	0.	0.	2.9524045797164266e-14	1.64731896179266e-14
661.9999999999999	0.	0.	2.940369869198966e-14	1.645518486655051e-14
663.	0.	0.	2.9282814522679894e-14	1.6436632492392397e-14
664.	0.	0.	2.9161402722920494e-14	1.6417533674968525e-14
665.	0.	0.	2.903947284920941e-14	1.6397889702879796e-14
665.9999999999999	0.	0.	2.8917034575758104e-14	1.6377701972349017e-14
667.	0.	0.	2.879409768944344e-14	1.6356971985747664e-14
668.	0.	0.	2.867067208480516e-14	1.6335701350109e-14
669.	0.	0.	2.854676775909226e-14	1.6313891775630526e-14
670.	0.	0.	2.8422394807360456e-14	1.629154507416614e-14
670.9999999999999	0.	0.	2.829756341762129e-14	1.6268663157708912e-14
672.	0.	0.	2.817228386604129e-14	1.6245248036862676e-14
673.	0.	0.	2.804656651219741e-14	1.62213018193082e-14
674.	0.	0.	2.792042179438287e-14	1.619682670825954e-14
674.9999999999999	0.	0.	2.779386022496955e-14	1.6171825000912777e-14
676.	0.	0.	2.7666892385826455e-14	1.6146299086890785e-14
677.	0.	0.	2.753952892379115e-14	1.6120251446678282e-14
678.	0.	0.	2.741178054620307e-14	1.609368465005613e-14
678.9999999999999	0.	0.	2.728365801648969e-14	1.606660135452693e-14
679.9999999999999	0.	0.	2.7155172149812353e-14	1.6039004303738815e-14
681.	0.	0.	2.7026333808772644e-14	1.6010896325905604e-14
682.	0.	0.	2.6897153899173964e-14	1.5982280332222483e-14
683.	0.	0.	2.6767643365846448e-14	1.5953159315281548e-14
683.9999999999999	0.	0.	2.6637813188531325e-14	1.5923536347484618e-14
685.	0.	0.	2.6507674377822534e-14	1.5893414579453915e-14
686.	0.	0.	2.6377237971174532e-14	1.5862797238443965e-14
687.	0.	0.	2.6246515028965945e-14	1.583168762675145e-14
687.9999999999999	0.	0.	2.611551663062998e-14	1.580008912012716e-14
688.9999999999999	0.	0.	2.5984253870841875e-14	1.5768005166187634e-14
690.	0.	0.	2.585273785577116e-14	1.573543928282815e-14
691.	0.	0.	2.5720979699397348e-14	1.570239505663943e-14
692.	0.	0.	2.5588990519883406e-14	1.5668876141324082e-14
692.9999999999999	0.	0.	2.545678143601693e-14	1.5634886256117097e-14
694.	0.	0.	2.5324363563710357e-14	1.5600429184210977e-14
695.	0.	0.	2.5191748012567705e-14	1.556550877118237e-14
696.	0.	0.	2.5058945882509682e-14	1.5530128923424328e-14
696.9999999999999	0.	0.	2.4925968260465255e-14	1.5494293606582286e-14
698.	0.	0.	2.4792826217123763e-14	1.5458006843996307e-14
699.	0.	0.	2.4659530803751114e-14	1.542127271514724e-14
700.	0.	0.	2.4526093049071803e-14	1.53840953541114e-14
701.	0.	0.	2.4392523956205454e-14	1.5346478948017536e-14
701.9999999999999	0.	0.	2.425883449967411e-14	1.530842773551402e-14
703.	0.	0.	2.4125035622468543e-14	1.526994600524156e-14
704.	0.	0.	2.3991138233178515e-14	1.5231038094313522e-14
705.	0.	0.	2.3857153203180164e-14	1.519170838680318e-14
705.9999999999999	0.	0.	2.3723091363894837e-14	1.5151961312241336e-14
707.	0.	0.	2.358896350410109e-14	1.5111801344119913e-14
708.	0.	0.	2.3454780367311104e-14	1.5071232998405212e-14
709.	0.	0.	2.3320552649210488e-14	1.5030260832061226e-14
710.	0.	0.	2.3186290995156327e-14	1.4988889441580564e-14
710.9999999999999	0.	0.	2.3052005997736978e-14	1.494712346152669e-14
712.	0.	0.	2.2917708194392453e-14	1.49049675630854e-14
713.	0.	0.	2.2783408065095893e-14	1.4862426452626275e-14
714.	0.	0.	2.2649116030091826e-14	1.481950487027556e-14
714.9999999999999	0.	0.	2.251484244769697e-14	1.4776207588499177e-14
716.	0.	0.	2.2380597612157067e-14	1.4732539410696422e-14
717.	0.	0.	2.2246391751566458e-14	1.4688505169806598e-14
718.	0.	0.	2.2112235025840882e-14	1.4644109726925634e-14
719.	0.	0.	2.197813752475336e-14	1.4599357969935265e-14
719.9999999999999	0.	0.	2.1844109266020233e-14	1.4554254812143128e-14
721.	0.	0.	2.1710160193453874e-14	1.4508805190937812e-14
722.	0.	0.	2.1576300175160895e-14	1.4463014066452203e-14
723.	0.	0.	2.144253900180537e-14	1.4416886420243495e-14
723.9999999999999	0.	0.	2.130888638492254e-14	1.4370427253983823e-14
725.	0.	0.	2.117535195528884e-14	1.4323641588163906e-14
726.	0.	0.	2.1041945261345416e-14	1.4276534460810456e-14
727.	0.	0.	2.0908675767677842e-14	1.422911092621766e-14
727.9999999999999	0.	0.	2.0775552853546796e-14	1.4181376053690038e-14
728.9999999999999	0.	0.	2.0642585811471413e-14	1.4133334926301103e-14
730.	0.	0.	2.0509783845868807e-14	1.4084992639665014e-14
731.	0.	0.	2.037715607173872e-14	1.4036354300721283e-14
732.	0.	0.	2.0244711513406137e-14	1.3987425026535091e-14
732.9999999999999	0.	0.	2.0112459103308774e-14	1.39382099431112e-14
734.	0.	0.	1.998040768083868e-14	1.3888714184221437e-14
735.	0.	0.	1.984856599123173e-14	1.3838942890247832e-14
736.	0.	0.	1.9716942684503915e-14	1.3788901207039337e-14
736.9999999999999	0.	0.	1.958554631443926e-14	1.3738594284783497e-14
737.9999999999999	0.	0.	1.9454385337623296e-14	1.3688027276893134e-14
739.	0.	0.	1.932346811252348e-14	1.3637205338907035e-14
740.	0.	0.	1.9192802898616974e-14	1.3586133627406275e-14
741.	0.	0.	1.9062397855562923e-14	1.353481729894519e-14
741.9999999999999	0.	0.	1.893226104242026e-14	1.348326150899712e-14
743.	0.	0.	1.880240041691098e-14	1.3431471410915889e-14
744.	0.	0.	1.867282383472571e-14	1.3379452154911028e-14
745.	0.	0.	1.8543539048873902e-14	1.3327208887040168e-14
745.9999999999999	0.	0.	1.8414553709072842e-14	1.3274746748214022e-14
746.9999999999999	0.	0.	1.8285875361186527e-14	1.3222070873219758e-14
748.	0.	0.	1.8157511446696266e-14	1.3169186389756645e-14
749.	0.	0.	1.8029469302219164e-14	1.3116098417488965e-14
750.	0.	0.	1.7901756159062222e-14	1.3062812067112578e-14
750.9999999999999	0.	0.	1.7774379142818206e-14	1.3009332439438956e-14
752.	0.	0.	1.7647345272999046e-14	1.2955664624492298e-14
753.	0.	0.	1.752066146270773e-14	1.2901813700623597e-14
754.	0.	0.	1.7394334518347432e-14	1.284778473363858e-14
754.9999999999999	0.	0.	1.7268371139367976e-14	1.279358277594304e-14
756.	0.	0.	1.714277791804517e-14	1.2739212865700278e-14
757.	0.	0.	1.7017561339301738e-14	1.268468002600787e-14
758.	0.	0.	1.6892727780557538e-14	1.2629989264085633e-14
759.	0.	0.	1.6768283511615394e-14	1.2575145570481606e-14
759.9999999999999	0.	0.	1.6644234694582832e-14	1.2520153918292678e-14
761.	0.	0.	1.6520587383822542e-14	1.2465019262398981e-14
762.	0.	0.	1.6397347525938563e-14	1.2409746538715388e-14
763.	0.	0.	1.6274520959792892e-14	1.2354340663456656e-14
763.9999999999999	0.	0.	1.6152113416552432e-14	1.2298806532418187e-14
765.	0.	0.	1.603013051976575e-14	1.2243149020271835e-14
766.	0.	0.	1.5908577785473498e-14	1.2187372979876557e-14
767.	0.	0.	1.5787460622341362e-14	1.2131483241603373e-14
768.	0.	0.	1.5666784331827495e-14	1.2075484612676371e-14
768.9999999999999	0.	0.	1.5546554108372963e-14	1.2019381876527199e-14
770.	0.	0.	1.542677503962503e-14	1.1963179792165133e-14
771.	0.	0.	1.530745210667984e-14	1.1906883093560805e-14
772.	0.	0.	1.518859018435788e-14	1.1850496489046119e-14
772.9999999999999	0.	0.	1.507019404150038e-14	1.1794024660726316e-14
774.	0.	0.	1.495226834129179e-14	1.173747226390852e-14
775.	0.	0.	1.483481764160734e-14	1.1680843926543371e-14
776.	0.	0.	1.4717846395382613e-14	1.1624144248681205e-14
776.9999999999999	0.	0.	1.4601358951008018e-14	1.1567377801942603e-14
777.9999999999999	0.	0.	1.4485359552742873e-14	1.1510549129002271e-14
779.	0.	0.	1.4369852341154136e-14	1.1453662743087588e-14
780.	0.	0.	1.425484135357492e-14	1.1396723127490929e-14
781.	0.	0.	1.4140330524584395e-14	1.1339734735094727e-14
781.9999999999999	0.	0.	1.4026323686506216e-14	1.1282701987911839e-14
783.	0.	0.	1.391282456992881e-14	1.1225629276637702e-14
784.	0.	0.	1.3799836804242604e-14	1.1168520960217274e-14
785.	0.	0.	1.3687363918197424e-14	1.1111381365424618e-14
785.9999999999999	0.	0.	1.3575409340476922e-14	1.105421478645578e-14
786.9999999999999	0.	0.	1.3463976400289025e-14	1.0997025484534864e-14
788.	0.	0.	1.3353068327976896e-14	1.0939817687532762e-14
789.	0.	0.	1.3242688255642152e-14	1.0882595589599672e-14
790.	0.	0.	1.31328392177869e-14	1.082536335080893e-14
790.9999999999999	0.	0.	1.3023524151968205e-14	1.076812509681474e-14
792.	0.	0.	1.2914745899470858e-14	1.0710884918521933e-14
793.	0.	0.	1.2806507205991014e-14	1.0653646871767727e-14
794.	0.	0.	1.2698810722336036e-14	1.0596414977016443e-14
794.9999999999999	0.	0.	1.2591659005136323e-14	1.053919321906629e-14
795.9999999999999	0.	0.	1.2485054517569697e-14	1.0481985546767119e-14
797.	0.	0.	1.2378999630099689e-14	1.042479587275184e-14
798.	0.	0.	1.2273496621223677e-14	1.0367628073177786e-14
799.	0.	0.	1.2168547678234234e-14	1.0310485987480995e-14
799.9999999999999	0.	0.	1.2064154897990282e-14	1.0253373418141676e-14
801.	0.	0.	1.196032028769848e-14	1.0196294130460425e-14
802.	0.	0.	1.1857045765705835e-14	1.013925185234662e-14
803.	0.	0.	1.1754333162300971e-14	1.0082250274117087e-14
803.9999999999999	0.	0.	1.1652184220524566e-14	1.002529304830649e-14
804.9999999999999	0.	0.	1.1550600596988106e-14	9.968383789488021e-15
806.	0.	0.	1.1449583862703695e-14	9.911526074104822e-15
807.	0.	0.	1.1349135503917089e-14	9.854723440312159e-15
808.	0.	0.	1.1249256922951943e-14	9.797979387830149e-15
808.9999999999999	0.	0.	1.1149949439059531e-14	9.74129737780658e-15
810.	0.	0.	1.1051214289276182e-14	9.684680832689726e-15
811.	0.	0.	1.095305262928554e-14	9.628133136111388e-15
812.	0.	0.	1.0855465534288085e-14	9.571657632780028e-15
812.9999999999999	0.	0.	1.0758453999873727e-14	9.515257628383291e-15
814.	0.	0.	1.0662018942905788e-14	9.458936389500226e-15
815.	0.	0.	1.0566161202399836e-14	9.402697143522925e-15
816.	0.	0.	1.0470881540417297e-14	9.346543078587985e-15
816.9999999999999	0.	0.	1.0376180642955148e-14	9.290477343516251e-15
817.9999999999999	0.	0.	1.0282059120845294e-14	9.23450304776251e-15
819.	0.	0.	1.0188517510651811e-14	9.178623261373563e-15
820.	0.	0.	1.0095556275576381e-14	9.122841014955045e-15
821.	0.	0.	1.0003175806362915e-14	9.067159299647568e-15
821.9999999999999	0.	0.	9.911376422207077e-15	9.01158106711042e-15
823.	0.	0.	9.820158371664774e-15	8.956109229514083e-15
824.	0.	0.	9.729521833567145e-15	8.900746659541317e-15
825.	0.	0.	9.639466917931509e-15	8.845496190395618e-15
825.9999999999999	0.	0.	9.549993666878068e-15	8.790360615818426e-15
826.9999999999999	0.	0.	9.46110205554544e-15	8.735342690113044e-15
828.	0.	0.	9.37279199300651e-15	8.68044512817757e-15
829.	0.	0.	9.285063323186283e-15	8.625670605544353e-15
830.	0.	0.	9.197915825778606e-15	8.571021758427567e-15
830.9999999999999	0.	0.	9.111349217161393e-15	8.516501183777019e-15
832.	0.	0.	9.025363151315625e-15	8.462111439340641e-15
833.	0.	0.	8.939957220739334e-15	8.407855043732377e-15
834.	0.	0.	8.85513095736233e-15	8.35373447650836e-15
834.9999999999999	0.	0.	8.770883833460283e-15	8.299752178248546e-15
835.9999999999999	0.	0.	8.68721526256656e-15	8.245910550646142e-15
837.	0.	0.	8.604124600382375e-15	8.192211956602365e-15
838.	0.	0.	8.521611145686041e-15	8.138658720328642e-15
839.	0.	0.	8.43967414123923e-15	8.085253127454142e-15
839.9999999999999	0.	0.	8.358312774690918e-15	8.031997425139937e-15
841.	0.	0.	8.27752617948003e-15	7.978893822198743e-15
842.	0.	0.	8.197313435732163e-15	7.92594448922095e-15
843.	0.	0.	8.117673571158468e-15	7.873151558705897e-15
843.9999999999999	0.	0.	8.038605561946412e-15	7.820517125198926e-15
844.9999999999999	0.	0.	7.960108333650723e-15	7.768043245433799e-15
846.	0.	0.	7.882180762079182e-15	7.715731938480697e-15
847.	0.	0.	7.804821674174051e-15	7.66358518589905e-15
848.	0.	0.	7.72802984889341e-15	7.611604931895772e-15
848.9999999999999	0.	0.	7.651804018082141e-15	7.559793083488091e-15
850.	0.	0.	7.576142867346797e-15	7.508151510671757e-15
851.	0.	0.	7.501045036917184e-15	7.456682046593198e-15
852.	0.	0.	7.426509122512077e-15	7.405386487727353e-15
852.9999999999999	0.	0.	7.352533676194301e-15	7.35426659405849e-15
853.9999999999999	0.	0.	7.279117207223129e-15	7.303324089267068e-15
855.	0.	0.	7.206258182902412e-15	7.25256066091945e-15
856.	0.	0.	7.133955029422465e-15	7.201977960662702e-15
857.	0.	0.	7.062206132697542e-15	7.151577604422725e-15
857.9999999999999	0.	0.	6.991009839198683e-15	7.1013611726068726e-15
859.	0.	0.	6.9203644567783775e-15	7.051330210309821e-15
860.	0.	0.	6.850268255493629e-15	7.00148622752352e-15
861.	0.	0.	6.780719468419325e-15	6.951830699350668e-15
861.9999999999999	0.	0.	6.7117162924603885e-15	6.902365066221352e-15
863.	0.	0.	6.643256889152987e-15	6.853090734113481e-15
864.	0.	0.	6.57533938546421e-15	6.804009074776099e-15
865.	0.	0.	6.507961874583876e-15	6.755121425956034e-15
865.9999999999999	0.	0.	6.441122416708447e-15	6.7064290916277046e-15
866.9999999999999	0.	0.	6.374819039822122e-15	6.657933342225363e-15
868.	0.	0.	6.309049740470319e-15	6.609635414879022e-15
869.	0.	0.	6.243812484524331e-15	6.561536513652176e-15
870.	0.	0.	6.179105207944433e-15	6.513637809782816e-15
870.9999999999999	0.	0.	6.11492581753062e-15	6.465940441926902e-15
872.	0.	0.	6.05127219167224e-15	6.418445516403891e-15
873.	0.	0.	5.9881421810869824e-15	6.371154107445097e-15
874.	0.	0.	5.92553360955607e-15	6.324067257444147e-15
874.9999999999999	0.	0.	5.86344427464887e-15	6.2771859772092e-15
875.9999999999999	0.	0.	5.801871948444493e-15	6.230511246217976e-15
877.	0.	0.	5.740814378245451e-15	6.184044012874091e-15
878.	0.	0.	5.6802692872828905e-15	6.137785194765776e-15
879.	0.	0.	5.620234375416074e-15	6.091735678925919e-15
879.9999999999999	0.	0.	5.560707319824169e-15	6.045896322094409e-15
881.	0.	0.	5.501685775692015e-15	6.000267950981373e-15
882.	0.	0.	5.443167376887486e-15	5.95485136253275e-15
883.	0.	0.	5.38514973663313e-15	5.909647324196559e-15
883.9999999999999	0.	0.	5.3276304481681286e-15	5.864656574191229e-15
884.9999999999999	0.	0.	5.2706070854070345e-15	5.819879821774676e-15
886.	0.	0.	5.214077203586496e-15	5.7753177475149136e-15
887.	0.	0.	5.158038339908732e-15	5.730971003561675e-15
888.	0.	0.	5.102488014175527e-15	5.68684021391913e-15
888.9999999999999	0.	0.	5.047423729415515e-15	5.642925974719617e-15
890.	0.	0.	4.992842972505167e-15	5.599228854498016e-15
891.	0.	0.	4.9387432147791226e-15	5.555749394467445e-15
892.	0.	0.	4.88512191263784e-15	5.512488108795362e-15
892.9999999999999	0.	0.	4.8319765081445786e-15	5.469445484880233e-15
893.9999999999999	0.	0.	4.779304429615434e-15	5.426621983629164e-15
895.	0.	0.	4.727103092203818e-15	5.3840180397360004e-15
896.	0.	0.	4.6753698984750555e-15	5.341634061959556e-15
897.	0.	0.	4.624102238976237e-15	5.299470433402777e-15
897.9999999999999	0.	0.	4.5732974927958446e-15	5.257527511791892e-15
899.	0.	0.	4.522953028118844e-15	5.215805629755704e-15
900.	0.	0.	4.4730662027724665e-15	5.174305095105792e-15
901.	0.	0.	4.423634364765821e-15	5.133026191115887e-15
901.9999999999999	0.	0.	4.374654852821025e-15	5.0919691768023475e-15
902.9999999999999	0.	0.	4.326124996898162e-15	5.051134287203662e-15
904.	0.	0.	4.2780421187124275e-15	5.010521733660776e-15
905.	0.	0.	4.230403532244165e-15	4.970131704096862e-15
906.	0.	0.	4.1832065442408936e-15	4.929964363297006e-15
906.9999999999999	0.	0.	4.136448454713874e-15	4.890019853187806e-15
908.	0.	0.	4.090126557424691e-15	4.850298293116666e-15
909.	0.	0.	4.044238140367931e-15	4.810799780130608e-15
910.	0.	0.	3.9987804862435215e-15	4.771524389255238e-15
910.9999999999999	0.	0.	3.953750872925298e-15	4.732472173772466e-15
911.9999999999999	0.	0.	3.909146573917781e-15	4.693643165498527e-15
913.	0.	0.	3.864964858811095e-15	4.655037375061257e-15
914.	0.	0.	3.821202993725908e-15	4.616654792176514e-15
914.9999999999999	0.	0.	3.7778582417503e-15	4.5784953859242805e-15
915.9999999999999	0.	0.	3.734927863372915e-15	4.540559105024138e-15
917.	0.	0.	3.692409116906892e-15	4.502845878109873e-15
918.	0.	0.	3.65029925890692e-15	4.465355614003419e-15
919.	0.	0.	3.608595544579556e-15	4.428088201988042e-15
919.9999999999999	0.	0.	3.567295228188379e-15	4.391043512080514e-15
921.	0.	0.	3.5263955634497647e-15	4.354221395302752e-15
922.	0.	0.	3.4858938039227722e-15	4.317621683952101e-15
923.	0.	0.	3.44578720339418e-15	4.2812441918711585e-15
923.9999999999999	0.	0.	3.4060730162536065e-15	4.2450887147160645e-15
924.9999999999999	0.	0.	3.366748497863715e-15	4.2091550302243284e-15
926.	0.	0.	3.3278109049255226e-15	4.173442898481133e-15
927.	0.	0.	3.2892574958331367e-15	4.137952062184724e-15
928.	0.	0.	3.2510855310248673e-15	4.10268224691065e-15
928.9999999999999	0.	0.	3.2132922733281578e-15	4.06763316137493e-15
930.	0.	0.	3.175874988294913e-15	4.032804497695792e-15
931.	0.	0.	3.138830944536081e-15	3.9981959316544276e-15
932.	0.	0.	3.1021574140429003e-15	3.963807122954147e-15
932.9999999999999	0.	0.	3.065851672507606e-15	3.929637715478752e-15
933.9999999999999	0.	0.	3.029910999635007e-15	3.895687337548989e-15
935.	0.	0.	2.994332679449269e-15	3.8619556021780514e-15
936.	0.	0.	2.9591140005929285e-15	3.828442107325709e-15
937.	0.	0.	2.9242522566221234e-15	3.7951464361506025e-15
937.9999999999999	0.	0.	2.889744746292892e-15	3.762068157261708e-15
939.	0.	0.	2.855588773844988e-15	3.729206824967884e-15
940.	0.	0.	2.821781649276323e-15	3.696561979526089e-15
941.	0.	0.	2.7883206886148886e-15	3.6641331473880706e-15
941.9999999999999	0.	0.	2.755203214181006e-15	3.631919841445683e-15
942.9999999999999	0.	0.	2.722426554847297e-15	3.599921561274321e-15
944.	0.	0.	2.689988046292327e-15	3.568137793375072e-15
945.	0.	0.	2.6578850312457553e-15	3.5365680114151354e-15
946.	0.	0.	2.626114859731866e-15	3.5052116764666617e-15
946.9999999999999	0.	0.	2.5946748893048407e-15	3.4740682372440856e-15
948.	0.	0.	2.5635624852798485e-15	3.443137130339414e-15
949.	0.	0.	2.5327750209581242e-15	3.4124177804563075e-15
950.	0.	0.	2.50230987784698e-15	3.3819096006422403e-15
950.9999999999999	0.	0.	2.4721644458737363e-15	3.3516119925189793e-15
951.9999999999999	0.	0.	2.442336123595896e-15	3.3215243465113656e-15
953.	0.	0.	2.4128223184054987e-15	3.2916460420743035e-15
954.	0.	0.	2.3836204467271433e-15	3.261976447918211e-15
954.9999999999999	0.	0.	2.354727934211614e-15	3.2325149222323253e-15
955.9999999999999	0.	0.	2.3261422159268433e-15	3.203260812906723e-15
957.	0.	0.	2.2978607365395844e-15	3.174213457752077e-15
958.	0.	0.	2.2698809504955635e-15	3.1453721847179113e-15
959.	0.	0.	2.2422003221935883e-15	3.1167363121090406e-15
959.9999999999999	0.	0.	2.214816326153973e-15	3.0883051488000944e-15
960.9999999999999	0.	0.	2.1877264471846927e-15	3.060077994448162e-15
962.	0.	0.	2.1609281805398882e-15	3.032054139703743e-15
963.	0.	0.	2.134419032076199e-15	3.0042328664198035e-15
963.9999999999999	0.	0.	2.1081965184025346e-15	2.976613447858958e-15
964.9999999999999	0.	0.	2.082258167027761e-15	2.949195148898748e-15
966.	0.	0.	2.056601516500189e-15	2.921977226235175e-15
967.	0.	0.	2.031224116547719e-15	2.8949589285842256e-15
968.	0.	0.	2.006123528208635e-15	2.868139496881585e-15
968.9999999999999	0.	0.	1.981297323961412e-15	2.8415181644805047e-15
969.9999999999999	0.	0.	1.956743087849214e-15	2.8150941573476514e-15
971.	0.	0.	1.932458415599648e-15	2.7888666942571866e-15
972.	0.	0.	1.908440914742228e-15	2.76283498698292e-15
972.9999999999999	0.	0.	1.8846882047191136e-15	2.736998240488525e-15
973.9999999999999	0.	0.	1.8611979169941153e-15	2.7113556531157974e-15
975.	0.	0.	1.837967695157118e-15	2.685906416771168e-15
976.	0.	0.	1.8149951950236857e-15	2.6606497171102124e-15
977.	0.	0.	1.792278084732389e-15	2.6355847337201797e-15
977.9999999999999	0.	0.	1.7698140448370057e-15	2.610710640300726e-15
979.	0.	0.	1.7476007683960408e-15	2.5860266048427123e-15
980.	0.	0.	1.7256359610571575e-15	2.561531789805014e-15
980.9999999999999	0.	0.	1.7039173411400848e-15	2.5372253522895158e-15
982.	0.	0.	1.6824426397139591e-15	2.513106444214148e-15
982.9999999999999	0.	0.	1.6612096006720303e-15	2.4891742124840108e-15
983.9999999999999	0.	0.	1.6402159808035453e-15	2.465427799160614e-15
985.	0.	0.	1.6194595498608747e-15	2.441866341629083e-15
985.9999999999999	0.	0.	1.5989380906244075e-15	2.418488972763808e-15
987.	0.	0.	1.578649398963257e-15	2.395294821091692e-15
988.	0.	0.	1.5585912838930332e-15	2.3722830109538707e-15
988.9999999999999	0.	0.	1.5387615676320438e-15	2.3494526626655447e-15
990.	0.	0.	1.5191580856513622e-15	2.32680289267357e-15
990.9999999999999	0.	0.	1.4997786867232784e-15	2.304332813712522e-15
992.	0.	0.	1.480621232967943e-15	2.2820415349587584e-15
993.	0.	0.	1.4616835998949295e-15	2.259928162182515e-15
993.9999999999999	0.	0.	1.442963676443363e-15	2.2379917978982943e-15
995.	0.	0.	1.4244593650180195e-15	2.2162315415131447e-15
995.9999999999999	0.	0.	1.406168581523346e-15	2.1946464894734023e-15
997.	0.	0.	1.3880892553946917e-15	2.173235735409238e-15
998.	0.	0.	1.3702193296264055e-15	2.151998370277611e-15
998.9999999999999	0.	0.	1.3525567607974727e-15	2.130933482503223e-15
1000.	0.	0.	1.3350995190948137e-15	2.1100401581176432e-15