0.	3.735830805653723e7	3.7358308056537225e6	373583.08056537225	37358.30805653723
1.	2.0300709165339351e6	3.4217085277477773e6	354692.6966889876	35530.3717852392
2.	61566.263131192965	3.131198569607386e6	336683.94367002306	33784.713790615366
3.	1442.1264899676382	2.8628641993358843e6	319518.6145817122	32117.900090674033
4.	28.902114538927677	2.6153109596026083e6	303160.04800163925	30526.63065449892
5.	0.520105325340641	2.387192812414163e6	287573.0694861202	29007.734486807505
6.	0.008637607528349146	2.1772166828111936e6	272723.9351187109	27558.1648830055
7.	0.00013470316572527008	1.9841456474612004e6	258580.27706440527	26174.99484913154
8.	1.9968602062033423e-6	1.8068009829777589e6	245111.0510631567	24855.412681261023
9.	2.818732115307504e-8	1.644063261149686e6	232286.48579837772	23596.71769910768
10.	0.	1.4948726537563046e6	220078.03407803283	22396.316128726343
11.	0.	1.3582285879554644e6	208458.32576785187	21251.717129379762
12.	0.	1.2331888740672383e6	197401.1224180465	20160.528959787825
13.	0.	1.118868410673159e6	186881.2735267224	19120.455279127607
14.	0.	1.0144375570687375e6	176874.67438493285	18129.291578298868
14.999999999999998	0.	919120.2500287187	167358.22545003096	17184.92173711107
16.	0.	832191.9303742067	158309.79319563482	16285.314703185393
17.	0.	752977.3347917707	149708.17238813697	15428.521288498492
18.	0.	680848.1995877301	141533.0497412557	14612.671079623964
18.999999999999996	0.	615220.9154229478	133764.96890165153	13835.969457852954
20.	0.	555554.1654360406	126385.29672011189	13096.694725496624
21.	0.	501346.57341066404	119376.19076424724	12393.195334791633
22.	0.	452134.38367210637	112720.56803003766	11723.887215943583
23.	0.	407489.19011742104	106402.07481092792	11087.25120095468
24.	0.	367015.7281091903	100405.05768448599	10481.830539989252
24.999999999999996	0.	330349.7398220178	94714.53557792088	9906.228507134982
26.	0.	297155.9209573992	89316.17287499801	9359.10609251892
27.	0.	267125.9544782704	84196.25352809564	8839.179777835232
28.	0.	239976.63510742006	79341.65614031974	8345.219392436828
29.	0.	215448.08673800065	74739.8299837277	7876.04604723489
29.999999999999996	0.	193302.0735788281	70378.77192081648	7430.530143739845
31.	0.	173320.4047659363	66247.00419750062	7007.589455663727
32.	0.	155303.43128308764	62333.55307684334	6606.18728058783
32.99999999999999	0.	139068.63331957566	58627.92828381097	6225.33065928079
34.	0.	124449.29562896522	55120.103232299705	5864.068660331141
35.	0.	111293.26801569063	51800.49600662841	5521.490727834588
36.	0.	99461.80774865337	48659.95107061306	5196.725089950391
37.	0.	88828.5004654817	45689.72167822789	4888.937226212884
37.99999999999999	0.	79278.25597337654	42881.45296072222	4597.328391553541
39.	0.	70706.37525984498	40227.16566590061	4321.134195056513
40.	0.	63017.68498808727	37719.2405260846	4059.6232315354982
41.	0.	56125.73575783867	35350.40323206244	3812.095764083284
42.	0.	49952.06045483609	33113.709991094955	3577.882455806188
42.99999999999999	0.	44425.48908368121	31002.533647785196	3356.343149015127
44.	0.	39481.51657363386	29010.550347335655	3146.8656902023645
44.99999999999999	0.	35061.72015956525	27131.726721410676	2948.8647991885928
46.	0.	31113.223066518116	25360.307577493088	2761.780980878868
47.	0.	27588.20136229529	23690.80407327639	2585.079478118109
48.	0.	24443.430985059153	22117.982358263365	2418.2492641873155
49.	0.	21639.872099438224	20636.85266535249	2260.8020735305904
49.99999999999999	0.	19142.288082882187	19242.65883578639	2112.2714693504754
51.	0.	16918.89659217967	17930.86826140691	1972.2119467548023
52.	0.	14941.050306665295	16697.162228717225	1840.1980701827838
53.	0.	13182.945088503888	15537.42664978781	1715.8236438810222
54.	0.	11621.35344060191	14447.743165562062	1598.7009142416518
54.99999999999999	0.	10235.381278423692	13424.380607619796	1488.459802855105
56.	0.	9006.246162732332	12463.786804944813	1384.747169169084
56.99999999999999	0.	7917.075265622053	11562.580722711175	1287.2261016828243
58.	0.	6952.721461895627	10717.544920560891	1195.575236642506
59.	0.	6099.59605169291	9925.618318284098	1109.4881032387475
59.99999999999999	0.	5345.516728223858	9183.889257240646	1028.672494341496
61.	0.	4679.56950649691	8489.588846273835	952.8498618406223
62.	0.	4091.983425116937	7840.08458126537	881.7547356925115
63.	0.	3574.0169236679235	7232.874227867488	815.1341658040235
64.	0.	3117.8548830316763	6665.579957319991	752.7471859150432
65.	0.	2716.515395407119	6135.942725621003	694.3642986698708
65.99999999999999	0.	2363.765404977827	5641.816886669412	639.7669810957922
67.	0.	2054.0444293445744	5181.165030332892	588.7472097341793
68.	0.	1782.3956362204397	4752.053036722153	541.1070046958055
69.	0.	1544.4036097097355	4352.6453382669415	496.65799193742123
70.	0.	1336.1381959949874	3981.200381492551	455.22098308106683
70.99999999999999	0.	1154.1038696748594	3636.066280691361	416.6255721215101
72.	0.	995.1941095626617	3315.6766559664757	380.7097483899551
73.	0.	856.6503167011625	3018.5466484000526	347.3195251644755
74.	0.	736.0248478981407	2743.2691053639946	316.30858333905707
75.	0.	631.1477754547797	2488.510929246257	287.53792958380365
75.99999999999999	0.	540.0970181569253	2253.0095831146473	260.8755684490437
77.	0.	461.1715202252769	2035.569747077469	236.19618788528481
78.	0.	392.8671839693825	1835.06011933236	213.3808576698335
79.	0.	333.8552885420693	1650.410356117219	192.3167402489759
80.	0.	282.96315161979237	1480.6081449918713	172.89681352206443
80.99999999999999	0.	239.15681320382467	1324.6964060871628	155.01960511080983
82.	0.	201.52554120117514	1181.7706161585445	138.58893767340453
83.	0.	169.26797714808524	1050.9762504751754	123.51368483894736
84.	0.	141.6797575184721	931.5063377613637	109.70753735278339
84.99999999999999	0.	118.1424616429502	822.5991235887902	97.08877903827852
85.99999999999999	0.	98.11375146910368	723.5358377903895	85.58007219461166
87.	0.	81.11858133261636	633.6385616359722	75.10825206409677
88.	0.	66.74136768393738	552.2681906705175	65.60413001570839
89.	0.	54.61901942317534	478.82248927269114	57.00230510438025
89.99999999999999	0.	44.43473922560235	412.73423314213017	49.24098367808331
90.99999999999999	0.	35.91251507387863	353.46943606840273	42.26180671655802
92.	0.	28.81222922766798	300.5256574755493	36.009684597243
93.	0.	22.9253191267946	253.43038737081918	30.432638995064046
94.	0.	18.070931305770138	211.73950545644254	25.481651633522855
94.99999999999999	0.	14.092515355354015	175.03581128913254	21.110519614968872
96.	0.	10.854810355908208	142.92762249259064	17.27571706792869
97.	0.	8.241181078519105	115.04743814544058	13.936262859125247
98.	0.	6.151265649753995	91.05066457989493	11.053594127234579
99.	0.	4.498900347037485	70.61440093289174	8.591445404231463
99.99999999999999	0.	3.210290773740092	53.436281898882	6.515733099263355
101.	0.	2.2224018912240937	39.2333752311248	4.794445128054951
102.	0.	1.4815422929108766	27.741131637464488	3.3975354792341603
103.	0.	0.9421207223189249	18.71238480857736	2.2968235166440634
104.	0.	0.5655551907297993	11.916399407552875	1.4658978243831697
104.99999999999999	0.	0.3193171654099572	7.137964935238454	0.8800244084840525
106.	0.	0.17609519916708977	4.176533470925344	0.5160590763927306
107.	0.	0.11306407683242774	2.8453993655636243	0.35236382186852183
108.	0.	0.1112470834137398	2.970919045442502	0.3687270498943017
109.	0.	0.1549603687199734	4.391769155633296	0.5462874821243613
109.99999999999999	0.	0.2313296103397522	6.958241346030977	0.8674615897203781
111.	0.	0.3298702747593976	10.531572070968451	1.3158744061977903
112.	0.	0.44212375814477983	14.983305840223366	1.8762935786275345
113.	0.	0.5613425654356	20.194690422805454	2.534566520961842
113.99999999999999	0.	0.6822184694936732	26.05610256650897	3.2775605385355333
114.99999999999999	0.	0.8006482906192556	32.466502855209434	4.093105797853693
116.	0.	0.9135325594444202	39.332918382923744	4.969941020689729
117.	0.	1.018602880802317	46.569951978145916	5.897661786206846
118.	0.	1.1142743097289058	54.09931676528933	6.866671329449831
118.99999999999999	0.	1.199519489554495	61.84939489904804	7.868133728730049
119.99999999999999	0.	1.2737616919530792	69.75481935833066	8.893929378923827
121.	0.	1.3367842448172527	77.75607773119336	9.936612651518123
122.	0.	1.3886541407280748	85.79913696847865	10.989371646321676
122.99999999999999	0.	1.429657890664351	93.83508812634722	12.045989943440615
124.	0.	1.4602479282573533	101.81981016003094	13.100810267829841
125.	0.	1.480998082690151	109.71365187004261	14.14869998210407
126.	0.	1.4925668263465306	117.48113114211131	15.185018326880465
127.	0.	1.4956671691664676	125.0906506565762	16.205585330865645
128.	0.	1.491042217931775	132.5142292812556	17.206652316399097
129.	0.	1.479445547404907	139.72724839254627	18.184873928754705
130.	0.	1.4616256435249713	146.7082124056678	19.137281620854495
131.	0.	1.4383137782703805	153.43852282275188	20.061258527376356
131.99999999999997	0.	1.4102147630912893	159.90226514067007	20.95451566532387
133.	0.	1.3780001042251457	166.0860079871903	21.81506940042455
134.	0.	1.3423031500994076	171.97861388310957	22.641220121381753
135.	0.	1.3037158794292025	177.57106105373126	23.431532066280127
136.	0.	1.2627870295920622	182.85627573950472	24.184814247865493
137.	0.	1.2200213092130232	187.8289744790642	24.90010242649088
138.	0.	1.175879477477723	192.48551586249297	25.576642081791896
139.	0.	1.130779106157769	196.82376127443965	26.213872336104334
140.	0.	1.0850958693025035	200.8429441685741	26.811410784636497
140.99999999999997	0.	1.0391652306148502	204.54354743592154	27.36903918934448
141.99999999999997	0.	0.9932844201037574	207.92718844864152	27.886689995164954
143.	0.	0.9477146101879729	210.99651138125938	28.3644336291942
144.	0.	0.9026832173593615	213.75508642797496	28.802466544863833
145.	0.	0.858386269122772	216.20731555371458	29.201099974984405
146.	0.	0.8149907875710136	218.3583444323234	29.5607493589425
147.	0.	0.7726371508057552	220.2139802419346	29.881924410904606
148.	0.	0.7314414017770448	221.7806150025658	30.16521979726396
149.	0.	0.6914974811535466	223.0651541562728	30.41130639301559
150.	0.	0.652879366740145	224.07495010375968	30.6209230879935
150.99999999999997	0.	0.6156431068743685	224.81774042522832	30.794869115223605
151.99999999999997	0.	0.5798287393339562	225.30159052598648	30.933996874837067
153.	0.	0.5454620906108862	225.53484046010456	31.039205228213778
154.	0.	0.5125564531779822	225.52605569658394	31.111433238054765
155.	0.	0.48111414055185925	225.28398160489664	31.151654331307643
156.	0.	0.4511279217294638	224.81750144630152	31.160870862724522
157.	0.	0.42258233794963174	224.13559766908688	31.140109058013664
158.	0.	0.3954549057768195	223.2473163147918	31.090414316359126
159.	0.	0.36971721130632496	222.16173435246967	31.0128468530684
160.	0.	0.34533590083284704	220.8879297669877	30.908477663966135
160.99999999999997	0.	0.32227357371208554	219.4349542363761	30.778384794042246
161.99999999999997	0.	0.30048958336306214	217.81180824056045	30.623649893533916
163.	0.	0.2799407524482741	216.0274184533178	30.445355045617063
164.	0.	0.2605820082707846	214.0906172752114	30.244579850393624
165.	0.	0.24236694434164163	212.01012437380663	30.02239875075723
166.	0.	0.22524831391445174	209.79453010340168	29.779878586264967
167.	0.	0.2091784610958771	207.45228068393214	29.51807636191441
168.	0.	0.19410969490318394	204.99166502448622	29.238037219278144
169.	0.	0.17999461137918268	202.42080308272608	28.940792598027482
169.99999999999997	0.	0.16678636860258733	199.74763565795377	28.62735857655229
170.99999999999997	0.	0.15443891914667696	196.97991552049223	28.29873438085908
171.99999999999997	0.	0.14290720423933506	194.12519978512086	27.95590105143482
173.	0.	0.1321473136039568	191.1908434417233	27.599820258332347
174.	0.	0.1221166146529968	188.18399396105974	27.231433255219038
175.	0.	0.1127738544522605	185.11158689752952	26.851659963510652
176.	0.	0.10407923757803421	181.98034241556823	26.46139817822279
177.	0.	0.09599448275174413	178.79676267056306	26.061522887615887
178.	0.	0.08848286087787931	175.56712997851028	25.65288569903209
179.	0.	0.08150921687985978	172.29750571279382	25.236314363772543
179.99999999999997	0.	0.07503997751243748	168.99372986987882	24.812612394215495
180.99999999999997	0.	0.06904314711484519	165.66142124928464	24.382558766758702
181.99999999999997	0.	0.06348829308097242	162.30597819574072	23.946907704410215
183.	0.	0.058346522647997556	158.93257985541072	23.506388533311146
184.	0.	0.053590452419203315	155.5461879002226	23.061705607673126
185.	0.	0.04919417191477667	152.15154867754148	22.613538297973196
186.	0.	0.045133202267316	148.7531957446228	22.162541037468262
187.	0.	0.04138445107775741	145.3554527503129	21.709343422440643
188.	0.	0.037926164314016644	141.96243662827175	21.254550361759588
189.	0.	0.03473787602865796	138.57806106859104	20.7987422716421
189.99999999999997	0.	0.031800356574832066	135.20604023666147	20.342475311706718
190.99999999999997	0.	0.02909555991229638	131.84989271019236	19.88628165864207
192.	0.	0.026606570514779982	128.51294560720936	19.430669814024412
193.	0.	0.02431755030924158	125.19833887953102	18.976124943000297
194.	0.	0.02221368602609221	121.90902974838791	18.523109240809493
195.	0.	0.020281137271687046	118.64779725958202	18.072062324172155
196.	0.	0.018506985581779642	115.41724693821975	17.623401644903577
197.	0.	0.016879184677797823	112.21981552371452	17.17752292316691
198.	0.	0.015386512093361204	109.05777576740645	16.734800597972146
198.99999999999997	0.	0.014018522317240698	105.93324127634307	16.29558829266474
199.99999999999997	0.	0.012765501550236764	102.84817138839492	15.860219293350715
200.99999999999997	0.	0.011618424165696764	99.80437606416307	15.429007038206143
202.	0.	0.010568910915723179	96.80352078350292	15.002245615942826
203.	0.	0.009609188929221416	93.84713143408534	14.58021027160355
204.	0.	0.008732053508880644	90.93659918165834	14.163157918171226
205.	0.	0.007930831728165026	88.0731853117425	13.751327652455746
206.	0.	0.007199347820380837	85.25802603384426	13.344941273902098
207.	0.	0.006531890328417158	82.49213723974128	12.94420380500882
208.	0.	0.005923180988013615	79.77641920841997	12.549304012180324
208.99999999999997	0.	0.005368345300535471	77.11166125080982	12.160414925901561
209.99999999999997	0.	0.00486288474783588	74.49854628836225	11.777694359243181
210.99999999999997	0.	0.0044026506011661404	71.93765535969472	11.40128542371297
212.	0.	0.003983819262236425	69.42947205058715	11.031317041618303
213.	0.	0.0036028690865037923	66.97438684302601	10.667904454152994
214.	0.	0.003256558620547645	64.57270137939548	10.311149724470104
215.	0.	0.0029419061982344317	62.22463263846244	9.96114223507575
216.	0.	0.002656170831537071	59.93031702040915	9.617959178962654
217.	0.	0.002396834332598933	57.68981433832472	9.281666043916474
218.	0.	0.0021615846109976538	55.50311171425047	8.952317089526966
218.99999999999997	0.	0.0019483000804322444	53.37012737787796	8.629955816427948
219.99999999999997	0.	0.0017550351178605376	51.29071436688493	8.314615427424325
220.99999999999997	0.	0.0015800065193032362	49.26466412757177	8.006319280105993
222.	0.	0.0014215808927424977	47.29171001528486	7.705081330675209
223.	0.	0.0012782629358234245	45.37153069406678	7.410906568701414
224.	0.	0.0011486845460035961	43.503753435396	7.123791442582085
225.	0.	0.001031594712813611	41.687957316080336	6.843724275517307
226.	0.	0.0009258501422076993	39.92367631539907	6.570685671808014
227.	0.	0.0008304065701027147	38.210402312236965	6.304648913391797
227.99999999999997	0.	0.0007443107185506227	36.54758798246247	6.0455803464481965
228.99999999999997	0.	0.0006666928528633257	34.93464959775699	5.7934397580613775
229.99999999999997	0.	0.0005967599019077734	33.37096972641974	5.548180742815203
230.99999999999997	0.	0.0005337891011217357	31.85589983773504	5.30975105937167
232.	0.	0.00047712212444716516	30.388762810548396	5.078092976928204
233.	0.	0.0004261596714770681	28.968855347809598	4.853143611634919
234.	0.	0.0003803564767767519	27.595450298432386	4.634835252986821
235.	0.	0.00033921671299972587	26.26779888772493	4.423095680191475
236.	0.	0.0003022897580914476	24.985132858270383	4.2178484686193185
237.	0.	0.0002691663018055802	23.746666522918083	4.019013286409935
237.99999999999997	0.	0.00023947476561586098	22.551598731327125	3.826506181273459
238.99999999999997	0.	0.00021287801368389224	21.399114752175162	3.640239857642065
239.99999999999997	0.	0.00018907033182334943	20.288388072711868	3.4601239442572074
240.99999999999997	0.	0.0001677746561160222	19.218582117426898	3.2860652522963916
242.	0.	0.00014874003088228107	18.188851887951515	3.117968024206679
243.	0.	0.00013173927877511963	17.1983455259529	2.955734173354561
244.	0.	0.00011656686651579942	16.246205800918247	2.799263514629288
245.	0.	0.00010303695138917395	15.331571525056518	2.648453986197619
245.99999999999997	0.	0.00009098159357851758	14.453578896902716	2.5032018625019603
247.	0.	0.00008024912219107074	13.611362775907065	2.363401958717871
248.	0.	0.00007070264121158183	12.804057889816708	2.2289478268099283
248.99999999999997	0.	0.00006221866568797904	12.03079997683976	2.0997319433606383
250.	0.	0.00005468587687418716	11.290726864644324	1.975645889362788
250.99999999999997	0.	0.00004800398602857481	10.582979487960893	1.8565805221207732
252.	0.	0.00004208269914012331	9.906702846907152	1.7424261394721612
252.99999999999997	0.	0.00003684077328662768	9.261046907759477	1.633072636476544
254.	0.	0.000032205157228483245	8.645167448350316	1.5284096548032713
254.99999999999997	0.	0.000028110209469157653	8.058226849623633	1.428326724940665
256.	0.	0.000024496986782088178	7.499394835452831	1.3327134014546682
257.	0.	0.00002131259738602593	6.967849162394446	1.2414593914536645
258.	0.	0.000018509613358536953	6.462776261385806	1.1544546764802748
259.	0.	0.000016045536996857862	5.98337183284082	1.0715896279572055
260.	0.	0.000013882316491584583	5.528841397166731	0.9927551164199143
261.	0.	0.000011985906785817259	5.098400802235825	0.9178426146865428
262.	0.	0.000010325871205131542	4.691276689623886	0.8467442951697431
263.	0.	8.875020929556322e-6	4.306706921080435	0.7793531214773605
263.99999999999994	0.	7.609088189397792e-6	3.9439409670062524	0.7155629345091671
265.	0.	6.506430858464668e-6	3.6022402584433952	0.6552685332127924
266.	0.	5.547765098831355e-6	3.2808785040437773	0.5983657501590475
267.	0.	4.7159238578639555e-6	2.9791419736862714	0.5447515221382372
268.	0.	3.995638646740722e-6	2.6963297499655687	0.49432395590211037
269.	0.	3.3733425888719665e-6	2.4317539492857105	0.4469823892730985
270.	0.	2.836992813746582e-6	2.184739913614016	0.40262744772305364
271.	0.	2.3759102146459956e-6	1.9546263745474688	0.3611610966366872
272.	0.	1.9806352328261274e-6	1.7407655907650563	0.3224866893728977
272.99999999999994	0.	1.642797859342455e-6	1.5425234603622833	0.28650901131871576
274.	0.	1.3550008137477878e-6	1.3592796091462511	0.253134320057472
274.99999999999994	0.	1.1107143945375779e-6	1.1904274561212973	0.22227038180426986
276.	0.	9.041820909564249e-7	1.0353742574970355	0.19382650428468096
277.	0.	7.303357621169926e-7	0.8935411301094741	0.16771356615406047
278.	0.	5.847195892779216e-7	0.7643630555255295	0.14384404312888305
279.	0.	4.634218811322397e-7	0.647288865892353	0.1221320309662379
280.	0.	3.630139698987211e-7	0.541781212434391	0.1024932654009821
281.	0.	2.804955231345035e-7	0.4473165177345071	0.08484513919712779
281.99999999999994	0.	2.1324563055550534e-7	0.363384912679497	0.06910671642511212
283.	0.	1.5897908755265396e-7	0.28949015906335734	0.055198744100955745
283.99999999999994	0.	1.1570735972547911e-7	0.22514955867345643	0.043043661294453146
285.	0.	8.170375504073512e-8	0.1698938497616151	0.03256560583094527
286.	0.	5.5472383015527194e-8	0.12326709174253642	0.023690418702803136
287.	0.	3.5720507074538996e-8	0.08482653890916067	0.016345646299395434
288.	0.	2.1333952622386464e-8	0.05414250397178293	0.010460540570311073
289.	0.	1.1355246863063498e-8	0.03079821201812624	0.00596605719876936
290.	0.	4.964211664408351e-9	0.014389645927504436	0.00279485194877999
291.	0.	1.4607494513143095e-9	0.004525383474822207	0.0008812751981128984
292.	0.	2.495952023152372e-10	0.0008264272320280123	0.00016136483992580008
292.99999999999994	0.	8.268227934462446e-10	0.002926027596071272	0.0005728375876429048
294.	0.	2.767920097275409e-9	0.01046949963162641	0.002055078789187867
294.99999999999994	0.	5.717263542775687e-9	0.023114034380205706	0.004549130851973984
296.	0.	9.378840468891226e-9	0.040528505109936025	0.007997680347454723
297.	0.	1.350808312179463e-8	0.062393269022701786	0.01234504387412241
298.	0.	1.7904692068393713e-8	0.08839996500591128	0.017537152773734275
299.	0.	2.240633874660247e-8	0.11825130784549416	0.023521536763822556
300.	0.	2.6883148755521583e-8	0.15166087936405268	0.030247306560514126
301.	0.	3.1232878511841165e-8	0.18835291698543108	0.03766513557490965
301.99999999999994	0.	3.537670710220469e-8	0.22806210001828914	0.04572724072637436
303.	0.	3.925556689664794e-8	0.27053333423759784	0.05438736247473684
303.99999999999994	0.	4.282696078445049e-8	0.31552153491698204	0.06360074408984555
305.	0.	4.606219926060517e-8	0.36279140891961986	0.07332411026938009
306.	0.	4.894400967785171e-8	0.4121172359493633	0.08351564511575853
307.	0.	5.146448454849483e-8	0.4632826494443354	0.09413496956065916
308.	0.	5.3623300295171996e-8	0.5160804173644165	0.1051431182806487
309.	0.	5.5426213361154435e-8	0.5703122231499499	0.11650251615372528
310.	0.	5.68837593153867e-8	0.6257884471274637	0.1281769543074302
310.99999999999994	0.	5.801014904488747e-8	0.6823279486280726	0.14013156580825978
312.	0.	5.882235035821318e-8	0.7397578490615446	0.15233280103858185
312.99999999999994	0.	5.9339304889181774e-8	0.7979133161439134	0.16474840279899833
314.	0.	5.9581255574174546e-8	0.8566373495335503	0.1773473811867738
314.99999999999994	0.	5.956923355459314e-8	0.9157805680048471	0.1900999882759787
316.	0.	5.932458522275774e-8	0.9752009984494995	0.20297769265906543
317.	0.	5.886862601725208e-8	1.0347638667529206	0.21595315386031172
318.	0.	5.8222339674757896e-8	1.0943413908028699	0.22900019667566857
319.	0.	5.740615906273104e-8	1.1538125757412574	0.2420937854640874
320.	0.	5.6439754279123246e-8	1.2130630115818974	0.2552099984184379
321.	0.	5.534194921344356e-8	1.271984673368532	0.26832600185562366
321.99999999999994	0.	5.4130570297121223e-8	1.3304757239027092	0.28142002453573856
323.	0.	5.2822408521876916e-8	1.3884403192682417	0.29447133206213755
323.99999999999994	0.	5.1433184271387563e-8	1.4457884171401816	0.30746020136462016
325.	0.	4.9977508513995694e-8	1.5024355880187186	0.3203678953004838
326.	0.	4.846889710387107e-8	1.5583028294708763	0.33317663739662695
327.	0.	4.691975017474044e-8	1.6133163834200697	0.3458695867471984
328.	0.	4.53414362658137e-8	1.6674075565848272	0.35843081309473196
329.	0.	4.3744276669045464e-8	1.720512544097457	0.37084527210809126
330.	0.	4.2137605181052544e-8	1.77257225633541	0.3830987808712295
330.99999999999994	0.	4.0529778018928726e-8	1.8235321490624543	0.39517799361098366
332.	0.	3.892831109471748e-8	1.8733420568604764	0.40707037766743454
332.99999999999994	0.	3.733980957093864e-8	1.9219560299106624	0.41876418972736773
334.	0.	3.577012855286983e-8	1.9693321741208807	0.4302484523282553
335.	0.	3.4224361079935924e-8	2.0154324946747106	0.44151293065751185
336.	0.	3.2706915194137045e-8	2.0602227429211246	0.45254810963790043
337.	0.	3.1221563638603996e-8	2.103672266711223	0.46334517133099384
338.	0.	2.9771472797553667e-8	2.1457538641211436	0.47389597265429917
339.	0.	2.8359299659945725e-8	2.186443640575056	0.48419302342404585
339.99999999999994	0.	2.698716755759399e-8	2.2257208693715897	0.49422946473352364
341.	0.	2.5656803162508382e-8	2.263567855606505	0.5039990476746394
341.99999999999994	0.	2.4369496033724376e-8	2.299969803444165	0.5134961124015046
343.	0.	2.3126168950963508e-8	2.3349146867876995	0.5227155675565561
343.99999999999994	0.	2.1927431156681392e-8	2.368393123237763	0.5316528700441754
345.	0.	2.0773581468547703e-8	2.4003982514065436	0.5403040051761947
346.	0.	1.9664693290382372e-8	2.4309256115038953	0.5486654671802945
347.	0.	1.8600573952912183e-8	2.4599730291766884	0.5567342400766145
348.	0.	1.758083769863119e-8	2.4875405025912327	0.5645077789299019
349.	0.	1.6604929485551303e-8	2.5136300927043536	0.5719839914745579
350.	0.	1.5672176204025845e-8	2.5382458166766764	0.5791612201116335
350.99999999999994	0.	1.4781717232821083e-8	2.561393544452505	0.5860382242929366
352.	0.	1.3932609538216817e-8	2.583080898369481	0.592614163270694
352.99999999999994	0.	1.312383236138827e-8	2.603317155845323	0.5988885792330395
354.	0.	1.2354286006042476e-8	2.6221131550428436	0.6048613808122332
355.	0.	1.1622802806264015e-8	2.639481203517377	0.6105328269760323
356.	0.	1.0928154009541143e-8	2.655434989728032	0.6159035112842494
357.	0.	1.0269126289099392e-8	2.669989497460491	0.6209743465308286
358.	0.	9.644432163459094e-9	2.6831609230410214	0.6257465497528892
359.	0.	9.052779291855149e-9	2.6949665953073985	0.6302216276078689
359.99999999999994	0.	8.492922397911457e-9	2.7054248983299254	0.6344013621262852
361.	0.	7.963541651147317e-9	2.714555196783131	0.6382877968259429
361.99999999999994	0.	7.46338275084306e-9	2.7223777639214384	0.6418832231854883
363.	0.	6.991167159042136e-9	2.728913712153391	0.645190167484834
363.99999999999994	0.	6.545692887913541e-9	2.7341849261184903	0.6482113779986394
365.	0.	6.12567814644092e-9	2.7382139982188423	0.6509498125400646
366.	0.	5.729998791602112e-9	2.7410241665916812	0.6534086263600074
367.	0.	5.35744701186629e-9	2.7426392554057206	0.6555911603823988
368.	0.	5.006886961671668e-9	2.7430836175113003	0.6575009297908913
368.99999999999994	0.	4.677271605225235e-9	2.7423820793185145	0.6591416129450963
370.	0.	4.367491802433659e-9	2.7405598878862283	0.6605170406301962
370.99999999999994	0.	4.076532416977195e-9	2.737642660181313	0.6616311856380589
372.	0.	3.80342257084358e-9	2.7336563344204774	0.6624881526665269
372.99999999999994	0.	3.547182707952586e-9	2.728627123481166	0.6630921685411646
374.	0.	3.3069182768254646e-9	2.7225814703067313	0.6634475727488931
375.	0.	3.0817440318452833e-9	2.715546005256997	0.6635588082789393
376.	0.	2.87083438248334e-9	2.7075475053649196	0.6634304127687428
377.	0.	2.673344626140701e-9	2.698612855451428	0.6630670099502202
378.	0.	2.488568445925279e-9	2.688769011019489	0.6624733013839789
379.	0.	2.315706088384328e-9	2.6780429629183398	0.6616540584860089
379.99999999999994	0.	2.1541080532145532e-9	2.6664617037016947	0.6606141148348126
381.	0.	2.003106456561542e-9	2.6540521956509897	0.6593583587583022
381.99999999999994	0.	1.8620406271677965e-9	2.640841340391337	0.6578917261889804
383.	0.	1.7303490143285256e-9	2.6268559500820197	0.6562191937890707
384.	0.	1.6074410583440265e-9	2.6121227201154116	0.6543457723353056
385.	0.	1.4927662100403942e-9	2.596668203285315	0.652276500359541
386.	0.	1.3858391662683673e-9	2.5805187853885334	0.6500164380420165
387.	0.	1.2861762171672736e-9	2.5637006621907275	0.6475706613456101
388.	0.	1.1932974484703549e-9	2.546239817744455	0.6449442563935688
388.99999999999994	0.	1.1067954371208654e-9	2.528162003997044	0.6421423140804484
390.	0.	1.02624843823888e-9	2.509492721645144	0.6391699249105788
390.99999999999994	0.	9.51288664845226e-10	2.4902572022053424	0.6360321740614198
392.	0.	8.815371993436868e-10	2.4704803912637727	0.6327341366674093
392.99999999999994	0.	8.166719725213988e-10	2.4501869328354036	0.6292808733115042
394.	0.	7.56384527036706e-10	2.429401154836796	0.6256774257300646
395.	0.	7.003146547988249e-10	2.40814705559917	0.6219288127170046
396.	0.	6.48250810136728e-10	2.38644829140279	0.6180400262267531
397.	0.	5.998872080944848e-10	2.3643281649884207	0.614016027668999
397.99999999999994	0.	5.549576388275062e-10	2.3418096150178584	0.6098617443921939
399.	0.	5.132799355965826e-10	2.3189152064339704	0.6055820663470957
399.99999999999994	0.	4.746022504786447e-10	2.295667121699569	0.6011818429289133
401.	0.	4.387139045347675e-10	2.2720871528796205	0.5966658799926992
401.99999999999994	0.	4.054455071610212e-10	2.2481966945255856	0.5920389370349578
403.	0.	3.746036859384132e-10	2.2240167373380104	0.5873057245388171
404.	0.	3.4601530141258663e-10	2.199567862571937	0.5824709014769797
405.	0.	3.195276047201276e-10	2.174870237159518	0.5775390729690845
406.	0.	2.950083072136338e-10	2.1499436095081434	0.5725147880857563
407.	0.	2.7228131783816936e-10	2.1248073059659416	0.5674025378003492
408.	0.	2.5125597247149537e-10	2.0994802279031997	0.5622067530778023
408.99999999999994	0.	2.3179818021835585e-10	2.073980849395517	0.5569318030997542
410.	0.	2.137950641761969e-10	2.048327215485564	0.5515819936226141
410.99999999999994	0.	1.9715476476651645e-10	2.0225369409795997	0.546161565459604
412.	0.	1.8174343457031709e-10	1.9966272097731985	0.5406746930878945
412.99999999999994	0.	1.6751138686779863e-10	1.9706147746753886	0.5351254833751476
414.	0.	1.5436696096417277e-10	1.9445159576893287	0.5295179744165784
415.	0.	1.422189832718354e-10	1.9183466507667368	0.5238561344895516
416.	0.	1.3097696790954866e-10	1.8921223169648407	0.5181438611086958
417.	0.	1.20612234285364e-10	1.8658579920166876	0.5123849801865809
417.99999999999994	0.	1.1103505762145177e-10	1.8395682862952853	0.5065832452967991
419.	0.	1.0219697676478043e-10	1.8132673871183325	0.5007423370268299
419.99999999999994	0.	9.404977586862123e-11	1.7869690614158351	0.4948658624287409
421.	0.	8.652581953953018e-11	1.7606866587076382	0.48895735455498457
421.99999999999994	0.	7.959772660863159e-11	1.734433114391871	0.4830202720813171
423.	0.	7.319912894250172e-11	1.708220953313956	0.47705799901011403
424.	0.	6.730351818425991e-11	1.6820622936145688	0.47107384445523726
425.	0.	6.186531785945224e-11	1.6559688508157484	0.46507104249864
426.	0.	5.6858740712939455e-11	1.6299519421530622	0.45905275212232893
426.99999999999994	0.	5.223935709859063e-11	1.6040224911204184	0.4530220572077553
428.	0.	4.798233702946153e-11	1.5781910322269275	0.44698196660375344
428.99999999999994	0.	4.408170584042358e-11	1.5524677159308156	0.44093541425443955
430.	0.	4.04760704534371e-11	1.5268623137637223	0.4348852593919924
430.99999999999994	0.	3.7160371010609165e-11	1.5013842236040182	0.4288342867837445
432.	0.	3.411127879913029e-11	1.4760424751035852	0.42278520703588507
432.99999999999994	0.	3.1305928728682344e-11	1.4508457352527717	0.4167406569504209
434.	0.	2.8721950441231067e-11	1.425802314062972	0.410703199930461
435.	0.	2.6337497354160244e-11	1.400920170366655	0.4046753264346623
436.	0.	2.4165969961175224e-11	1.376206917712946	0.39865945447535944
437.	0.	2.215124538447081e-11	1.3516698303559822	0.3926579301603586
437.99999999999994	0.	2.030718084982568e-11	1.3273158493215582	0.38667302827492817
439.	0.	1.861319104302767e-11	1.3031515885431504	0.3807069529020698
439.99999999999994	0.	1.706594911829946e-11	1.27918334105651	0.37476183807856567
441.	0.	1.5629141820280563e-11	1.255417085245692	0.36883974848526074
441.99999999999994	0.	1.4316648780509051e-11	1.231858491132012	0.36294268016966985
443.	0.	1.3109386055874057e-11	1.208512926693217	0.35707256129762793
444.	0.	1.2004850036715428e-11	1.1853854642123802	0.3512312529342997
445.	0.	1.098477357905839e-11	1.1624808866381795	0.34542054984953613
446.	0.	1.0062647871995725e-11	1.1398036939616538	0.3396421813494366
446.99999999999994	0.	9.205155162346963e-12	1.1173581095964567	0.33389781213060815
448.	0.	8.42590494135256e-12	1.0951480867498424	0.32818904315360353
448.99999999999994	0.	7.707796351367289e-12	1.0731773147895025	0.32251741253729127
450.	0.	7.049234713474594e-12	1.0514492255942396	0.31688439647081074
450.99999999999994	0.	6.448605299026765e-12	1.029966999882154	0.3112914101413741
452.	0.	5.889875147313014e-12	1.0087335735152685	0.3057398086777583
453.	0.	5.386175768975075e-12	0.9877516437664918	0.30023088810533155
454.	0.	4.921825070565524e-12	0.9670236755587728	0.2947658863156937
455.	0.	4.4957204516180045e-12	0.946551907654679	0.2893459840443945
455.99999999999994	0.	4.106750772547929e-12	0.9263383588099506	0.28397230586086386
457.	0.	3.753797886529419e-12	0.9063848338683542	0.27864592116367426
457.99999999999994	0.	3.4224727322319585e-12	0.8866929298098809	0.2733678451847576
459.	0.	3.1252907141110097e-12	0.8672640417415491	0.26813903999928196
459.99999999999994	0.	2.8482327075464526e-12	0.8480993688274682	0.26296041554006827
461.	0.	2.6034304554608487e-12	0.829199920153646	0.2578328306150767
461.99999999999994	0.	2.3772380826866507e-12	0.8105665205306195	0.2527570939287849
463.	0.	2.169084654900657e-12	0.7921998162276973	0.24773396510543833
464.	0.	1.9783983319796474e-12	0.7741002806315028	0.24276415571172236
465.	0.	1.8046070307186686e-12	0.7562682198359324	0.23784833028091504
466.	0.	1.6471390667244165e-12	0.7387037781549397	0.2329871073356533
466.99999999999994	0.	1.4938435926385844e-12	0.7214069435571974	0.22818106040882208
468.	0.	1.3674963103887872e-12	0.704377553022394	0.2234307190622561
468.99999999999994	0.	1.2445528591477676e-12	0.6876152978166163	0.21873656990223864
470.	0.	1.136026894782112e-12	0.6711197286839464	0.2140990575906343
470.99999999999994	0.	1.0305075520010333e-12	0.6548902609579501	0.209518585852567
472.	0.	9.38644561004293e-13	0.6389261795852234	0.20499551847789185
473.	0.	8.493930901181427e-13	0.6232266440633389	0.20053018031691336
474.	0.	7.730436013336796e-13	0.6077906932942277	0.19612285827039358
475.	0.	7.090438633867762e-13	0.5926172503485571	0.19177380227213128
475.99999999999994	0.	6.468946327675475e-13	0.5777051271410794	0.18748322626378736
477.	0.	5.865821123269711e-13	0.5630530290197955	0.18325130916254914
477.99999999999994	0.	5.280916493021588e-13	0.5486595592650245	0.1790781958200512
479.	0.	4.80835922818146e-13	0.5345232234976511	0.17496399797197587
479.99999999999994	0.	4.44281812228943e-13	0.5206424340007035	0.1709087951793393
481.	0.	3.9973330734084387e-13	0.5070155139472652	0.1669126357588329
481.99999999999994	0.	3.655198740810422e-13	0.49364070154436857	0.16297553770502138
483.	0.	3.3237520636717394e-13	0.480516154080647	0.15909748960003262
484.	0.	3.0028844468580945e-13	0.4676399518904745	0.1552784515145485
484.99999999999994	0.	2.6924832325876384e-13	0.45501010222478083	0.15151835589650772
486.	0.	2.4749295316824536e-13	0.4426245430343383	0.1478171084490487
486.99999999999994	0.	2.2643493880735244e-13	0.4304811466653378	0.14417458899726243
488.	0.	2.0606630704523638e-13	0.4185777234651244	0.1405906523426711
488.99999999999994	0.	1.8637884905237684e-13	0.4069120253024517	0.1370651291064967
490.	0.	1.673641318029515e-13	0.3954817489973529	0.13359782655970442
491.	0.	1.4901350940722237e-13	0.3842845396699379	0.13018852944254655
491.99999999999994	0.	1.3861358616906064e-13	0.3733179939963217	0.1268370007692663
492.99999999999994	0.	1.2141077854972595e-13	0.36257966338656594	0.12354298262257823
494.	0.	1.118363342702046e-13	0.35206705707393915	0.12030619693393421
495.	0.	1.0259027500025509e-13	0.3417776451218539	0.11712634625133374
496.	0.	9.366798576198897e-14	0.3317088613492928	0.11400311449456603
496.99999999999994	0.	8.506476828940003e-14	0.32185810617301075	0.11093616769691907
497.99999999999994	0.	7.677584619880886e-14	0.3122227493697508	0.10792515473406551
499.	0.	6.879637006579869e-14	0.30280013275975487	0.10496970804018804
500.	0.	6.112142240694134e-14	0.2935875728083053	0.10206944430982783
500.99999999999994	0.	5.3746022567741895e-14	0.2845823631547053	0.09922396518832502
501.99999999999994	0.	5.249827295277774e-14	0.27578177705770845	0.09643285794666208
503.	0.	4.5569893173171934e-14	0.2671830697741562	0.09369569614615099
504.	0.	3.892753177129072e-14	0.25878348085238867	0.09101204028616167
505.	0.	3.799368014766795e-14	0.2505802363628056	0.08838143844233345
505.99999999999994	0.	3.1776137167175964e-14	0.2425705510491896	0.08580342688916588
506.99999999999994	0.	3.0996877656521506e-14	0.23475163041105138	0.08327753071020379
508.	0.	2.5190227599240902e-14	0.22712067271712344	0.08080326439551089
509.	0.	2.455863235543733e-14	0.21967487094753535	0.078380132425188
509.99999999999994	0.	2.3935971102351585e-14	0.21241141467204522	0.07600762984118795
510.99999999999994	0.	1.8657812346723454e-14	0.20532749185710641	0.07368524280451072
512.	0.	1.8174026529836257e-14	0.19842029061309335	0.07141244914144902
513.	0.	1.7697430721927104e-14	0.19168700087281024	0.06918871887537595
514.	0.	1.2921024987770185e-14	0.1851248160103414	0.06701351474696189
514.9999999999999	0.	1.257437990675545e-14	0.1787309343968417	0.06488629272126713
516.	0.	1.2233139890923568e-14	0.17250256089688354	0.06280650248266902
517.	0.	1.1897305001827561e-14	0.16643690830431943	0.06077358791691413
518.	0.	1.1566873316869722e-14	0.16053119872243254	0.05878698758170131
518.9999999999999	0.	7.494560650441558e-15	0.1547826648846968	0.05684613516412637
520.	0.	7.281468150834016e-15	0.14918855142210755	0.054950459926842464
521.	0.	7.07196631400458e-15	0.1437461160757634	0.05309938714214374
522.	0.	6.8660488747803226e-15	0.13845263085591852	0.05129233851410158
523.	0.	6.663708398053542e-15	0.1333053831493386	0.049528732589122354
524.	0.	6.464936308705253e-15	0.12830167677597568	0.04780798515499911
525.	0.	3.1348614606569093e-15	0.12343883299658677	0.04612950962876167
526.	0.	3.0390287347792075e-15	0.11871419147084926	0.044492717432864815
527.	0.	2.944964067718799e-15	0.11412511116968899	0.04289701836080995
527.9999999999999	0.	2.852661039097912e-15	0.10966897124098861	0.041341820931609805
529.	0.	2.762112731473425e-15	0.10534317182978434	0.03982653273322766
530.	0.	2.6733117445453536e-15	0.10114513485608284	0.03835056075589554
531.	0.	2.586250209190452e-15	0.09707230474877461	0.03691331171447185
532.	0.	2.5009198013676877e-15	0.09312214913869131	0.035514192360720134
533.	0.	2.4173117558757964e-15	0.08929215951124043	0.03415260978541969
534.	0.	2.335416879966439e-15	0.08557985181993998	0.03282797171055541
535.	0.	2.2552255667730846e-15	0.08198276706055571	0.03153968677122348
536.	0.	2.1767278086400836e-15	0.07849847181010387	0.030287164788638254
536.9999999999999	0.	2.0999132102234445e-15	0.07512455872712814	0.029069817032627135
538.	0.	2.0247710015112214e-15	0.07185864701976061	0.027887056475877896
539.	0.	0.	0.0686983828769748	0.02673829803794504
540.	0.	0.	0.06564143986846589	0.025622958820883425
540.9999999999999	0.	0.	0.06268551931260781	0.02454045833608703
542.	0.	0.	0.05982835061113168	0.023490218721582887
543.	0.	0.	0.05706769155662533	0.02247166495195054
544.	0.	0.	0.05440132860888689	0.021484225039117788
545.	0.	0.	0.05182707714294302	0.020527330224924964
545.9999999999999	0.	0.	0.0493427816711156	0.019600415166206527
547.	0.	0.	0.04694631603689238	0.01870291811131214
548.	0.	0.	0.044635583584391264	0.017834281069379305
549.	0.	0.	0.042408517302499615	0.016993949971814002
549.9999999999999	0.	0.	0.04026307994555389	0.016181374826542295
551.	0.	0.	0.0381972641307229	0.015396009864929736
552.	0.	0.	0.03620909241257419	0.014637313681387206
553.	0.	0.	0.034296617337855224	0.013904749366721106
554.	0.	0.	0.032457921477390565	0.013197784633820557
554.9999999999999	0.	0.	0.030691117439756988	0.012515891937405479
556.	0.	0.	0.02899434786553192	0.011858548587203874
557.	0.	0.	0.027365785402471678	0.011225236854552767
558.	0.	0.	0.025803632663508047	0.010615444073049285
558.9999999999999	0.	0.	0.02430612216797346	0.010028662733284894
560.	0.	0.	0.02287151626586862	0.009464390571450173
561.	0.	0.	0.021498107047272216	0.008922130652544196
562.	0.	0.	0.020184216236122512	0.008401391447745226
563.	0.	0.	0.01892819507013314	0.007901686906548274
563.9999999999999	0.	0.	0.017728424166873574	0.0074225365235655065
565.	0.	0.	0.016583313376957343	0.006963465400267256
566.	0.	0.	0.015491301624019255	0.006524004301418012
567.	0.	0.	0.01445085673401246	0.006103689707160489
567.9999999999999	0.	0.	0.013460475252179692	0.0057020638599556495
569.	0.	0.	0.012518682249729804	0.005318674807130561
570.	0.	0.	0.011624031119838266	0.004953076438777535
571.	0.	0.	0.010775103364942844	0.004604828521747648
572.	0.	0.	0.009970508373108167	0.0042734967287016154
572.9999999999999	0.	0.	0.009208883187926984	0.0039586526640352756
574.	0.	0.	0.00848889226813118	0.003659873884963918
575.	0.	0.	0.007809227240863317	0.0033767439193741087
576.	0.	0.	0.007168606646811128	0.0031088522795969056
576.9999999999999	0.	0.	0.006565775679076561	0.002855794472833582
578.	0.	0.	0.0059995059153058325	0.002617172007959938
579.	0.	0.	0.005468595044300652	0.002392592399170341
580.	0.	0.	0.004971866585907045	0.0021816691658714847
581.	0.	0.	0.004508169607256266	0.0019840218301045015
582.	0.	0.	0.004076378433139802	0.0017992759104696913
583.	0.	0.	0.0036753923521418534	0.0016270629132047949
584.	0.	0.	0.003304135319022732	0.0014670203205819751
585.	0.	0.	0.0029615556532920236	0.0013187915765466957
585.9999999999999	0.	0.	0.00264662573368282	0.0011820260694183037
587.	0.	0.	0.0023583416909819903	0.0010563791126979066
588.	0.	0.	0.002095723096611271	0.000941511922780885
589.	0.	0.	0.0018578126497327278	0.0008370915947669628
589.9999999999999	0.	0.	0.0016436758619591274	0.0007427910759208131
591.	0.	0.	0.0014524007399807828	0.0006582891368839386
592.	0.	0.	0.0012830974670091663	0.0005832703410089265
593.	0.	0.	0.001134898082451525	0.0005174250115191198
594.	0.	0.	0.0010069561609332694	0.00046044919696843796
594.9999999999999	0.	0.	0.0008984464899885154	0.00041204463466404265
596.	0.	0.	0.0008085647477616736	0.0003719187126370731
597.	0.	0.	0.0007365271800868014	0.0003397844298494107
598.	0.	0.	0.0006815702771849824	0.00031536035472139434
598.9999999999999	0.	0.	0.0006429504504735316	0.00029837058218551123
600.	0.	0.	0.0006199437105508983	0.00028854468974156053
601.	0.	0.	0.0006118453439127708	0.00028561769136259163
602.	0.	0.	0.0006179695921417313	0.00028932999097048726
603.	0.	0.	0.0006376493306445782	0.0002994273341099637
603.9999999999999	0.	0.	0.0006702357488683488	0.0003156607587047145
605.	0.	0.	0.0007150980319168218	0.00033778654485171455
606.	0.	0.	0.0007716230428260833	0.00036556616329453057
607.	0.	0.	0.0008392150070406902	0.0003987662232929325
607.9999999999999	0.	0.	0.0009172951978203411	0.00043715841928343896
609.	0.	0.	0.0010053016241321519	0.000480519477061508
610.	0.	0.	0.0011026887195905392	0.0005286310987987264
611.	0.	0.	0.0012089270340529857	0.0005812799076568918
612.	0.	0.	0.001323502927017745	0.0006382573915916483
612.9999999999999	0.	0.	0.0014459182632551657	0.0006993598465506768
614.	0.	0.	0.0015756901107486592	0.0007643883191037009
615.	0.	0.	0.0017123504414553376	0.0008331485487539126
616.	0.	0.	0.0018554458337874586	0.0009054509094010482
616.9999999999999	0.	0.	0.002004537178534637	0.0009811103507936481
618.	0.	0.	0.002159199386912322	0.0010599463393382244
619.	0.	0.	0.0023190211016321923	0.0011417827987064036
620.	0.	0.	0.0024836044107626708	0.0012264480501346215
621.	0.	0.	0.0026525645643972725	0.001313774752432294
621.9999999999999	0.	0.	0.002825529694565904	0.0014035998419218681
623.	0.	0.	0.003002140537734735	0.001495764471996814
624.	0.	0.	0.0031820501609145977	0.0015901139528126836
625.	0.	0.	0.0033649236903989205	0.0016864976906367794
625.9999999999999	0.	0.	0.003550438044171665	0.0017847691273858764
627.	0.	0.	0.00373828166703007	0.0018847856798875193
628.	0.	0.	0.003928154269549513	0.001986408679442827
629.	0.	0.	0.004119766569659119	0.002089503311085765
629.9999999999999	0.	0.	0.004312840038304482	0.0021939385532968596
630.9999999999999	0.	0.	0.004507106647785147	0.002299587117473745
632.	0.	0.	0.004702308623983992	0.002406325387789255
633.	0.	0.	0.004898198201713981	0.0025140333610609777
634.	0.	0.	0.0050945373835623595	0.00262259458684132
634.9999999999999	0.	0.	0.00529109770222094	0.00273189610773972
636.	0.	0.	0.005487659986291498	0.002841828399989315
637.	0.	0.	0.005684014129399976	0.0029522853141897634
638.	0.	0.	0.005879958862968469	0.003063164016424275
638.9999999999999	0.	0.	0.006075301532341986	0.003174364929613426
640.	0.	0.	0.006269857876483305	0.0032857916752351054
641.	0.	0.	0.006463451811036457	0.0033973510153258646
642.	0.	0.	0.006655915214990883	0.003508952794904653
643.	0.	0.	0.006847087720726085	0.003620509884723353
643.9999999999999	0.	0.	0.007036816507623853	0.0037319381244631565
645.	0.	0.	0.007224956098953193	0.0038431562662408357
646.	0.	0.	0.007411368162389549	0.003954085918636598
647.	0.	0.	0.00759592131405167	0.004064651491204492
647.9999999999999	0.	0.	0.007778490925574641	0.004174780139228136
649.	0.	0.	0.007958958935026655	0.004284401709174501
650.	0.	0.	0.00813721366093991	0.004393448684476724
651.	0.	0.	0.008313149619819181	0.004501856131862799
652.	0.	0.	0.00848666734706136	0.004609561648215836
652.9999999999999	0.	0.	0.008657673221022061	0.004716505307844627
654.	0.	0.	0.008826079290604057	0.0048226296103897025
655.	0.	0.	0.008991803106078352	0.004927879429230262
656.	0.	0.	0.009154767552939938	0.005032201960304654
656.9999999999999	0.	0.	0.0093149006894096	0.0051355466717015385
658.	0.	0.	0.009472135586837965	0.005237865253636703
659.	0.	0.	0.009626410173340382	0.0053391115690163814
660.	0.	0.	0.009777667080638233	0.005439241604597305
661.	0.	0.	0.009925853494132095	0.005538213422779006
661.9999999999999	0.	0.	0.010070921005812535	0.005635987113832664
663.	0.	0.	0.010212825470381031	0.00573252474879368
664.	0.	0.	0.010351526864528894	0.005827790333013321
665.	0.	0.	0.010486989148856122	0.005921749760100126
665.9999999999999	0.	0.	0.010619180133216556	0.006014370766714443
667.	0.	0.	0.010748071344541173	0.0061056228877049215
668.	0.	0.	0.010873637897954641	0.00619547741206783
669.	0.	0.	0.01099585837042559	0.006283907339322126
670.	0.	0.	0.011114714677509347	0.00637088733663804
670.9999999999999	0.	0.	0.011230191952680007	0.006456393696454948
672.	0.	0.	0.011342278429570791	0.006540404294791251
673.	0.	0.	0.011450965326835507	0.006622898550104151
674.	0.	0.	0.011556246735717623	0.006703857382769365
674.9999999999999	0.	0.	0.011658119510328722	0.0067832631752025585
676.	0.	0.	0.01175658316046034	0.006861099732543234
677.	0.	0.	0.011851639746984098	0.006937352243951518
678.	0.	0.	0.01194329377977855	0.007012007244504115
678.9999999999999	0.	0.	0.012031552118287782	0.007085052577770674
679.9999999999999	0.	0.	0.012116423874314762	0.007156477358859281
681.	0.	0.	0.012197920317432586	0.007226271938174507
682.	0.	0.	0.01227605478268684	0.007294427865717312
683.	0.	0.	0.012350842580604277	0.0073609378559543045
683.9999999999999	0.	0.	0.012422300909757116	0.00742579575342441
685.	0.	0.	0.012490448771215974	0.00748899649870655
686.	0.	0.	0.012555306885591798	0.0075505360951828955
687.	0.	0.	0.012616897612109892	0.007610411576286882
687.9999999999999	0.	0.	0.012675244869824452	0.007668620973317109
688.9999999999999	0.	0.	0.012730374061071692	0.007725163283896741
690.	0.	0.	0.012782311996924579	0.007780038440952693
691.	0.	0.	0.012831086824734307	0.007833247282285285
692.	0.	0.	0.012876727957678354	0.007884791520697567
692.9999999999999	0.	0.	0.012919266006297028	0.00793467371469009
694.	0.	0.	0.012958732711958328	0.007982897239704797
695.	0.	0.	0.012995160882279788	0.008029466259949098
696.	0.	0.	0.01302858432835905	0.008074385700730742
696.9999999999999	0.	0.	0.013059037803853514	0.008117661221341341
698.	0.	0.	0.013086556945910372	0.008159299188509299
699.	0.	0.	0.013111178217829561	0.008199306650363815
700.	0.	0.	0.013132938853438855	0.008237691310914433
701.	0.	0.	0.013151876803220152	0.008274461505087153
701.9999999999999	0.	0.	0.013168030682043766	0.008309626174242064
703.	0.	0.	0.01318143971861532	0.008343194842255196
704.	0.	0.	0.013192143706388087	0.00837517759202352
705.	0.	0.	0.013200182956184662	0.008405585042563911
705.9999999999999	0.	0.	0.013205598250293243	0.008434428326570098
707.	0.	0.	0.013208430797959997	0.008461719068395032
708.	0.	0.	0.013208722192560038	0.00848746936265172
709.	0.	0.	0.01320651437008628	0.00851169175321759
710.	0.	0.	0.013201849568929976	0.008534399212638507
710.9999999999999	0.	0.	0.013194770291312394	0.008555605122178626
712.	0.	0.	0.013185319265773873	0.008575323252146615
713.	0.	0.	0.013173539411205954	0.008593567742824786
714.	0.	0.	0.013159473801996849	0.008610353085738744
714.9999999999999	0.	0.	0.013143165634564585	0.008625694105455313
716.	0.	0.	0.013124658195008028	0.008639605941748545
717.	0.	0.	0.013103994828013136	0.0086521040322342
718.	0.	0.	0.013081218906958876	0.008663204095451005
719.	0.	0.	0.01305637380507522	0.008672922114300858
719.9999999999999	0.	0.	0.01302950286781345	0.008681274319969377
721.	0.	0.	0.013000649386230008	0.008688277176203012
722.	0.	0.	0.012969856571462835	0.008693947364010276
723.	0.	0.	0.012937167530234136	0.008698301766751779
723.9999999999999	0.	0.	0.01290262524140214	0.008701357455647202
725.	0.	0.	0.01286627253342154	0.008703131675614872
726.	0.	0.	0.01282815206283979	0.008703641831541339
727.	0.	0.	0.012788306293681917	0.008702905474891151
727.9999999999999	0.	0.	0.012746777477735288	0.00870094029067487
728.9999999999999	0.	0.	0.012703607635775322	0.00869776408481505
730.	0.	0.	0.012658838539618801	0.008693394771839717
731.	0.	0.	0.01261251169502317	0.008687850362929973
732.	0.	0.	0.012564668325373002	0.008681148954286379
732.9999999999999	0.	0.	0.012515349356235156	0.008673308715883933
734.	0.	0.	0.012464595400634425	0.008664347880518621
735.	0.	0.	0.012412446745083008	0.008654284733180695
736.	0.	0.	0.012358943336363712	0.008643137600762572
736.9999999999999	0.	0.	0.012304124769015639	0.008630924842072807
737.9999999999999	0.	0.	0.012248030273497256	0.008617664838149287
739.	0.	0.	0.012190698705049189	0.008603375982894068
740.	0.	0.	0.01213216853319296	0.008588076673993804
741.	0.	0.	0.0120724778318436	0.008571785304118227
741.9999999999999	0.	0.	0.012011664270088446	0.008554520252440771
743.	0.	0.	0.011949765103497455	0.00853629987639393
744.	0.	0.	0.011886817166064658	0.008517142503737082
745.	0.	0.	0.011822856862693843	0.008497066424883211
745.9999999999999	0.	0.	0.01175792016218812	0.008476089885461878
746.9999999999999	0.	0.	0.011692042590854972	0.008454231079203702
748.	0.	0.	0.011625259226515009	0.008431508141005179
749.	0.	0.	0.011557604693078413	0.008407939140293507
750.	0.	0.	0.011489113155581928	0.008383542074623999
750.9999999999999	0.	0.	0.011419818315667253	0.008358334863501373
752.	0.	0.	0.011349753407525622	0.008332335342447884
753.	0.	0.	0.011278951194288626	0.008305561257311609
754.	0.	0.	0.01120744396477167	0.008278030258750204
754.9999999999999	0.	0.	0.011135263530721792	0.008249759897009202
756.	0.	0.	0.011062441224361761	0.008220767616845653
757.	0.	0.	0.010989007896356047	0.00819107075269516
758.	0.	0.	0.010914993914132084	0.008160686524038592
759.	0.	0.	0.010840429160561616	0.008129632030978436
759.9999999999999	0.	0.	0.010765343032949804	0.008097924249987839
761.	0.	0.	0.010689764442370638	0.008065580029868565
762.	0.	0.	0.010613721813305988	0.008032616087889062
763.	0.	0.	0.010537243083610025	0.007999049006123703
763.9999999999999	0.	0.	0.0104603557047035	0.00796489522792645
765.	0.	0.	0.010383086642122598	0.007930171054637081
766.	0.	0.	0.010305462376270972	0.007894892642407322
767.	0.	0.	0.01022750890346171	0.007859075999221338
768.	0.	0.	0.01014925173718797	0.007822736982063008
768.9999999999999	0.	0.	0.010070715909649591	0.00778589129425828
770.	0.	0.	0.009991925973483019	0.007748554482952221
771.	0.	0.	0.00991290600372194	0.00771074193675038
772.	0.	0.	0.009833679599949928	0.007672468883492867
772.9999999999999	0.	0.	0.009754269888668567	0.0076337503881856944
774.	0.	0.	0.00967469952584558	0.007594601351065026
775.	0.	0.	0.009594990699636	0.007555036505790156
776.	0.	0.	0.009515165133278432	0.007515070417771884
776.9999999999999	0.	0.	0.00943524408817504	0.007474717482644412
777.9999999999999	0.	0.	0.009355248367081332	0.007433991924827125
779.	0.	0.	0.009275198317499019	0.007392907796250519
780.	0.	0.	0.009195113835147206	0.007351478975152049
781.	0.	0.	0.009115014367630035	0.00730971916503626
781.9999999999999	0.	0.	0.009034918918175792	0.007267641893705351
783.	0.	0.	0.008954846049535434	0.00722526051242827
784.	0.	0.	0.008874813887951617	0.007182588195183735
785.	0.	0.	0.00879484012727664	0.007139637938039136
785.9999999999999	0.	0.	0.008714942033151261	0.007096422558598241
786.9999999999999	0.	0.	0.008635136447302407	0.0070529546955669
788.	0.	0.	0.008555439791913439	0.007009246808398282
789.	0.	0.	0.008475868074079681	0.006965311177034532
790.	0.	0.	0.008396436890335469	0.006921159901730289
790.9999999999999	0.	0.	0.008317161431263126	0.00687680490297314
792.	0.	0.	0.008238056486139301	0.006832257921461425
793.	0.	0.	0.008159136447682546	0.006787530518197423
794.	0.	0.	0.008080415316809112	0.006742634074618139
794.9999999999999	0.	0.	0.008001906707478709	0.006697579792834266
795.9999999999999	0.	0.	0.007923623851545042	0.006652378695906699
797.	0.	0.	0.007845579603696287	0.006607041628233768
798.	0.	0.	0.0077677864463839815	0.006561579255965217
799.	0.	0.	0.007690256494808732	0.006516002067501111
799.9999999999999	0.	0.	0.007613001501929989	0.006470320374050003
801.	0.	0.	0.007536032863506779	0.006424544310252516
802.	0.	0.	0.007459361623143006	0.006378683834849287
803.	0.	0.	0.007382998477355986	0.0063327487314096985
803.9999999999999	0.	0.	0.0073069537806667115	0.006286748609121885
804.9999999999999	0.	0.	0.007231237550691291	0.006240692903626539
806.	0.	0.	0.007155859473238182	0.006194590877897807
807.	0.	0.	0.007080828907416181	0.0061484516231804735
808.	0.	0.	0.0070061548907328014	0.006102284059961872
808.9999999999999	0.	0.	0.006931846144200072	0.006056096938996559
810.	0.	0.	0.0068579110774312805	0.006009898842368693
811.	0.	0.	0.006784357793726251	0.005963698184592042
812.	0.	0.	0.006711194095148145	0.005917503213749161
812.9999999999999	0.	0.	0.00663842748759655	0.005871322012676149
814.	0.	0.	0.006566065185848318	0.005825162500163832
815.	0.	0.	0.006494114118593609	0.00577903243220852
816.	0.	0.	0.006422580933451966	0.005732939403288702
816.9999999999999	0.	0.	0.006351472001957657	0.005686890847667411
817.9999999999999	0.	0.	0.006280793424528509	0.005640894040726643
819.	0.	0.	0.006210551035411801	0.005594956100333734
820.	0.	0.	0.006140750407588524	0.005549083988217587
821.	0.	0.	0.006071396857675128	0.005503284511395181
821.9999999999999	0.	0.	0.006002495450758718	0.005457564323586494
823.	0.	0.	0.0059340510052352975	0.005411929926684625
824.	0.	0.	0.005866068097587752	0.005366387672219588
825.	0.	0.	0.005798551067146666	0.005320943762859722
825.9999999999999	0.	0.	0.005731504020799294	0.005275604253914561
826.9999999999999	0.	0.	0.00566493083767392	0.005230375054866478
828.	0.	0.	0.005598835173782302	0.005185261930915663
829.	0.	0.	0.005533220466610634	0.005140270504526985
830.	0.	0.	0.00546808993968785	0.005095406257007809
830.9999999999999	0.	0.	0.005403446607096649	0.0050506745300836365
832.	0.	0.	0.005339293277950292	0.005006080527491201
833.	0.	0.	0.005275632560820638	0.004961629316578122
834.	0.	0.	0.005212466868124003	0.004917325829913566
834.9999999999999	0.	0.	0.005149798420462057	0.004873174866906009
835.9999999999999	0.	0.	0.0050876292509130115	0.0048291810954256414
837.	0.	0.	0.005025961209279098	0.004785349053434921
838.	0.	0.	0.0049647959662884765	0.004741683150625995
839.	0.	0.	0.004904135017739995	0.004698187670053518
839.9999999999999	0.	0.	0.004843979688613981	0.004654866769784931
841.	0.	0.	0.0047843311371202945	0.004611724484539192
842.	0.	0.	0.00472519035870581	0.004568764727337667
843.	0.	0.	0.004666558190006312	0.004525991291147316
843.9999999999999	0.	0.	0.0046084353127543165	0.004483407850532729
844.9999999999999	0.	0.	0.004550822257630835	0.004441017963300265
846.	0.	0.	0.004493719408071427	0.004398825072146827
847.	0.	0.	0.004437127004017131	0.004356832506302822
848.	0.	0.	0.004381045145616173	0.0043150434831725005
848.9999999999999	0.	0.	0.004325473796877712	0.004273461109977695
850.	0.	0.	0.004270412789268766	0.004232088385388231
851.	0.	0.	0.004215861825260815	0.004190928201153665
852.	0.	0.	0.004161820481831999	0.00414998334373291
852.9999999999999	0.	0.	0.004108288213907009	0.004109256495910284
853.9999999999999	0.	0.	0.00405526435775586	0.0040687502384156434
855.	0.	0.	0.004002748134332204	0.004028467051528007
856.	0.	0.	0.003950738652570277	0.00398840931668346
857.	0.	0.	0.0038992349126184666	0.003948579318062749
857.9999999999999	0.	0.	0.0038482358090345956	0.003908979244183985
859.	0.	0.	0.0037977401339219486	0.003869611189480089
860.	0.	0.	0.003747746580016295	0.0038304771558674727
861.	0.	0.	0.003698253743725576	0.003791579054311364
861.9999999999999	0.	0.	0.0036492601281117257	0.0037529187063714796
863.	0.	0.	0.0036007641458335993	0.0037144978457526595
864.	0.	0.	0.0035527641220287165	0.0036763181198312773
865.	0.	0.	0.003505258297153809	0.0036383810911811572
865.9999999999999	0.	0.	0.0034582448297696355	0.003600688239083342
866.9999999999999	0.	0.	0.0034117217992804426	0.003563240961026587
868.	0.	0.	0.0033656872086279977	0.0035260405742013625
869.	0.	0.	0.0033201389869253408	0.0034890883169708814
870.	0.	0.	0.003275074992058483	0.0034523853503447464
870.9999999999999	0.	0.	0.003230493013226118	0.003415932759429008
872.	0.	0.	0.003186390773440951	0.00337973155487013
873.	0.	0.	0.003142765931979978	0.0033437826742848177
874.	0.	0.	0.003099616086791325	0.003308086983678881
874.9999999999999	0.	0.	0.003056938776849326	0.003272645278849307
875.9999999999999	0.	0.	0.0030147314844702513	0.003237458286778494
877.	0.	0.	0.0029729916375790246	0.003202526667011711
878.	0.	0.	0.0029317166119314842	0.0031678510130228954
879.	0.	0.	0.0028909037332921885	0.0031334318535661465
879.9999999999999	0.	0.	0.002850550279568743	0.0030992696540149503
881.	0.	0.	0.0028106534829013307	0.003065364817685493
882.	0.	0.	0.002771210531711853	0.0030317176871503255
883.	0.	0.	0.0027322185727059714	0.0029983285455321374
883.9999999999999	0.	0.	0.0026936747128367532	0.0029651976177894617
884.9999999999999	0.	0.	0.002655576021225173	0.0029323250719842844
886.	0.	0.	0.002617919531036413	0.0028997110205350837
887.	0.	0.	0.002580702241325033	0.002867355521464017
888.	0.	0.	0.0025439211188241894	0.002835258579613761
888.9999999999999	0.	0.	0.0025075730997108623	0.00280342014786723
890.	0.	0.	0.0024716550913222116	0.0027718401283416154
891.	0.	0.	0.00243616397383351	0.002740518373570521
892.	0.	0.	0.0024010966019040268	0.002709454687675909
892.9999999999999	0.	0.	0.0023664498062778514	0.002678648827519262
893.9999999999999	0.	0.	0.002332220395350787	0.0026481005038419903
895.	0.	0.	0.002298405156701882	0.0026178093823919562
896.	0.	0.	0.0022650008585837138	0.002587775085031158
897.	0.	0.	0.0022320042513828253	0.0025579971908344665
897.9999999999999	0.	0.	0.002199412069039515	0.002528475237169222
899.	0.	0.	0.002167221030436684	0.0024992087207631286
900.	0.	0.	0.0021354278407523315	0.0024701970987567787
901.	0.	0.	0.00210402919277849	0.002441439789740882
901.9999999999999	0.	0.	0.002073021768207503	0.0024129361747809545
902.9999999999999	0.	0.	0.002042402238884246	0.0023846855984250687
904.	0.	0.	0.0020121672680273356	0.0023566873696994357
905.	0.	0.	0.0019823135114189787	0.002328940763089926
906.	0.	0.	0.0019528376185598121	0.0023014450195054143
906.9999999999999	0.	0.	0.0019237362337984093	0.002274199347232448
908.	0.	0.	0.0018950059974261644	0.0022472029228721986
909.	0.	0.	0.0018666435467441854	0.002220454892263632
910.	0.	0.	0.0018386455170994306	0.0021939543713929356
910.9999999999999	0.	0.	0.0018110085428955575	0.0021677004472910235
911.9999999999999	0.	0.	0.0017837292585701464	0.002141692178913833
913.	0.	0.	0.0017568042995464305	0.002115928598008672
914.	0.	0.	0.001730230303161472	0.002090408709972972
914.9999999999999	0.	0.	0.0017040039095587017	0.0020651314946896608
915.9999999999999	0.	0.	0.0016781217625628393	0.0020400959073578425
917.	0.	0.	0.0016525805105232928	0.0020153008793045287
918.	0.	0.	0.0016273768071337327	0.0019907453187850734
919.	0.	0.	0.0016025073122265488	0.0019664281117702047
919.9999999999999	0.	0.	0.0015779686925422988	0.0019423481227184081
921.	0.	0.	0.0015537576224757754	0.0019185041953377368
922.	0.	0.	0.0015298707847973543	0.0018948951533327358
923.	0.	0.	0.0015063048713515727	0.001871519801138294
923.9999999999999	0.	0.	0.0014830565837322875	0.001848376924641516
924.9999999999999	0.	0.	0.0014601226339365904	0.0018254652918916602
926.	0.	0.	0.001437499744995849	0.001802783653795266
927.	0.	0.	0.0014151846515842775	0.0017803307447999213
928.	0.	0.	0.0013931741006085944	0.0017581052835668604
928.9999999999999	0.	0.	0.0013714648517752343	0.0017361059736290536
930.	0.	0.	0.0013500536781374313	0.0017143315040389745
931.	0.	0.	0.0013289373666233561	0.0016927805500026264
932.	0.	0.	0.001308112718543566	0.0016714517735037784
932.9999999999999	0.	0.	0.0012875765500802653	0.0016503438239146822
933.9999999999999	0.	0.	0.0012673256927567113	0.0016294553385949489
935.	0.	0.	0.0012473569938906287	0.001608784943481262
936.	0.	0.	0.001227667317026002	0.0015883312536617918
937.	0.	0.	0.0012082535423512458	0.0015680928739429264
937.9999999999999	0.	0.	0.0011891125670971767	0.0015480683994027048
939.	0.	0.	0.0011702413059203193	0.001528256415933887
940.	0.	0.	0.0011516366912681878	0.0015086555007758978
941.	0.	0.	0.0011332956737296303	0.0014892642230356337
941.9999999999999	0.	0.	0.0011152152223683342	0.001470081144198215
942.9999999999999	0.	0.	0.0010973923250421939	0.0014511048186267562
944.	0.	0.	0.0010798239887070571	0.0014323337940513503
945.	0.	0.	0.0010625072397053242	0.0014137666120485415
946.	0.	0.	0.0010454391240410606	0.0013954018085096085
946.9999999999999	0.	0.	0.0010286167076408756	0.0013772379140999632
948.	0.	0.	0.0010120370766003237	0.0013592734547066584
949.	0.	0.	0.0009956973374184292	0.0013415069518785449
950.	0.	0.	0.0009795946172178472	0.0013239369232546693
950.9999999999999	0.	0.	0.0009637260639523812	0.001306561882983606
951.9999999999999	0.	0.	0.0009480888466035595	0.0012893803421345318
953.	0.	0.	0.0009326801553634442	0.0012723908090970235
954.	0.	0.	0.0009174972018058251	0.0012555917899726172
954.9999999999999	0.	0.	0.0009025372190468289	0.0012389817889580247
955.9999999999999	0.	0.	0.0008877974618938473	0.001222559308717713
957.	0.	0.	0.0008732752069829162	0.001206322850748902
958.	0.	0.	0.0008589677529062886	0.0011902709157373354
959.	0.	0.	0.0008448724203293569	0.0011744020039047198
959.9999999999999	0.	0.	0.0008309865520967908	0.001158714615347181
960.9999999999999	0.	0.	0.000817307513330028	0.0011432072503657145
962.	0.	0.	0.0008038326915144918	0.0011278784097890698
963.	0.	0.	0.0007905594965771775	0.0011127265952867785
963.9999999999999	0.	0.	0.0007774853609557587	0.0010977503096760665
964.9999999999999	0.	0.	0.0007646077396586403	0.0010829480572192827
966.	0.	0.	0.0007519241103161766	0.0010683183439152207
967.	0.	0.	0.0007394319732243348	0.0010538596777812288
968.	0.	0.	0.0007271288513789041	0.0010395705691285243
968.9999999999999	0.	0.	0.0007150122905034142	0.0010254495308306556
969.9999999999999	0.	0.	0.0007030798590680665	0.0010114950785832762
971.	0.	0.	0.0006913291483018719	0.0009977057311580005
972.	0.	0.	0.0006797577721978222	0.000984080010648576
972.9999999999999	0.	0.	0.0006683633675104092	0.0009706164427105376
973.9999999999999	0.	0.	0.0006571435937466247	0.0009573135567932053
975.	0.	0.	0.0006460961331508648	0.0009441698863660387
976.	0.	0.	0.0006352186906826629	0.0009311839691376653
977.	0.	0.	0.0006245089939888441	0.000918354347268441
977.9999999999999	0.	0.	0.0006139647933693374	0.0009056795675768221
979.	0.	0.	0.0006035838617376055	0.0008931581817394956
980.	0.	0.	0.0005933639945748302	0.0008807887464850843
980.9999999999999	0.	0.	0.0005833030098796512	0.0008685698237821735
982.	0.	0.	0.000573398748111522	0.0008564999810206814
982.9999999999999	0.	0.	0.0005636490721298632	0.000844577791188188
983.9999999999999	0.	0.	0.0005540518671281974	0.0008328018330400043
985.	0.	0.	0.0005446050405630334	0.0008211706912634267
985.9999999999999	0.	0.	0.0005353065220789638	0.0008096829566371442
987.	0.	0.	0.0005261542634287486	0.0007983372261845255
988.	0.	0.	0.000517146238389279	0.0007871321033216965
988.9999999999999	0.	0.	0.0005082804426741031	0.0007760661980005023
990.	0.	0.	0.0004995548938411275	0.0007651381268463521
990.9999999999999	0.	0.	0.000490967631196904	0.0007543465132909153
992.	0.	0.	0.0004825167156974915	0.0007436899876995097
993.	0.	0.	0.0004742002298456206	0.0007331671874943211
993.9999999999999	0.	0.	0.00046601627758453856	0.0007227767572721902
995.	0.	0.	0.00045796298418865003	0.0007125173489182211
995.9999999999999	0.	0.	0.00045003849615081904	0.0007023876217141081
997.	0.	0.	0.00044224098106753634	0.0006923862424431284
998.	0.	0.	0.0004345686275200842	0.0006825118854891515
998.9999999999999	0.	0.	0.00042701964495401885	0.0006727632329327508
1000.	0.	0.	0.0004195922635555877	0.0006631389746421571