0.	75.19404747783486	7.5194047477834856	0.7519404747783486	0.07519404747783484
1.	3.298566142366506	6.892552399771887	0.7194298409062604	0.07209136063471289
2.	0.09363385307681188	6.320461610629329	0.6887253219613273	0.06915647206985799
3.	0.002134857806230711	5.798300709989808	0.6597230768921323	0.06638003359888153
4.	0.00004237821999930299	5.321644838298098	0.6323248069435816	0.06375317615768056
5.	7.628327368493868e-7	4.886446094596738	0.6064374929253409	0.06126748820683154
6.	1.2753867771802656e-8	4.489005157700828	0.5819731432130268	0.05891499496381421
7.	2.01142444334661e-10	4.125944427464007	0.5588485521235661	0.05668813843780112
8.	2.994776439557058e-12	3.794182705679165	0.5369850683143925	0.05457975824222211
9.	5.074926424268617e-14	3.490911414035549	0.5163083728644704	0.052583073160797245
10.	1.9656223652360926e-14	3.2135723287592013	0.4967482667033754	0.05069166344321881
11.	2.8545051950470213e-16	2.959836797471824	0.4782384670629405	0.048899453807156545
12.	3.9990382866149946e-18	2.727586392865083	0.46071641263415436	0.04720069712375637
13.	5.428942034359183e-20	2.5148949495231614	0.4441230771201832	0.04558995876430234
14.	7.167650901604426e-22	2.320011924215595	0.4284027908844679	0.044062101586210795
14.999999999999998	9.230535634846954e-24	2.1413470158603536	0.41350307040089124	0.04261227153702783
16.	1.1623488250670574e-25	1.9774559788057544	0.3993744552209513	0.041235883855600355
17.	1.4341955681878353e-27	1.8270275618243146	0.38597035218075304	0.03992860985009117
18.	1.7370474484605534e-29	1.6888715050151921	0.3732468865783958	0.03868636423300518
18.999999999999996	2.0682724561876837e-31	1.561907527470163	0.36116276006001224	0.03750529299388925
20.	2.4242087106453705e-33	1.445155239896706	0.3496791149602818	0.03638176179085902
21.	2.8002663052145745e-35	1.3377249182618784	0.3387594048507003	0.03531234484259444
22.	3.1910684798865823e-37	1.2388090767955406	0.32836927105622515	0.034293814302928445
23.	3.5906236779337093e-39	1.147674781265002	0.31847642490814665	0.03332313010063242
24.	3.992518991960364e-41	1.063656646215331	0.3090505355081246	0.03239743022747489
24.999999999999996	4.390125105722854e-43	0.9861504627858986	0.30006312278531083	0.03151402145809775
26.	4.7768030353462865e-45	0.9146074067028209	0.2914874556353167	0.030670370485715644
27.	5.146103679810049e-47	0.8485287790578963	0.283298454936495	0.02986409545809978
28.	5.491952299485372e-49	0.7874612354767365	0.2754726012455867	0.029092957898755472
29.	5.808811437744907e-51	0.7309924622193	0.2679878469812213	0.02835485499864439
29.999999999999996	6.091817368908083e-53	0.6787472606192851	0.2608235329100665	0.027647812264237393
31.	6.336886788057708e-55	0.6303840040350729	0.2539603087565899	0.026969976508110182
32.	6.540792059430092e-57	0.5855914341395486	0.24738005776342284	0.02631960916871397
32.99999999999999	6.70120483122222e-59	0.5440857659086599	0.24106582503521068	0.025695079946365044
34.	6.816709145390636e-61	0.5056080730721461	0.23500174950457883	0.025094860742900946
35.	6.886786279279199e-63	0.4699219280605157	0.2291729993644633	0.0245175198928471
36.	6.911774427793038e-65	0.43681127261853275	0.22356571081652277	0.02396171667432572
37.	6.89280696221309e-67	0.40607849725752	0.21816692999068987	0.02342619608831864
37.99999999999999	6.831733390477986e-69	0.37754270958870434	0.21296455789611554	0.022909783895267315
39.	6.731027310518959e-71	0.3510381733208913	0.2079472982688247	0.022411381898357098
40.	6.593685618058122e-73	0.32641290132193057	0.20310460818632917	0.02192996346318781
41.	6.423123033556761e-75	0.3035273876397688	0.19842665132423956	0.0214645692638802
42.	6.223065683102729e-77	0.2822534647606604	0.19390425373457373	0.021014303246006266
42.99999999999999	5.997447039081183e-79	0.2624732736550994	0.1895288620300008	0.020578328797062718
44.	5.750309031467045e-81	0.24407833533215328	0.18529250386264837	0.02015586511552909
44.99999999999999	5.485710610069621e-83	0.22696871369619423	0.1811877505903869	0.019746183769866775
46.	5.207645499053847e-85	0.2110522604825317	0.17720768202764245	0.019348605439121296
47.	4.919970360389263e-87	0.19624393394619152	0.17334585318182413	0.018962496827089496
48.	4.626344090959966e-89	0.18246518379675544	0.1695962628803446	0.018587267742302824
49.	4.330178532779453e-91	0.16964339561761488	0.1659533241970038	0.018222368336361608
49.99999999999999	4.034600486624552e-93	0.15771138868546447	0.16241183659016573	0.01786728649342981
51.	3.742424592128639e-95	0.146606961720698	0.15896695966870944	0.017521545363967227
52.	3.456136374047901e-97	0.136272481656431	0.15561418850517353	0.01718470103603603
53.	3.177884554279214e-99	0.12665451101791086	0.15234933041883428	0.016856340337771017
54.	2.909481589145373e-101	0.11770346995944955	0.14916848315467918	0.01653607876484805
54.99999999999999	2.6524113065146395e-103	0.10937332941687256	0.1460680143873445	0.01622355852702284
56.	2.407842481384142e-105	0.10162133220369939	0.14304454248209197	0.01591844670804371
56.99999999999999	2.17664719461473e-107	0.0944077392124454	0.14009491844780278	0.015620433533464852
58.	1.959422860365147e-109	0.0876955981819063	0.1372162090197749	0.015329230741104557
59.	1.7565168761183777e-111	0.08145053276015311	0.13440568081281123	0.01504457004910257
59.99999999999999	1.5680529380892222e-113	0.07564054983408551	0.13166078548770463	0.014766201716734689
61.	1.3939581678013532e-115	0.07023586331239887	0.12897914587673984	0.014493893193339808
62.	1.233990306929281e-117	0.06520873274212632	0.12635854301626612	0.014227427850905703
63.	1.0877643520996887e-119	0.060533315311757395	0.12379690403673516	0.013966603796044379
64.	9.547781150235025e-122	0.05618552994830521	0.12129229086285252	0.013711232757266495
65.	8.344363026498813e-124	0.05214293235348606	0.11884288967866669	0.013461139043637205
65.99999999999999	7.260728143771539e-126	0.048384599947041355	0.11644700111450924	0.013216158571062472
67.	6.289710467995751e-128	0.04489102579472064	0.11410303111471526	0.012976137952616337
68.	5.42382079750834e-130	0.041644020695948955	0.11180948244698409	0.012740933649475188
69.	4.6554068983153806e-132	0.038626622692973844	0.10956494681611025	0.012510411179175706
70.	3.9767919897876087e-134	0.035823013340472186	0.10736809754659425	0.012284444378057497
70.99999999999999	3.3803921612346473e-136	0.033218440143226745	0.10521768280037132	0.012062914714892488
72.	2.858813700993736e-138	0.030799144630480255	0.10311251929754295	0.011845710652837056
73.	2.404931624463745e-140	0.0285522955897616	0.10105148650957954	0.011632727056973272
74.	2.011950904774356e-142	0.02646592703115266	0.09903352129598941	0.011423864644831255
75.	1.673452049645375e-144	0.024528880495720554	0.0970576129569042	0.011219029477404874
75.99999999999999	1.3834227407202117e-146	0.022730751359866443	0.09512279867543254	0.011018132488289594
77.	1.1362772678411064e-148	0.02106183882110335	0.09322815932497247	0.010821089048682779
78.	9.268654604657857e-151	0.019513099280812143	0.09137281561796305	0.010627818566094713
79.	7.504727512686697e-153	0.018076102866220953	0.0895559245737806	0.010438244114721915
80.	6.028129117752944e-155	0.01674299285762131	0.08777667628466784	0.010252292095533818
80.99999999999999	4.800148844699862e-157	0.015506447808003636	0.0860342909597088	0.01006989192421952
82.	3.7860500720829944e-159	0.01435964616115896	0.08432801622794127	0.009890975745232958
83.	2.954857898665624e-161	0.013296233191144277	0.08265712468273279	0.009715478170263777
84.	2.2791226495101497e-163	0.012310290101050773	0.08102091165052387	0.009543336039544483
84.99999999999999	1.7346679746524753e-165	0.011396305132494728	0.07941869316799258	0.009374488204487158
85.99999999999999	1.3003310784914399e-167	0.010549146549318244	0.07784980415258695	0.009208875330219917
87.	9.577013771248498e-170	0.009764037369835705	0.07631359675222928	0.009046439716668077
88.	6.908627309853402e-172	0.009036531731720764	0.0748094388608215	0.008887125136897416
89.	4.86143352608004e-174	0.008362492782422156	0.07333671278694846	0.008730876691503787
89.99999999999999	3.3187655046406275e-176	0.007738071995954195	0.0718948140639337	0.008577640677901047
90.99999999999999	2.1817464132828255e-178	0.007159689824105952	0.07048315039009867	0.008427364473420183
92.	1.3671764437834084e-180	0.006624017596653216	0.06910114068875776	0.008279996431193967
93.	8.055775593585359e-183	0.0061279605911117785	0.06774821427811838	0.008135485787857999
94.	4.394008852844334e-185	0.0056686421980026895	0.06642381014187082	0.007993782582154734
94.99999999999999	2.2139734289717528e-187	0.0052433891125690975	0.0651273762918267	0.007854837583578786
96.	1.1314872374090955e-189	0.004849717488447417	0.06385836921452137	0.0077186022302524505
97.	8.375374256857454e-192	0.0044853199929835	0.06261625339421614	0.007585028575268082
98.	1.0866160660967545e-193	0.004148053707755144	0.06140050090523126	0.007454069240779283
99.	1.6864420671690328e-195	0.003835928821431553	0.06021059106701937	0.007325677379167015
99.99999999999999	2.488970902128479e-197	0.00354709806540905	0.05904601015582305	0.007199806640647226
101.	3.3825883703605825e-199	0.0032798468457372804	0.0579062511671982	0.0070764111467273745
102.	4.285382578417393e-201	0.003032584027702272	0.05679081362407215	0.006955445468955374
103.	5.139388999083648e-203	0.0028038333321022267	0.05569920342539424	0.006836864612441583
104.	5.905706253905188e-205	0.00259222530473234	0.054630932730788666	0.006720624003667541
104.99999999999999	6.560384658800456e-207	0.0023964898229254096	0.05358551987696209	0.006606679482128029
106.	7.090995129151397e-209	0.0022154491051701057	0.05256248932193766	0.006494987295383555
107.	7.4937923863862945e-211	0.0020480111918728754	0.05156137161348522	0.006385504097129415
108.	7.771393227450295e-213	0.0018931638672462859	0.050581703378408165	0.006278186947915488
109.	7.930897654267976e-215	0.0017499689941106451	0.049623027329611435	0.006172993318176834
109.99999999999999	7.982387705678729e-217	0.0016175572350898893	0.04868489228812669	0.006069881093260169
111.	7.937745726849255e-219	0.0014951231352804254	0.04776685321751258	0.005968808580154717
112.	7.809740428555994e-221	0.0013819205429735743	0.04686847126826582	0.005869734515658574
113.	7.61133534121741e-223	0.0012772583464309964	0.045989313830094365	0.005772618075732125
113.99999999999999	7.35518009602696e-225	0.001180496506047179	0.045128954590092175	0.005677418885810567
114.99999999999999	7.053250330513309e-227	0.0010910423624923102	0.04428697359504971	0.005584097031866258
116.	6.716606900781203e-229	0.001008347202618702	0.04346295731629567	0.005492613072028707
117.	6.355249485388354e-231	0.0009319030660320883	0.042656498715637134	0.005402928048587979
118.	5.978043595449554e-233	0.0008612397762876577	0.04186719731110744	0.005315003500221532
118.99999999999999	5.592703481675778e-235	0.000795922181666879	0.04109465924137686	0.0052288014743005415
119.99999999999999	5.205816476017211e-237	0.0007355475914310937	0.04033849732781014	0.00514428453914497
121.	4.822896953719817e-239	0.0006797433943342628	0.03959833113327786	0.005061415796109973
122.	4.448460382801915e-241	0.0006281648470111926	0.038873787016939575	0.004980158891398293
122.99999999999999	4.0861098760169974e-243	0.0005804930206477087	0.03816449818432511	0.004900478027505043
124.	3.7386293087906215e-245	0.0005364328950768692	0.03747010473213489	0.00482233797421186
125.	3.4080784484357236e-247	0.0004957115901466789	0.0367902536872728	0.004745704079057402
126.	3.095886686722479e-249	0.00045807672485961723	0.0361245990397048	0.004670542277220525
127.	2.802942909227147e-251	0.0004232948954040059	0.03547280176881649	0.0045968191007615365
128.	2.5296797985636505e-253	0.00039115026377860437	0.034834529863012824	0.004524501687174585
129.	2.276151479622077e-255	0.00036144324925731057	0.03420945833236478	0.004453557787212175
130.	2.0421038964777724e-257	0.0003339893154564277	0.03359726921417048	0.004383955771949584
131.	1.8270376828649642e-259	0.0003086178462471232	0.03299765157134976	0.004315664639063354
131.99999999999997	1.6302635694350673e-261	0.00028517110421034106	0.03241030148364372	0.004248654018304903
133.	1.4509505772401834e-263	0.00026350326575529966	0.031834922031628854	0.004182894176154144
134.	1.2881673919038178e-265	0.0002434795274215898	0.03127122327360405	0.004118356019644975
135.	1.1409174087360286e-267	0.00022497527825716284	0.030718922215435995	0.004055011099357848
136.	1.0081679957729764e-269	0.00020787533351632827	0.03017774277349123	0.003992831611579649
137.	8.888745480396603e-272	0.00019207322524740744	0.029647415730799084	0.003931790399634406
138.	7.819999094341509e-274	0.00017747054564716687	0.02912767868662977	0.0038718609543927814
139.	6.865297245115293e-276	0.00016397633934644876	0.028618275999680656	0.003813017413970405
140.	6.014842560146443e-278	0.00015150654105763935	0.028118958725094234	0.0037552345626291847
140.99999999999997	5.259271691938992e-280	0.00013998345526750058	0.02762948454554264	0.0036984878288975087
141.99999999999997	4.589717439618612e-282	0.00012933527489094668	0.027149617696625973	0.0036427532829276838
143.	3.997849332285474e-284	0.00011949563602051285	0.026679128886853302	0.0035880076331118735
144.	3.475896422287427e-286	0.00011040320611108697	0.026217795212471053	0.0035342282219779793
145.	3.0166556077177496e-288	0.00010200130312700764	0.025765400067425493	0.00348139302139066
146.	2.613488391027795e-290	0.00009423754335905966	0.02532173304874274	0.0034294806270820035
147.	2.260308592306514e-292	0.000087063515781697	0.02488658985761706	0.0033784702525389457
148.	1.951563175794228e-294	0.00008043448097578728	0.024459772196502593	0.0033283417222750252
149.	1.68220801957092e-296	0.00007430909278501786	0.024041087662502122	0.0032790754645146895
150.	1.4476801618878596e-298	0.00006864914100791392	0.023630349637349276	0.00323065250331956
150.99999999999997	1.2438677934101871e-300	0.00006341931355029082	0.02322737717427808	0.0031830544501861343
151.99999999999997	0.	0.00005858697658054194	0.022831994882071143	0.0031362634951448277
153.	0.	0.00005412197133419128	0.02244403280657623	0.003090262397390805
154.	0.	0.00004999642631722838	0.022063326309975744	0.0030450344754766553
155.	0.	0.000046184583747341	0.02168971594808762	0.0030005635970975215
156.	0.	0.00004266263915998761	0.02132304734597538	0.0029568341684987807
157.	0.	0.000039408593185391356	0.020963171072130575	0.002913831123536283
158.	0.	0.000036402114576081195	0.020609942511494186	0.002871539912419163
159.	0.	0.00003362441363448941	0.02026322173756699	0.002829946490164318
160.	0.	0.000031058125252306614	0.019922873383856687	0.0027890373047917156
160.99999999999997	0.	0.00002868720083342514	0.01958876651490149	0.0027487992852891106
161.99999999999997	0.	0.000026496808426834084	0.019260774497097694	0.002709219829373962
163.	0.	0.000024473240445863677	0.018938774869554496	0.0026702867910799594
164.	0.	0.000022603828397902047	0.01862264921518736	0.002631988468194766
165.	0.	0.000020876864092017006	0.018312283032254347	0.0025943135895751908
166.	0.	0.000019281526831727678	0.018007565606528834	0.0025572513023648263
167.	0.	0.00001780781613801565	0.01770838988429526	0.002520791159138821
168.	0.	0.000016446489581906335	0.01741465234634135	0.00248492310499937
169.	0.	0.000015189005337705062	0.01712625288311712	0.002449637464645188
169.99999999999997	0.	0.00001402746909774379	0.016843094671215298	0.0024149249294364915
170.99999999999997	0.	0.000012954585016891133	0.016565084051322166	0.002380776544477426
171.99999999999997	0.	0.000011963610379670742	0.016292130407778417	0.002347183695735704
173.	0.	0.000011048313707346692	0.016024146049880703	0.002314138097219513
174.	0.	0.00001020293604232496	0.015761046095043835	0.0022816317782299493
175.	0.	9.422155169087227e-6	0.015502748353937784	0.0022496570707072694
176.	0.	8.701052547313026e-6	0.015249173217701492	0.0022182065966872065
177.	0.	8.035082751502652e-6	0.015000243547332134	0.002187273255884331
178.	0.	7.420045226238329e-6	0.014755884565333215	0.0021568502134166364
179.	0.	6.852058180979116e-6	0.014516023749704225	0.002126930887686688
179.99999999999997	0.	6.327534462012326e-6	0.014280590730341651	0.0020975089384319776
180.99999999999997	0.	5.84315925104303e-6	0.0140495171879151	0.002068578254957896
181.99999999999997	0.	5.395869451750612e-6	0.013822736755276064	0.0020401329445645677
183.	0.	4.982834636564614e-6	0.013600184921446342	0.0020121673211787876
184.	0.	4.601439434260573e-6	0.013381798938232077	0.0019846758942015648
185.	0.	4.249267250389567e-6	0.013167517729495011	0.001957653357580104
186.	0.	3.924085218210141e-6	0.012957281803113323	0.0019310945791134859
187.	0.	3.6238302876526798e-6	0.012751033165653961	0.0019049945899995947
188.	0.	3.346596365860935e-6	0.012548715239770952	0.0018793485746305596
189.	0.	3.0906224295659095e-6	0.012350272784347579	0.0018541518606433529
189.99999999999997	0.	2.8542815357065982e-6	0.01215565181738049	0.0018293999092309598
190.99999999999997	0.	2.6360706624537332e-6	0.011964799541612326	0.0018050883057196814
192.	0.	2.434601317960515e-6	0.01177766427290462	0.0017812127504164249
193.	0.	2.24859085826699e-6	0.011594195371346247	0.001757769049730605
194.	0.	2.0768544612957744e-6	0.0114143431750787	0.0017347531075727872
195.	0.	1.91829770720316e-6	0.011238058936824823	0.001712160917033755
196.	0.	1.7719097190092542e-6	0.011065294763097495	0.001689988552345229
197.	0.	1.6367568217360501e-6	0.010896003556063304	0.001668232161124256
198.	0.	1.5119766803167427e-6	0.010730138958030166	0.0016468879569017298
198.99999999999997	0.	1.3967728808145833e-6	0.010567655298531396	0.0016259522119358796
199.99999999999997	0.	1.2904099207095198e-6	0.010408507543964489	0.0016054212503106965
200.99999999999997	0.	1.1922085783691596e-6	0.010252651249751641	0.001585291441318431
202.	0.	1.1015416319827915e-6	0.010100042514979068	0.0015655591931254941
203.	0.	1.0178299027476716e-6	0.009950637939469438	0.001546220946720493
204.	0.	9.405385971179772e-7	0.009804394583246558	0.0015272731701422837
205.	0.	8.69173925636592e-7	0.009661269928340415	0.0015087123529862565
206.	0.	8.032799780141929e-7	0.009521221842883957	0.001490535001186068
207.	0.	7.424358344401982e-7	0.009384208547451884	0.0014727376320681682
208.	0.	6.86252895919796e-7	0.009250188583586663	0.0014553167696758624
208.99999999999997	0.	6.343724168315991e-7	0.009119120784457238	0.0014382689403593387
209.99999999999997	0.	5.864632243963859e-7	0.008990964247598153	0.0014215906686282965
210.99999999999997	0.	5.422196113796357e-7	0.008865678309667533	0.001405278473262467
212.	0.	5.013593882588275e-7	0.008743222523171671	0.001389328863676629
213.	0.	4.6362208374801083e-7	0.00862355663509414	0.0013737383365348256
214.	0.	4.287672815911226e-7	0.008506640567372718	0.0013585033726095854
215.	0.	3.9657308400351156e-7	0.008392434399164695	0.0013436204338810867
216.	0.	3.6683469194681166e-7	0.008280898350840943	0.0013290859608712621
217.	0.	3.39363093174611e-7	0.008171992769647566	0.001314896370207395
218.	0.	3.139838505697596e-7	0.008065678116977497	0.0013010480524100294
218.99999999999997	0.	2.905359825198501e-7	0.007961914957191058	0.0012875373698997316
219.99999999999997	0.	2.6887092861897883e-7	0.007860663947925589	0.0012743606552167964
220.99999999999997	0.	2.4885159453700456e-7	0.00776188583183418	0.0012615142094484935
222.	0.	2.303514695892317e-7	0.007665541429695611	0.001248994300857678
223.	0.	2.1325381176038353e-7	0.007571591634835669	0.0012367971637071986
224.	0.	1.974508950858629e-7	0.007479997408800378	0.0012249189972737293
225.	0.	1.828433146782941e-7	0.007390719778227356	0.0012133559650457663
226.	0.	1.6933934472739667e-7	0.007303719832851062	0.0012021041940984305
227.	0.	1.5685434597701242e-7	0.007218958724593919	0.0011911597746405878
227.99999999999997	0.	1.4531021852679334e-7	0.007136397667679666	0.0011805187597266691
228.99999999999997	0.	1.3463489651107068e-7	0.007055997939719999	0.00117017716512822
229.99999999999997	0.	1.2476188184487935e-7	0.006977720883716806	0.0011601309693583448
230.99999999999997	0.	1.1562981356084955e-7	0.006901527910926954	0.0011503761138431843
232.	0.	1.0718207035411646e-7	0.006827380504542117	0.0011409085032345464
233.	0.	9.936640382976615e-8	0.006755240224123826	0.0011317240058571064
234.	0.	9.213459984265368e-8	0.006685068710753606	0.0011228184542846449
235.	0.	8.54421661062831e-8	0.00661682769284032	0.0011141876460392065
236.	0.	7.924804370928761e-8	0.006550478992543504	0.0011058273444069515
237.	0.	7.351434107645757e-8	0.006485984532762011	0.0010977332793653
237.99999999999997	0.	6.820608839677698e-8	0.006423306344643453	0.0010899011486152218
238.99999999999997	0.	6.329101116114432e-8	0.00636240657557079	0.0010823266187127748
239.99999999999997	0.	5.8739320967275306e-8	0.006303247497582195	0.0010750053262950587
240.99999999999997	0.	5.452352277990837e-8	0.00624579151618174	0.0010679328793937303
242.	0.	5.0618237023356116e-8	0.006190001179502524	0.0010611048588316067
243.	0.	4.700003545925747e-8	0.0061358391877782545	0.0010545168196965805
244.	0.	4.364728976109602e-8	0.006083268403092019	0.0010481642928874123
245.	0.	4.054003194614901e-8	0.006032251859356637	0.0010420427867262017
245.99999999999997	0.	3.7659825501898886e-8	0.0059827527724998055	0.0010361477886328084
247.	0.	3.498964676285077e-8	0.005934734550812084	0.0010304747668554665
248.	0.	3.251377515888148e-8	0.005888160805430812	0.0010250191722535292
248.99999999999997	0.	3.0217692272556535e-8	0.005842995360922764	0.0010197764401268352
250.	0.	2.8087988775263067e-8	0.005799202265938709	0.0010147419920873107
250.99999999999997	0.	2.611227832396593e-8	0.005756745803908648	0.0010099112379684345
252.	0.	2.4279118457732144e-8	0.005715590503751064	0.0010052795777676581
252.99999999999997	0.	2.2577937515327287e-8	0.00567570115056611	0.0010008424036177235
254.	0.	2.0998967202134792e-8	0.005637042796292463	0.0009965951017827045
254.99999999999997	0.	1.953318056357647e-8	0.0055995807702969936	0.0009925330546744987
256.	0.	1.817223468456154e-8	0.005563280689879429	0.0009886516428859317
257.	0.	1.690841783436402e-8	0.0055281084706665625	0.0009849462472364442
258.	0.	1.5734600809998645e-8	0.005494030336875081	0.0009814122508268691
259.	0.	1.4644192026177651e-8	0.00546101283142686	0.0009780450410996006
260.	0.	1.3631096076895109e-8	0.005429022825892033	0.0009748400119004123
261.	0.	1.2689675670256351e-8	0.005398027530247386	0.0009717925655389857
262.	0.	1.181471624502854e-8	0.005367994502430609	0.0009688981148446912
263.	0.	1.1001393721825316e-8	0.0053388916576773285	0.0009661520852144687
263.99999999999994	0.	1.0245244367732475e-8	0.005310687277622109	0.0009635499166498563
265.	0.	9.542137355106237e-9	0.005283350019155224	0.0009610870657803792
266.	0.	8.8882492095336e-9	0.005256848923019222	0.0009587590078703728
267.	0.	8.280040412784341e-9	0.005231153422134428	0.0009565612388066796
268.	0.	7.714233697925041e-9	0.005206233349643985	0.0009544892770650418
269.	0.	7.1877940571646895e-9	0.005182058946666486	0.0009525386656519235
270.	0.	6.697910434539875e-9	0.005158600869750843	0.0009507049740205541
271.	0.	6.2419785793562226e-9	0.0051358301980207206	0.0009489837999582413
272.	0.	5.817585559747499e-9	0.0051137184400060435	0.000947370771443175
272.99999999999994	0.	5.422495103759322e-9	0.0050922375401528394	0.0009458615484688561
274.	0.	5.054634443776378e-9	0.0050713598850051275	0.000944451824834065
274.99999999999994	0.	4.712081854495116e-9	0.0050510583090575874	0.000943137329897195
276.	0.	4.393055438498233e-9	0.005031306100270934	0.0009419138302922469
277.	0.	4.09590250113301e-9	0.0050120770052481025	0.0009407771316063714
278.	0.	3.819089944880379e-9	0.0049933452340712725	0.0009397230800165271
279.	0.	3.5611953664348213e-9	0.004975085464793127	0.000938747563884003
280.	0.	3.320898764650813e-9	0.004957272847584348	0.0009378465153064846
281.	0.	3.096974921070593e-9	0.0049398830085357216	0.0009370159116252354
281.99999999999994	0.	2.888286384786094e-9	0.00492289205311449	0.0009362517768873224
283.	0.	2.693776975060012e-9	0.004906276569274656	0.000935550183261689
283.99999999999994	0.	2.5124657924429243e-9	0.004890013630224552	0.0009349072524082253
285.	0.	2.3434416535850815e-9	0.004874080796850534	0.0009343191567989504
286.	0.	2.1858580199916447e-9	0.004858456119799653	0.0009337821209906773
287.	0.	2.0389281829042744e-9	0.004843118141224573	0.0009332924228487936
288.	0.	1.901920950413356e-9	0.004828045896192486	0.0009328463947214725
289.	0.	1.7741565614288374e-9	0.004813218913761283	0.0009324404245638647
290.	0.	1.655003037079311e-9	0.0047986172177285355	0.0009320709570119189
291.	0.	1.5438725746768678e-9	0.004784221327053905	0.0009317344944056146
292.	0.	1.4402184915330588e-9	0.004770012255962282	0.000931427597761301
292.99999999999994	0.	1.3435321467248752e-9	0.004755971513732079	0.0009311468876934037
294.	0.	1.2533403121537298e-9	0.0047420811041722095	0.000930889045284599
294.99999999999994	0.	1.169202556333577e-9	0.0047283235247936465	0.0009306508129051376
296.	0.	1.0907089169163244e-9	0.004714681765682593	0.0009304289949813603
297.	0.	1.0174777427296922e-9	0.0047011393080795124	0.0009302204587131208
298.	0.	9.491536845518527e-10	0.004687680122670708	0.0009300221347404897
299.	0.	8.854058137576643e-10	0.004674288667598327	0.0009298310177600819
300.	0.	8.259258887449745e-10	0.004660949886196088	0.0009296441670910187
301.	0.	7.704267696025257e-10	0.004647649204457561	0.0009294587071911631
301.99999999999994	0.	7.18640961293258e-10	0.004634372528242269	0.0009292718281238661
303.	0.	6.70319161828247e-10	0.004621106240228866	0.0009290807859752937
303.99999999999994	0.	6.25229062503413e-10	0.004607837196620421	0.0009288829032236422
305.	0.	5.831541336875558e-10	0.00459455272361068	0.0009286755690598492
306.	0.	5.438924985403106e-10	0.004581240613618508	0.0009284562396609226
307.	0.	5.072560006301791e-10	0.0045678891212965885	0.0009282224384162975
308.	0.	4.730691313254921e-10	0.004554486959323588	0.0009279717561078906
309.	0.	4.411682783693991e-10	0.00454102329398663	0.0009277018510442801
310.	0.	4.1140083496044634e-10	0.004527487740561856	0.0009274104491502364
310.99999999999994	0.	3.836244209820935e-10	0.004513870358501215	0.0009270953440116128
312.	0.	3.5770626165967585e-10	0.004500161646431416	0.0009267543968770876
312.99999999999994	0.	3.3352251171903115e-10	0.004486352536976102	0.0009263855366168037
314.	0.	3.109575444707315e-10	0.004472434391405319	0.0009259867596393941
314.99999999999994	0.	2.899035520692795e-10	0.004458398994123425	0.0009255561297678007
316.	0.	2.702598760393212e-10	0.004444238546999552	0.0009250917780747376
317.	0.	2.5193260779794215e-10	0.004429945663552562	0.0009245919026788384
318.	0.	2.3483409250201815e-10	0.004415513362993599	0.0009240547685023212
319.	0.	2.1888255405517314e-10	0.004400935064137847	0.0009234787069910803
320.	0.	2.0400157840193103e-10	0.0043862045791909785	0.0009228621157979485
321.	0.	1.9011994063389208e-10	0.004371316107417612	0.0009222034584303844
321.99999999999994	0.	1.771710703185831e-10	0.0043562642287007965	0.0009215012638633019
323.	0.	1.650928402629675e-10	0.004341043896997815	0.0009207541261178363
323.99999999999994	0.	1.5382728224847233e-10	0.0043256504337015455	0.0009199607038076258
325.	0.	1.4332025028803401e-10	0.004310079520913842	0.0009191197196528683
326.	0.	1.3352121142624457e-10	0.0042943271946372765	0.0009182299599633585
327.	0.	1.2438291709413022e-10	0.004278389837893038	0.0009172902740919539
328.	0.	1.1586134024674531e-10	0.004262264173772956	0.0009162995738587176
329.	0.	1.0791533496631374e-10	0.0042459472584294175	0.0009152568329472148
330.	0.	1.0050649458572524e-10	0.004229436474013046	0.0009141610862738005
330.99999999999994	0.	9.359889024180534e-11	0.0042127295215634575	0.0009130114293309913
332.	0.	8.71591038927976e-11	0.0041958244138580614	0.0009118070175055358
332.99999999999994	0.	8.115579604652751e-11	0.004178719468229013	0.0009105470653730874
334.	0.	7.555979979512628e-11	0.004161413299349454	0.0009092308459691423
335.	0.	7.03438413374296e-11	0.004143904811999649	0.0009078576900383553
336.	0.	6.548246504169272e-11	0.004126193193816839	0.0009064269852628519
337.	0.	6.095190888955251e-11	0.004108277908033624	0.0009049381754701192
338.	0.	5.672995284811698e-11	0.004090158686214021	0.0009033907598222304
339.	0.	5.279590551187792e-11	0.0040718355209872735	0.0009017842919864723
339.99999999999994	0.	4.913037564658695e-11	0.0040533086587910515	0.0009001183792891747
341.	0.	4.571534844239004e-11	0.0040345785926240415	0.0008983926818531605
341.99999999999994	0.	4.253395149781218e-11	0.004015646054815779	0.0008966069117196766
343.	0.	3.957043152665264e-11	0.003996512009818388	0.0008947608319564506
343.99999999999994	0.	3.681010582135439e-11	0.003977177647023866	0.0008928542557518488
345.	0.	3.4239239786917586e-11	0.003957644373612321	0.0008908870454965728
346.	0.	3.184506668759622e-11	0.003937913807436181	0.0008888591118540588
347.	0.	2.961561315453668e-11	0.003917987769943742	0.0008867704128196492
348.	0.	2.7539715573756758e-11	0.003897868279146208	0.000884620952770246
349.	0.	2.560696304917728e-11	0.0038775575426332216	0.0008824107815046098
350.	0.	2.3807687693865056e-11	0.0038570579506406366	0.0008801399932759654
350.99999999999994	0.	2.213278291979508e-11	0.0038363720691721	0.0008778087258166135
352.	0.	2.057378832875264e-11	0.003815502633182203	0.0008754171593567319
352.99999999999994	0.	1.9122827833219678e-11	0.003794452539820658	0.0008729655156369349
354.	0.	1.7772546425373523e-11	0.0037732248417421577	0.000870454056916019
355.	0.	1.6516070331141338e-11	0.003751822740487298	0.0008678830849748427
356.	0.	1.534696623618533e-11	0.003730249579932657	0.0008652529401163803
357.	0.	1.4259298707799972e-11	0.003708508839818949	0.0008625640001634576
358.	0.	1.3247464513648892e-11	0.0036866041293550276	0.0008598166794545162
359.	0.	1.230624846663607e-11	0.003664539180901912	0.0008570114278379131
359.99999999999994	0.	1.1430854655003459e-11	0.0036423178437413814	0.0008541487296660959
361.	0.	1.0616713126726715e-11	0.003619944077928572	0.0008512291027897949
361.99999999999994	0.	9.859634134383904e-12	0.0035974219482314395	0.000848253097552755
363.	0.	9.155663327601244e-12	0.0035747556181609215	0.0008452212957885444
363.99999999999994	0.	8.501185912403862e-12	0.0035519493440911323	0.0008421343098188712
365.	0.	7.892705277163305e-12	0.0035290074694739795	0.0008389927814549884
366.	0.	7.327122039181046e-12	0.00350593441914764	0.0008357973810024088
367.	0.	6.801411368089527e-12	0.0034827346937416096	0.0008325488062691975
368.	0.	6.312801337174887e-12	0.003459412864180192	0.0008292477815791927
368.99999999999994	0.	5.858775913081301e-12	0.0034359735662846855	0.0008258950567898348
370.	0.	5.4368758642448416e-12	0.0034124214954754963	0.0008224914063156318
370.99999999999994	0.	5.044877157278046e-12	0.003388761401577167	0.0008190376281579405
372.	0.	4.680717458103417e-12	0.0033649980837241454	0.0008155345429407711
372.99999999999994	0.	4.34242206611615e-12	0.0033411363853713713	0.0008119829929541529
374.	0.	4.028206579857394e-12	0.0033171811894082202	0.0008083838412045262
375.	0.	3.736377245135725e-12	0.003293137413376973	0.0008047379704733297
376.	0.	3.465382844569368e-12	0.0032690100047977283	0.0008010462823838279
377.	0.	3.2137145329639667e-12	0.00324480393659796	0.0007973096964768038
378.	0.	2.9800843002805475e-12	0.0032205242026492093	0.0007935291492950759
379.	0.	2.7631470581267724e-12	0.003196175813409517	0.0007897055934781536
379.99999999999994	0.	2.5617804068463876e-12	0.003171763791673349	0.0007858399968660331
381.	0.	2.374882507272754e-12	0.0031472931684272576	0.0007819333416139258
381.99999999999994	0.	2.2013980671425435e-12	0.0031227689788136262	0.0007779866233171224
383.	0.	2.0404204807913816e-12	0.003098196258199911	0.0007740008501468149
384.	0.	1.891040059150104e-12	0.0030735800383551322	0.0007699770419972595
385.	0.	1.75242065114858e-12	0.00304892534373304	0.0007659162296443488
386.	0.	1.6238254391386894e-12	0.0030242371878604745	0.0007618194539157284
387.	0.	1.5045411455128497e-12	0.0029995205698320005	0.0007576877648731778
388.	0.	1.3938783787162163e-12	0.002974780470910059	0.0007535222210071011
388.99999999999994	0.	1.2912480147968506e-12	0.0029500218512286337	0.000749323888443394
390.	0.	1.1960599717833858e-12	0.002925249646603167	0.0007450938401632514
390.99999999999994	0.	1.1077994916892682e-12	0.0029004687654416075	0.0007408331552354095
392.	0.	1.025951293493592e-12	0.002875684085760294	0.0007365429180619157
392.99999999999994	0.	9.50075715405488e-13	0.002850900452301015	0.0007322242176368099
394.	0.	8.797581559311638e-13	0.0028261226737489324	0.0007278781468182043
395.	0.	8.145334439343553e-13	0.0028013555200522362	0.0007235058016140572
396.	0.	7.54113330468099e-13	0.0027766037198397957	0.000719108280481358
397.	0.	6.981086474418495e-13	0.002751871957938645	0.0007146866836393262
397.99999999999994	0.	6.46181030006016e-13	0.002727164872987891	0.00071024211239633
399.	0.	5.980931406548048e-13	0.0027024870551500247	0.000705775668490755
399.99999999999994	0.	5.535324191815977e-13	0.0026778430439172254	0.0007012884534461619
401.	0.	5.122371019131853e-13	0.002653237326011615	0.0006967815679401633
401.99999999999994	0.	4.73996054393828e-13	0.0026286743333792037	0.0006922561111878335
403.	0.	4.385734980051507e-13	0.002604158441275169	0.0006877131803392827
404.	0.	4.057592589153663e-13	0.002579693966440281	0.0006831538698913672
405.	0.	3.7536869691404e-13	0.002555285165366343	0.0006785792711138204
406.	0.	3.4724261124295137e-13	0.0025309362326497	0.0006739904714895922
407.	0.	3.211725312024312e-13	0.002506651299431619	0.0006693885541696821
408.	0.	2.970501461917584e-13	0.002482434431924339	0.0006647745974420977
408.99999999999994	0.	2.7471786332390753e-13	0.002458289630020512	0.0006601496742153015
410.	0.	2.5404350438582136e-13	0.0024342208259856136	0.000655514851515761
410.99999999999994	0.	2.3492014560423056e-13	0.0024102318832319772	0.0006508711899999266
412.	0.	2.1719202885551616e-13	0.0023863265951715833	0.0006462197434802956
412.99999999999994	0.	2.0080262244737138e-13	0.002362508684148367	0.0006415615584658055
414.	0.	1.8564646279245467e-13	0.0023387818004464633	0.0006368976737161575
415.	0.	1.716186649571192e-13	0.0023151495213743324	0.0006322291198103437
416.	0.	1.5861497027994005e-13	0.00229161535042234	0.0006275569187291395
417.	0.	1.4660490657330873e-13	0.0022681827164935213	0.0006228820834513751
417.99999999999994	0.	1.3548509682036895e-13	0.0022448549732044043	0.0006182056175642916
419.	0.	1.2520141933224614e-13	0.0022216353982555314	0.0006135285148874068
419.99999999999994	0.	1.1570006667555766e-13	0.002198527192870053	0.0006088517591100108
421.	0.	1.069034312528473e-13	0.0021755334812979758	0.0006041763234424094
421.99999999999994	0.	9.878265640860853e-14	0.0021526573103863383	0.0005995031702804416
423.	0.	9.126099679602497e-14	0.002129901649211524	0.000594833250883236
424.	0.	8.431025420879751e-14	0.0021072693887735617	0.0005901675050643468
425.	0.	7.787851380744265e-14	0.002084763341751493	0.0005855068608958276
426.	0.	7.193811369467782e-14	0.0020623862423164293	0.0005808522344251962
426.99999999999994	0.	6.643783449513375e-14	0.002040140746001783	0.0005762045294053507
428.	0.	6.13506068531246e-14	0.002018029429630135	0.0005715646370370004
428.99999999999994	0.	5.667318218432833e-14	0.0019960547912929263	0.0005669334357235779
430.	0.	5.2331640343250095e-14	0.0019742192503839234	0.0005623117908387446
430.99999999999994	0.	4.832325558354005e-14	0.0019525251476827075	0.000557700554505799
432.	0.	4.4621864579050576e-14	0.0019309747454887268	0.0005531005653892718
432.99999999999994	0.	4.120155247111034e-14	0.0019095702278030232	0.0005485126484985151
434.	0.	3.803666135947223e-14	0.001888313700556379	0.0005439376150027123
435.	0.	3.510179857522019e-14	0.0018672071918833476	0.000539376262057845
436.	0.	3.241803125851204e-14	0.0018462526524394957	0.0005348293726446748
437.	0.	2.99140269466419e-14	0.001825451955760747	0.0005302977154181309
437.99999999999994	0.	2.7611108634624384e-14	0.0018048068986642992	0.0005257820445677354
439.	0.	2.5484547346422862e-14	0.0017843192016885117	0.0005212830996887356
439.99999999999994	0.	2.3532689545896022e-14	0.0017639905095707905	0.0005168016056641676
441.	0.	2.1708460481920273e-14	0.0017438223917624642	0.0005123382725571409
441.99999999999994	0.	2.0033274421684507e-14	0.0017238163429787044	0.0005078937955136054
443.	0.	1.8483130953185925e-14	0.0017039737837823208	0.0005034688546751883
444.	0.	1.7056800904130874e-14	0.0016842960612005863	0.0004990641151019999
445.	0.	1.5730668269810706e-14	0.001664784449372803	0.0004946802267051227
446.	0.	1.4526025732720923e-14	0.0016454401502282209	0.0004903178241887035
446.99999999999994	0.	1.3397193782359333e-14	0.0016262642941922473	0.00048597752700143323
448.	0.	1.2365534314003016e-14	0.0016072579409208906	0.0004816599392972114
448.99999999999994	0.	1.1407982513581969e-14	0.001588422080060407	0.00047736564990467814
450.	0.	1.0523763986825191e-14	0.0015697576320321636	0.00047309523230566725
450.99999999999994	0.	9.712100707852284e-15	0.00155126544884197	0.00046884924462225287
452.	0.	8.950421789098e-15	0.0015329463149107146	0.0004646282296120833
453.	0.	8.259902535117066e-15	0.0015148009479275322	0.00046043271467210664
454.	0.	7.618137596245042e-15	0.0014968299997221986	0.0004562632118501106
455.	0.	7.02459484030429e-15	0.0014790340571573196	0.00045212021786419904
455.99999999999994	0.	6.478741000533942e-15	0.0014614136430383003	0.0004480042141299944
457.	0.	5.980041802060793e-15	0.0014439692170398252	0.000443915666794992
457.99999999999994	0.	5.506688465912251e-15	0.00142670117664877	0.00043985502678053597
459.	0.	5.079592036815591e-15	0.001409609858121124	0.00043582272983044157
459.99999999999994	0.	4.6771162235643375e-15	0.001392695537453468	0.0004318191965668755
461.	0.	4.319998828773174e-15	0.0013759584313666323	0.0004278448325525668
461.99999999999994	0.	3.986776988387926e-15	0.0013593986983007804	0.000423900028359697
463.	0.	3.6771753744284154e-15	0.001343016439422625	0.0004199851596450992
464.	0.	3.3909191504863107e-15	0.0013268116996404077	0.0004161005872313692
465.	0.	3.127734047976397e-15	0.0013107844686297745	0.00041224665719413647
466.	0.	2.887346460990324e-15	0.001294934681866432	0.00040842370095483865
466.99999999999994	0.	2.6489900375251505e-15	0.001279262221666216	0.0004046320353792713
468.	0.	2.4534662901038534e-15	0.0012637669182316371	0.00040087196288127104
468.99999999999994	0.	2.2596033733884385e-15	0.0012484485507035276	0.00039714377153182517
470.	0.	2.087624547599934e-15	0.001233306848217613	0.000393447735172945
470.99999999999994	0.	1.917111832530905e-15	0.0012183414909645155	0.00038978411353651196
472.	0.	1.7681177990799127e-15	0.0012035521112533564	0.00038615315236782986
473.	0.	1.6203976209241925e-15	0.0011889382945768935	0.00038255508355345314
474.	0.	1.4938342564525032e-15	0.0011744995806789028	0.0003789901252534885
475.	0.	1.3881634526888462e-15	0.001160235464621912	0.0003754584820380488
475.99999999999994	0.	1.2833990710483353e-15	0.001146145397855331	0.00037196034502738856
477.	0.	1.179533012510607e-15	0.0011322287892829744	0.00036849589203629557
477.99999999999994	0.	1.0765571577001867e-15	0.0011184850063294509	0.00036506528772171535
479.	0.	9.93936288119691e-16	0.0011049133760045668	0.00036166868373405467
479.99999999999994	0.	9.314138077084652e-16	0.0010915131859655597	0.0003583062188716881
481.	0.	8.501199826806889e-16	0.001078283685576096	0.00035497801923871586
481.99999999999994	0.	7.887467804841146e-16	0.0010652240869617948	0.00035168419840564586
483.	0.	7.278983256999501e-16	0.0010523335660615769	0.0003484248575729047
484.	0.	6.675689035498249e-16	0.0010396112636743373	0.0003452000857371543
484.99999999999994	0.	6.077527373029335e-16	0.0010270562865003438	0.00034200995985991556
486.	0.	5.673481890487054e-16	0.0010146677081770607	0.0003388545450389014
486.99999999999994	0.	5.272870583163656e-16	0.0010024445703087962	0.0003357338946812718
488.	0.	4.875651519419732e-16	0.0009903858834893998	0.00033264805067923577
488.99999999999994	0.	4.481782350285495e-16	0.0009784906283185396	0.00032959704358749846
490.	0.	4.0912201831132393e-16	0.0009667577564097517	0.0003265808928025753
491.	0.	3.703921472895215e-16	0.0009551861913909654	0.0003235996067437643
491.99999999999994	0.	3.504241730395078e-16	0.0009437748298967054	0.0003206531830357289
492.99999999999994	0.	3.1225868736360364e-16	0.0009325225425515569	0.00031774160869246234
494.	0.	2.9269761297136844e-16	0.000921428174944472	0.0003148648603025605
495.	0.	2.7329858203035243e-16	0.0009104905485940108	0.00031202290421571523
496.	0.	2.540591835019548e-16	0.0008997084619034435	0.00030921569673020397
496.99999999999994	0.	2.349769777221169e-16	0.0008890806911062551	0.00030644318428131324
497.99999999999994	0.	2.1604949189522395e-16	0.0008786059912010245	0.00030370530363064014
499.	0.	1.9727421632611907e-16	0.0008682830968759242	0.0003010019820559798
500.	0.	1.7864860131245598e-16	0.0008581107234221582	0.00029833313754195815
500.99999999999994	0.	1.6017005462838724e-16	0.0008480875676366256	0.0002956986789709832
501.99999999999994	0.	1.5956251735898536e-16	0.0008382123087126058	0.0002930985063146064
503.	0.	1.413035307019189e-16	0.0008284836091198864	0.000290532510825301
504.	0.	1.2318448757778848e-16	0.0008189001154719674	0.00028800057522806473
505.	0.	1.227321313416135e-16	0.0008094604593821388	0.00028550257391247324
505.99999999999994	0.	1.0482083841791902e-16	0.0008001632583070874	0.0002830383731244113
506.99999999999994	0.	1.0444489830680922e-16	0.0007910071163782472	0.00028060783115775
508.	0.	8.673382252003465e-17	0.00078199062522059	0.0002782107985458746
509.	0.	8.643056084688269e-17	0.0007731123647588314	0.00027584711825276984
509.99999999999994	0.	8.613228122053405e-17	0.0007643709040111068	0.00027351662586380687
510.99999999999994	0.	6.867751241665066e-17	0.0007557648018693386	0.0002712191497759442
512.	0.	6.84471179794035e-17	0.0007472926078670647	0.0002689545113874037
513.	0.	6.822080374262184e-17	0.0007389528629339491	0.0002667225252867286
514.	0.	5.100728129384602e-17	0.0007307441001372278	0.00026452299944101205
514.9999999999999	0.	5.0843855904315376e-17	0.0007226648454097174	0.00026235573538336643
516.	0.	5.068355766439766e-17	0.0007147136182650411	0.00026022052839955797
517.	0.	5.052642056175705e-17	0.0007068889324987225	0.0002581171677135497
518.	0.	5.037247895496659e-17	0.0006991892968766568	0.00025604543667215253
518.9999999999999	0.	3.3492523366417714e-17	0.000691613215809585	0.0002540051129285041
520.	0.	3.3394166373273624e-17	0.0006841591900143566	0.0002519959686244211
521.	0.	3.329797630281463e-17	0.0006768257171617728	0.00025001777057153735
522.	0.	3.3203977376714076e-17	0.0006696112925107702	0.0002480702804310945
523.	0.	3.3112193255963375e-17	0.0006625144095290051	0.0002461532548924957
524.	0.	3.3022646893361437e-17	0.0006555335605005197	0.00024426644585039397
525.	0.	1.6483540252634957e-17	0.0006486672371191946	0.00024240960058030775
526.	0.	1.6440723249481244e-17	0.0006419139310692815	0.0002405824619128228
527.	0.	1.639903201297707e-17	0.0006352721345923782	0.00023878476840616253
527.9999999999999	0.	1.6358479562752512e-17	0.0006287403410409084	0.00023701625451719868
529.	0.	1.631907821019629e-17	0.0006223170454185793	0.00023527665077079058
530.	0.	1.6280839527460164e-17	0.000616000744907145	0.00023356568392746092
531.	0.	1.6243774327185462e-17	0.0006097899393802862	0.00023188307714931802
532.	0.	1.6207892651184465e-17	0.0006036831319041917	0.00023022855016419365
533.	0.	1.6173203766587886e-17	0.0005976788292251539	0.0002286018194280427
534.	0.	1.6139716168125976e-17	0.0005917755422440198	0.00022700259828540493
535.	0.	1.6107437585430903e-17	0.0005859717864777945	0.00022543059712803394
536.	0.	1.6076374994365678e-17	0.0005802660825084548	0.00022388552355160623
536.9999999999999	0.	1.604653463155658e-17	0.0005746569564189091	0.00022236708251049457
538.	0.	1.6017922011410587e-17	0.000569142940216479	0.00022087497647057204
539.	0.	2.053982515788233e-20	0.0005637225722435602	0.0002194089055599461
540.	0.	1.9708848743271526e-20	0.0005583943975761513	0.0002179685677177916
540.9999999999999	0.	1.889119292962804e-20	0.0005531569684098326	0.00021655365884105268
542.	0.	1.808877378609733e-20	0.000548008844433651	0.0002151638729290271
543.	0.	1.7303241011575856e-20	0.0005429485931918845	0.00021379890222600375
544.	0.	1.653599666749118e-20	0.0005379747904337423	0.00021245843736161405
545.	0.	1.578821364101734e-20	0.000533086020451447	0.00021114216748923314
545.9999999999999	0.	1.506085367085676e-20	0.0005282808764062397	0.0002098497804220521
547.	0.	1.435468481365103e-20	0.0005235579606431921	0.00020858096276710582
548.	0.	1.367029825324699e-20	0.0005189158849943071	0.00020733540005713077
549.	0.	1.3008124375534192e-20	0.0005143532710703879	0.00020611277688018653
549.9999999999999	0.	1.2368448062383336e-20	0.0005098687505417259	0.00020491277700706155
551.	0.	1.175142316851434e-20	0.0005054609654077898	0.0002037350835165561
552.	0.	1.1157086163013327e-20	0.0005011285682559995	0.0002025793789184779
553.	0.	1.0585368928146335e-20	0.0004968702225097425	0.00020144534527446523
554.	0.	1.003611072194449e-20	0.0004926846026659281	0.0002003326643165405
554.9999999999999	0.	9.509069313540671e-21	0.0004885703945218878	0.00019924101756347822
556.	0.	9.003931312795973e-21	0.0004845262953921977	0.00019817008643488655
557.	0.	8.520321716471834e-21	0.00048055101431526123	0.00019711955236312323
558.	0.	8.057812701451357e-21	0.00047664327225002196	0.0001960890969029212
558.9999999999999	0.	7.615931693565276e-21	0.00047280180226269786	0.00019507840183880483
560.	0.	7.194168748706886e-21	0.0004690253497039629	0.00019408714929025636
561.	0.	6.791983278083026e-21	0.0004653126723767074	0.00019311502181466867
562.	0.	6.408810156467083e-21	0.00046166254069429283	0.0001921617025080653
563.	0.	6.044065246964337e-21	0.0004580737378297513	0.0001912268751035958
563.9999999999999	0.	5.697150380211077e-21	0.0004545450598559172	0.00019031022406782559
565.	0.	5.36745782215786e-21	0.0004510753158766751	0.00018941143469479446
566.	0.	5.054374266291351e-21	0.00044766332814969215	0.00018853019319789194
567.	0.	4.757284383480782e-21	0.00044430793220030947	0.00018766618679953934
567.9999999999999	0.	4.475573962018693e-21	0.00044100797692740154	0.00018681910381866215
569.	0.	4.208632669736073e-21	0.00043776232470077003	0.00018598863375603484
570.	0.	3.9558564675456e-21	0.0004345698514506965	0.00018517446737738248
571.	0.	3.716649703586725e-21	0.0004314294467494328	0.0001843762967944298
572.	0.	3.490426914319308e-21	0.0004283400138851365	0.00018359381554373477
572.9999999999999	0.	3.2766143587955093e-21	0.0004253004699281519	0.00018282671866340955
574.	0.	3.074651309450975e-21	0.000422309745789938	0.00018207470276776223
575.	0.	2.883991122725799e-21	0.0004193667862748044	0.0001813374661197993
576.	0.	2.704102109841907e-21	0.00041647055012443993	0.0001806147087016653
576.9999999999999	0.	2.5344682280745627e-21	0.0004136200100556827	0.00017990613228298152
578.	0.	2.3745896102865975e-21	0.0004108141527914939	0.00017921144048720655
579.	0.	2.2239829501737905e-21	0.0004080519790853216	0.00017853033885587813
580.	0.	2.082181758495015e-21	0.00040533250373898374	0.0001778625349108726
581.	0.	1.948736505079745e-21	0.0004026547556143846	0.00017720773821467868
582.	0.	1.8232146598747616e-21	0.00040001777763902133	0.00017656566042867464
583.	0.	1.705200645170566e-21	0.0003974206268055342	0.000175936015369403
584.	0.	1.5942957104561667e-21	0.0003948623741655082	0.00017531851906300662
585.	0.	1.490117739880933e-21	0.0003923421048175439	0.00017471288979763013
585.9999999999999	0.	1.3923010019674308e-21	0.000389858917889802	0.00017411884817394337
587.	0.	1.3004958497810132e-21	0.00038741192651727235	0.00017353611715386643
588.	0.	1.214368379504514e-21	0.0003850002578137626	0.00017296442210729316
589.	0.	1.133600054183256e-21	0.0003826230528388648	0.0001724034908570947
589.9999999999999	0.	1.0578872990708994e-21	0.00038027946655991296	0.00017185305372223518
591.	0.	9.869410741224503e-22	0.0003779686678093515	0.00017131284355912155
592.	0.	9.204864286985795e-22	0.0003756898392372816	0.00017078259580115209
593.	0.	8.582620430309313e-22	0.00037344217725954594	0.00017026204849653225
594.	0.	8.000197604266575e-22	0.00037122489200164	0.0001697509423443724
594.9999999999999	0.	7.455241137620718e-22	0.0003690372072381851	0.00016924902072902988
596.	0.	6.94551849401991e-22	0.0003668783603284142	0.00016875602975282262
597.	0.	6.468914513215689e-22	0.00036474760214782445	0.0001682717182670554
598.	0.	6.023426677688879e-22	0.0003626441970158074	0.0001677958379014006
598.9999999999999	0.	5.607160425982144e-22	0.00036056742261979534	0.0001673281430916892
600.	0.	5.218324530381939e-22	0.00035851656993573936	0.00016686839110610242
601.	0.	4.8552265542420645e-22	0.00035649094314528664	0.00016641634206979107
602.	0.	4.516268401772755e-22	0.00035448985954951803	0.0001659717589879785
603.	0.	4.199941971327715e-22	0.00035251264947961855	0.00016553440776749921
603.9999999999999	0.	3.904824920409053e-22	0.0003505586562045371	0.00016510405723690148
605.	0.	3.629576550370116e-22	0.00034862723583561027	0.00016468047916506394
606.	0.	3.3729338153961485e-22	0.00034671775722843314	0.00016426344827833564
607.	0.	3.133707460796305e-22	0.00034482960188208725	0.00016385274227631672
607.9999999999999	0.	2.910778293060647e-22	0.00034296216383575425	0.00016344814184619246
609.	0.	2.7030935838470253e-22	0.0003411148495628332	0.00016304943067574156
610.	0.	2.5096636087100836e-22	0.00033928707786281225	0.00016265639546494715
611.	0.	2.3295583207112107e-22	0.00033747827975077116	0.00016226882593637032
612.	0.	2.161904158524813e-22	0.0003356878983449309	0.00016188651484414833
612.9999999999999	0.	2.0058809874781242e-22	0.0003339153887519264	0.00016150925798174873
614.	0.	1.8607191720849393e-22	0.00033216021795045767	0.000161136854188515
615.	0.	1.7256967777133743e-22	0.00033042186467285644	0.00016076910535494076
616.	0.	1.600136898771868e-22	0.00032869981928512	0.0001604058164267751
616.9999999999999	0.	1.4834051106144402e-22	0.0003269935836652381	0.00016004679540795506
618.	0.	1.3749070418806352e-22	0.0003253026710799855	0.00015969185336238084
619.	0.	1.274086063940887e-22	0.00032362660606035336	0.00015934080441457385
620.	0.	1.1804210938732255e-22	0.0003219649242756046	0.0001589934657492503
621.	0.	1.093424507275188e-22	0.000320317172406048	0.00015864965760979265
621.9999999999999	0.	1.0126401571997778e-22	0.00031868290801472237	0.00015830920329569251
623.	0.	9.37641495296829e-23	0.00031706169941797725	0.000157971929158969
624.	0.	8.680297914105394e-23	0.00031545312555508075	0.00015763766459955486
625.	0.	8.03432447674187e-23	0.0003138567758568916	0.00015730624205975257
625.9999999999999	0.	7.43501403346218e-23	0.0003122722501137785	0.000156977497017696
627.	0.	6.879116264952343e-23	0.000310699158342703	0.0001566512679798866
628.	0.	6.363596888736356e-23	0.0003091371206537452	0.00015632739647284633
629.	0.	5.88562420168003e-23	0.00030758576711597337	0.00015600572703385138
629.9999999999999	0.	5.442556381164465e-23	0.0003060447376228383	0.00015568610720082188
630.9999999999999	0.	5.031929508957684e-23	0.00030451368175704396	0.00015536838750136817
632.	0.	4.651446283493824e-23	0.0003029922586552039	0.00015505242144103404
633.	0.	4.298965387120004e-23	0.0003014801368720513	0.00015473806549070704
634.	0.	3.9724914758825175e-23	0.00029997699424445595	0.00015442517907330233
634.9999999999999	0.	3.6701657606334534e-23	0.000298482517755343	0.00015411362454966632
636.	0.	3.390257148912664e-23	0.00029699640339741037	0.00015380326720375586
637.	0.	3.131153918634818e-23	0.00029551835603682615	0.00015349397522711574
638.	0.	2.891355895500941e-23	0.0002940480892770072	0.00015318561970267385
638.9999999999999	0.	2.669467107168921e-23	0.0002925853253223922	0.00015287807458785714
640.	0.	2.4641888883820876e-23	0.0002911297948423847	0.00015257121669707088
641.	0.	2.27431341221789e-23	0.0002896812368354912	0.0001522649256835705
642.	0.	2.0987176239563696e-23	0.00028823939849367965	0.0001519590840206966
643.	0.	1.9363575548717686e-23	0.0002868040350670417	0.00015165357698255455
643.9999999999999	0.	1.7862629944091843e-23	0.0002853749097288003	0.00015134829262412614
645.	0.	1.647532500215295e-23	0.0002839517934407184	0.000151043121760833
646.	0.	1.5193287264908292e-23	0.00028253446481891115	0.00015073795794757932
647.	0.	1.400874052034303e-23	0.0002811227100002159	0.00015043269745728633
647.9999999999999	0.	1.291446490367932e-23	0.000279716322509016	0.0001501272392589576
649.	0.	1.190375865095779e-23	0.0002783151031246654	0.00014982148499524865
650.	0.	1.0970402347037529e-23	0.00027691885974958757	0.00014951533895962447
651.	0.	1.010862551623273e-23	0.0002755274072779101	0.00014920870807304704
652.	0.	9.313075414086343e-24	0.00027414056746491715	0.00014890150186030394
652.9999999999999	0.	8.578787884111991e-24	0.00027275816879713356	0.00014859363242588
654.	0.	7.901160153161699e-24	0.0002713800463632676	0.00014828501442951084
655.	0.	7.275925443933537e-24	0.000270006041725868	0.00014797556506133695
656.	0.	6.699129291180652e-24	0.00026863600279388816	0.0001476652040167432
656.9999999999999	0.	6.1671074546409034e-24	0.00026726978369606913	0.000147353853470852
658.	0.	5.676465326884605e-24	0.00026590724465523993	0.00014704143805271386
659.	0.	5.2240587410014816e-24	0.00026454825186355505	0.00014672788481921828
660.	0.	4.806976088420853e-24	0.0002631926773586739	0.00014641312322870837
661.	0.	4.422521662225814e-24	0.00026184039890092607	0.000146097085114356
661.9999999999999	0.	4.0682001463344504e-24	0.00026049129985146615	0.00014577970465726417
663.	0.	3.7417021760699254e-24	0.0002591452690515176	0.0001454609183593644
664.	0.	3.440890899778165e-24	0.0002578022007026081	0.00014514066501608984
665.	0.	3.163789475360723e-24	0.0002564619942479275	0.00014481888568883288
665.9999999999999	0.	2.9085694400755967e-24	0.0002551245542547522	0.00014449552367724403
667.	0.	2.6735398953560766e-24	0.00025378979029802074	0.00014417052449133954
668.	0.	2.457137452227766e-24	0.0002524576168450526	0.0001438438358234569
669.	0.	2.2579168860970076e-24	0.0002511279531413658	0.00014351540752004935
670.	0.	2.0745424533150182e-24	0.000249800723097749	0.00014318519155338597
670.9999999999999	0.	1.905779824491261e-24	0.00024847585517845746	0.00014285314199308748
672.	0.	1.7504885926068528e-24	0.00024715328229067706	0.00014251921497760104
673.	0.	1.6076153167445967e-24	0.0002458329416751245	0.00014218336868553308
674.	0.	1.4761870646844715e-24	0.00024451477479798454	0.00014184556330695862
674.9999999999999	0.	1.3553054198980366e-24	0.00024319872724398319	0.0001415057610146012
676.	0.	1.2441409209876635e-24	0.00024188474861080794	0.00014116392593501137
677.	0.	1.1419279034339458e-24	0.0002405727924047335	0.0001408200241196486
678.	0.	1.0479597157281415e-24	0.00023926281593755834	0.0001404740235159755
678.9999999999999	0.	9.61584283638026e-25	0.00023795478022480975	0.00014012589393849702
679.9999999999999	0.	8.821999982350921e-25	0.00023664864988524358	0.00013977560703980083
681.	0.	8.092519048443446e-25	0.00023534439304165325	0.00013942313628159127
682.	0.	7.42228171719517e-25	0.00023404198122295813	0.00013906845690572718
683.	0.	6.806568185362861e-25	0.00023274138926764743	0.00013871154590529115
683.9999999999999	0.	6.241026863025806e-25	0.0002314425952285055	0.00013835238199568363
685.	0.	5.7216463140084655e-25	0.00023014558027865403	0.00013799094558573824
686.	0.	5.2447292775341305e-25	0.00022885032861896237	0.00013762721874890666
687.	0.	4.806868621595224e-25	0.00022755682738671805	0.00013726118519448522
687.9999999999999	0.	4.404925088777008e-25	0.00022626506656569446	0.00013689283023891083
688.9999999999999	0.	4.0360067052912387e-25	0.00022497503889749336	0.00013652214077713968
690.	0.	3.6974497324879186e-25	0.00022368673979426465	0.00013614910525408435
691.	0.	3.386801048809823e-25	0.0002224001672527082	0.0001357737136361712
692.	0.	3.101801858049698e-25	0.00022111532176945288	0.00013539595738297285
692.9999999999999	0.	2.8403726268089143e-25	0.00021983220625773509	0.00013501582941894988
694.	0.	2.6005991612037926e-25	0.0002185508259654102	0.00013463332410532596
695.	0.	2.380719739007298e-25	0.00021727118839431737	0.00013424843721205774
696.	0.	2.1791132194758208e-25	0.00021599330322092313	0.00013386116588994193
696.9999999999999	0.	1.9942880586260522e-25	0.00021471718221831654	0.00013347150864286708
698.	0.	1.8248721628947001e-25	0.00021344283917950916	0.00013307946530019023
699.	0.	1.669603518884263e-25	0.0002121702898420496	0.0001326850369892744
700.	0.	1.5273215413686343e-25	0.00021089955181396308	0.00013228822610817753
701.	0.	1.396959086035945e-25	0.0002096306445009516	0.00013188903629848497
701.9999999999999	0.	1.2775350771150533e-25	0.00020836358903494513	0.0001314874724183434
703.	0.	1.1681477038214723e-25	0.00020709840820389513	0.00013108354051562864
704.	0.	1.0679681427654683e-25	0.00020583512638289102	0.00013067724780131148
705.	0.	9.762347667751568e-26	0.00020457376946652486	0.00013026860262299836
705.9999999999999	0.	8.922478032974234e-26	0.0002033143648025633	0.0001298576144386692
707.	0.	8.153644083210787e-26	0.00020205694112685873	0.0001294442937905958
708.	0.	7.449941243232731e-26	0.00020080152849949925	0.00012902865227945435
709.	0.	6.805946929872737e-26	0.00019954815824226615	0.0001286107025386665
710.	0.	6.216681956123264e-26	0.000198296862877268	0.00012819045820889601
710.9999999999999	0.	5.677574962225973e-26	0.00019704767606684086	0.00012776793391281173
712.	0.	5.184429641115753e-26	0.00019580063255467576	0.00012734314523003143
713.	0.	4.7333945444684803e-26	0.00019455576810813687	0.00012691610867227642
714.	0.	4.320935270051935e-26	0.00019331311946179416	0.00012648684165878144
714.9999999999999	0.	3.943808847314451e-26	0.00019207272426215798	0.00012605536249189116
716.	0.	3.5990401509049626e-26	0.000190834621013573	0.00012562169033291032
717.	0.	3.283900185474923e-26	0.00018959884902532395	0.00012518584517817833
718.	0.	2.9958860962756204e-26	0.00018836544835987184	0.00012474784783537456
719.	0.	2.732702771379033e-26	0.00018713445978226314	0.000124307719900064
719.9999999999999	0.	2.492245911651008e-26	0.00018590592471064873	0.00012386548373247665
721.	0.	2.2725864537408649e-26	0.00018467988516799824	0.00012342116243454406
722.	0.	2.071956240216542e-26	0.0001834563837348437	0.00012297477982716127
723.	0.	1.8887348392361084e-26	0.0001822354635032188	0.00012252636042771003
723.9999999999999	0.	1.7214374232438506e-26	0.00018101716803162974	0.0001220759294278263
725.	0.	1.568703623537187e-26	0.0001798015413011618	0.00012162351267141603
726.	0.	1.4292872835976513e-26	0.00017858862767260154	0.00012116913663292576
727.	0.	1.3020470402682518e-26	0.0001773784718446784	0.0001207128283958772
727.9999999999999	0.	1.1859376672319869e-26	0.00017617111881332447	0.00012025461563163622
728.9999999999999	0.	1.0800021202559561e-26	0.0001749666138319489	0.00011979452657845777
730.	0.	9.833642285669433e-27	0.0001737650023728101	0.00011933259002079234
731.	0.	8.952219807748548e-27	0.0001725663300892987	0.00011886883526882714
732.	0.	8.148413580295442e-27	0.00017137064277931855	0.00011840329213832336
732.9999999999999	0.	7.41550670628662e-27	0.00017017798634957621	0.00011793599093068258
734.	0.	6.747353577975661e-27	0.00016898840678089726	0.00011746696241330458
735.	0.	6.13833213443695e-27	0.00016780195009448171	0.00011699623780018524
736.	0.	5.583300037425492e-27	0.0001666186623191002	0.00011652384873279201
736.9999999999999	0.	5.077554449166631e-27	0.0001654385894592455	0.00011604982726120561
737.9999999999999	0.	4.6167951224420014e-27	0.00016426177746419759	0.00011557420582551648
739.	0.	4.197090534760867e-27	0.00016308827219799717	0.00011509701723749367
740.	0.	3.8148468207365515e-27	0.00016191811941032255	0.00011461829466251931
741.	0.	3.46677927534401e-27	0.00016075136470824306	0.00011413807160179015
741.9999999999999	0.	3.149886219711555e-27	0.00015958805352884453	0.00011365638187477724
743.	0.	2.8614250368515172e-27	0.0001584282311127304	0.00011317325960196075
744.	0.	2.5988902006746202e-27	0.00015727194247834407	0.00011268873918782476
745.	0.	2.3599931355412657e-27	0.0001561192323971433	0.00011220285530411886
745.9999999999999	0.	2.1426437564689972e-27	0.00015497014536956376	0.00011171564287338172
746.9999999999999	0.	1.9449335525572844e-27	0.00015382472560184924	0.00011122713705273553
748.	0.	1.7651200867214325e-27	0.00015268301698360316	0.00011073737321794053
749.	0.	1.601612795466224e-27	0.0001515450630661823	0.00011024638694771049
750.	0.	1.4529599815795313e-27	0.00015041090704181163	0.00010975421400829118
750.9999999999999	0.	1.3178369013226273e-27	0.000149280591723493	0.00010926089033830813
752.	0.	1.1950348557207073e-27	0.0001481541595256318	0.00010876645203386803
753.	0.	1.0834512027768567e-27	0.0001470316524454029	0.00010827093533392121
754.	0.	9.820802143158508e-28	0.0001459131120448347	0.00010777437660588001
754.9999999999999	0.	8.900047072739991e-28	0.00014479857943360284	0.00010727681233151238
756.	0.	8.063883849901517e-28	0.000143688095252485	0.00010677827909306112
757.	0.	7.3046882939745395e-28	0.00014258169965755308	0.0001062788135596588
758.	0.	6.61551089665193e-28	0.00014147943230498154	0.00010577845247395639
759.	0.	5.990018175786244e-28	0.0001403813323365327	0.00010527723263903426
759.9999999999999	0.	5.422439036911568e-28	0.0001392874383656869	0.0001047751909055611
761.	0.	4.907515723862775e-28	0.00013819778846439087	0.00010427236415918453
762.	0.	4.44045897191444e-28	0.0001371124201504328	0.00010376878930819483
763.	0.	4.0169070102256897e-28	0.0001360313703754416	0.0001032645032714241
763.9999999999999	0.	3.6328880885116468e-28	0.00013495467551343597	0.00010275954296638985
765.	0.	3.284786231054721e-28	0.00013388237134999707	0.00010225394529768873
766.	0.	2.9693099441992313e-28	0.0001328144930720055	0.00010174774714563316
767.	0.	2.683463627830201e-28	0.00013175107525791496	0.00010124098535512028
768.	0.	2.4245214607859555e-28	0.00013069215186860424	0.00010073369672475638
768.9999999999999	0.	2.190003550074437e-28	0.00012963775623872794	0.00010022591799620001
770.	0.	1.9776541512470744e-28	0.00012858792106865293	0.0000997176858437569
771.	0.	1.7854217830772858e-28	0.00012754267841682886	0.0000992090368641977
772.	0.	1.611441074657709e-28	0.00012650205969273455	0.00009870000756681793
772.9999999999999	0.	1.4540161969037872e-28	0.00012546609565026827	0.00009819063436371678
774.	0.	1.3116057423059543e-28	0.00012443481638163347	0.00009768095356031105
775.	0.	1.1828089289214547e-28	0.0001234082513117091	0.00009717100134607854
776.	0.	1.066353014308029e-28	0.00012238642919284296	0.00009666081378551422
776.9999999999999	0.	9.610818155789571e-29	0.00012136937810014337	0.00009615042680932163
777.9999999999999	0.	8.659452397600367e-29	0.00012035712542715288	0.00009563987620581477
779.	0.	7.799897373312486e-29	0.00011934969788199372	0.00009512919761253936
780.	0.	7.023495989183965e-29	0.00011834712148391079	0.00009461842650812067
781.	0.	6.322390220347991e-29	0.0001173494215602258	0.00009410759820430232
781.9999999999999	0.	5.689448809761608e-29	0.00011635662274367985	0.00009359674783822498
783.	0.	5.118201386077786e-29	0.00011536874897017986	0.0000930859103648878
784.	0.	4.6027784419216484e-29	0.00011438582347690415	0.00009257512054983619
785.	0.	4.137856659804745e-29	0.00011340786880079157	0.00009206441296204584
785.9999999999999	0.	3.718609118346507e-29	0.0001124349067773804	0.00009155382196700874
786.9999999999999	0.	3.340659951247353e-29	0.00011146695853998361	0.00009104338172002381
788.	0.	3.0000430677103295e-29	0.00011050404451923712	0.00009053312615968029
789.	0.	2.693164577790888e-29	0.0001095461844429405	0.00009002308900154583
790.	0.	2.4167685957252246e-29	0.00010859339733624638	0.00008951330373203499
790.9999999999999	0.	2.1679061237329785e-29	0.00010764570152213676	0.00008900380360248106
792.	0.	1.9439067435055892e-29	0.00010670311462223014	0.00008849462162339083
793.	0.	1.742352867221745e-29	0.0001057656535578624	0.0000879857905588846
794.	0.	1.5610563206629643e-29	0.00010483333455146458	0.0000874773429213256
794.9999999999999	0.	1.3980370515762083e-29	0.00010390617312820726	0.00008696931096612873
795.9999999999999	0.	1.2515037736855421e-29	0.00010298418411792814	0.00008646172668674347
797.	0.	1.119836374174966e-29	0.00010206738165730545	0.00008595462180982434
798.	0.	1.0015699266981617e-29	0.00010115577919229597	0.00008544802779056718
799.	0.	8.953801665195338e-30	0.00010024938948081599	0.00008494197580822246
799.9999999999999	0.	8.00070296451165e-30	0.00009934822459565647	0.00008443649676177911
801.	0.	7.145590042879386e-30	0.0000984522959276188	0.00008393162126580966
802.	0.	6.378695824293533e-30	0.00009756161418889214	0.00008342737964648942
803.	0.	5.691200505945667e-30	0.00009667618941663417	0.00008292380193777398
803.9999999999999	0.	5.0751419079243706e-30	0.00009579603097675136	0.00008242091787773793
804.9999999999999	0.	4.523334121180262e-30	0.00009492114756788399	0.00008191875690506926
806.	0.	4.029293701023083e-30	0.0000940515472256072	0.00008141734815572635
807.	0.	3.58717272005843e-30	0.00009318723732677144	0.00008091672045973919
808.	0.	3.1916980573347595e-30	0.00009232822459406015	0.00008041690233817216
808.9999999999999	0.	2.8381163539732315e-30	0.00009147451510070124	0.00007991792200022714
810.	0.	2.5221441178375813e-30	0.00009062611427535628	0.00007941980734049611
811.	0.	2.2399225059397592e-30	0.000089783026907154	0.00007892258593635937
812.	0.	1.9879763551039825e-30	0.00008894525715088889	0.00007842628504552375
812.9999999999999	0.	1.763177070827533e-30	0.00008811280853234482	0.00007793093160370213
814.	0.	1.5627090183902323e-30	0.0000872856839538093	0.00007743655222242496
815.	0.	1.3840390933908923e-30	0.00008646388569964588	0.00007694317318699492
816.	0.	1.2248891773593479e-30	0.00008564741544206812	0.00007645082045456823
816.9999999999999	0.	1.083211211294125e-30	0.00008483627424698424	0.0000759595196523672
817.9999999999999	0.	9.571646436559418e-31	0.0000840304625799953	0.0000754692960760232
819.	0.	8.450960320457256e-31	0.00008322998031246646	0.00007498017468804217
820.	0.	7.455205975263254e-31	0.00008243482672774304	0.00007449218011639396
821.	0.	6.571055492245514e-31	0.00008164500052743759	0.00007400533665323037
821.9999999999999	0.	5.786550130033859e-31	0.00008086049983783227	0.00007351966825370846
823.	0.	5.090964140080664e-31	0.00008008132221634769	0.00007303519853494237
824.	0.	4.474681759357755e-31	0.00007930746465813157	0.00007255195077506753
825.	0.	3.9290861301126444e-31	0.0000785389236026849	0.00007206994791241187
825.9999999999999	0.	3.446459017936801e-31	0.00007777569494059818	0.00007158921254478621
826.9999999999999	0.	3.019890305001301e-31	0.00007701777402034311	0.00007110976692887091
828.	0.	2.6431963309163417e-31	0.00007626515565512533	0.00007063163297972245
829.	0.	2.310846237124588e-31	0.00007551783412981444	0.00007015483227037305
830.	0.	2.017895552289442e-31	0.00007477580320791839	0.00006967938603153937
830.9999999999999	0.	1.7599263245174907e-31	0.0000740390561386007	0.00006920531515142224
832.	0.	1.5329931741662259e-31	0.00007330758566378263	0.00006873264017561631
833.	0.	1.3335746954674685e-31	0.00007258138402524978	0.00006826138130710121
834.	0.	1.1585296934213085e-31	0.00007186044297181647	0.00006779155840634149
834.9999999999999	0.	1.0050577873787049e-31	0.00007114475376652983	0.00006732319099146287
835.9999999999999	0.	8.706639581620463e-32	0.00007043430719389976	0.00006685629823853069
837.	0.	7.531266557496927e-32	0.00006972909356715505	0.00006639089898190614
838.	0.	6.504691202552397e-32	0.00006902910273553661	0.00006592701171469475
839.	0.	5.609336022537236e-32	0.00006833432409160404	0.00006546465458927734
839.9999999999999	0.	4.8295819854734346e-32	0.00006764474657855635	0.00006500384541791986
841.	0.	4.1515604567921226e-32	0.00006696035869758178	0.00006454460167346299
842.	0.	3.562966394568464e-32	0.00006628114851519167	0.00006408694049009407
843.	0.	3.052890699457713e-32	0.00006560710367060541	0.00006363087866419274
843.9999999999999	0.	2.611669817634047e-32	0.0000649382113830951	0.00006317643265524675
844.9999999999999	0.	2.2307508869080844e-32	0.00006427445845936788	0.00006272361858684614
846.	0.	1.9025708667164717e-32	0.00006361583130092669	0.00006227245224774498
847.	0.	1.6204482586654705e-32	0.00006296231591142721	0.00006182294909299193
848.	0.	1.3784861491584145e-32	0.00006231389790405602	0.00006137512424512795
848.9999999999999	0.	1.1714854341887388e-32	0.00006167056250884896	0.00006092899249544884
850.	0.	9.948671969204649e-33	0.000061032294580062445	0.00006048456830533241
851.	0.	8.446033083269433e-33	0.00006039907860345975	0.000060041865807624864
852.	0.	7.171544142158669e-33	0.000059770898703646805	0.00005960089880809188
852.9999999999999	0.	6.094145528379068e-33	0.000059147738651343644	0.00005916168078692075
853.9999999999999	0.	5.186617237491297e-33	0.000058529581870649294	0.0000587242249002868
855.	0.	4.4251379378252745e-33	0.0000579164114462891	0.00005828854398196919
856.	0.	3.7888918936923686e-33	0.00005730821013082609	0.00005785465054502456
857.	0.	3.2597187740547906e-33	0.000056704960351850504	0.000057422556783507944
857.9999999999999	0.	2.8218018862099513e-33	0.00005610664421914371	0.00005699227457424837
859.	0.	2.4613907993290774e-33	0.00005551324353179086	0.000056563815478669685
860.	0.	2.1665547530962722e-33	0.00005492473978528667	0.00005613719074465947
861.	0.	1.926963597309763e-33	0.000054341114178578485	0.0000557124113084869
861.9999999999999	0.	1.7336933358815056e-33	0.000053762347621102135	0.000055289487796757236
863.	0.	1.5790536616930673e-33	0.000053188420739744564	0.00005486843052841875
864.	0.	1.4564351214324662e-33	0.00005261931388579475	0.00005444924951680198
865.	0.	1.360173795630109e-33	0.000052055007141841205	0.00005403195447170319
865.9999999999999	0.	1.2854316066041123e-33	0.00005149548032861131	0.00005361655480150808
866.9999999999999	0.	1.2280905437378061e-33	0.000050940713011791993	0.000053203059615345936
868.	0.	1.184659295422182e-33	0.000050390684508792445	0.0000527914777252869
869.	0.	1.1521909123265136e-33	0.00004984537389544063	0.00005238181764856851
870.	0.	1.128210289398373e-33	0.000049304760012669085	0.00005197408760985595
870.9999999999999	0.	1.1106503699185556e-33	0.000048768821473103406	0.00005156829554353616
872.	0.	1.0977960957284623e-33	0.000048237536667642616	0.000051164449096039924
873.	0.	1.0882352301916686e-33	0.00004771088377195588	0.00005076255562819363
874.	0.	1.0808152739260331e-33	0.00004718884075294739	0.00005036262221760055
874.9999999999999	0.	1.0746057771863348e-33	0.0000466713853751364	0.000049964655661044675
875.9999999999999	0.	1.0688654272697024e-33	0.000046158495207012564	0.00004956866247692434
877.	0.	1.0630133560821617e-33	0.0000456501476273248	0.000049174648907707204
878.	0.	1.0566041771718331e-33	0.00004514631983130127	0.00004878262092241068
879.	0.	1.0493063085705459e-33	0.00004464698883681999	0.000048392584219100255
879.9999999999999	0.	1.0408831944361406e-33	0.00004415213149051581	0.00004800454422741308
881.	0.	1.0311770748893414e-33	0.000043661724473833586	0.00004761850611109771
882.	0.	1.0200949965946127e-33	0.00004317574430901285	0.00004723447477057527
883.	0.	1.0075967896965678e-33	0.00004269416736501938	0.000046852454845514075
883.9999999999999	0.	9.936847675487204e-34	0.00004221696986339641	0.000046472450717425545
884.9999999999999	0.	9.783949339757137e-34	0.00004174412788408393	0.00004609446651227175
886.	0.	9.617895076664112e-34	0.00004127561737113719	0.00004571850610308848
887.	0.	9.439505941782346e-34	0.00004081141413841219	0.00004534457311262185
888.	0.	9.249748572688327e-34	0.00004035149387517049	0.00004497267091597778
888.9999999999999	0.	9.04969057620429e-34	0.00003989583215162243	0.00004460280264328161
890.	0.	8.840463428138791e-34	0.000039444404424414283	0.00004423497118234724
891.	0.	8.62323187228101e-34	0.00003899718604202372	0.0000438691791813606
892.	0.	8.399168911768537e-34	0.000038554152250124255	0.00004350542905156624
892.9999999999999	0.	8.169435609241355e-34	0.0000381152781968592	0.00004314372296996367
893.9999999999999	0.	7.935165008563212e-34	0.000037680538938051865	0.00004278406288201134
895.	0.	7.697449563456268e-34	0.000037249909442362044	0.00004242645050433659
896.	0.	7.457331555010832e-34	0.0000368233645963571	0.00004207088732744847
897.	0.	7.2157960297872605e-34	0.000036400879209536105	0.000041717374618458705
897.9999999999999	0.	6.973765860721607e-34	0.000035982428019263216	0.00004136591342380286
899.	0.	6.732098581142397e-34	0.00003556798569565721	0.00004101650457196427
900.	0.	6.491584690139044e-34	0.00003515752684639709	0.00004066914867620426
901.	0.	6.252947166834046e-34	0.000034751026021469525	0.0000403238461372873
901.9999999999999	0.	6.016841970571979e-34	0.00003434845771784001	0.000039980597146213
902.9999999999999	0.	5.783859331809334e-34	0.00003394979638406509	0.000039639401686941235
904.	0.	5.554525668374754e-34	0.00003355501642483252	0.000039300259539122554
905.	0.	5.329305986291241e-34	0.00003316409220543686	0.00003896317028082358
906.	0.	5.108606643909853e-34	0.000032776998056179124	0.00003862813329124979
906.9999999999999	0.	4.892778379058776e-34	0.000032393708276715774	0.00003829514775346736
908.	0.	4.68211951283721e-34	0.000032014197140317494	0.00003796421265712034
909.	0.	4.476879258810129e-34	0.000031638438898086336	0.000037635326801142484
910.	0.	4.277261079344418e-34	0.000031266407783081724	0.00003730848879646819
910.9999999999999	0.	4.083426039367413e-34	0.00003089807801440629	0.0000369836970687316
911.9999999999999	0.	3.895496118436096e-34	0.000030533423801188025	0.00003666094986096599
913.	0.	3.713557449747755e-34	0.000030172419346537138	0.00003634024523629364
914.	0.	3.5376634609623747e-34	0.000029815038851414343	0.00003602158108060836
914.9999999999999	0.	3.3678378972564085e-34	0.00002946125651842474	0.000035704955105250235
915.9999999999999	0.	3.2040777127205157e-34	0.00002911104655557145	0.00003539036484967443
917.	0.	3.046355819728621e-34	0.00002876438317992717	0.00003507780768410854
918.	0.	2.8946236892984185e-34	0.000028421240621240294	0.00003476728081220272
919.	0.	2.748813798691041e-34	0.00002808159312547741	0.000034458781273668896
919.9999999999999	0.	2.6088419250171102e-34	0.00002774541495831564	0.000034152305946910114
921.	0.	2.4746092849441884e-34	0.000027412680408549725	0.00003384785155164049
922.	0.	2.3460045229415245e-34	0.00002708336379144272	0.00003354541465149135
923.	0.	2.2229055513568403e-34	0.000026757439452028178	0.00003324499165660972
923.9999999999999	0.	2.1051812467153954e-34	0.00002643488176832472	0.0000329465788262408
924.9999999999999	0.	1.992693007622837e-34	0.00002611566515450047	0.00003265017227130222
926.	0.	1.8852961798121783e-34	0.00002579976406398959	0.000032355767956942576
927.	0.	1.782841354842114e-34	0.00002548715299251536	0.000032063361705087385
928.	0.	1.6851755487919113e-34	0.000025177806481074935	0.00003177294919697281
928.9999999999999	0.	1.592143267545332e-34	0.000024871699118864952	0.0000314845259756653
930.	0.	1.5035874656175097e-34	0.000024568805546122658	0.00003119808744856608
931.	0.	1.4193504049155704e-34	0.000024269100456950112	0.00003091362888990237
932.	0.	1.3392744203129033e-34	0.000023972558602025055	0.000030631145443201847
932.9999999999999	0.	1.2632025983308974e-34	0.000023679154791297305	0.00003035063212375596
933.9999999999999	0.	1.1909793752307318e-34	0.000023388863896603512	0.00003007208382106254
935.	0.	1.1224510606916706e-34	0.000023101660854235875	0.000029795495301257147
936.	0.	1.057466292691852e-34	0.00002281752066743895	0.00002952086120952704
937.	0.	9.95876429346576e-35	0.000022536418408868807	0.000029248176072506593
937.9999999999999	0.	9.375358828989811e-35	0.000022258329222972373	0.000028977434300660526
939.	0.	8.823024008416082e-35	0.000021983228328337502	0.000028708630190647106
940.	0.	8.300372989817552e-35	0.000021711091019962068	0.00002844175792766527
941.	0.	7.806056508200312e-35	0.0000214418926714925	0.000028176811587784298
941.9999999999999	0.	7.338764374667359e-35	0.000021175608737379507	0.000027913785140258078
942.9999999999999	0.	6.897226619490042e-35	0.000020912214755005797	0.000027652672449817914
944.	0.	6.480214315441283e-35	0.00002065168634675613	0.000027393467278950722
945.	0.	6.086540115554424e-35	0.000020393999222013097	0.000027136163290158148
946.	0.	5.715058535820219e-35	0.000020139129179130322	0.000026880754048196662
946.9999999999999	0.	5.364666012413104e-35	0.00001988705210733429	0.000026627233022301888
948.	0.	5.034300759675345e-35	0.000019637743988584077	0.000026375593588389824
949.	0.	4.722942453413688e-35	0.00001939118089937671	0.000026125829031243948
950.	0.	4.429611762087781e-35	0.000019147339012504953	0.000025877932546681054
950.9999999999999	0.	4.153369746265702e-35	0.00001890619459875935	0.000025631897243698646
951.9999999999999	0.	3.8933171453541906e-35	0.000018667724028593443	0.00002538771614660322
953.	0.	3.6485935682750583e-35	0.000018431903773735954	0.000025145382197118735
954.	0.	3.4183766039696214e-35	0.00001819871040874607	0.00002490488825647762
954.9999999999999	0.	3.201880865492447e-35	0.000017968120612527125	0.00002466622710748887
955.9999999999999	0.	2.998356980413069e-35	0.00001774011116981168	0.000024429391456590927
957.	0.	2.807090538887164e-35	0.000017514658972568182	0.000024194373935880943
958.	0.	2.627401009601623e-35	0.000017291741021387444	0.000023961167105125923
959.	0.	2.4586406327007444e-35	0.000017071334426816253	0.000023729763453755617
959.9999999999999	0.	2.3001932977497445e-35	0.000016853416410639192	0.00002350015540283275
960.9999999999999	0.	2.151473413975234e-35	0.000016637964307136387	0.000023272335307004784
962.	0.	2.011924779109741e-35	0.000016424955564275507	0.000023046295456435016
963.	0.	1.8810194523245974e-35	0.000016214367744879678	0.00002282202807871475
963.9999999999999	0.	1.758256636216057e-35	0.00001600617852773911	0.0000225995253407545
964.9999999999999	0.	1.6431615719537775e-35	0.000015800365708699182	0.00002237877935065391
966.	0.	1.535284451260001e-35	0.000015596907201680017	0.000022159782159554548
967.	0.	1.4341993482868453e-35	0.000015395781039693906	0.00002194252576346909
968.	0.	1.3395031739826495e-35	0.000015196965375785616	0.000021727002105092417
968.9999999999999	0.	1.2508146551513834e-35	0.000015000438483958234	0.000021513203075591837
969.9999999999999	0.	1.1677733399298804e-35	0.00001480617876005304	0.000021301120516376946
971.	0.	1.0900386311243154e-35	0.00001461416472258671	0.000021090746220849144
972.	0.	1.0172888485434611e-35	0.000014424375013565445	0.000020882071936131532
972.9999999999999	0.	9.492203210964825e-36	0.000014236788399242064	0.000020675089364777572
973.9999999999999	0.	8.85546509278228e-36	0.00001405138377085417	0.00002046979016645979
975.	0.	8.259971583662187e-36	0.00001386814014532212	0.000020266165959638968
976.	0.	7.703174825139403e-36	0.000013687036665904838	0.000020064208323212572
977.	0.	7.182673796941325e-36	0.000013508052602832961	0.00001986390879814222
977.9999999999999	0.	6.696206773721613e-36	0.000013331167353898065	0.000019665258889062425
979.	0.	6.241644085789479e-36	0.000013156360445016432	0.000019468250065868597
980.	0.	5.816981180001277e-36	0.000012983611530749153	0.000019272873765284167
980.9999999999999	0.	5.420331975867684e-36	0.000012812900394805972	0.000019079121392408974
982.	0.	5.0499225108843615e-36	0.000012644206950502385	0.000018886984322246963
982.9999999999999	0.	4.704084868762309e-36	0.00001247751124119192	0.000018696453901213977
983.9999999999999	0.	4.3812513835876296e-36	0.000012312793440672656	0.000018507521448625603
985.	0.	4.079949112134187e-36	0.00001215003385355371	0.000018320178258164764
985.9999999999999	0.	3.798794566887535e-36	0.00001198921291560006	0.000018134415599331682
987.	0.	3.5364887013308056e-36	0.000011830311194041991	0.000017950224718870298
988.	0.	3.291812139416823e-36	0.000011673309387858318	0.000017767596842178644
988.9999999999999	0.	3.063620640670902e-36	0.000011518188328043617	0.000017586523174698483
990.	0.	2.8508407924504257e-36	0.00001136492897782549	0.00001740699490328386
990.9999999999999	0.	2.6524659209173995e-36	0.000011213512432866204	0.0000172290031975527
992.	0.	2.4675522121016155e-36	0.00001106391992144664	0.000017052539211217775
993.	0.	2.295215034742911e-36	0.000010916132804608765	0.000016877594083398125
993.9999999999999	0.	2.1346254565128867e-36	0.000010770132576284027	0.00001670415893991272
995.	0.	1.9850069454770884e-36	0.000010625900863387857	0.000016532224894552962
995.9999999999999	0.	1.8456322486855887e-36	0.000010483419425895653	0.000016361783050338792
997.	0.	1.7158204400976256e-36	0.000010342670156894628	0.000016192824500753265
998.	0.	1.5949341300858584e-36	0.000010203635082608922	0.000016025340330960658
998.9999999999999	0.	1.4823768290881887e-36	0.000010066296362403873	0.000015859321619004264
1000.	0.	1.3775904581329597e-36	9.930636288769405e-6	0.000015694759436986085