0.	0.001172165232436428	0.00011721652324364275	0.000011721652324364276	1.1721652324364274e-6
1.	0.0003495575241351489	0.00010655997741936943	0.000010598986483181718	1.0615677579808611e-6
2.	0.00001866753057259219	0.00009652309497847293	9.567927911674842e-6	9.598114039679898e-7
3.	6.075732067922745e-7	0.0000871162689589818	8.622024471017904e-6	8.662896705595117e-7
4.	1.5211150314983645e-8	0.00007834142573901873	7.755227305530929e-6	7.804328282528972e-7
5.	3.216535687918764e-10	0.00007019318316459936	6.961868056664023e-6	7.017059089480474e-7
6.	6.029803228504455e-12	0.00006265996465714323	6.236637255874909e-6	6.2960679731011e-7
7.	1.0313594356342642e-13	0.00005572504968778028	5.574563840005824e-6	5.636644178024542e-7
8.	1.6402462127027466e-15	0.00004936754762221529	4.970995735278779e-6	5.034370129626935e-7
9.	2.449205019480292e-17	0.000043563287173494257	4.421581458435956e-6	4.4851050868549495e-7
10.	1.8529235963167604e-19	0.00003828561778484916	3.922252685859286e-6	3.984969624590466e-7
11.	2.529295894613442e-21	0.000033506122400673006	3.4692077437135e-6	3.530330906777411e-7
12.	3.3213616910777624e-23	0.000029195243440350822	3.0588959742745035e-6	3.117788713222185e-7
13.	4.2134899414844e-25	0.000025322825510893878	2.688002935632911e-6	2.7441621845958556e-7
14.	5.181126443844015e-27	0.000021858579601376496	2.353436393904983e-6	2.4064772517172204e-7
14.999999999999998	6.191746267692004e-29	0.000018772474296970648	2.052313068943224e-6	2.1019547166833e-7
16.	7.206503272834423e-31	0.000016035060018182798	1.7819460963197653e-6	1.8279989548400433e-7
17.	8.182443729938891e-33	0.000013617732502734484	1.5398331700607309e-6	1.5821872079537877e-7
18.	9.075107100965366e-35	0.000011492941762210467	1.3236453322418068e-6	1.3622594402551629e-7
18.999999999999996	9.841312011920258e-37	9.634352611571875e-6	1.1312163771174249e-6	1.1661087302841854e-7
20.	1.0441919565103046e-38	8.016962626528139e-6	9.605328389509936e-7	9.917721726701895e-8
21.	1.084437781035567e-40	6.6171830637559236e-6	8.097245341440499e-7	8.374222651350201e-8
22.	1.1024877494086465e-42	5.412887907947146e-6	6.770556296310009e-7	7.013587571146473e-8
23.	1.0969986341327926e-44	4.3834358082860995e-6	5.609162108154291e-7	5.8200093745481404e-8
24.	1.0677672927452119e-46	3.509669251425139e-6	4.5981432357632995e-7	4.778803396523065e-8
24.999999999999996	1.0157677529035219e-48	2.773894900917931e-6	3.723684660705589e-7	3.876338440869213e-8
26.	9.431232452840286e-51	2.1598486239206417e-6	2.9730050720303775e-7	3.099971576214087e-8
27.	8.530175095984958e-53	1.6526483318503757e-6	2.334290097315784e-7	2.4379865183981552e-8
28.	7.4955310268645e-55	1.2387373876306644e-6	1.796629370201274e-7	1.8795354204977517e-8
29.	6.375670160343172e-57	9.058209815582796e-7	1.3499572345499833e-7	1.4145838999315026e-8
29.999999999999996	5.2241559051633905e-59	6.427975527842355e-7	9.849968949523818e-8	1.0338591399352347e-8
31.	4.09741498904789e-61	4.3968703496562876e-7	6.932078324221592e-8	7.288009101947848e-9
32.	3.0523551300930493e-63	2.8755743305931e-7	4.667363128696829e-8	4.915153586114198e-9
32.99999999999999	2.1440499010095843e-65	1.784509931134966e-7	2.9836882428035394e-8	3.1473143304886164e-9
34.	1.423596420350379e-67	1.0531100743109575e-7	1.8148828649595103e-8	1.9175979849197967e-9
35.	9.3623346646854e-70	6.191010244742738e-8	1.1003288510678199e-8	1.1645412134113168e-9
36.	7.197868482380054e-72	4.278068467817657e-8	7.84573882315966e-9	8.317459859017565e-10
37.	8.034869124515358e-74	4.314806958859108e-8	8.169681190069785e-9	8.675361539662367e-10
37.99999999999999	1.207181295364403e-75	5.886668757255957e-8	1.1513230638271588e-8	1.2246342006340404e-9
39.	1.9409455929724187e-77	8.635964873659475e-8	1.7455914211614777e-8	1.8598571071897029e-9
40.	3.0050764386099514e-79	1.2256185220262754e-7	2.561566799436627e-8	2.7338303302419386e-9
41.	4.390436181497058e-81	1.6486674455008428e-7	3.5646021610134095e-8	3.810718930481056e-9
42.	6.079106343636026e-83	2.110767642637218e-7	4.723345979096231e-8	5.05797494061273e-9
42.99999999999999	8.045298446573261e-85	2.593574531605318e-7	6.009495113499024e-8	6.446100103943303e-9
44.	1.0256465591179657e-86	3.0819517035819114e-7	7.39756346709168e-8	7.948423157167878e-9
44.99999999999999	1.26745561225779e-88	3.56358308130507e-7	8.864665532372291e-8	9.54089087107097e-9
46.	1.5257351471953802e-90	4.0286188079199273e-7	1.0390313983047025e-7	1.1201872101252369e-8
47.	1.7959833403811585e-92	4.4693533647854887e-7	1.1956230508780843e-7	1.2911974137641746e-8
48.	2.073553092886192e-94	4.879934263639656e-7	1.354616913256587e-7	1.4653870676605236e-8
49.	2.3537803571320157e-96	5.256099555823695e-7	1.5145751289436569e-7	1.6412140772846718e-8
49.99999999999999	2.6321025019495976e-98	5.594942341254034e-7	1.6742311982762434e-7	1.8173118160276873e-8
51.	2.9041638989479836e-100	5.894700435358453e-7	1.8324756369984192e-7	1.9924750361449017e-8
52.	3.1659066993738846e-102	6.154569357062182e-7	1.9883426163672556e-7	2.1656467034281533e-8
53.	3.413645529138907e-104	6.374536829558448e-7	2.1409975266120434e-7	2.3359057032517015e-8
54.	3.644125533359547e-106	6.555237033240628e-7	2.2897254086486907e-7	2.502455368285541e-8
54.99999999999999	3.854563830311869e-108	6.697822912613829e-7	2.433920201882787e-7	2.66461278069602e-8
56.	4.0426749743820164e-110	6.80385491263479e-7	2.5730747587236317e-7	2.8217988040617987e-8
56.99999999999999	4.206681470719818e-112	6.87520460167025e-7	2.70677157908636e-7	2.973528802531387e-8
58.	4.345310728471539e-114	6.913971725486236e-7	2.834674220683885e-7	3.119404006938698e-8
59.	4.457780086774504e-116	6.922413327177605e-7	2.95651934331003e-7	3.259103489679484e-8
59.99999999999999	4.543771703869389e-118	6.902883659892522e-7	3.072109347599937e-7	3.3923767121434384e-8
61.	4.603399173088159e-120	6.857783711071131e-7	3.1813055709223613e-7	3.51903661039097e-8
62.	4.637167730388177e-122	6.78951924748839e-7	3.2840220051216614e-7	3.638953186570881e-8
63.	4.645929857940424e-124	6.700466378681559e-7	3.380219502786367e-7	3.752047575294973e-8
64.	4.6308379787586505e-126	6.592943721594133e-7	3.469900440583991e-7	3.8582865558252286e-8
65.	4.5932957902164544e-128	6.469190330895562e-7	3.5531038099685055e-7	3.957677482487752e-8
65.99999999999999	4.534909610604812e-130	6.331348637026114e-7	3.6299007072461936e-7	4.050263607213066e-8
67.	4.4574409227735855e-132	6.181451707280644e-7	3.700390196579877e-7	4.1361197695161166e-8
68.	4.362761101456908e-134	6.021414214006581e-7	3.764695521023259e-7	4.2153484305732905e-8
69.	4.25280911376388e-136	5.85302655817599e-7	3.822960638113172e-7	4.2880760293336696e-8
70.	4.129552791946592e-138	5.677951656189187e-7	3.875347057906565e-7	4.354449639816038e-8
70.99999999999999	3.9949540989264387e-140	5.497723952851703e-7	3.922030962644303e-7	4.4146339099044604e-8
72.	3.850938643956477e-142	5.31375027412318e-7	3.963200588442664e-7	4.46880826304917e-8
73.	3.699369560688285e-144	5.127312179642519e-7	3.999053850577306e-7	4.51716434532897e-8
74.	3.5420257344068497e-146	4.939569517346354e-7	4.029796195023201e-7	4.559903701323589e-8
75.	3.380584259743453e-148	4.7515649209185623e-7	4.0556386599518984e-7	4.5972356631839784e-8
75.99999999999999	3.2166069246968194e-150	4.564229025570096e-7	4.0767961318793907e-7	4.629375438190796e-8
77.	3.051530450376033e-152	4.3783862089437603e-7	4.0934857820861725e-7	4.656542380935872e-8
78.	2.8866601673347266e-154	4.194760692023362e-7	4.1059256698173185e-7	4.678958437071802e-8
79.	2.7231667769956086e-156	4.013982860011959e-7	4.114333499606205e-7	4.696846746340476e-8
80.	2.5620858286753555e-158	3.836595685459613e-7	4.118925520855282e-7	4.710430393317136e-8
80.99999999999999	2.4043195371475965e-160	3.663061155689116e-7	4.1199155585558205e-7	4.719931294996566e-8
82.	2.250640570526605e-162	3.4937666239970705e-7	4.1175141647347873e-7	4.725569215001046e-8
83.	2.1016974515766134e-164	3.329031019404225e-7	4.111927880884573e-7	4.727560894808661e-8
84.	1.958021235542662e-166	3.1691108630861886e-7	4.103358602262494e-7	4.726119292987973e-8
84.99999999999999	1.8200331524957622e-168	3.0142060512170294e-7	4.092003035542674e-7	4.721452923981061e-8
85.99999999999999	1.688052930514624e-170	2.8644653739742406e-7	4.0780522418637534e-7	4.7137652885017633e-8
87.	1.5623075463713306e-172	2.7199917490495594e-7	4.061691257847015e-7	4.703254388115089e-8
88.	1.442940181662496e-174	2.5808471553333133e-7	4.0430987876612566e-7	4.690112317036992e-8
89.	1.330019193485632e-176	2.4470572586251843e-7	4.022446959678496e-7	4.674524924635252e-8
89.99999999999999	1.223546939058719e-178	2.3186157264091094e-7	3.999901141712075e-7	4.656671542537548e-8
90.99999999999999	1.1234683225110501e-180	2.195488233022558e-7	3.975619809247775e-7	4.636724770651839e-8
92.	1.0296789589211016e-182	2.077616160058763e-7	3.949754461467868e-7	4.6148503167753455e-8
93.	9.420328752967356e-185	1.964919999671266e-7	3.922449580246001e-7	4.591206884832345e-8
94.	8.603496903233271e-187	1.8573024706763156e-7	3.893842627632986e-7	4.565946107108969e-8
94.99999999999999	7.844212342939746e-189	1.7546513590653596e-7	3.8640640776864303e-7	4.5392125161758296e-8
96.	7.140175876471536e-191	1.6568420958069083e-7	3.833237478801e-7	4.511143552483279e-8
97.	6.488925310552715e-193	1.5637400857081224e-7	3.8014795429913695e-7	4.481869603902402e-8
98.	5.887884121282971e-195	1.4752028016697015e-7	3.7689002588457103e-7	4.4515140737439196e-8
99.	5.33440443689718e-197	1.3910816589622663e-7	3.7356030251252217e-7	4.4201934740402815e-8
99.99999999999999	4.825804564133737e-199	1.311223684219232e-7	3.701684802225334e-7	4.388017541113245e-8
101.	4.359401346023289e-201	1.2354729937203065e-7	3.6672362789375975e-7	4.355089370670194e-8
102.	3.9325376822322794e-203	1.1636720952650468e-7	3.63234205215723e-7	4.3215055698764007e-8
103.	3.5426055721694262e-205	1.0956630275442007e-7	3.597080817385737e-7	4.28735642405619e-8
104.	3.187065057734557e-207	1.0312883504227177e-7	3.561525568052588e-7	4.252726075849242e-8
104.99999999999999	2.8634594488674075e-209	9.70391998988242e-8	3.525743801859304e-7	4.217692714830543e-8
106.	2.569427212795581e-211	9.128200136012041e-8	3.489797732503435e-7	4.1823287757573846e-8
107.	2.3027108986282708e-213	8.584211575321054e-8	3.4537445052944316e-7	4.1467011437649295e-8
108.	2.0611634543414687e-215	8.070474330969191e-8	3.417636415309594e-7	4.110871364970571e-8
109.	1.8427522744742093e-217	7.585545065178986e-8	3.381521126869079e-7	4.0748958610818245e-8
109.99999999999999	1.6455612952235324e-219	7.128020510535176e-8	3.345441893231827e-7	4.0388261467299644e-8
111.	1.4677914300985422e-221	6.696540172642688e-8	3.3094377755226195e-7	4.002709048363429e-8
112.	1.3077596146730684e-223	6.289788386206585e-8	3.273543860010329e-7	3.966586923650651e-8
113.	1.1638967040360895e-225	5.906495800169103e-8	3.237791472948554e-7	3.930497880437079e-8
113.99999999999999	1.0347444417780759e-227	5.54544036137065e-8	3.2022083922857085e-7	3.894475994403202e-8
114.99999999999999	9.189516952920405e-230	5.20544786028131e-8	3.166819055629749e-7	3.858551524653054e-8
116.	8.15270129097194e-232	4.885392096736035e-8	3.1316447639327826e-7	3.822751126548733e-8
117.	7.22549466126978e-234	4.584194718289283e-8	3.096703880430899e-7	3.7870980611821145e-8
118.	6.397324665813434e-236	4.300824778805033e-8	3.0620120244412923e-7	3.751612400947538e-8
118.99999999999999	5.658497351863981e-238	4.034298060208055e-8	3.0275822596754113e-7	3.716311230740829e-8
119.99999999999999	5.000144505529159e-240	3.783676195961954e-8	2.9934252767892797e-7	3.6812088443798566e-8
121.	4.414170948068257e-242	3.5480656307690695e-8	2.959549569935089e-7	3.646316935888637e-8
122.	3.893202477456085e-244	3.3266164472396867e-8	2.9259616071316527e-7	3.611644785347796e-8
122.99999999999999	3.430534974094068e-246	3.1185210868115894e-8	2.8926659943095993e-7	3.577199439057247e-8
124.	3.0200850805257434e-248	2.9230129890201315e-8	2.8596656329283166e-7	3.5429858838042594e-8
125.	2.6563427699514846e-250	2.7393651703096954e-8	2.8269618710970765e-7	3.509007215070889e-8
126.	2.334326035977085e-252	2.566888760918096e-8	2.794554648163392e-7	3.475264799050787e-8
127.	2.0495378656044015e-254	2.4049315159542047e-8	2.762442632762485e-7	3.4417584283817636e-8
128.	1.7979255976339593e-256	2.252876314601623e-8	2.7306233543486284e-7	3.4084864715329654e-8
129.	1.5758427185986345e-258	2.1101396594021217e-8	2.6990933282483986e-7	3.375446015808795e-8
130.	1.3800131068365684e-260	1.976170185803635e-8	2.667848174304531e-7	3.342633003967342e-8
131.	1.2074977015138336e-262	1.8504471905560716e-8	2.6368827291899907e-7	3.3100423644648286e-8
131.99999999999997	1.055663546289954e-264	1.7324791861223523e-8	2.6061911524946256e-7	3.277668135366679e-8
133.	9.221551360679465e-267	1.6218024870022415e-8	2.5757670266984743e-7	3.2455035819813884e-8
134.	8.048679790659462e-269	1.517979832746162e-8	2.5456034511595665e-7	3.213541308291742e-8
135.	7.019242745668807e-271	1.4205990514439492e-8	2.515693130254324e-7	3.181773362272302e-8
136.	6.11650598496013e-273	1.3292717666078671e-8	2.486028455821963e-7	3.150191335200624e-8
137.	5.3255748382361514e-275	1.2436321496027451e-8	2.4566015840664785e-7	3.118786455073964e-8
138.	4.633207802122199e-277	1.1633357191189119e-8	2.4274045070819107e-7	3.087549674261007e-8
139.	4.027646768257853e-279	1.0880581886104108e-8	2.3984291191698604e-7	3.0564717515240965e-8
140.	3.498462734043601e-281	1.0174943621281735e-8	2.3696672781233006e-7	3.025543328556492e-8
140.99999999999997	3.0364158722962927e-283	9.513570785609796e-9	2.3411108616539927e-7	2.99475500118565e-8
141.99999999999997	2.633328871623766e-285	8.893762039402684e-9	2.312751819142222e-7	2.9640973853978593e-8
143.	2.2819725026464267e-287	8.312976711703723e-9	2.2845822188931562e-7	2.9335611783493986e-8
144.	1.9759624140784426e-289	7.768825662987448e-9	2.2565942910789057e-7	2.9031372145252548e-8
145.	1.7096662153571035e-291	7.259062602400006e-9	2.2287804665510505e-7	2.8728165172166366e-8
146.	1.4781199574139277e-293	6.781575847093743e-9	2.2011334117055694e-7	2.8425903454874902e-8
147.	1.2769531790949564e-295	6.334380509926114e-9	2.1736460595787728e-7	2.8124502367988963e-8
148.	1.1023217426779184e-297	5.915611100871472e-9	2.1463116373562206e-7	2.7823880454672542e-8
149.	9.508477370541472e-300	5.5235145267929105e-9	2.1191236904712406e-7	2.7523959771282006e-8
150.	0.	5.1564434737654945e-9	2.092076103465135e-7	2.7224666193750366e-8
150.99999999999997	0.	4.812850155888997e-9	2.0651631177844862e-7	2.692592968747675e-8
151.99999999999997	0.	4.49128041443751e-9	2.0383793466811383e-7	2.6627684542380078e-8
153.	0.	4.190368151223084e-9	2.0117197873811554e-7	2.632986957481435e-8
154.	0.	3.908830080245044e-9	1.985179830683085e-7	2.6032428297990878e-8
155.	0.	3.6454607819359915e-9	1.9587552681435524e-7	2.573530906255105e-8
156.	0.	3.3991280446732185e-9	1.9324422970016799e-7	2.5438465168872524e-8
157.	0.	3.168768478633627e-9	1.906237522992865e-7	2.5141854952706906e-8
158.	0.	2.953383387514766e-9	1.880137961193459e-7	2.4845441845652386e-8
159.	0.	2.752034884163674e-9	1.854141035038495e-7	2.4549194411999187e-8
160.	0.	2.5638422366559435e-9	1.8282445736452615e-7	2.425308636338545e-8
160.99999999999997	0.	2.387978431927656e-9	1.8024468075738474e-7	2.3957096552703237e-8
161.99999999999997	0.	2.2236669446135263e-9	1.7767463631498724e-7	2.3661208948639108e-8
163.	0.	2.070178699298102e-9	1.7511422554706998e-7	2.3365412592203558e-8
164.	0.	1.9268292149497057e-9	1.725633880208576e-7	2.3069701536521622e-8
165.	0.	1.792975920866453e-9	1.70022100432582e-7	2.2774074771199216e-8
166.	0.	1.6680156339925963e-9	1.6749037558046256e-7	2.247853613243377e-8
167.	0.	1.5513821880102608e-9	1.6496826124956727e-7	2.2183094200077607e-8
168.	0.	1.4425442051211167e-9	1.6245583901814753e-7	2.188776218277183e-8
169.	0.	1.3410030019344613e-9	1.5995322299478494e-7	2.1592557792251566e-8
169.99999999999997	0.	1.246290621361457e-9	1.5746055849500917e-7	2.1297503107850158e-8
170.99999999999997	0.	1.1579679828839486e-9	1.5497802066602197e-7	2.100262443224271e-8
171.99999999999997	0.	1.0756231439980007e-9	1.5250581306708415e-7	2.070795213934057e-8
173.	0.	9.98869666075139e-10	1.5004416621342314e-7	2.0413520515303203e-8
174.	0.	9.273450782668627e-10	1.475933360905516e-7	2.0119367593519015e-8
175.	0.	8.607094334842711e-10	1.4515360264575837e-7	1.9825534984401437e-8
176.	0.	7.986439508268436e-10	1.427252682630092e-7	1.953206770078961e-8
177.	0.	7.408497391966621e-10	1.4030865622725943e-7	1.9239013979723377e-8
178.	0.	6.870465971490144e-10	1.3790410918361892e-7	1.8946425101296888e-8
179.	0.	6.369718843403257e-10	1.3551198759661362e-7	1.8654355205280562e-8
179.99999999999997	0.	5.90379460226261e-10	1.331326682143803e-7	1.8362861106154853e-8
180.99999999999997	0.	5.470386859285161e-10	1.3076654254227587e-7	1.807200210716171e-8
181.99999999999997	0.	5.067334854481956e-10	1.2841401532994927e-7	1.7781839813928175e-8
183.	0.	4.692614626481731e-10	1.2607550307595008e-7	1.7492437948230315e-8
184.	0.	4.3443307063530055e-10	1.237514325533156e-7	1.720386216238528e-8
185.	0.	4.0207083040890315e-10	1.214422393592688e-7	1.6916179854725858e-8
186.	0.	3.720085958127986e-10	1.1914836649227752e-7	1.6629459986633632e-8
187.	0.	3.440908620332063e-10	1.1687026295893682e-7	1.6343772901505935e-8
188.	0.	3.1817211504754914e-10	1.1460838241326077e-7	1.605919014605343e-8
189.	0.	2.94116219591622e-10	1.1236318183057267e-7	1.57757842942772e-8
189.99999999999997	0.	2.717958433644143e-10	1.1013512021790567e-7	1.5493628774439263e-8
190.99999999999997	0.	2.510919153329332e-10	1.0792465736282693e-7	1.5212797699346847e-8
192.	0.	2.3189311613004637e-10	1.0573225262199994e-7	1.493336570018984e-8
193.	0.	2.140953986558424e-10	1.0355836375096479e-7	1.4655407764198937e-8
194.	0.	1.976015371186776e-10	1.0140344577631847e-7	1.437899907635343e-8
195.	0.	1.8232070285160982e-10	9.926794991104741e-8	1.4104214865309543e-8
196.	0.	1.6816806534049157e-10	9.715232251405825e-8	1.3831130253765792e-8
197.	0.	1.5506441700105333e-10	9.505700409436767e-8	1.355982011339983e-8
198.	0.	1.4293582031912195e-10	9.298242836041622e-8	1.3290358924515634e-8
198.99999999999997	0.	1.3171327606296166e-10	9.092902131491599e-8	1.3022820640532144e-8
199.99999999999997	0.	1.2133241133890175e-10	8.889720039540644e-8	1.2757278557414147e-8
200.99999999999997	0.	1.1173318635050091e-10	8.688737366048473e-8	1.24938051881163e-8
202.	0.	1.0285961876872188e-10	8.489993902172809e-8	1.2232472142120095e-8
203.	0.	9.465952470546607e-11	8.293528352117773e-8	1.1973350010123139e-8
204.	0.	8.70842753233348e-11	8.099378265395416e-8	1.1716508253897145e-8
205.	0.	8.00885681785501e-11	7.907579973583506e-8	1.1462015101368973e-8
206.	0.	7.363021244923106e-11	7.71816853151258e-8	1.1209937446907134e-8
207.	0.	6.766992723929305e-11	7.531177662841217e-8	1.0960340756832529e-8
208.	0.	6.217115220593814e-11	7.346639709956677e-8	1.0713288980141396e-8
208.99999999999997	0.	5.7099869793319707e-11	7.164585588118427e-8	1.0468844464398331e-8
209.99999999999997	0.	5.2424438398100665e-11	6.985044743791611e-8	1.022706787679996e-8
210.99999999999997	0.	4.8115435834287974e-11	6.808045117058956e-8	9.988018130323474e-9
212.	0.	4.414551249147384e-11	6.633613108054381e-8	9.75175231495296e-9
213.	0.	4.048925362787119e-11	6.461773547304608e-8	9.51832563389215e-9
214.	0.	3.712305025609038e-11	6.292549669897256e-8	9.287791344717905e-9
215.	0.	3.4024978122730655e-11	6.125963093359878e-8	9.060200705377224e-9
216.	0.	3.117468430339073e-11	5.962033799161328e-8	8.835602924968799e-9
217.	0.	2.8553280961796326e-11	5.800780117728811e-8	8.614045119221715e-9
218.	0.	2.6143245853828558e-11	5.642218716859228e-8	8.395572270560576e-9
218.99999999999997	0.	2.3928329170560005e-11	5.486364593426691e-8	8.180227192678668e-9
219.99999999999997	0.	2.1893466344309738e-11	5.333231068267269e-8	7.9680504995079e-9
220.99999999999997	0.	2.002469646300066e-11	5.182829784138008e-8	7.75908057849666e-9
222.	0.	1.8309085952319263e-11	5.03517070661549e-8	7.553353568056556e-9
223.	0.	1.673465721000174e-11	4.890262127841477e-8	7.350903339100444e-9
224.	0.	1.5290321892307415e-11	4.748110672981909e-8	7.151761480530281e-9
225.	0.	1.3965818569849198e-11	4.6087213093001934e-8	6.955957288583098e-9
226.	0.	1.2751654483845277e-11	4.472097357707589e-8	6.763517759883692e-9
227.	0.	1.1639051154763455e-11	4.338240506700294e-8	6.574467588121235e-9
227.99999999999997	0.	1.0619893603157747e-11	4.207150828546977e-8	6.388829164195204e-9
228.99999999999997	0.	9.686682959142403e-12	4.078826797630417e-8	6.206622579734441e-9
229.99999999999997	0.	8.832492251906424e-12	3.953265310809345e-8	6.02786563383363e-9
230.99999999999997	0.	8.050925177403366e-12	3.830461709722343e-8	5.852573842934199e-9
232.	0.	7.336077659072748e-12	3.710409804882608e-8	5.680760453663102e-9
233.	0.	6.682502025369879e-12	3.5931019014827076e-8	5.5124364585476685e-9
234.	0.	6.0851736365126554e-12	3.478528826806783e-8	5.3476106144897436e-9
235.	0.	5.539459806005717e-12	3.366679959112802e-8	5.186289463826511e-9
236.	0.	5.04109086793358e-12	3.257543257914908e-8	5.0284773579064756e-9
237.	0.	4.586133253729149e-12	3.151105295553635e-8	4.874176483042297e-9
237.99999999999997	0.	4.170964446818968e-12	3.047351289944993e-8	4.723386888704557e-9
238.99999999999997	0.	3.792249693971553e-12	2.9462651384250387e-8	4.576106517858137e-9
239.99999999999997	0.	3.446920356488647e-12	2.8478294525870105e-8	4.432331239310454e-9
240.99999999999997	0.	3.132153795885982e-12	2.7520255940255924e-8	4.292054881965835e-9
242.	0.	2.8453546907332807e-12	2.658833710892608e-8	4.155269270862327e-9
243.	0.	2.584137689960466e-12	2.5682327751760067e-8	4.021964264876892e-9
244.	0.	2.34631131316672e-12	2.4802006206244596e-8	3.892127795999258e-9
245.	0.	2.1298630146943903e-12	2.394713981229911e-8	3.7657459100573215e-9
245.99999999999997	0.	1.9329453317444663e-12	2.3117485301903646e-8	3.6428028087903912e-9
247.	0.	1.7538630444579116e-12	2.23127891926484e-8	3.52328089314866e-9
248.	0.	1.5910612764641182e-12	2.1532788184791673e-8	3.4071608077687433e-9
248.99999999999997	0.	1.4431144738125498e-12	2.077720956058276e-8	3.294421486442927e-9
250.	0.	1.3087162005798562e-12	2.0045771585678112e-8	3.1850401985666177e-9
250.99999999999997	0.	1.1866696933468307e-12	1.9338183911625092e-8	3.078992596412368e-9
252.	0.	1.0758791237427109e-12	1.8654147978982797e-8	2.976252763171067e-9
252.99999999999997	0.	9.753415177207571e-13	1.7993357420313398e-8	2.8767932616461804e-9
254.	0.	8.841392856423664e-13	1.735549846260329e-8	2.7805851835370634e-9
254.99999999999997	0.	8.014333204658052e-13	1.674025032837832e-8	2.6875981991990025e-9
256.	0.	7.264566226548504e-13	1.614728563518051e-8	2.5978006078304226e-9
257.	0.	6.585084143559517e-13	1.5576270792687274e-8	2.5111593879746175e-9
258.	0.	5.969487078740677e-13	1.502686639713994e-8	2.4276402482837137e-9
259.	0.	5.411932951271739e-13	1.4498727622517557e-8	2.3472076784543773e-9
260.	0.	4.907091274847702e-13	1.3991504608147608e-8	2.2698250002845384e-9
261.	0.	4.4501005784684847e-13	1.3504842842075659e-8	2.1954544187396672e-9
262.	0.	4.036529171421418e-13	1.3038383540182039e-8	2.124057073023558e-9
263.	0.	3.6623390224617273e-13	1.2591764020316524e-8	2.055593087531518e-9
263.99999999999994	0.	3.3238525010133366e-13	1.2164618071295391e-8	1.9900216226556144e-9
265.	0.	3.017721785476012e-13	1.1756576316448741e-8	1.9273009253853905e-9
266.	0.	2.7409007228762796e-13	1.1367266571269922e-8	1.867388379624247e-9
267.	0.	2.490618964716619e-13	1.0996314195044874e-8	1.810240556193955e-9
268.	0.	2.2643581988928686e-13	1.0643342436085555e-8	1.7558132624575464e-9
269.	0.	2.0598303211852342e-13	1.030797277039249e-8	1.7040615915227722e-9
270.	0.	1.8749573992858218e-13	9.98982523352359e-9	1.6549399709798932e-9
271.	0.	1.707853282609071e-13	9.688518745314698e-9	1.6084022111048778e-9
272.	0.	1.5568067424238418e-13	9.403671427597595e-9	1.5644015525411824e-9
272.99999999999994	0.	1.420266008368439e-13	9.134900914310372e-9	1.522890713348434e-9
274.	0.	1.2968246066333985e-13	8.881824654266079e-9	1.4838219354499288e-9
274.99999999999994	0.	1.1852083834360004e-13	8.644060206146282e-9	1.4471470303944393e-9
276.	0.	1.0842636314240305e-13	8.421225525753055e-9	1.412817424424742e-9
277.	0.	9.929462205659461e-14	8.212939245369208e-9	1.3807842028142855e-9
278.	0.	9.103116617323975e-14	8.018820945133533e-9	1.3509981534425018e-9
279.	0.	8.355060233431382e-14	7.838491416408128e-9	1.3234098095906162e-9
280.	0.	7.677576314174197e-14	7.671572917000244e-9	1.2979694919201896e-9
281.	0.	7.063694910923731e-14	7.517689418253818e-9	1.2746273496219753e-9
281.99999999999994	0.	6.507123701603462e-14	7.376466843921636e-9	1.2533334007047834e-9
283.	0.	6.002184894481171e-14	7.247533300909471e-9	1.2340375714243382e-9
283.99999999999994	0.	5.543757702719956e-14	7.130519301736566e-9	1.2166897348100432e-9
285.	0.	5.1272259188073965e-14	7.025057978852725e-9	1.2012397482975287e-9
286.	0.	4.748430177704008e-14	6.9307852906688505e-9	1.1876374904264549e-9
287.	0.	4.4036244834278697e-14	6.84734021948901e-9	1.1758328966194129e-9
288.	0.	4.089436678852657e-14	6.774364961339425e-9	1.1657759940248501e-9
289.	0.	3.802832486824789e-14	6.711505107550911e-9	1.1574169353828136e-9
290.	0.	3.541082851471306e-14	6.658409818524197e-9	1.1507060319707977e-9
291.	0.	3.30173424165827e-14	6.614731989312623e-9	1.1455937855501954e-9
292.	0.	3.0825817360832534e-14	6.580128407376218e-9	1.1420309193576093e-9
292.99999999999994	0.	2.881644569524383e-14	6.554259902565964e-9	1.1399684081346758e-9
294.	0.	2.697143993932849e-14	6.5367914892541295e-9	1.139357507165214e-9
294.99999999999994	0.	2.5274831915507078e-14	6.527392500818261e-9	1.1401497803389165e-9
296.	0.	2.3712290989322473e-14	6.52573671665713e-9	1.1422971272561814e-9
297.	0.	2.2270959574496714e-14	6.5315024816389855e-9	1.1457518093401908e-9
298.	0.	2.093930434532718e-14	6.544372818220917e-9	1.1504664749814225e-9
299.	0.	1.9706981726199017e-14	6.564035531401672e-9	1.156394183726781e-9
300.	0.	1.8564716406589025e-14	6.590183306435078e-9	1.1634884294842811e-9
301.	0.	1.7504191713072713e-14	6.622513799677424e-9	1.1717031627928904e-9
301.99999999999994	0.	1.651795073906616e-14	6.660729722434853e-9	1.1809928121179364e-9
303.	0.	1.5599307063791716e-14	6.70453891814796e-9	1.1913123042157603e-9
303.99999999999994	0.	1.4742264547458533e-14	6.753654432968972e-9	1.2026170835619242e-9
305.	0.	1.3941444978829569e-14	6.8077945798068275e-9	1.2148631308407633e-9
306.	0.	1.3192022986268338e-14	6.866682996102886e-9	1.2280069805277129e-9
307.	0.	1.2489667708915886e-14	6.9300486954068675e-9	1.2420057375618349e-9
308.	0.	1.183049007237812e-14	6.9976261128478635e-9	1.2568170931105592e-9
309.	0.	1.1210995854305099e-14	7.069155144772019e-9	1.2723993394605174e-9
310.	0.	1.0628043280694461e-14	7.14438118260594e-9	1.2887113840307954e-9
310.99999999999994	0.	1.0078805093219433e-14	7.2230551410844015e-9	1.3057127625192748e-9
312.	0.	9.560734754271591e-15	7.304933481074866e-9	1.3233636512099512e-9
312.99999999999994	0.	9.071536046814533e-15	7.389778227049555e-9	1.3416248784367953e-9
314.	0.	8.609135738537141e-15	7.477356979410162e-9	1.360457935227784e-9
314.99999999999994	0.	8.171659618055462e-15	7.567442921856641e-9	1.3798249851506359e-9
316.	0.	7.757410582014089e-15	7.659814823844405e-9	1.3996888733554967e-9
317.	0.	7.364849480961027e-15	7.754257038387884e-9	1.4200131348488389e-9
318.	0.	6.992577828525014e-15	7.850559495275218e-9	1.4407620019980936e-9
319.	0.	6.639322564076275e-15	7.948517689926655e-9	1.4619004112974932e-9
320.	0.	6.3039221720098106e-15	8.047932667990448e-9	1.4833940094005315e-9
321.	0.	5.985314933994228e-15	8.148611005837524e-9	1.5052091584372068e-9
321.99999999999994	0.	5.682527773642485e-15	8.250364787147441e-9	1.5273129406403059e-9
323.	0.	5.394666903204041e-15	8.353011575606653e-9	1.5496731622736646e-9
323.99999999999994	0.	5.1209093704509586e-15	8.456374384072101e-9	1.572258356917054e-9
325.	0.	4.860495415123193e-15	8.56028164017705e-9	1.5950377880932695e-9
326.	0.	4.612721912255773e-15	8.664567148520781e-9	1.617981451253526e-9
327.	0.	4.376936284606497e-15	8.769070049718389e-9	1.6410600751628842e-9
328.	0.	4.152531644893435e-15	8.87363477639208e-9	1.6642451226916007e-9
329.	0.	3.938941901137825e-15	8.978111006104279e-9	1.6875087910033114e-9
330.	0.	3.7356378038214526e-15	9.08235361163574e-9	1.7108240112066017e-9
330.99999999999994	0.	3.5421231641073608e-15	9.186222608485412e-9	1.7341644474385766e-9
332.	0.	3.357932159709191e-15	9.28958309989504e-9	1.7575044954289397e-9
332.99999999999994	0.	3.1826258862897605e-15	9.392305219493878e-9	1.7808192805548516e-9
334.	0.	3.0157904648148295e-15	9.49426407160301e-9	1.8040846553863428e-9
335.	0.	2.8570345219040106e-15	9.595339669456917e-9	1.827277196763629e-9
336.	0.	2.7059873968926218e-15	9.69541687140348e-9	1.85037420241103e-9
337.	0.	2.5622974343976916e-15	9.794385315160393e-9	1.873353687095522e-9
338.	0.	2.4256303810087897e-15	9.892139350363385e-9	1.8961943783682476e-9
339.	0.	2.295668298238376e-15	9.988577969382079e-9	1.918875711878278e-9
339.99999999999994	0.	2.1721080434804986e-15	1.0083604736677831e-8	1.941377826305121e-9
341.	0.	2.0546606785667332e-15	1.0177127716666263e-8	1.9636815578973295e-9
341.99999999999994	0.	1.943050146865148e-15	1.0269059400260729e-8	1.985768434645582e-9
343.	0.	1.8370126004564946e-15	1.0359316630257506e-8	2.0076206701161684e-9
343.99999999999994	0.	1.7362957410594836e-15	1.04478205255777e-8	2.0292211569430626e-9
345.	0.	1.6406580139969272e-15	1.0534496404478006e-8	2.0505534599955186e-9
346.	0.	1.5498682639196037e-15	1.0619273706921408e-8	2.0716018092541194e-9
347.	0.	1.4637048737211821e-15	1.0702085916071135e-8	2.0923510923839563e-9
348.	0.	1.3819554946201046e-15	1.0782870479142025e-8	2.1127868470468493e-9
349.	0.	1.30441659984169e-15	1.0861568727555287e-8	2.132895252938465e-9
350.	0.	1.2308932116120923e-15	1.0938125796643841e-8	2.152663123595366e-9
350.99999999999994	0.	1.161198118337996e-15	1.1012490544818903e-8	2.172077897951406e-9
352.	0.	1.0951519288895058e-15	1.1084615472466044e-8	2.1911276316933145e-9
352.99999999999994	0.	1.0325826983874709e-15	1.1154456640508486e-8	2.209800988400622e-9
354.	0.	9.733255572497698e-16	1.1221973588765552e-8	2.228087230492785e-9
355.	0.	9.172224218487368e-16	1.1287129254233419e-8	2.2459762100063958e-9
356.	0.	8.641217093187557e-16	1.134988988926949e-8	2.2634583591969186e-9
357.	0.	8.138783885855969e-16	1.141022497981498e-8	2.2805246809898693e-9
358.	0.	7.663532953144665e-16	1.146810716370751e-8	2.29716673929024e-9
359.	0.	7.214131843179949e-16	1.1523512149144987e-8	2.3133766491609157e-9
359.99999999999994	0.	6.789307178860879e-16	1.1576418633375098e-8	2.3291470668840184e-9
361.	0.	6.387836781807212e-16	1.1626808221676763e-8	2.3444711799172664e-9
361.99999999999994	0.	6.008553809515144e-16	1.1674665346618122e-8	2.3593426967415977e-9
363.	0.	5.650340544350513e-16	1.1719977187829167e-8	2.3737558366473612e-9
363.99999999999994	0.	5.312130962325638e-16	1.1762733592097749e-8	2.3877053194200186e-9
365.	0.	4.992901642498838e-16	1.180292699405024e-8	2.4011863549779363e-9
366.	0.	4.691680773493015e-16	1.184055233735911e-8	2.414194632950496e-9
367.	0.	4.407535309816092e-16	1.1875606996540319e-8	2.426726312209312e-9
368.	0.	4.1395763839026785e-16	1.1908090699410356e-8	2.4387780103669743e-9
368.99999999999994	0.	3.886958457159564e-16	1.1938005450218632e-8	2.450346793246933e-9
370.	0.	3.648870745835889e-16	1.1965355453531514e-8	2.4614301643405944e-9
370.99999999999994	0.	3.424542901965652e-16	1.1990147038831588e-8	2.4720260542448156e-9
372.	0.	3.213241245726549e-16	1.2012388585984445e-8	2.482132810111824e-9
372.99999999999994	0.	3.0142648548486176e-16	1.2032090451508814e-8	2.491749185099308e-9
374.	0.	2.8269485675114857e-16	1.2049264895711705e-8	2.5008743278344696e-9
375.	0.	2.6506581062682414e-16	1.2063926010739217e-8	2.509507771903502e-9
376.	0.	2.484791162803002e-16	1.2076089649553e-8	2.517649425370029e-9
377.	0.	2.3287724146614834e-16	1.2085773355885404e-8	2.525299560334773e-9
378.	0.	2.1820598307812942e-16	1.2092996295122515e-8	2.5324588025274663e-9
379.	0.	2.0441324437277604e-16	1.2097779186263128e-8	2.5391281209633374e-9
379.99999999999994	0.	1.9145009013077373e-16	1.210014423485626e-8	2.545308817645671e-9
381.	0.	1.7926983096270323e-16	1.2100115067002241e-8	2.5510025173339427e-9
381.99999999999994	0.	1.6782803882972716e-16	1.209771666443674e-8	2.5562111573834296e-9
383.	0.	1.5708289594552111e-16	1.2092975300652424e-8	2.5609369776488973e-9
384.	0.	1.4699447325538903e-16	1.2085918478190383e-8	2.5651825104819665e-9
385.	0.	1.3752497315104708e-16	1.2076574866966013e-8	2.5689505707960883e-9
386.	0.	1.286387675849941e-16	1.2064974243797848e-8	2.5722442462365676e-9
387.	0.	1.2030199719587875e-16	1.205114743299551e-8	2.5750668874277523e-9
388.	0.	1.1248249629004162e-16	1.2035126248167303e-8	2.577422098333556e-9
388.99999999999994	0.	1.0515005949896884e-16	1.2016943435112154e-8	2.57931372670506e-9
390.	0.	9.827592835180696e-17	1.1996632615946843e-8	2.5807458546497954e-9
390.99999999999994	0.	9.183306374062558e-17	1.1974228234320008e-8	2.581722789293401e-9
392.	0.	8.579574340398878e-17	1.19497655018752e-8	2.582249053571064e-9
392.99999999999994	0.	8.013984359397962e-17	1.192328034582526e-8	2.582329377121697e-9
394.	0.	7.484255362508588e-17	1.1894809357751812e-8	2.5819686873120295e-9
395.	0.	6.988196815208448e-17	1.1864389743545143e-8	2.581172100374933e-9
396.	0.	6.523808061050139e-17	1.1832059274555139e-8	2.5799449126800733e-9
397.	0.	6.089145023793436e-17	1.179785623988616e-8	2.578292592125016e-9
397.99999999999994	0.	5.682384889847409e-17	1.1761819399907923e-8	2.5762207696652714e-9
399.	0.	5.3018454436702e-17	1.172398794090687e-8	2.5737352309695486e-9
399.99999999999994	0.	4.9458975019193454e-17	1.1684401430911964e-8	2.5708419082105844e-9
401.	0.	4.613019557825081e-17	1.1643099776703483e-8	2.567546871996176e-9
401.99999999999994	0.	4.301793863126767e-17	1.1600123181955e-8	2.563856323432319e-9
403.	0.	4.010866312876843e-17	1.1555512106555877e-8	2.559776586331918e-9
404.	0.	3.738966474874726e-17	1.1509307227058205e-8	2.555314099559369e-9
405.	0.	3.484903958691191e-17	1.1461549398271582e-8	2.550475409519305e-9
406.	0.	3.247564949465143e-17	1.1412279616000088e-8	2.5452671627910426e-9
407.	0.	3.0258720091292235e-17	1.136153898085873e-8	2.5396960988977047e-9
408.	0.	2.8188543379128544e-17	1.1309368663264413e-8	2.5337690432342153e-9
408.99999999999994	0.	2.625571135307747e-17	1.1255809869481278e-8	2.527492900130193e-9
410.	0.	2.4451454078958407e-17	1.1200903808766112e-8	2.520874646060911e-9
410.99999999999994	0.	2.276761273825289e-17	1.114469166161321e-8	2.513921323009061e-9
412.	0.	2.1196239476175698e-17	1.1087214549038146e-8	2.5066400319667975e-9
412.99999999999994	0.	1.9730318884965134e-17	1.1028513502946321e-8	2.4990379265910218e-9
414.	0.	1.8362997023500758e-17	1.0968629437525088e-8	2.4911222070012433e-9
415.	0.	1.7087806223502653e-17	1.0907603121669121e-8	2.4829001137250235e-9
416.	0.	1.5898642898459206e-17	1.0845475152426386e-8	2.474378921790858e-9
417.	0.	1.479012533219808e-17	1.0782285929452964e-8	2.4655659349689484e-9
417.99999999999994	0.	1.3756818437032361e-17	1.0718075630438466e-8	2.456468480153713e-9
419.	0.	1.2793844775353398e-17	1.0652884187538376e-8	2.44709390189945e-9
419.99999999999994	0.	1.1896615066363906e-17	1.0586751264708959e-8	2.4374495570878054e-9
421.	0.	1.1060684009661312e-17	1.051971623606224e-8	2.427542809756883e-9
421.99999999999994	0.	1.0282115240164283e-17	1.0451818165078605e-8	2.4173810260575575e-9
423.	0.	9.556958008509028e-18	1.0383095784786607e-8	2.4069715693646907e-9
424.	0.	8.881741721408999e-18	1.0313587478806646e-8	2.3963217955223477e-9
425.	0.	8.253080614838749e-18	1.0243331263298771e-8	2.385439048234911e-9
426.	0.	7.66791603199704e-18	1.0172364769765346e-8	2.374330654595341e-9
426.99999999999994	0.	7.123248941874824e-18	1.0100725228699624e-8	2.3630039207510596e-9
428.	0.	6.616384195664366e-18	1.0028449454085345e-8	2.351466127711423e-9
428.99999999999994	0.	6.1449202620389704e-18	9.955573828703404e-9	2.33972452728889e-9
430.	0.	5.7062264268578244e-18	9.882134290233743e-9	2.327786338173798e-9
430.99999999999994	0.	5.2982020416478736e-18	9.808166318151725e-9	2.31565874214501e-9
432.	0.	4.918755041367021e-18	9.733704921391926e-9	2.3033488804125103e-9
432.99999999999994	0.	4.5659215573618335e-18	9.658784626764181e-9	2.2908638500909023e-9
434.	0.	4.237857941891964e-18	9.583439468088024e-9	2.278210700798202e-9
435.	0.	3.932833270350184e-18	9.507702976076596e-9	2.2653964313894828e-9
436.	0.	3.649478993799358e-18	9.431608168898797e-9	2.2524279868111337e-9
437.	0.	3.386012116446585e-18	9.35518754342759e-9	2.2393122550795392e-9
437.99999999999994	0.	3.1412557812647013e-18	9.278473067164608e-9	2.2260560643843495e-9
439.	0.	2.913863261426234e-18	9.201496170826589e-9	2.212666180315005e-9
439.99999999999994	0.	2.702697382721713e-18	9.124287741535715e-9	2.199149303198849e-9
441.	0.	2.5064407276326943e-18	9.046878116673245e-9	2.1855120655672158e-9
441.99999999999994	0.	2.324231610413886e-18	8.969297078297227e-9	2.171761029727732e-9
443.	0.	2.155018653731819e-18	8.891573848165423e-9	2.1579026854548588e-9
444.	0.	1.9979408273001397e-18	8.813737083335357e-9	2.143943447793789e-9
445.	0.	1.852067518621092e-18	8.735814872301995e-9	2.1298896549703367e-9
446.	0.	1.7167780239847058e-18	8.65783473169181e-9	2.11574756641309e-9
446.99999999999994	0.	1.5911196003346499e-18	8.579823603466876e-9	2.101523360878623e-9
448.	0.	1.4745698421759273e-18	8.501807852653807e-9	2.0872231346851765e-9
448.99999999999994	0.	1.366395818175383e-18	8.423813265545208e-9	2.072852900043823e-9
450.	0.	1.2660335252996117e-18	8.345865048388578e-9	2.0584185834926596e-9
450.99999999999994	0.	1.1729575753285112e-18	8.267987826546356e-9	2.0439260244316404e-9
452.	0.	1.0865520482880848e-18	8.190205644086675e-9	2.0293809737498974e-9
453.	0.	1.006488161687353e-18	8.112541963821242e-9	2.0147890925513117e-9
454.	0.	9.322153943910457e-19	8.035019667752144e-9	2.000155950970322e-9
455.	0.	8.633392672069171e-19	7.957661057923687e-9	1.9854870270788085e-9
455.99999999999994	0.	7.994926104832804e-19	7.880487857673729e-9	1.970787705884148e-9
457.	0.	7.403337130771653e-19	7.803521213245079e-9	1.9560632784100456e-9
457.99999999999994	0.	6.854193433712738e-19	7.726781695775326e-9	1.9413189408663322e-9
459.	0.	6.34579373449627e-19	7.650289303616899e-9	1.926559793896993e-9
459.99999999999994	0.	5.874138085201053e-19	7.57406346501343e-9	1.911790841914482e-9
461.	0.	5.437918619011937e-19	7.498123041078262e-9	1.8970169925078037e-9
461.99999999999994	0.	5.03351152343712e-19	7.4224863290939064e-9	1.882243055930843e-9
463.	0.	4.6587098375422275e-19	7.347171066108198e-9	1.8674737446655804e-9
464.	0.	4.311461933841201e-19	7.272194432799839e-9	1.8527136730549659e-9
465.	0.	3.9898607869562063e-19	7.197573057632751e-9	1.837967357011246e-9
466.	0.	3.6921339610393685e-19	7.123323021266071e-9	1.8232392137927443e-9
466.99999999999994	0.	3.415406452777731e-19	7.0494598612008114e-9	1.8085335618451179e-9
468.	0.	3.1606062933770086e-19	6.9759985766749835e-9	1.7938546207114335e-9
468.99999999999994	0.	2.9238587665254235e-19	6.902953633771864e-9	1.7792065110028989e-9
470.	0.	2.7050704535222957e-19	6.830338970759241e-9	1.7645932544359006e-9
470.99999999999994	0.	2.5017985593101592e-19	6.758168003603441e-9	1.7500187739219015e-9
472.	0.	2.3141246454852447e-19	6.6864536317087645e-9	1.735486893724139e-9
473.	0.	2.1397808430984964e-19	6.615208243801788e-9	1.7210013396612562e-9
474.	0.	1.9789989301248753e-19	6.544443724025344e-9	1.7065657393755164e-9
475.	0.	1.8308653854932342e-19	6.4741714581523975e-9	1.6921836226431517e-9
475.99999999999994	0.	1.6933330270740257e-19	6.404402339986533e-9	1.6778584217449286e-9
477.	0.	1.5656241900966277e-19	6.335146777882627e-9	1.6635934718805076e-9
477.99999999999994	0.	1.4470175954774402e-19	6.266414701407612e-9	1.649392011632455e-9
479.	0.	1.338032726682917e-19	6.19821556812057e-9	1.635257183475202e-9
479.99999999999994	0.	1.238038788964674e-19	6.130558370471146e-9	1.621192034329339e-9
481.	0.	1.1440873270513758e-19	6.063451642799898e-9	1.6071995161576054e-9
481.99999999999994	0.	1.0580112967707724e-19	5.996903468437249e-9	1.5932824866023342e-9
483.	0.	9.781314815170481e-20	5.930921486889196e-9	1.5794437096617173e-9
484.	0.	9.039896946678896e-20	5.865512901106675e-9	1.5656858564047347e-9
484.99999999999994	0.	8.351613026665074e-20	5.800684484825386e-9	1.5520115057216668e-9
486.	0.	7.724161960826587e-20	5.7364425899700435e-9	1.5384231451091465e-9
486.99999999999994	0.	7.142191146538879e-20	5.67279315412084e-9	1.524923171489621e-9
488.	0.	6.602322250441247e-20	5.609741708027779e-9	1.5115138920618021e-9
488.99999999999994	0.	6.101425627639407e-20	5.54729338316639e-9	1.4981975251808294e-9
490.	0.	5.636602290220132e-20	5.485452919334997e-9	1.4849762012684552e-9
491.	0.	5.205167156010539e-20	5.424224672279979e-9	1.4718519637501905e-9
491.99999999999994	0.	4.816048561289665e-20	5.363612621345096e-9	1.4588267700184258e-9
492.99999999999994	0.	4.444076988970515e-20	5.303620377139865e-9	1.4459024924206997e-9
494.	0.	4.109913758656637e-20	5.244251189221178e-9	1.4330809192716622e-9
495.	0.	3.800169618327296e-20	5.185507953777562e-9	1.420363755886233e-9
496.	0.	3.513016919074242e-20	5.127393221315021e-9	1.4077526256338778e-9
496.99999999999994	0.	3.2467638069010404e-20	5.069909204343986e-9	1.3952490710139962e-9
497.99999999999994	0.	2.9998442590679907e-20	5.013057785047731e-9	1.3828545547474144e-9
499.	0.	2.770808838458551e-20	4.9568405229441114e-9	1.370570460887241e-9
500.	0.	2.558316115373786e-20	4.901258662519653e-9	1.3583980959435727e-9
500.99999999999994	0.	2.3611247096484258e-20	4.846313140847322e-9	1.3463386900253058e-9
501.99999999999994	0.	2.189139533667353e-20	4.792004595170421e-9	1.3343933979942004e-9
503.	0.	2.0191551168738665e-20	4.73833337045858e-9	1.322563300633107e-9
504.	0.	1.8612772183097594e-20	4.685299526916667e-9	1.3108494058230398e-9
505.	0.	1.7255443292669945e-20	4.632902847465081e-9	1.2992526497341554e-9
505.99999999999994	0.	1.5891835378636005e-20	4.581142845170625e-9	1.287773898025136e-9
506.99999999999994	0.	1.4732787527133752e-20	4.530018770618897e-9	1.2764139470482314e-9
508.	0.	1.3553170471773217e-20	4.479529619258098e-9	1.2651735250684696e-9
509.	0.	1.2563574215581225e-20	4.4296741386591166e-9	1.2540532934814289e-9
509.99999999999994	0.	1.164905338456158e-20	4.380450835740643e-9	1.243053848043439e-9
510.99999999999994	0.	1.0696470231072276e-20	4.3318579839209255e-9	1.2321757201031028e-9
512.	0.	9.915790631116516e-21	4.283893630209307e-9	1.2214193778379991e-9
513.	0.	9.194371076626356e-21	4.2365556022299606e-9	1.2107852274942164e-9
514.	0.	8.421238845771022e-21	4.189841515172876e-9	1.2002736146273007e-9
514.9999999999999	0.	7.805507203473756e-21	4.143748778681527e-9	1.189884825347096e-9
516.	0.	7.236536712909711e-21	4.098274603654461e-9	1.1796190875599758e-9
517.	0.	6.7107756163282904e-21	4.053416008981796e-9	1.1694765722143193e-9
518.	0.	6.2249409865822966e-21	4.00916982819751e-9	1.1594573945434988e-9
518.9999999999999	0.	5.671063214173289e-21	3.965532716050937e-9	1.1495616153073637e-9
520.	0.	5.256503734975827e-21	3.922501154993955e-9	1.1397892420309683e-9
521.	0.	4.873435692333584e-21	3.880071461593701e-9	1.1301402302431102e-9
522.	0.	4.519463856893345e-21	3.838239792850134e-9	1.120614484708762e-9
523.	0.	4.192374794266399e-21	3.797002152428331e-9	1.1112118606577812e-9
524.	0.	3.8901231490919235e-21	3.756354396809641e-9	1.1019321650110906e-9
525.	0.	3.507582513661163e-21	3.716292241340066e-9	1.0927751575976886e-9
526.	0.	3.2497449931656563e-21	3.6768112662023467e-9	1.0837405523701007e-9
527.	0.	3.011489754986583e-21	3.6379069222880972e-9	1.0748280186110353e-9
527.9999999999999	0.	2.7913259004745126e-21	3.5995745369749816e-9	1.0660371821324917e-9
529.	0.	2.5878759766218684e-21	3.5618093198204137e-9	1.0573676264704524e-9
530.	0.	2.399867380240927e-21	3.5246063681494097e-9	1.0488188940683254e-9
531.	0.	2.2261244084231604e-21	3.4879606725555095e-9	1.0403904874543948e-9
532.	0.	2.0655609072365817e-21	3.4518671223035065e-9	1.032081870409786e-9
533.	0.	1.9171734741409356e-21	3.4163205106353943e-9	1.0238924691269678e-9
534.	0.	1.7800351728652176e-21	3.3813155399821437e-9	1.0158216733593965e-9
535.	0.	1.6532897225153004e-21	3.3468468270746878e-9	1.0078688375599073e-9
536.	0.	1.5361461254992397e-21	3.3129089079639514e-9	1.0000332820106859e-9
536.9999999999999	0.	1.4278737014528505e-21	3.2794962429364472e-9	9.923142939402496e-10
538.	0.	1.3277974967834109e-21	3.2466032213410176e-9	9.84711128632074e-10
539.	0.	1.1352591083237117e-21	3.214224166309177e-9	9.772230105190046e-10
540.	0.	1.0499358285152862e-21	3.182353339386074e-9	9.698491342685406e-10
540.9999999999999	0.	9.71071007809326e-22	3.150984945057887e-9	9.625886658541765e-10
542.	0.	8.981732088787957e-22	3.120113135187393e-9	9.554407436161377e-10
543.	0.	8.307884906552552e-22	3.089732013349826e-9	9.484044793088485e-10
544.	0.	7.684975482394223e-22	3.0598356390727095e-9	9.414789591357578e-10
545.	0.	7.109130701776445e-22	3.0304180319782306e-9	9.346632447709595e-10
545.9999999999999	0.	6.576772967047263e-22	3.001473175833982e-9	9.279563743688784e-10
547.	0.	6.084597637729566e-22	2.9729950225021847e-9	9.213573635588558e-10
548.	0.	5.629552188272275e-22	2.9449774957991963e-9	9.148652064277103e-10
549.	0.	5.208816953314159e-22	2.9174144952583583e-9	9.084788764879512e-10
549.9999999999999	0.	4.819787340274782e-22	2.8902998997982877e-9	9.021973276319661e-10
551.	0.	4.460057398090325e-22	2.8636275713006957e-9	8.960194950730084e-10
552.	0.	4.12740463924809e-22	2.837391358091671e-9	8.899442962707797e-10
553.	0.	3.819776020022511e-22	2.8115850983352753e-9	8.839706318441784e-10
554.	0.	3.535274990945618e-22	2.7862026233333975e-9	8.780973864687631e-10
554.9999999999999	0.	3.27214953618556e-22	2.761237760735452e-9	8.723234297598638e-10
556.	0.	3.0287811266318483e-22	2.736684337660822e-9	8.666476171418706e-10
557.	0.	2.803674517152985e-22	2.712536183728706e-9	8.610687907016643e-10
558.	0.	2.5954483237579924e-22	2.6887871340036737e-9	8.555857800285154e-10
558.9999999999999	0.	2.402826321236918e-22	2.6654310318532525e-9	8.50197403038828e-10
560.	0.	2.2246294063587295e-22	2.642461731717941e-9	8.449024667857471e-10
561.	0.	2.059768175865809e-22	2.6198731017987288e-9	8.396997682546433e-10
562.	0.	1.9072360723449736e-22	2.5976590266591204e-9	8.345880951433679e-10
563.	0.	1.7661030546182825e-22	2.5758134097424537e-9	8.295662266271255e-10
563.9999999999999	0.	1.6355097525910302e-22	2.5543301758116026e-9	8.246329341098886e-10
565.	0.	1.5146620695292528e-22	2.533203273303647e-9	8.197869819596886e-10
566.	0.	1.402826197563309e-22	2.5124266766065063e-9	8.150271282296803e-10
567.	0.	1.2993240148107012e-22	2.4919943882550725e-9	8.103521253638195e-10
567.9999999999999	0.	1.2035288349219006e-22	2.471900441051327e-9	8.057607208883577e-10
569.	0.	1.114861482074279e-22	2.4521389001079854e-9	8.012516580886099e-10
570.	0.	1.0327866664961857e-22	2.432703864814361e-9	7.968236766702992e-10
571.	0.	9.568096375063787e-23	2.413589470728957e-9	7.924755134065599e-10
572.	0.	8.864730928094908e-23	2.394789891399934e-9	7.882059027707656e-10
572.9999999999999	0.	8.213543244104445e-23	2.376299340111338e-9	7.840135775540303e-10
574.	0.	7.610625830145246e-23	2.3581120715598333e-9	7.798972694688065e-10
575.	0.	7.052366441639879e-23	2.3402223834625576e-9	7.758557097382591e-10
576.	0.	6.53542560642428e-23	2.322624618090583e-9	7.718876296695004e-10
576.9999999999999	0.	6.056715868677412e-23	2.3053131637436157e-9	7.679917612154183e-10
578.	0.	5.613382620794275e-23	2.2882824561526917e-9	7.641668375203855e-10
579.	0.	5.2027864014329014e-23	2.2715269798185154e-9	7.604115934523153e-10
580.	0.	4.822486547267356e-23	2.2550412692852198e-9	7.567247661203082e-10
581.	0.	4.470226094621171e-23	2.238819910355463e-9	7.531050953799854e-10
582.	0.	4.143917835082281e-23	2.2228575412386162e-9	7.495513243231945e-10
583.	0.	3.841631436598465e-23	2.2071488536414573e-9	7.460621997549862e-10
584.	0.	3.5615815483209816e-23	2.191688593801163e-9	7.426364726576929e-10
585.	0.	3.3021168137292575e-23	2.176471563455747e-9	7.392728986399402e-10
585.9999999999999	0.	3.0617097223916415e-23	2.1614926207611474e-9	7.359702383736359e-10
587.	0.	2.838947236043089e-23	2.1467466811546163e-9	7.327272580184387e-10
588.	0.	2.6325221295957244e-23	2.1322287181568074e-9	7.295427296308573e-10
589.	0.	2.4412249922901303e-23	2.1179337641274395e-9	7.26415431562846e-10
589.9999999999999	0.	2.2639368383714755e-23	2.1038569109658615e-9	7.233441488466604e-10
591.	0.	2.09962228058259e-23	2.0899933107606693e-9	7.203276735670362e-10
592.	0.	1.9473232233520545e-23	2.076338176391245e-9	7.173648052215745e-10
593.	0.	1.8061530358631132e-23	2.0628867820769246e-9	7.144543510675221e-10
594.	0.	1.6752911682617792e-23	2.0496344638837074e-9	7.115951264581372e-10
594.9999999999999	0.	1.553978177070434e-23	2.0365766201809903e-9	7.08785955165756e-10
596.	0.	1.441511128493835e-23	2.023708712054397e-9	7.06025669693566e-10
597.	0.	1.3372393507043035e-23	2.0110262636747765e-9	7.033131115756803e-10
598.	0.	1.2405605084168833e-23	1.9985248626239964e-9	7.006471316657025e-10
598.9999999999999	0.	1.1509169751138107e-23	1.986200160176737e-9	6.980265904131025e-10
600.	0.	1.067792480177585e-23	1.97404787154765e-9	6.95450358130603e-10
601.	0.	9.907090099251428e-24	1.962063776090498e-9	6.929173152475427e-10
602.	0.	9.192239431666045e-24	1.9502437174659174e-9	6.904263525550106e-10
603.	0.	8.52927403384183e-24	1.938583603767133e-9	6.879763714385369e-10
603.9999999999999	0.	7.914398110119497e-24	1.9270794076102537e-9	6.85566284100818e-10
605.	0.	7.344096205611005e-24	1.915727166192001e-9	6.831950137749191e-10
606.	0.	6.815112285036316e-24	1.9045229813078557e-9	6.808614949255326e-10
607.	0.	6.324430389140967e-24	1.893463019341043e-9	6.785646734417136e-10
607.9999999999999	0.	5.869256748601736e-24	1.882543511217089e-9	6.763035068190171e-10
609.	0.	5.447003244567726e-24	1.8717607523275986e-9	6.740769643321285e-10
610.	0.	5.055272113469175e-24	1.861111102423298e-9	6.718840271979557e-10
611.	0.	4.691841801565794e-24	1.8505909854775536e-9	6.697236887292315e-10
612.	0.	4.354653881955532e-24	1.8401968895227208e-9	6.675949544795468e-10
612.9999999999999	0.	4.041800953421323e-24	1.82992536645546e-9	6.654968423779749e-10
614.	0.	3.751515446700242e-24	1.8197730318202894e-9	6.634283828567829e-10
615.	0.	3.4821592694035814e-24	1.8097365645628928e-9	6.613886189686655e-10
616.	0.	3.2322142261130686e-24	1.799812706761245e-9	6.593766064966084e-10
616.9999999999999	0.	3.0002731550009608e-24	1.7899982633319339e-9	6.573914140549497e-10
618.	0.	2.7850317268117286e-24	1.7802901017130409e-9	6.554321231822899e-10
619.	0.	2.5852808561750605e-24	1.770685151526268e-9	6.534978284268217e-10
620.	0.	2.399899679027035e-24	1.761180404214893e-9	6.515876374228851e-10
621.	0.	2.2278490534540875e-24	1.7517729126645224e-9	6.497006709610368e-10
621.9999999999999	0.	2.0681655445091318e-24	1.742459790801631e-9	6.478360630497651e-10
623.	0.	1.9199558565630108e-24	1.7332382131736482e-9	6.459929609700056e-10
624.	0.	1.7823916795250145e-24	1.7241054145123087e-9	6.441705253230282e-10
625.	0.	1.6547049178169336e-24	1.71505868927684e-9	6.423679300703127e-10
625.9999999999999	0.	1.536183273362853e-24	1.7060953911843248e-9	6.405843625679066e-10
627.	0.	1.4261661560213553e-24	1.6972129327195194e-9	6.388190235925014e-10
628.	0.	1.324040896920132e-24	1.6884087846343471e-9	6.370711273626613e-10
629.	0.	1.2292392419964097e-24	1.6796804754292882e-9	6.353399015523449e-10
629.9999999999999	0.	1.1412341047778944e-24	1.6710255908227947e-9	6.336245872989846e-10
630.9999999999999	0.	1.059536559018e-24	1.6624417732065943e-9	6.31924439204942e-10
632.	0.	9.836930532703742e-25	1.6539267210907443e-9	6.302387253339839e-10
633.	0.	9.13282830834427e-25	1.645478188533837e-9	6.285667272008519e-10
634.	0.	8.479155397621217e-25	1.6370939845645713e-9	6.269077397560552e-10
634.9999999999999	0.	7.872290187653269e-25	1.6287719725922102e-9	6.252610713650834e-10
636.	0.	7.3088724593180215e-25	1.620510069806812e-9	6.236260437821219e-10
637.	0.	6.785784381444815e-25	1.612306246570358e-9	6.220019921186195e-10
638.	0.	6.300132900088496e-25	1.6041585258000749e-9	6.203882648073177e-10
638.9999999999999	0.	5.849233419333199e-25	1.5960649823421692e-9	6.187842235606999e-10
640.	0.	5.4305946778772625e-25	1.5880237423398594e-9	6.171892433254752e-10
641.	0.	5.041904732805678e-25	1.5800329825928371e-9	6.156027122318835e-10
642.	0.	4.68101796861894e-25	1.5720909299116922e-9	6.140240315390475e-10
643.	0.	4.34594305570731e-25	1.5641958604653625e-9	6.12452615575718e-10
643.9999999999999	0.	4.0348317881401313e-25	1.5563460991240702e-9	6.108878916770382e-10
645.	0.	3.745968735876332e-25	1.5485400187966956e-9	6.093293001171461e-10
646.	0.	3.4777616513522834e-25	1.5407760397644008e-9	6.077762940381532e-10
647.	0.	3.2287325748766294e-25	1.5330526290102649e-9	6.06228339375189e-10
647.9999999999999	0.	2.9975095874068087e-25	1.5253682995445777e-9	6.04684914777685e-10
649.	0.	2.782819163112735e-25	1.517721609728741e-9	6.03145511527558e-10
650.	0.	2.5834790776670397e-25	1.5101111625950946e-9	6.016096334536805e-10
651.	0.	2.3983918314800848e-25	1.502535605165096e-9	6.000767968431109e-10
652.	0.	2.2265385501267424e-25	1.4949936277669447e-9	5.985465303496936e-10
652.9999999999999	0.	2.0669733270027783e-25	1.4874839633495142e-9	5.970183748988473e-10
654.	0.	1.918817975852561e-25	1.4800053867975989e-9	5.954918835901948e-10
655.	0.	1.7812571631927936e-25	1.4725567142457919e-9	5.939666215972051e-10
656.	0.	1.6535338928787641e-25	1.4651368023915837e-9	5.924421660639757e-10
656.9999999999999	0.	1.534945317110548e-25	1.457744547809211e-9	5.909181059995874e-10
658.	0.	1.4248388500715136e-25	1.4503788862643131e-9	5.893940421702702e-10
659.	0.	1.322608562146805e-25	1.4430387920288464e-9	5.878695869890177e-10
660.	0.	1.2276918342936743e-25	1.4357232771975214e-9	5.863443644030221e-10
661.	0.	1.1395662536402202e-25	1.4284313910053377e-9	5.84818009778996e-10
661.9999999999999	0.	1.0577467327779932e-25	1.4211622191472873e-9	5.832901697865553e-10
663.	0.	9.817828365036348e-26	1.4139148831001976e-9	5.817605022797901e-10
664.	0.	9.112563009545721e-26	1.4066885394466777e-9	5.802286761769126e-10
665.	0.	8.457787311888373e-26	1.3994823792014153e-9	5.786943713380796e-10
665.9999999999999	0.	7.849894642806874e-26	1.3922956271410002e-9	5.771572784419275e-10
667.	0.	7.28553585948162e-26	1.3851275411364365e-9	5.756170988603386e-10
668.	0.	6.761600896065379e-26	1.3779774114895168e-9	5.740735445321127e-10
669.	0.	6.275201675502839e-26	1.3708445602717394e-9	5.725263378347405e-10
670.	0.	5.823656247206472e-26	1.3637283406684344e-9	5.709752114555671e-10
670.9999999999999	0.	5.404474062083878e-26	1.356628136326278e-9	5.694199082615428e-10
672.	0.	5.0153423028773653e-26	1.349543360704808e-9	5.678601811678243e-10
673.	0.	4.6541131937389875e-26	1.342473456432466e-9	5.662957930053759e-10
674.	0.	4.318792218502878e-26	1.335417894668427e-9	5.647265163881104e-10
674.9999999999999	0.	4.007527182223524e-26	1.3283761744673277e-9	5.631521335785862e-10
676.	0.	3.7185980553187166e-26	1.3213478221505174e-9	5.6157243635336e-10
677.	0.	3.4504075440411053e-26	1.3143323906819739e-9	5.599872258676698e-10
678.	0.	3.201472335082503e-26	1.3073294590493103e-9	5.583963125192968e-10
678.9999999999999	0.	2.9704149658988617e-26	1.3003386316507011e-9	5.567995158121992e-10
679.9999999999999	0.	2.755956275838973e-26	1.2933595376870818e-9	5.551966642194392e-10
681.	0.	2.55690839641535e-26	1.2863918305604436e-9	5.535875950460122e-10
682.	0.	2.372168242054699e-26	1.2794351872774005e-9	5.519721542910184e-10
683.	0.	2.200711465467614e-26	1.2724893078593946e-9	5.503501965098969e-10
683.9999999999999	0.	2.0415868443541897e-26	1.2655539147591806e-9	5.487215846765652e-10
685.	0.	1.8939110685635012e-26	1.258628752282217e-9	5.47086190044826e-10
686.	0.	1.7568638990555383e-26	1.2517135860161525e-9	5.454438920105723e-10
687.	0.	1.6296836720651437e-26	1.2448082022655547e-9	5.437945779733858e-10
687.9999999999999	0.	1.511663123790401e-26	1.2379124074933174e-9	5.421381431983889e-10
688.9999999999999	0.	1.402145512697078e-26	1.2310260277692574e-9	5.404744906783535e-10
690.	0.	1.3005210181769944e-26	1.2241489082244852e-9	5.388035309957183e-10
691.	0.	1.2062233958256197e-26	1.2172809125132223e-9	5.37125182185074e-10
692.	0.	1.1187268710186375e-26	1.210421922281182e-9	5.354393695957823e-10
692.9999999999999	0.	1.0375432537826996e-26	1.2035718366406933e-9	5.33746025755051e-10
694.	0.	9.622192591719879e-27	1.1967305716530042e-9	5.320450902312119e-10
695.	0.	8.923340184955529e-27	1.189898059817398e-9	5.303365094977071e-10
696.	0.	8.274967677868665e-27	1.183074249567028e-9	5.286202367971183e-10
696.9999999999999	0.	7.673447008837023e-27	1.1762591047725477e-9	5.268962320062592e-10
698.	0.	7.115409753866645e-27	1.1694526042520764e-9	5.251644615012936e-10
699.	0.	6.597728606061585e-27	1.1626547412889206e-9	5.234248980239363e-10
700.	0.	6.117500173835128e-27	1.1558655231556073e-9	5.216775205478698e-10
701.	0.	5.672029003957945e-27	1.1490849706460098e-9	5.199223141461419e-10
701.9999999999999	0.	5.258812742234504e-27	1.1423131176141152e-9	5.181592698591772e-10
703.	0.	4.875528350822393e-27	1.1355500105200908e-9	5.163883845635627e-10
704.	0.	4.52001930699055e-27	1.1287957079832561e-9	5.146096608415209e-10
705.	0.	4.19028371347101e-27	1.1220502803430641e-9	5.128231068513786e-10
705.9999999999999	0.	3.884463255539123e-27	1.1153138092264748e-9	5.11028736198857e-10
707.	0.	3.6008329445762645e-27	1.1085863871227005e-9	5.092265678090658e-10
708.	0.	3.337791592167903e-27	1.1018681169656014e-9	5.074166257996838e-10
709.	0.	3.0938529627650124e-27	1.0951591117228122e-9	5.055989393549265e-10
710.	0.	2.867637556642957e-27	1.0884594939919254e-9	5.037735426004529e-10
710.9999999999999	0.	2.657864978327531e-27	1.0817693956044337e-9	5.01940474479416e-10
712.	0.	2.463346848842492e-27	1.075088957236347e-9	5.000997786294545e-10
713.	0.	2.282980223103053e-27	1.0684183280257996e-9	4.982515032607455e-10
714.	0.	2.115741476524103e-27	1.061757665198259e-9	4.963957010351047e-10
714.9999999999999	0.	1.9606806274723345e-27	1.055107133698385e-9	4.945324289462629e-10
716.	0.	1.8169160645597166e-27	1.0484669058289108e-9	4.926617482010942e-10
717.	0.	1.6836296499850553e-27	1.0418371608969282e-9	4.907837241022863e-10
718.	0.	1.5600621721705477e-27	1.0352180848667074e-9	4.888984259318116e-10
719.	0.	1.4455091228476262e-27	1.0286098700194016e-9	4.870059268358163e-10
719.9999999999999	0.	1.3393167755082567e-27	1.0220127146201103e-9	4.851063037105419e-10
721.	0.	1.2408785437804458e-27	1.015426822591404e-9	4.831996370897134e-10
722.	0.	1.1496315998076144e-27	1.008852403193549e-9	4.812860110327219e-10
723.	0.	1.0650537341301847e-27	1.0022896707119401e-9	4.793655130145175e-10
723.9999999999999	0.	9.866604398789156e-28	9.957388441507124e-10	4.774382338163771e-10
725.	0.	9.140022053131849e-28	9.892001469333361e-10	4.755042674181934e-10
726.	0.	8.466619998700923e-28	9.826738066097282e-10	4.735637108918599e-10
727.	0.	7.842529399456439e-28	9.761600545699155e-10	4.716166642960581e-10
727.9999999999999	0.	7.264161216064719e-28	9.696591257638013e-10	4.696632305721973e-10
728.9999999999999	0.	6.7281860834205155e-28	9.631712584285282e-10	4.677035154419628e-10
730.	0.	6.231515628098552e-28	9.566966938204037e-10	4.657376273057373e-10
731.	0.	5.771285123129949e-28	9.502356759548569e-10	4.6376567714269677e-10
732.	0.	5.344837384776663e-28	9.437884513515073e-10	4.6178777841210455e-10
732.9999999999999	0.	4.949707822756838e-28	9.373552687862588e-10	4.598040469559449e-10
734.	0.	4.583610561663118e-28	9.309363790486086e-10	4.578146009028489e-10
735.	0.	4.244425557171361e-28	9.24532034705755e-10	4.5581956057347283e-10
736.	0.	3.9301866360559415e-28	9.181424898725391e-10	4.538190483871297e-10
736.9999999999999	0.	3.6390703940864315e-28	9.117679999869428e-10	4.5181318876976117e-10
737.9999999999999	0.	3.3693858905629314e-28	9.054088215920705e-10	4.498021080634315e-10
739.	0.	3.119565082600567e-28	8.990652121232669e-10	4.47785934436909e-10
740.	0.	2.8881539463270526e-28	8.927374297013008e-10	4.4576479779778563e-10
741.	0.	2.6738042359112433e-28	8.864257329314476e-10	4.437388297059844e-10
741.9999999999999	0.	2.4752658348334198e-28	8.801303807076114e-10	4.4170816328847115e-10
743.	0.	2.291379657056519e-28	8.738516320223535e-10	4.3967293315545055e-10
744.	0.	2.1210710587679443e-28	8.675897457820622e-10	4.3763327531784304e-10
745.	0.	1.9633437241642818e-28	8.61344980627864e-10	4.3558932710620185e-10
745.9999999999999	0.	1.8172739913522787e-28	8.551175947616605e-10	4.33541227090868e-10
746.9999999999999	0.	1.6820055868563583e-28	8.489078457770517e-10	4.3148911500358093e-10
748.	0.	1.5567447394693759e-28	8.427159904961191e-10	4.29433131660406e-10
749.	0.	1.4407556462669805e-28	8.365422848106e-10	4.2737341888597065e-10
750.	0.	1.3333562655464685e-28	8.303869835283543e-10	4.2531011943904956e-10
750.9999999999999	0.	1.2339144132495783e-28	8.242503402250291e-10	4.2324337693958046e-10
752.	0.	1.1418441411004947e-28	8.181326071000336e-10	4.211733357968698e-10
753.	0.	1.0566023762459116e-28	8.120340348377389e-10	4.191001411392328e-10
754.	0.	9.776858036244875e-29	8.059548724730586e-10	4.1702393874490443e-10
754.9999999999999	0.	9.046279736352109e-29	7.998953672619868e-10	4.149448749742826e-10
756.	0.	8.36996618918756e-29	7.938557645564718e-10	4.1286309670343267e-10
757.	0.	7.74391165222678e-29	7.878363076840248e-10	4.1077875125909164e-10
758.	0.	7.164404223949113e-29	7.818372378310051e-10	4.086919863545703e-10
759.	0.	6.62800442549548e-29	7.75858793931495e-10	4.066029500274176e-10
759.9999999999999	0.	6.131525333736107e-29	7.69901212559299e-10	4.045117905780469e-10
761.	0.	5.67201415406115e-29	7.639647278247372e-10	4.02418656509706e-10
762.	0.	5.246735129196754e-29	7.580495712753538e-10	4.0032369646975544e-10
763.	0.	4.8531536877740155e-29	7.521559718007609e-10	3.9822705919225173e-10
763.9999999999999	0.	4.4889217432738915e-29	7.462841555412395e-10	3.9612889344156473e-10
765.	0.	4.151864060386157e-29	7.404343458007917e-10	3.940293479575121e-10
766.	0.	3.8399656117571424e-29	7.346067629630777e-10	3.919285714015002e-10
767.	0.	3.55135985363233e-29	7.288016244122331e-10	3.898267123040502e-10
768.	0.	3.2843178540297905e-29	7.23019144456421e-10	3.877239190133907e-10
768.9999999999999	0.	3.0372382118430317e-29	7.172595342556712e-10	3.8562033964532276e-10
770.	0.	2.808637709697394e-29	7.115230017526423e-10	3.8351612203432883e-10
771.	0.	2.597142647490738e-29	7.058097516074652e-10	3.8141141368572046e-10
772.	0.	2.4014808073657158e-29	7.001199851356628e-10	3.793063617290925e-10
772.9999999999999	0.	2.220474004400344e-29	6.944539002492933e-10	3.772011128728484e-10
774.	0.	2.0530311805958224e-29	6.888116914017462e-10	3.750958133598945e-10
775.	0.	1.898142002790568e-29	6.831935495353877e-10	3.72990608924517e-10
776.	0.	1.7548709279660318e-29	6.775996620324623e-10	3.70885644750269e-10
776.9999999999999	0.	1.622351702043257e-29	6.720302126690117e-10	3.687810654291146e-10
777.9999999999999	0.	1.4997822607092224e-29	6.664853815719867e-10	3.666770149215632e-10
779.	0.	1.3864200030842522e-29	6.60965345178961e-10	3.645736365179313e-10
780.	0.	1.281577411145468e-29	6.554702762010151e-10	3.6247107280069965e-10
781.	0.	1.1846179897764327e-29	6.500003435880356e-10	3.6036946560788724e-10
781.9999999999999	0.	1.0949525041287585e-29	6.445557124974126e-10	3.58268955997562e-10
783.	0.	1.0120354926648435e-29	6.391365442645682e-10	3.561696842132721e-10
784.	0.	9.353620358148302e-30	6.337429963768242e-10	3.540717896506128e-10
785.	0.	8.644647616325146e-30	6.283752224493933e-10	3.519754108247895e-10
785.9999999999999	0.	7.989110711807244e-30	6.230333722038565e-10	3.4988068533909725e-10
786.9999999999999	0.	7.383005676282098e-30	6.177175914495384e-10	3.4778774985453357e-10
788.	0.	6.82262674198853e-30	6.124280220664291e-10	3.456967400602781e-10
789.	0.	6.304544271918618e-30	6.071648019912965e-10	3.4360779064517854e-10
790.	0.	5.825584312897141e-30	6.019280652052478e-10	3.4152103527019564e-10
790.9999999999999	0.	5.382809652988224e-30	5.967179417242186e-10	3.3943660654177154e-10
792.	0.	4.973502273272471e-30	5.91534557590964e-10	3.373546359861555e-10
793.	0.	4.595147092031841e-30	5.863780348694622e-10	3.352752540246002e-10
794.	0.	4.245416906777087e-30	5.812484916412523e-10	3.3319858994951057e-10
794.9999999999999	0.	3.922158446431744e-30	5.761460420038128e-10	3.311247719014485e-10
795.9999999999999	0.	3.623379452361576e-30	5.710707960706839e-10	3.290539268470164e-10
797.	0.	3.347236712854648e-30	5.660228599736e-10	3.2698618055761824e-10
798.	0.	3.092024981144231e-30	5.6100233586635e-10	3.249216575890736e-10
799.	0.	2.856166712160179e-30	5.5600932193036e-10	3.228604812620481e-10
799.9999999999999	0.	2.6382025579167886e-30	5.510439123820532e-10	3.208027736433353e-10
801.	0.	2.4367825658252298e-30	5.461061974818203e-10	3.187486555279382e-10
802.	0.	2.2506580282857818e-30	5.411962635445789e-10	3.1669824642194414e-10
803.	0.	2.0786739356801896e-30	5.363141929517838e-10	3.146516645262012e-10
803.9999999999999	0.	1.919761988385438e-30	5.314600641652274e-10	3.126090267207768e-10
804.9999999999999	0.	1.7729341266677544e-30	5.266339517420781e-10	3.105704485501221e-10
806.	0.	1.637276540328431e-30	5.218359263510497e-10	3.0853604420908817e-10
807.	0.	1.5119441227566482e-30	5.170660547905696e-10	3.065059265295645e-10
808.	0.	1.3961553366355236e-30	5.123244000078197e-10	3.0448020696793433e-10
808.9999999999999	0.	1.289187460941603e-30	5.076110211191215e-10	3.0245899559317605e-10
810.	0.	1.1903721911058992e-30	5.029259734314601e-10	3.004424010756987e-10
811.	0.	1.0990915662635293e-30	4.98269308465399e-10	2.9843053067685657e-10
812.	0.	1.0147741994330316e-30	4.936410739790004e-10	2.964234902391458e-10
812.9999999999999	0.	9.368917882377472e-31	4.890413139930908e-10	2.944213841770314e-10
814.	0.	8.649558854262184e-31	4.844700688167258e-10	2.9242431546846867e-10
815.	0.	7.985149099715833e-31	4.799273750750859e-10	2.9043238564701465e-10
816.	0.	7.371513809425397e-31	4.754132657369569e-10	2.8844569479462705e-10
816.9999999999999	0.	6.804793576480761e-31	4.709277701441e-10	2.864643415349909e-10
817.9999999999999	0.	6.281420707716952e-31	4.664709140408849e-10	2.844884230275419e-10
819.	0.	5.798097303359904e-31	4.620427196054133e-10	2.8251803496199964e-10
820.	0.	5.351774973812882e-31	4.576432054807639e-10	2.8055327155352126e-10
821.	0.	4.939636072085894e-31	4.532723868076582e-10	2.7859422553841353e-10
821.9999999999999	0.	4.559076329327615e-31	4.489302752573324e-10	2.766409881704011e-10
823.	0.	4.2076887892208135e-31	4.4461687906569223e-10	2.7469364921741635e-10
824.	0.	3.8832489446978714e-31	4.4033220306744994e-10	2.7275229695894603e-10
825.	0.	3.58370098756026e-31	4.360762487317623e-10	2.708170181839125e-10
825.9999999999999	0.	3.307145088192627e-31	4.3184901419773073e-10	2.688878981890008e-10
826.9999999999999	0.	3.0518256286850916e-31	4.276504943107759e-10	2.6696502077754947e-10
828.	0.	2.8161203183493286e-31	4.2348068065976923e-10	2.650484682588877e-10
829.	0.	2.5985301258675228e-31	4.193395616143052e-10	2.631383214481774e-10
830.	0.	2.397669967184579e-31	4.15227122362741e-10	2.6123465966670873e-10
830.9999999999999	0.	2.212260092763292e-31	4.1114334495067827e-10	2.5933756074260883e-10
832.	0.	2.0411181220038505e-31	4.0708820831962785e-10	2.5744710101208384e-10
833.	0.	1.8831516764955203e-31	4.0306168834633307e-10	2.555633553209992e-10
834.	0.	1.7373515673603114e-31	3.990637578825476e-10	2.5368639702695687e-10
834.9999999999999	0.	1.6027854952650128e-31	3.950943867948055e-10	2.5181629800171944e-10
835.9999999999999	0.	1.4785922247586404e-31	3.9115354200489223e-10	2.4995312863410657e-10
837.	0.	1.3639761974391491e-31	3.872411875303907e-10	2.480969578332131e-10
838.	0.	1.2582025510952443e-31	3.833572845255783e-10	2.462478530320654e-10
839.	0.	1.1605925144107799e-31	3.795017913224988e-10	2.4440588019161245e-10
839.9999999999999	0.	1.0705191490858993e-31	3.7567466347242597e-10	2.4257110380509266e-10
841.	0.	9.874034133223262e-32	3.718758537872723e-10	2.4074358690278547e-10
842.	0.	9.10710522564153e-32	3.681053123816429e-10	2.3892339105700984e-10
843.	0.	8.399465851811716e-32	3.6436298671438055e-10	2.371105763875903e-10
843.9999999999999	0.	7.746554924466593e-32	3.6064882163087065e-10	2.353052015675376e-10
844.9999999999999	0.	7.144160437032087e-32	3.5696275940502095e-10	2.3350732382909444e-10
846.	0.	6.588392890357178e-32	3.533047397815884e-10	2.3171699897007168e-10
847.	0.	6.075660730925484e-32	3.496747000186825e-10	2.2993428136051487e-10
848.	0.	5.602647649183787e-32	3.460725749297192e-10	2.281592239495905e-10
848.9999999999999	0.	5.166291597940746e-32	3.4249829692640383e-10	2.263918782728264e-10
850.	0.	4.7637654012722676e-32	3.389517960605732e-10	2.2463229445957002e-10
851.	0.	4.3924588340676286e-32	3.354330000672715e-10	2.2288052124075254e-10
852.	0.	4.0499620613275143e-32	3.3194183440664484e-10	2.211366059568465e-10
852.9999999999999	0.	3.734050334640392e-32	3.2847822230656524e-10	2.194005945661508e-10
853.9999999999999	0.	3.4426698509470925e-32	3.2504208480508014e-10	2.1767253165323304e-10
855.	0.	3.1739246858311534e-32	3.2163334079250184e-10	2.1595246043766293e-10
856.	0.	2.9260647201510696e-32	3.182519070537661e-10	2.1424042278291782e-10
857.	0.	2.697474484933782e-32	3.1489769831044716e-10	2.1253645920554704e-10
857.9999999999999	0.	2.486662855085823e-32	3.1157062726269583e-10	2.108406088845229e-10
859.	0.	2.2922535277008157e-32	3.0827060463133937e-10	2.0915290967076338e-10
860.	0.	2.1129762255715194e-32	3.049975391993587e-10	2.0747339809690883e-10
861.	0.	1.9476585709839815e-32	3.017513378537934e-10	2.0580210938721958e-10
861.9999999999999	0.	1.7952185790054847e-32	2.9853190562673765e-10	2.0413907746768707e-10
863.	0.	1.654657723305134e-32	2.953391457370686e-10	2.0248433497630307e-10
864.	0.	1.5250545310831732e-32	2.9217295963117013e-10	2.0083791327349818e-10
865.	0.	1.405558666961287e-32	2.8903324702383857e-10	1.991998424527297e-10
865.9999999999999	0.	1.29538546871287e-32	2.859199059392109e-10	1.975701513512134e-10
866.9999999999999	0.	1.1938109005148117e-32	2.828328327509083e-10	1.9594886756080494e-10
868.	0.	1.1001668919952553e-32	2.797719222222947e-10	1.9433601743904024e-10
869.	0.	1.0138370337450371e-32	2.7673706754666124e-10	1.9273162612024889e-10
870.	0.	9.34252602181881e-33	2.73728160386542e-10	1.911357175268423e-10
870.9999999999999	0.	8.608888887034726e-33	2.707450909137232e-10	1.8954831438071184e-10
872.	0.	7.932618099638298e-33	2.6778774784791305e-10	1.879694382146916e-10
873.	0.	7.309247778598735e-33	2.648560184960161e-10	1.8639910938421482e-10
874.	0.	6.73465809437445e-33	2.6194978879045314e-10	1.8483734707895525e-10
874.9999999999999	0.	6.205048584255418e-33	2.590689433279277e-10	1.8328416933468264e-10
875.9999999999999	0.	5.7169135149397576e-33	2.5621336540719794e-10	1.8173959304511267e-10
877.	0.	5.2670191361192796e-33	2.533829370667267e-10	1.80203633973867e-10
878.	0.	4.8523826807065e-33	2.5057753912231906e-10	1.7867630676655192e-10
879.	0.	4.470252978289931e-33	2.4779705120411074e-10	1.7715762496283824e-10
879.9999999999999	0.	4.118092558544336e-33	2.450413517935078e-10	1.756476010086635e-10
881.	0.	3.793561130685766e-33	2.423103182594263e-10	1.7414624626847246e-10
882.	0.	3.494500333725105e-33	2.3960382689456213e-10	1.7265357103749242e-10
883.	0.	3.218919660276466e-33	2.369217529510348e-10	1.7116958455413748e-10
883.9999999999999	0.	2.964983464079787e-33	2.342639706760484e-10	1.6969429501233948e-10
884.9999999999999	0.	2.730998968234842e-33	2.3163035334662124e-10	1.6822770957404175e-10
886.	0.	2.515405197468968e-33	2.2902077330466567e-10	1.6676983438163674e-10
887.	0.	2.3167627636017003e-33	2.2643510199113355e-10	1.6532067457050718e-10
888.	0.	2.1337444387721714e-33	2.2387320998006213e-10	1.638802342815326e-10
888.9999999999999	0.	1.9651264559872052e-33	2.2133496701227004e-10	1.6244851667367697e-10
890.	0.	1.809780481157173e-33	2.1882024202837232e-10	1.6102552393655547e-10
891.	0.	1.6666662050547038e-33	2.163289032021095e-10	1.596112573030294e-10
892.	0.	1.5348245075660566e-33	2.138608179724611e-10	1.5820571706182714e-10
892.9999999999999	0.	1.4133711502466792e-33	2.1141585307588706e-10	1.5680890257014763e-10
893.9999999999999	0.	1.3014909565556703e-33	2.0899387457822083e-10	1.554208122662868e-10
895.	0.	1.1984324422520419e-33	2.065947479058195e-10	1.5404144368226323e-10
896.	0.	1.1035028613043974e-33	2.0421833787670625e-10	1.526707934564195e-10
897.	0.	1.016063635321812e-33	2.01864508730999e-10	1.5130885734604537e-10
897.9999999999999	0.	9.35526136961388e-34	1.995331241613346e-10	1.4995563023997225e-10
899.	0.	8.613478000331051e-34	1.9722404734243536e-10	1.4861110617115664e-10
900.	0.	7.930285311149565e-34	1.949371409607095e-10	1.4727527832925638e-10
901.	0.	7.301073994210142e-34	1.9267226724310682e-10	1.459481390731649e-10
901.9999999999999	0.	6.721595834520123e-34	1.9042928798592706e-10	1.4462967994353008e-10
902.9999999999999	0.	6.1879355460491944e-34	1.8820806458292758e-10	1.4331989167528145e-10
904.	0.	5.696484794410076e-34	1.8600845805319998e-10	1.4201876421006518e-10
905.	0.	5.243918237180809e-34	1.838303290685856e-10	1.407262867086933e-10
906.	0.	4.827171425911765e-34	1.8167353798078766e-10	1.3944244756353366e-10
906.9999999999999	0.	4.443420425855302e-34	1.7953794484789015e-10	1.3816723441088886e-10
908.	0.	4.090063020532286e-34	1.774234094608154e-10	1.3690063414328475e-10
909.	0.	3.7647013784780818e-34	1.7532979136893506e-10	1.3564263292178157e-10
910.	0.	3.465126068958088e-34	1.7325694990578008e-10	1.3439321618817266e-10
910.9999999999999	0.	3.18930132216075e-34	1.7120474421376866e-10	1.331523686771879e-10
911.9999999999999	0.	2.935351437435894e-34	1.6917303326934387e-10	1.319200744286202e-10
913.	0.	2.701548250575834e-34	1.6716167590686391e-10	1.3069631679938447e-10
914.	0.	2.4862995780069476e-34	1.6517053084254874e-10	1.294810784755658e-10
914.9999999999999	0.	2.288138562095343e-34	1.6319945669821376e-10	1.2827434148437438e-10
915.9999999999999	0.	2.105713847624099e-34	1.612483120240927e-10	1.2707608720603972e-10
917.	0.	1.937780524901433e-34	1.5931695532163562e-10	1.2588629638566714e-10
918.	0.	1.783191779946088e-34	1.5740524506591005e-10	1.2470494914501851e-10
919.	0.	1.640891196800459e-34	1.5551303972756505e-10	1.2353202499420597e-10
919.9999999999999	0.	1.5099056612724808e-34	1.536401977941794e-10	1.2236750284337012e-10
921.	0.	1.3893388193288926e-34	1.5178657779162256e-10	1.212113610142229e-10
922.	0.	1.278365046984264e-34	1.4995203830488108e-10	1.2006357725159307e-10
923.	0.	1.176223891871304e-34	1.481364379982257e-10	1.1892412873481537e-10
923.9999999999999	0.	1.0822149497631627e-34	1.4633963563549485e-10	1.1779299208913275e-10
924.9999999999999	0.	9.956931421643036e-35	1.445614900997612e-10	1.1667014339695814e-10
926.	0.	9.160643637144637e-35	1.4280186041230203e-10	1.1555555820908088e-10
927.	0.	8.427814705738509e-35	1.410606057518777e-10	1.1444921155580316e-10
928.	0.	7.753405831956922e-35	1.3933758547318715e-10	1.1335107795800111e-10
928.9999999999999	0.	7.132776789562873e-35	1.3763265912486362e-10	1.1226113143805926e-10
930.	0.	6.561654520180036e-35	1.3594568646767792e-10	1.1117934553079036e-10
931.	0.	6.036104195586026e-35	1.3427652749142706e-10	1.1010569329422017e-10
932.	0.	5.552502551216767e-35	1.3262504243261585e-10	1.0904014732030884e-10
932.9999999999999	0.	5.107513313402138e-35	1.3099109179086916e-10	1.0798267974558553e-10
933.9999999999999	0.	4.698064556648044e-35	1.2937453634542858e-10	1.069332622616893e-10
935.	0.	4.321327840032114e-35	1.277752371711e-10	1.0589186612583382e-10
936.	0.	3.974698983517211e-35	1.2619305565411821e-10	1.0485846217115872e-10
937.	0.	3.6557803558376646e-35	1.2462785350728005e-10	1.0383302081704031e-10
937.9999999999999	0.	3.362364555606215e-35	1.2307949278523081e-10	1.0281551207924867e-10
939.	0.	3.092419376520932e-35	1.215478358988317e-10	1.0180590558005976e-10
940.	0.	2.8440739560543163e-35	1.2003274562974594e-10	1.008041705582629e-10
941.	0.	2.615606014859122e-35	1.1853408514417172e-10	9.981027587907167e-11
941.9999999999999	0.	2.4054301013648524e-35	1.170517180068556e-10	9.882419004393723e-11
942.9999999999999	0.	2.2120867627132363e-35	1.1558550819423949e-10	9.78458812002911e-11
944.	0.	2.0342325693410364e-35	1.1413532010733076e-10	9.687531715115609e-11
945.	0.	1.8706309261983776e-35	1.127010185847822e-10	9.591246536469696e-11
946.	0.	1.720143608826771e-35	1.1128246891497779e-10	9.495729298366081e-11
946.9999999999999	0.	1.5817229673523102e-35	1.0987953684824455e-10	9.400976683470718e-11
948.	0.	1.4544047459029185e-35	1.0849208860854685e-10	9.306985343767965e-11
949.	0.	1.3373014690680848e-35	1.071199909049826e-10	9.213751901474508e-11
950.	0.	1.2295963508031564e-35	1.0576311094290816e-10	9.121272949944742e-11
950.9999999999999	0.	1.130537684676636e-35	1.0442131643490972e-10	9.029545054566485e-11
951.9999999999999	0.	1.0394336775758201e-35	1.030944756112121e-10	8.938564753647775e-11
953.	0.	9.556476919571084e-36	1.0178245722990981e-10	8.84832855929293e-11
954.	0.	8.785938644632926e-36	1.004851305870954e-10	8.758832958266984e-11
954.9999999999999	0.	8.077330712545e-36	9.920236552661459e-11	8.670074412856213e-11
955.9999999999999	0.	7.425692127255057e-36	9.793403244910317e-11	8.582049361710427e-11
957.	0.	6.826457924275973e-36	9.668000232148501e-11	8.49475422068285e-11
958.	0.	6.275427669896821e-36	9.544014668565339e-11	8.408185383656689e-11
959.	0.	5.768736456565729e-36	9.421433766702942e-11	8.322339223361233e-11
959.9999999999999	0.	5.302828197421398e-36	9.300244798304161e-11	8.237212092179697e-11
960.9999999999999	0.	4.87443103843892e-36	9.180435095089488e-11	8.152800322946765e-11
962.	0.	4.480534720931022e-36	9.061992049560265e-11	8.0691002297365e-11
963.	0.	4.118369740298167e-36	8.944903115733315e-11	7.98610810863989e-11
963.9999999999999	0.	3.7853881590547786e-36	8.829155809882039e-11	7.903820238531516e-11
964.9999999999999	0.	3.479245943327481e-36	8.714737711215832e-11	7.822232881829728e-11
966.	0.	3.1977867023291244e-36	8.601636462593694e-11	7.741342285243452e-11
967.	0.	2.9390267197979873e-36	8.489839771128815e-11	7.661144680510727e-11
968.	0.	2.7011411751444335e-36	8.379335408856278e-11	7.581636285128008e-11
968.9999999999999	0.	2.4824514601071416e-36	8.27011121331827e-11	7.502813303068725e-11
969.9999999999999	0.	2.281413504147691e-36	8.162155088144762e-11	7.424671925492282e-11
971.	0.	2.096607028662401e-36	8.055455003622363e-11	7.347208331443814e-11
972.	0.	1.9267256563918427e-36	7.949998997207543e-11	7.270418688543688e-11
972.9999999999999	0.	1.7705678082252713e-36	7.845775174064171e-11	7.194299153667783e-11
973.9999999999999	0.	1.627028324948489e-36	7.742771707539688e-11	7.118845873618564e-11
975.	0.	1.495090756419357e-36	7.640976839629674e-11	7.044054985784966e-11
976.	0.	1.3738202652002878e-36	7.540378881438978e-11	6.969922618794218e-11
977.	0.	1.2623570958639667e-36	7.440966213593044e-11	6.896444893154295e-11
977.9999999999999	0.	1.159910565047426e-36	7.342727286651923e-11	6.823617921885476e-11
979.	0.	1.0657535308838126e-36	7.245650621487684e-11	6.75143781114391e-11
980.	0.	9.792173037140544e-37	7.149724809663437e-11	6.679900660834842e-11
980.9999999999999	0.	8.996869629986253e-37	7.054938513758962e-11	6.609002565217257e-11
982.	0.	8.265970481259017e-37	6.961280467709636e-11	6.538739613498204e-11
982.9999999999999	0.	7.594275933740486e-37	6.868739477112994e-11	6.469107890419286e-11
983.9999999999999	0.	6.977004796393701e-37	6.777304419503602e-11	6.400103476832068e-11
985.	0.	6.409760777166799e-37	6.686964244634945e-11	6.331722450267384e-11
985.9999999999999	0.	5.888501599150049e-37	6.597707974723026e-11	6.263960885491484e-11
987.	0.	5.409510586352878e-37	6.509524704685476e-11	6.196814855055696e-11
988.	0.	4.969370522318661e-37	6.42240360236185e-11	6.130280429838209e-11
988.9999999999999	0.	4.564939600422924e-37	6.336333908687087e-11	6.064353679573183e-11
990.	0.	4.193329299077375e-37	6.251304937897074e-11	5.999030673374493e-11
990.9999999999999	0.	3.851884028324604e-37	6.167306077696593e-11	5.934307480249574e-11
992.	0.	3.538162406488106e-37	6.084326789386931e-11	5.870180169602884e-11
993.	0.	3.249920036795876e-37	6.002356608014572e-11	5.8066448117332647e-11
993.9999999999999	0.	2.985093664225453e-37	5.921385142478573e-11	5.74369747832067e-11
995.	0.	2.7417866023511346e-37	5.841402075641228e-11	5.681334242905701e-11
995.9999999999999	0.	2.5182553287405797e-37	5.762397164411953e-11	5.619551181359252e-11
997.	0.	2.312897155525262e-37	5.684360239815501e-11	5.558344372345136e-11
998.	0.	2.1242388892009834e-37	5.607281207053061e-11	5.49770989777314e-11
998.9999999999999	0.	1.9509264005635748e-37	5.531150045544735e-11	5.4376438432444224e-11
1000.	0.	1.79171503198256e-37	5.455956808952417e-11	5.3781422984887114e-11