0.	0.	0.	0.	0.
1.	4.96842338544379e-7	8.374336349027884e-7	8.680797673238465e-8	8.695751888938685e-9
2.	2.86752766214085e-8	1.4583958904362791e-6	1.56814864630514e-7	1.573566372635938e-8
3.	9.572347811466694e-10	1.900272413250946e-6	2.120856479852026e-7	2.131877562617747e-8
4.	2.42622907097057e-11	2.195459945074042e-6	2.544920097897101e-7	2.5626013845101366e-8
5.	5.167670331662978e-13	2.3718706330476827e-6	2.857272838718532e-7	2.8821548558083718e-8
6.	9.7333337990171e-15	2.4534081523197325e-6	3.073204109795016e-7	3.105406408131966e-8
7.	1.67036829443884e-16	2.4604128367907135e-6	3.206489573203588e-7	3.245794652833993e-8
8.	2.663592439549858e-18	2.410074287163565e-6	3.2695125098579905e-7	3.315439362957431e-8
9.	3.972152115065465e-20	2.3168109252427924e-6	3.2733768876241446e-7	3.325245120247548e-8
10.	0.	2.1926167359205103e-6	3.2280126304768476e-7	3.2849980527382916e-8
11.	0.	2.0473760228682474e-6	3.142273559318959e-7	3.203456066328743e-8
12.	0.	1.889147434165024e-6	3.02402844981405e-7	3.088432952705688e-8
13.	0.	1.7244188183905688e-6	2.8802456285309647e-7	2.946876735905502e-8
14.	0.	1.558334674153483e-6	2.717071505811485e-7	2.7849426006994295e-8
14.999999999999998	0.	1.3948980768643624e-6	2.5399034219993126e-7	2.6080607277896248e-8
16.	0.	1.2371490227882534e-6	2.35345716296146e-7	2.4209993434790275e-8
17.	0.	1.0873211361945323e-6	2.1618294811448957e-7	2.2279232749882042e-8
18.	0.	9.469786525342846e-7	1.9685559396969815e-7	2.032448286899809e-8
18.999999999999996	0.	8.171355287303547e-7	1.7766643793946255e-7	1.8376914592812954e-8
20.	0.	6.983584488299837e-7	1.588724291232696e-7	1.6463178538350147e-8
21.	0.	5.908553959282631e-7	1.40689236147708e-7	1.4605837009195073e-8
22.	0.	4.945513546537961e-7	1.232954440753798e-7	1.2823763274456145e-8
23.	0.	4.091525967926767e-7	1.0683641742858253e-7	1.1132510334460997e-8
24.	0.	3.342008891067416e-7	9.142785166685247e-8	9.54465113519174e-9
24.999999999999996	0.	2.6911884963381233e-7	7.71590341559336e-8	8.070092083275672e-9
26.	0.	2.1324756868686765e-7	6.409583443144588e-8	6.716361608686342e-9
27.	0.	1.65877504838131e-7	5.2283442390452166e-8	5.488875422931787e-9
28.	0.	1.2627356541212684e-7	4.174887193520518e-8	4.391180026162632e-9
29.	0.	9.369518611343844e-8	3.2503246542764355e-8	3.4251759270950416e-9
29.999999999999996	0.	6.741213580493038e-8	2.4543882239191583e-8	2.5913219546925885e-9
31.	0.	4.6716690340358486e-8	1.7856182514981718e-8	1.888821959968927e-9
32.	0.	3.093274378310346e-8	1.2415358826823602e-8	1.3157951298650643e-9
32.99999999999999	0.	1.9422356220903226e-8	8.187989487212855e-9	8.69431062715723e-10
34.	0.	1.1590174527737546e-8	5.133428945664303e-9	5.461306861752556e-10
35.	0.	6.886105568260511e-9	3.205078710956808e-9	3.4163403343210383e-10
36.	0.	4.8065701770727735e-9	2.3515304510137026e-9	2.511358319459014e-10
37.	0.	4.894620430231481e-9	2.5175911335433093e-9	2.6938980061742335e-10
37.99999999999999	0.	6.739161896271583e-9	3.645199434592877e-9	3.908024961019535e-10
39.	0.	9.973486336326436e-9	5.674242041733527e-9	6.095174967384342e-10
40.	0.	1.4273288346360812e-8	8.543277912165729e-9	9.194906631724872e-10
41.	0.	1.9354311333530882e-8	1.2190178011584252e-8	1.3145571680278205e-9
42.	0.	2.4969743641071627e-8	1.6552687555902074e-8	1.7884909428339503e-9
42.99999999999999	0.	3.090746424407485e-8	2.156891730307651e-8	2.3350571486929545e-9
44.	0.	3.698721891341893e-8	2.7177769995092797e-8	2.948058237772226e-9
44.99999999999999	0.	4.30577917871813e-8	3.331930762896403e-8	3.6213741355006306e-9
46.	0.	4.89942236199259e-8	3.993506483932545e-8	4.348997038241602e-9
47.	0.	5.4695116342364283e-8	4.696831330232847e-8	5.125061288089889e-9
48.	0.	6.00800537206663e-8	5.436428172008511e-8	5.9438687552145256e-9
49.	0.	6.508715963946034e-8	6.207033561537039e-8	6.7999101287169125e-9
49.99999999999999	0.	6.967080864938195e-8	7.003612085706086e-8	7.687882489255061e-9
51.	0.	7.379949774039944e-8	7.821367454617318e-8	8.60270351054665e-9
52.	0.	7.745388366680988e-8	8.65575066199988e-8	9.53952261229197e-9
53.	0.	8.06249864148267e-8	9.502465527622673e-8	1.0493729363917544e-8
54.	0.	8.33125564415667e-8	1.0357471907951937e-7	1.1460959416792631e-8
54.99999999999999	0.	8.552360101126819e-8	1.12169868388752e-7	1.2437098222128528e-8
56.	0.	8.727106321030603e-8	1.207748385331853e-7	1.3418282772562401e-8
56.99999999999999	0.	8.857264594869731e-8	1.2935690696954148e-7	1.4400901587401612e-8
58.	0.	8.944977237471666e-8	1.378858564684385e-7	1.5381593144587503e-8
59.	0.	8.992667357334137e-8	1.4633392620715947e-7	1.6357242946566134e-8
59.99999999999999	0.	9.002959412993171e-8	1.5467575248582965e-7	1.732497939239655e-8
61.	0.	8.978610606686291e-8	1.628883006347759e-7	1.8282168614493315e-8
62.	0.	8.922452175928657e-8	1.7095078954181467e-7	1.9226408425371913e-8
63.	0.	8.837339666944406e-8	1.7884461009869657e-7	2.0155521507572058e-8
64.	0.	8.726111307528953e-8	1.8655323874551672e-7	2.106754796854708e-8
65.	0.	8.59155363818175e-8	1.940621471798555e-7	2.196073737165986e-8
65.99999999999999	0.	8.436373607003784e-8	2.0135870919344716e-7	2.2833540344498183e-8
67.	0.	8.263176384036904e-8	2.0843210550273135e-7	2.3684599856466794e-8
68.	0.	8.074448202892079e-8	2.1527322735020183e-7	2.4512742248982952e-8
69.	0.	7.872543590430192e-8	2.2187457957074774e-7	2.5316968093578444e-8
70.	0.	7.659676397909818e-8	2.2823018374053327e-7	2.6096442945729795e-8
70.99999999999999	0.	7.437914098627765e-8	2.343354819555237e-7	2.6850488055329528e-8
72.	0.	7.209174867006244e-8	2.4018724172128723e-7	2.7578571088239784e-8
73.	0.	6.975227001902048e-8	2.457834623758846e-7	2.8280296907427274e-8
74.	0.	6.737690302270696e-8	2.5112328341240614e-7	2.895539845664944e-8
75.	0.	6.498039045985391e-8	2.5620689501680974e-7	2.9603727784527753e-8
75.99999999999999	0.	6.257606262480398e-8	2.6103545109057173e-7	3.022524724216416e-8
77.	0.	6.017589026848342e-8	2.656109849848107e-7	3.082002088306744e-8
78.	0.	5.779054537110529e-8	2.699363281338546e-7	3.1388206090165336e-8
79.	0.	5.5429467676092725e-8	2.74015031740797e-7	3.193004545099142e-8
80.	0.	5.310093519929686e-8	2.778512916353352e-7	3.244585889874531e-8
80.99999999999999	0.	5.081213718550291e-8	2.814498763950212e-7	3.293603613383065e-8
82.	0.	4.856924821666848e-8	2.8481605879461053e-7	3.340102933763879e-8
83.	0.	4.637750238476662e-8	2.879555506243427e-7	3.3841346187756416e-8
84.	0.	4.4241266627975183e-8	2.908744408965843e-7	3.42575431814261e-8
84.99999999999999	0.	4.2164112493807644e-8	2.935791374410981e-7	3.4650219271952054e-8
85.99999999999999	0.	4.014888573814031e-8	2.96076311871977e-7	3.502000982079718e-8
87.	0.	3.819777329658488e-8	2.9837284789413793e-7	3.536758086637741e-8
88.	0.	3.631236727572076e-8	3.00475792903957e-7	3.5693623709000985e-8
89.	0.	3.4493725707788506e-8	3.023923128265584e-7	3.599884980995976e-8
89.99999999999999	0.	3.2742429895077706e-8	3.041296501222273e-7	3.6283986001550624e-8
90.99999999999999	0.	3.1058638240616984e-8	3.056950848855637e-7	3.654977000369385e-8
92.	0.	2.9442136521178304e-8	3.0709589895304827e-7	3.679694624178898e-8
93.	0.	2.7892384608344664e-8	3.083393429287898e-7	3.702626195964837e-8
94.	0.	2.64085596843287e-8	3.094326060323873e-7	3.723846362053788e-8
94.99999999999999	0.	2.498959603259699e-8	3.103827886688452e-7	3.743429358874982e-8
96.	0.	2.3634221509947334e-8	3.1119687761669667e-7	3.761448708354174e-8
97.	0.	2.2340990827421208e-8	3.1188172372830096e-7	3.7779769396863656e-8
98.	0.	2.1108315783043126e-8	3.1244402203394097e-7	3.793085336585808e-8
99.	0.	1.99344926006009e-8	3.1289029414033096e-7	3.806843709083199e-8
99.99999999999999	0.	1.881772653613771e-8	3.132268728136517e-7	3.819320188917116e-8
101.	0.	1.7756153918090296e-8	3.134598886371263e-7	3.8305810475481526e-8
102.	0.	1.6747861788524835e-8	3.1359525863327985e-7	3.840690535808155e-8
103.	0.	1.5790905312316984e-8	3.136386767425935e-7	3.849710744198196e-8
104.	0.	1.4883323118530747e-8	3.1359560605078343e-7	3.857701482837153e-8
104.99999999999999	0.	1.4023150734299902e-8	3.1347127265922655e-7	3.864720180072774e-8
106.	0.	1.3208432266295861e-8	3.1327066109446097e-7	3.870821798766268e-8
107.	0.	1.2437230478784256e-8	3.129985111553262e-7	3.8760587692758366e-8
108.	0.	1.1707635410478707e-8	3.126593160984601e-7	3.880480938173256e-8
109.	0.	1.101777166514451e-8	3.122573220655697e-7	3.884135531743306e-8
109.99999999999999	0.	1.0365804503330367e-8	3.1179652865888605e-7	3.8870671333355126e-8
111.	0.	9.749944854854243e-9	3.11280690573773e-7	3.8893176736522616e-8
112.	0.	9.16845336388478e-9	3.107133202010045e-7	3.8909264330847747e-8
113.	0.	8.619643570714601e-9	3.1009769111385366e-7	3.891930055224652e-8
113.99999999999999	0.	8.101884326720971e-9	3.0943684235888434e-7	3.8923625707096826e-8
114.99999999999999	0.	7.61360153158815e-9	3.0873358347214947e-7	3.892255430582161e-8
116.	0.	7.153279274724668e-9	3.079905001460689e-7	3.89163754836773e-8
117.	0.	6.7194604559256126e-9	3.0720996047549616e-7	3.8905353501087764e-8
118.	0.	6.310746953793589e-9	3.063941217148996e-7	3.8889728316154113e-8
118.99999999999999	0.	5.9257994042144564e-9	3.0554493748152884e-7	3.8869716222205646e-8
119.99999999999999	0.	5.5633366453399594e-9	3.046641653433908e-7	3.884551054362786e-8
121.	0.	5.222134880019437e-9	3.037533747333159e-7	3.881728238338788e-8
122.	0.	4.9010266014905395e-9	3.0281395513426615e-7	3.878518141605072e-8
122.99999999999999	0.	4.598899323369047e-9	3.018471244837468e-7	3.8749336720308824e-8
124.	0.	4.314694150527465e-9	3.008539377484923e-7	3.870985764536107e-8
125.	0.	4.0474042233813465e-9	2.998352956236103e-7	3.866683470575735e-8
126.	0.	3.796073064320815e-9	2.9879195331316416e-7	3.86203404995856e-8
127.	0.	3.55979285158694e-9	2.9772452935221034e-7	3.857043064517315e-8
128.	0.	3.337702642744855e-9	2.96633514433179e-7	3.851714473175632e-8
129.	0.	3.1289865670184463e-9	2.955192802017127e-7	3.84605072797752e-8
130.	0.	2.9328720031812955e-9	2.943820879905128e-7	3.840052870681671e-8
131.	0.	2.748627757315391e-9	2.9322209746141046e-7	3.833720629537147e-8
131.99999999999997	0.	2.5755622526580854e-9	2.9203937512897434e-7	3.827052515890234e-8
133.	0.	2.4130217418447123e-9	2.908339027409861e-7	3.8200459202922573e-8
134.	0.	2.260388550162787e-9	2.8960558549345496e-7	3.8126972078026126e-8
135.	0.	2.117079356908263e-9	2.883542600599015e-7	3.8050018122027126e-8
136.	0.	1.9825435206169477e-9	2.8707970241713025e-7	3.7969543288640994e-8
137.	0.	1.8562614527334864e-9	2.8578163545098423e-7	3.788548606026034e-8
138.	0.	1.7377430432524985e-9	2.844597363280817e-7	3.7797778342666055e-8
139.	0.	1.6265261409595973e-9	2.8311364362103866e-7	3.770634633967354e-8
140.	0.	1.5221750900859255e-9	2.8174296417646167e-7	3.761111140591515e-8
140.99999999999997	0.	1.4242793245296467e-9	2.803472797165861e-7	3.751199087613885e-8
141.99999999999997	0.	1.3324520201864496e-9	2.7892615316682456e-7	3.7408898869559797e-8
143.	0.	1.246328805434922e-9	2.7747913470341285e-7	3.730174706803351e-8
144.	0.	1.1655665294074554e-9	2.760057675159586e-7	3.719044546688019e-8
145.	0.	1.0898420872897556e-9	2.745055932816577e-7	3.7074903097433034e-8
146.	0.	1.0188513016335587e-9	2.7297815734884807e-7	3.695502872049045e-8
147.	0.	9.52307858395665e-10	2.714230136284303e-7	3.68307314899538e-8
148.	0.	8.899422962373242e-10	2.698397291933326e-7	3.670192158614446e-8
149.	0.	8.315010474605647e-10	2.682278885867811e-7	3.656851081836647e-8
150.	0.	7.767455288455394e-10	2.6658709784078175e-7	3.6430413196361175e-8
150.99999999999997	0.	7.254512805599354e-10	2.649169882078368e-7	3.6287545470517906e-8
151.99999999999997	0.	6.774071512788084e-10	2.632172196088578e-7	3.613982764069551e-8
153.	0.	6.324145275823444e-10	2.6148748380148166e-7	3.598718343367946e-8
154.	0.	5.902866057299191e-10	2.597275072733626e-7	3.5829540749352965e-8
155.	0.	5.508477038761341e-10	2.579370538658157e-7	3.566683207577474e-8
156.	0.	5.139326128358006e-10	2.5611592713341895e-7	3.549899487339367e-8
157.	0.	4.793859835297883e-10	2.5426397244609653e-7	3.532597192876543e-8
158.	0.	4.4706174927454817e-10	2.523810788400377e-7	3.514771167812052e-8
159.	0.	4.168225811447263e-10	2.5046718062487244e-7	3.4964168501291855e-8
160.	0.	3.8853937467040067e-10	2.485222587542268e-7	3.477530298648054e-8
160.99999999999997	0.	3.6209076620450177e-10	2.4654634196747225e-7	3.458108216644577e-8
161.99999999999997	0.	3.3736267735587934e-10	2.445395077105812e-7	3.438147972673341e-8
163.	0.	3.142478859378148e-10	2.4250188284430805e-7	3.4176476186614356e-8
164.	0.	2.9264562195794323e-10	2.404336441476746e-7	3.396605905338496e-8
165.	0.	2.724611872406681e-10	2.38335018625741e-7	3.375022295083931e-8
166.	0.	2.5360559733068233e-10	2.362062836296748e-7	3.3528969722602545e-8
167.	0.	2.35995244401948e-10	2.3404776679806563e-7	3.330230851116371e-8
168.	0.	2.1955157995614298e-10	2.3185984582796926e-7	3.3070255813398516e-8
169.	0.	2.0420081615593356e-10	2.2964294808445997e-7	3.283283551343196e-8
169.99999999999997	0.	1.8987364470285862e-10	2.2739755005713342e-7	3.2590078893661464e-8
170.99999999999997	0.	1.7650497223143783e-10	2.2512417667255835e-7	3.2342024624858575e-8
171.99999999999997	0.	1.6403367123699795e-10	2.2282340047069717e-7	3.208871873614678e-8
173.	0.	1.5240234562901245e-10	2.2049584065427016e-7	3.1830214565807424e-8
174.	0.	1.4155711002912007e-10	2.1814216201915713e-7	3.1566572693759824e-8
175.	0.	1.3144738201316845e-10	2.157630737741949e-7	3.129786085661754e-8
176.	0.	1.2202568651392364e-10	2.1335932825842697e-7	3.102415384619798e-8
177.	0.	1.1324747167141009e-10	2.1093171956391977e-7	3.0745533392391364e-8
178.	0.	1.0507093544725047e-10	2.0848108207182573e-7	3.046208803124875e-8
179.	0.	9.745686236316945e-11	2.0600828890944973e-7	3.017391295918053e-8
179.99999999999997	0.	9.036846976759492e-11	2.035142503358033e-7	2.988110987413434e-8
180.99999999999997	0.	8.3771263061592e-11	2.0099991206291857e-7	2.9583786804609497e-8
181.99999999999997	0.	7.763289935601428e-11	1.984662535198276e-7	2.928205792732846e-8
183.	0.	7.192305906970311e-11	1.9591428606642628e-7	2.89760433744504e-8
184.	0.	6.661332498566234e-11	1.933450511637323e-7	2.8665869031124693e-8
185.	0.	6.167706834919299e-11	1.9075961850679102e-7	2.835166632416151e-8
186.	0.	5.7089341575631596e-11	1.881590841268835e-7	2.8033572002672357e-8
187.	0.	5.2826777195107195e-11	1.8554456846865624e-7	2.7711727911397104e-8
188.	0.	4.8867492667713976e-11	1.829172144481532e-7	2.7386280757502807e-8
189.	0.	4.5191000726846664e-11	1.8027818549727375e-7	2.7057381871587808e-8
189.99999999999997	0.	4.1778124930657566e-11	1.7762866359986995e-7	2.672518696359267e-8
190.99999999999997	0.	3.8610920123195315e-11	1.7496984732483593e-7	2.6389855874356066e-8
192.	0.	3.567259752480268e-11	1.7230294986068217e-7	2.60515523234377e-8
193.	0.	3.2947454177532764e-11	1.696291970564537e-7	2.5710443653900193e-8
194.	0.	3.042080650491957e-11	1.6694982547345377e-7	2.5366700574694363e-8
195.	0.	2.8078927748081563e-11	1.6426608045159739e-7	2.502049690120983e-8
196.	0.	2.5908989052723173e-11	1.6157921419476408e-7	2.4672009294646198e-8
197.	0.	2.3899004007582823e-11	1.5889048387859477e-7	2.4321417000733465e-8
198.	0.	2.2037776428503204e-11	1.5620114978422735e-7	2.396890158834741e-8
198.99999999999997	0.	2.0314851214449037e-11	1.535124734613847e-7	2.3614646688564948e-8
199.99999999999997	0.	1.8720468088545632e-11	1.5082571592386895e-7	2.325883773466002e-8
200.99999999999997	0.	1.7245518075894658e-11	1.4814213588015383e-7	2.290166170349428e-8
202.	0.	1.588150254539668e-11	1.4546298800185947e-7	2.254330685878048e-8
203.	0.	1.462049468822756e-11	1.4278952123263252e-7	2.218396249666544e-8
204.	0.	1.3455103283121986e-11	1.4012297713942052e-7	2.1823818694004933e-8
205.	0.	1.2378438620083451e-11	1.3746458830855614e-7	2.1463066059776795e-8
206.	0.	1.138408046789668e-11	1.348155767881722e-7	2.1101895489947407e-8
207.	0.	1.0466047958710563e-11	1.3217715257887402e-7	2.0740497926176144e-8
208.	0.	9.618771289957418e-12	1.2955051217418473e-7	2.0379064118685357e-8
208.99999999999997	0.	8.837065135618081e-12	1.2693683715187847e-7	2.0017784393566386e-8
209.99999999999997	0.	8.116103668525816e-12	1.2433729281778645e-7	1.9656848424871514e-8
210.99999999999997	0.	7.451397107762077e-12	1.2175302690257396e-7	1.9296445011676024e-8
212.	0.	6.838769693536333e-12	1.1918516831289046e-7	1.8936761860441306e-8
213.	0.	6.27433902103327e-12	1.1663482593722411e-7	1.857798537284608e-8
214.	0.	5.754496642006126e-12	1.1410308750729864e-7	1.822030043933536e-8
215.	0.	5.275889870567745e-12	1.1159101851516706e-7	1.786389023853331e-8
216.	0.	4.83540471971258e-12	1.09099661186575e-7	1.7508936042734302e-8
217.	0.	4.430149899702303e-12	1.0663003351076395e-7	1.715561702962612e-8
218.	0.	4.057441825526238e-12	1.041831283265458e-7	1.6804110100346866e-8
218.99999999999997	0.	3.714790565071166e-12	1.0175991246482021e-7	1.6454589704033254e-8
219.99999999999997	0.	3.39988667631429e-12	9.936132594725164e-8	1.610722766894717e-8
220.99999999999997	0.	3.1105888849671044e-12	9.69882812410422e-8	1.5762193040303447e-8
222.	0.	2.8449125464500442e-12	9.464166256906184e-8	1.5419651924814173e-8
223.	0.	2.601018849114755e-12	9.23223252753049e-8	1.507976734207949e-8
224.	0.	2.377204714555336e-12	9.003109524479711e-8	1.4742699082818577e-8
225.	0.	2.1718933533260717e-12	8.776876837764005e-8	1.4408603574025817e-8
226.	0.	1.9836254329195014e-12	8.553611011608593e-8	1.4077633751007438e-8
227.	0.	1.8110508274349171e-12	8.333385502433851e-8	1.374993893638455e-8
227.99999999999997	0.	1.6529209085930476e-12	8.116270641982905e-8	1.3425664725992769e-8
228.99999999999997	0.	1.508081345144838e-12	7.902333605539551e-8	1.3104952881719132e-8
229.99999999999997	0.	1.3754653837848144e-12	7.691638385099654e-8	1.278794123118416e-8
230.99999999999997	0.	1.254087575970401e-12	7.484245767459017e-8	1.2474763574341062e-8
232.	0.	1.1430379268500554e-12	7.28021331703175e-8	1.2165549596815245e-8
233.	0.	1.0414764401315783e-12	7.079595363341851e-8	1.1860424790018707e-8
234.	0.	9.486280311266245e-13	6.882442993081848e-8	1.1559510377991531e-8
235.	0.	8.637777882609024e-13	6.688804046556389e-8	1.1262923250792868e-8
236.	0.	7.862665572060139e-13	6.498723118453845e-8	1.097077590447083e-8
237.	0.	7.154868309294926e-13	6.312241562799484e-8	1.0683176387488468e-8
237.99999999999997	0.	6.508789233222505e-13	6.129397501942663e-8	1.0400228253478445e-8
238.99999999999997	0.	5.919274102445006e-13	5.950225839474931e-8	1.0122030520270305e-8
239.99999999999997	0.	5.38157817026095e-13	5.7747582769305274e-8	9.848677635055694e-9
240.99999999999997	0.	4.891335413576662e-13	5.603023334149692e-8	9.580259445601746e-9
242.	0.	4.444529926188762e-13	5.435046373158029e-8	9.316861177374599e-9
243.	0.	4.0374693434186907e-13	5.27084962542477e-8	9.058563416446936e-9
244.	0.	3.6667601613641187e-13	5.110452222377916e-8	8.805442098086743e-9
245.	0.	3.329284836473046e-13	4.953870229028894e-8	8.557568500877418e-9
245.99999999999997	0.	3.022180524773633e-13	4.801116680573566e-8	8.315009246240304e-9
247.	0.	2.742819382251564e-13	4.6522016218103165e-8	8.077826303181638e-9
248.	0.	2.488790272489302e-13	4.507132149307265e-8	7.846076998240909e-9
248.99999999999997	0.	2.2578818370381432e-13	4.3659124560740384e-8	7.61981403030757e-9
250.	0.	2.0480668134164778e-13	4.2285438787108495e-8	7.399085490346271e-9
250.99999999999997	0.	1.8574874926076413e-13	4.0950249468261084e-8	7.183934885751998e-9
252.	0.	1.6844422810221255e-13	3.965351434633232e-8	6.974401169260322e-9
252.99999999999997	0.	1.527373256696062e-13	3.839516414562858e-8	6.7705187722044305e-9
254.	0.	1.3848546582495787e-13	3.7175103127914214e-8	6.572317642020181e-9
254.99999999999997	0.	1.2555822540582565e-13	3.599320966520849e-8	6.37982328377999e-9
256.	0.	1.1383635111930983e-13	3.4849336829261076e-8	6.193056805677517e-9
257.	0.	1.0321085138238062e-13	3.374331299601568e-8	6.0120349682295154e-9
258.	0.	9.3582158357812e-14	3.267494246416392e-8	5.836770237097659e-9
259.	0.	8.485935431937225e-14	3.164400608636662e-8	5.667270839336331e-9
260.	0.	7.695945784115318e-14	3.065026191223996e-8	5.503540822961507e-9
261.	0.	6.980676643711104e-14	2.9693445841376835e-8	5.345580119583926e-9
262.	0.	6.33322490727396e-14	2.8773272286094956e-8	5.193384610100642e-9
263.	0.	5.747298863659449e-14	2.7889434842017068e-8	5.046946193151345e-9
263.99999999999994	0.	5.2171666337622543e-14	2.7041606965816393e-8	4.9062528562619936e-9
265.	0.	4.7376089009467e-14	2.6229442659100293e-8	4.771288749530745e-9
266.	0.	4.3038752899058794e-14	2.5452577157082376e-8	4.6420342616489104e-9
267.	0.	3.911644338263651e-14	2.471062762139634e-8	4.518466098173406e-9
268.	0.	3.55698663847995e-14	2.400319383582602e-8	4.400557361859092e-9
269.	0.	3.2363309888684795e-14	2.332985890415696e-8	4.2882776349340045e-9
270.	0.	2.946433368448034e-14	2.269018994923553e-8	4.1815930631759465e-9
271.	0.	2.6843483391126722e-14	2.2083738812007652e-8	4.080466441587536e-9
272.	0.	2.4474029563266603e-14	2.15100427504317e-8	3.984857301670111e-9
272.99999999999994	0.	2.2331726792290563e-14	2.0968625136446777e-8	3.894721999978621e-9
274.	0.	2.0394594494562816e-14	2.0458996151145962e-8	3.810013807999049e-9
274.99999999999994	0.	1.8642714694394863e-14	1.9980653476705058e-8	3.730683003092229e-9
276.	0.	1.7058048032413288e-14	1.9533082984674855e-8	3.6566769604400278e-9
277.	0.	1.5624264237962533e-14	1.911575941981831e-8	3.5879402458485774e-9
278.	0.	1.4326587854673188e-14	1.8728147078800856e-8	3.5244147092835486e-9
279.	0.	1.3151657014869718e-14	1.8369700483199724e-8	3.4660395790397744e-9
280.	0.	1.2087394092849504e-14	1.803986504602938e-8	3.412751556394173e-9
281.	0.	1.1122887698959461e-14	1.773807773133226e-8	3.364484910654708e-9
281.99999999999994	0.	1.024828501797277e-14	1.7463767706139712e-8	3.3211715744695023e-9
283.	0.	9.4546934971372e-15	1.7216356984531244e-8	3.2827412393381433e-9
283.99999999999994	0.	8.734091228177807e-15	1.699526106293925e-8	3.249121451154806e-9
285.	0.	8.079245141294255e-15	1.6799889546544825e-8	3.220237705743043e-9
286.	0.	7.483636725525193e-15	1.6629646765939678e-8	3.1960135442124653e-9
287.	0.	6.9413939424095005e-15	1.6483932384020077e-8	3.1763706481161727e-9
288.	0.	6.447229744921731e-15	1.6362141992625003e-8	3.1612289342998427e-9
289.	0.	5.996385812981909e-15	1.6263667698095067e-8	3.1505066492660657e-9
290.	0.	5.584581853880696e-15	1.618789869631538e-8	3.144120463143074e-9
291.	0.	5.207968744591149e-15	1.613422183589251e-8	3.1419855629764604e-9
292.	0.	4.863086942703095e-15	1.6102022169856177e-8	3.14401574539651e-9
292.99999999999994	0.	4.546827888476938e-15	1.6090683495574142e-8	3.1501235085773527e-9
294.	0.	4.256399750983413e-15	1.6099588882222577e-8	3.160220143334644e-9
294.99999999999994	0.	3.989295756538511e-15	1.6128121185869498e-8	3.1742158233460753e-9
296.	0.	3.743265820507284e-15	1.6175663552171872e-8	3.1920196944675537e-9
297.	0.	3.5162908595388256e-15	1.6241599906006913e-8	3.2135399629829393e-9
298.	0.	3.306559517775202e-15	1.6325315428198475e-8	3.2386839827886026e-9
299.	0.	3.1124470539833863e-15	1.6426197019323354e-8	3.267358341479256e-9
300.	0.	2.932496296494641e-15	1.654363375000326e-8	3.2994689451855024e-9
301.	0.	2.7654005233969836e-15	1.6677017298209778e-8	3.334921102234753e-9
301.99999999999994	0.	2.60998806752079e-15	1.6825742372849965e-8	3.373619605456439e-9
303.	0.	2.465208062659591e-15	1.6989207124089633e-8	3.4154688131878646e-9
303.99999999999994	0.	2.3301181343217126e-15	1.7166813540175774e-8	3.460372728898164e-9
305.	0.	2.2038729509944415e-15	1.735796783057487e-8	3.508235079357725e-9
306.	0.	2.085713912084471e-15	1.7562080795729238e-8	3.558959391377202e-9
307.	0.	1.9749603156063867e-15	1.777856818325615e-8	3.612449067044127e-9
308.	0.	1.8710006186811497e-15	1.8006851030483593e-8	3.6686074573979757e-9
309.	0.	1.7732855431075303e-15	1.8246355993680636e-8	3.727337934578139e-9
310.	0.	1.6813211397924636e-15	1.8496515663807453e-8	3.788543962371382e-9
310.99999999999994	0.	1.5946627422614446e-15	1.8756768868821982e-8	3.852129165127251e-9
312.	0.	1.5129099832972098e-15	1.9026560962833277e-8	3.917997395061905e-9
312.99999999999994	0.	1.4357019446565715e-15	1.9305344101933355e-8	3.986052797876776e-9
314.	0.	1.3627124341868494e-15	1.9592577506947048e-8	4.056199876701572e-9
314.99999999999994	0.	1.2936469045262523e-15	1.9887727713317476e-8	4.128343554367163e-9
316.	0.	1.2282384087722984e-15	2.0190268807969436e-8	4.202389233936125e-9
317.	0.	1.1662449669718362e-15	2.0499682653562317e-8	4.27824285753628e-9
318.	0.	1.1074466710244955e-15	2.0815459100046806e-8	4.355810963439757e-9
319.	0.	1.0516435088058492e-15	2.1137096183893768e-8	4.435000741424473e-9
320.	0.	9.986526141140562e-16	2.1464100315004954e-8	4.515720086380509e-9
321.	0.	9.483073188780873e-16	2.1795986451505706e-8	4.597877650163636e-9
321.99999999999994	0.	9.004544936911587e-16	2.213227826271223e-8	4.6813828917180025e-9
323.	0.	8.549535737404197e-16	2.247250828011834e-8	4.7661461253959616e-9
323.99999999999994	0.	8.116752996277239e-16	2.2816218037143335e-8	4.852078567592366e-9
325.	0.	7.705002129548158e-16	2.316295819738864e-8	4.9390923816016735e-9
326.	0.	7.313178663014248e-16	2.3512288671596302e-8	5.027100720699596e-9
327.	0.	6.94025392326346e-16	2.3863778723877864e-8	5.116017769532027e-9
328.	0.	6.585275916215241e-16	2.4217007067268984e-8	5.205758783785686e-9
329.	0.	6.247354648770457e-16	2.457156194844832e-8	5.296240128067897e-9
330.	0.	5.925658700874396e-16	2.49270412225646e-8	5.387379312160686e-9
330.99999999999994	0.	5.619404640915999e-16	2.528305241769478e-8	5.479095025510161e-9
332.	0.	5.32786443374232e-16	2.563921278962192e-8	5.57130717006288e-9
332.99999999999994	0.	5.050344087110039e-16	2.5995149367069477e-8	5.663936891443217e-9
334.	0.	4.786194775046182e-16	2.6350498987377794e-8	5.7569066084331674e-9
335.	0.	4.53480048314859e-16	2.6704908323218744e-8	5.8501400408488896e-9
336.	0.	4.2955783453109533e-16	2.7058033900413576e-8	5.943562235794224e-9
337.	0.	4.0679756858495296e-16	2.74095421069688e-8	6.037099592282131e-9
338.	0.	3.8514648770714797e-16	2.7759109193892736e-8	6.130679884314075e-9
339.	0.	3.6455475380469223e-16	2.8106421267640013e-8	6.224232282351096e-9
339.99999999999994	0.	3.449743487300037e-16	2.8451174274870642e-8	6.317687373295652e-9
341.	0.	3.2636009992010764e-16	2.8793073979348363e-8	6.41097717891418e-9
341.99999999999994	0.	3.086684699609408e-16	2.913183593140471e-8	6.50403517276349e-9
343.	0.	2.9185781931479056e-16	2.9467185430362592e-8	6.59679629567843e-9
343.99999999999994	0.	2.758884872310458e-16	2.979885747990963e-8	6.6891969697890615e-9
345.	0.	2.6072228277657804e-16	3.012659673668555e-8	6.781175111097191e-9
346.	0.	2.4632304835463847e-16	3.045015745258846e-8	6.8726701406968176e-9
347.	0.	2.3265568231088214e-16	3.076930341065439e-8	6.963622994578394e-9
348.	0.	2.196866263634883e-16	3.108380785514855e-8	7.053976132133427e-9
349.	0.	2.0738376811624415e-16	3.139345341568644e-8	7.1436735432920825e-9
350.	0.	1.9571671899133997e-16	3.169803202607191e-8	7.2326607544236655e-9
350.99999999999994	0.	1.8465561632046665e-16	3.199734483757778e-8	7.320884832912698e-9
352.	0.	1.741721333796092e-16	3.229120212743083e-8	7.408294390559601e-9
352.99999999999994	0.	1.6423926204221965e-16	3.257942320231353e-8	7.494839585739951e-9
354.	0.	1.548310466766758e-16	3.286183629724919e-8	7.580472124382797e-9
355.	0.	1.4592249245245844e-16	3.3138278470240576e-8	7.665145259831272e-9
356.	0.	1.3748944267061204e-16	3.340859549261416e-8	7.748813791552711e-9
357.	0.	1.295093523019553e-16	3.367264173546913e-8	7.831434062769775e-9
358.	0.	1.219599918299485e-16	3.393028005239782e-8	7.912963957030847e-9
359.	0.	1.1482016310904229e-16	3.418138165867119e-8	7.99336289374539e-9
359.99999999999994	0.	1.0807022177663747e-16	3.4425826007129394e-8	8.07259182272153e-9
361.	0.	1.0169041013258415e-16	3.4663500660996015e-8	8.15061321773866e-9
361.99999999999994	0.	9.566252298209818e-17	3.489430116359365e-8	8.227391069132672e-9
363.	0.	8.996866496051224e-17	3.511813090570053e-8	8.302890875550578e-9
363.99999999999994	0.	8.459245309122623e-17	3.5334900990006735e-8	8.377079634731754e-9
365.	0.	7.951692284124377e-17	3.5544530093486405e-8	8.449925833492309e-9
366.	0.	7.472752349171217e-17	3.574694432755022e-8	8.521399436866653e-9
367.	0.	7.020893220273106e-17	3.594207709620458e-8	8.59147187644576e-9
368.	0.	6.594701256287542e-17	3.612986895247149e-8	8.66011603795931e-9
368.99999999999994	0.	6.19290011474256e-17	3.631026745315924e-8	8.727306248110675e-9
370.	0.	5.814147525353943e-17	3.648322701226188e-8	8.793018260719445e-9
370.99999999999994	0.	5.457237039904825e-17	3.664870875292396e-8	8.857229242144792e-9
372.	0.	5.121029921376754e-17	3.680668035848414e-8	8.919917756102575e-9
372.99999999999994	0.	4.804380980010228e-17	3.695711592245438e-8	8.981063747831881e-9
374.	0.	4.506261998457753e-17	3.709999579767657e-8	9.040648527659896e-9
375.	0.	4.225657867266825e-17	3.723530644486479e-8	9.098654754006743e-9
376.	0.	3.9616331923700024e-17	3.7363040280623036e-8	9.155066415844123e-9
377.	0.	3.713222484853193e-17	3.748319552515759e-8	9.209868814653714e-9
378.	0.	3.4796466931014943e-17	3.7595776049587766e-8	9.26304854585465e-9
379.	0.	3.259990708951483e-17	3.77007912233711e-8	9.31459347982007e-9
379.99999999999994	0.	3.053541966138177e-17	3.779825576160386e-8	9.364492742418651e-9
381.	0.	2.8595548077205074e-17	3.7888189572523524e-8	9.412736695155663e-9
381.99999999999994	0.	2.677284376702e-17	3.797061760533414e-8	9.459316914939384e-9
383.	0.	2.506118160949471e-17	3.8045569698280734e-8	9.504226173449722e-9
384.	0.	2.3453924988768226e-17	3.8113080427445566e-8	9.547458416223488e-9
385.	0.	2.194490868366588e-17	3.8173188955913614e-8	9.58900874136476e-9
386.	0.	2.0528819078023736e-17	3.822593888389511e-8	9.628873378025094e-9
387.	0.	1.9200266644091456e-17	3.827137809942415e-8	9.66704966455566e-9
388.	0.	1.7953807118585816e-17	3.830955863020331e-8	9.70353602647258e-9
388.99999999999994	0.	1.6784972950193508e-17	3.8340536496233647e-8	9.738331954144086e-9
390.	0.	1.5688978119661647e-17	3.836437156377562e-8	9.771437980335956e-9
390.99999999999994	0.	1.4661751166703264e-17	3.8381127400236404e-8	9.802855657512818e-9
392.	0.	1.369894743406249e-17	3.8390871130567136e-8	9.832587535043348e-9
392.99999999999994	0.	1.27969978460867e-17	3.839367329479752e-8	9.860637136215512e-9
394.	0.	1.1952453883903916e-17	3.8389607707139956e-8	9.887008935172734e-9
395.	0.	1.1160947134562345e-17	3.837875131645668e-8	9.911708333719795e-9
396.	0.	1.0420367681848242e-17	3.836118406838636e-8	9.934741638076074e-9
397.	0.	9.727020766376701e-18	3.833698876897777e-8	9.95611603553944e-9
397.99999999999994	0.	9.077743315806566e-18	3.830625095013333e-8	9.975839571140927e-9
399.	0.	8.47065901728736e-18	3.8269058736679485e-8	9.993921124246435e-9
399.99999999999994	0.	7.90267432192071e-18	3.8225502715244965e-8	1.0010370385154896e-8
401.	0.	7.371284050197722e-18	3.817567580503579e-8	1.0025197831720015e-8
401.99999999999994	0.	6.874598758554609e-18	3.811967313041181e-8	1.0038414705974569e-8
403.	0.	6.41025490619837e-18	3.805759189548423e-8	1.0050032990818705e-8
404.	0.	5.976155286381273e-18	3.798953126061229e-8	1.0060065386745052e-8
405.	0.	5.57048331293804e-18	3.7915592220941976e-8	1.0068525288642569e-8
406.	0.	5.191716712953412e-18	3.7835877487028856e-8	1.0075426762695704e-8
407.	0.	4.837499150955582e-18	3.775049136740131e-8	1.0080784523345856e-8
408.	0.	4.506917537348687e-18	3.7659539653439375e-8	1.0084613910420252e-8
408.99999999999994	0.	4.198237927504973e-18	3.756312950623303e-8	1.008693086634494e-8
410.	0.	3.910047087607928e-18	3.746136934563095e-8	1.00877519135037e-8
410.99999999999994	0.	3.6412644105636225e-18	3.735436874153595e-8	1.0087094131764662e-8
412.	0.	3.3899830012960718e-18	3.7242238307307795e-8	1.0084975136143292e-8
412.99999999999994	0.	3.1558046380497616e-18	3.712508959547906e-8	1.0081413054664086e-8
414.	0.	2.937515650689493e-18	3.7003034995639956e-8	1.0076426506388944e-8
415.	0.	2.7338614270968433e-18	3.6876187634581436e-8	1.0070034579642928e-8
416.	0.	2.5435482040443332e-18	3.674466127870457e-8	1.0062256810447498e-8
417.	0.	2.366440248602233e-18	3.66085702387178e-8	1.00531131611739e-8
417.99999999999994	0.	2.20118479005533e-18	3.646802927653931e-8	1.0042623999402064e-8
419.	0.	2.0471975077284782e-18	3.632315351458876e-8	1.0030810077042717e-8
419.99999999999994	0.	1.9038729619151664e-18	3.617405834715688e-8	1.0017692509645345e-8
421.	0.	1.7701811737686363e-18	3.602085935431047e-8	1.0003292756025477e-8
421.99999999999994	0.	1.6458788480737157e-18	3.586367221782738e-8	9.98763259808028e-9
423.	0.	1.5298958493156093e-18	3.5702612639582284e-8	9.97073412091671e-9
424.	0.	1.4219560869019821e-18	3.553779626208178e-8	9.95261969321683e-9
425.	0.	1.3213626411833818e-18	3.536933859133137e-8	9.93331194789973e-9
426.	0.	1.2278136707777921e-18	3.51973549219128e-8	9.912833763054093e-9
426.99999999999994	0.	1.1405854335999245e-18	3.502196026428458e-8	9.891208243153855e-9
428.	0.	1.059353053839136e-18	3.484326927437066e-8	9.868458700583282e-9
428.99999999999994	0.	9.84196614835103e-19	3.466139618532537e-8	9.844608637449301e-9
430.	0.	9.139471179041524e-19	3.4476454741478503e-8	9.81968172769004e-9
430.99999999999994	0.	8.48667197686554e-19	3.428855813449903e-8	9.793701799499512e-9
432.	0.	7.87999144998677e-19	3.4097818941722324e-8	9.766692818061696e-9
432.99999999999994	0.	7.315782165409582e-19	3.390434906662975e-8	9.73867886859936e-9
434.	0.	6.790330991050598e-19	3.3708259681400975e-8	9.70968413972351e-9
435.	0.	6.299863697565228e-19	3.3509661171681907e-8	9.679732907133588e-9
436.	0.	5.848947139846626e-19	3.330866308336182e-8	9.648849517617603e-9
437.	0.	5.425328346697624e-19	3.310537407141576e-8	9.617058373377329e-9
437.99999999999994	0.	5.033498674543638e-19	3.289990185081835e-8	9.584383916688921e-9
439.	0.	4.66951826761933e-19	3.269235314950902e-8	9.55085061490208e-9
439.99999999999994	0.	4.3336273130100006e-19	3.248283366323703e-8	9.516482945736891e-9
441.	0.	4.017589402448974e-19	3.227144801253029e-8	9.481305382957539e-9
441.99999999999994	0.	3.725812831832712e-19	3.2058299701465055e-8	9.445342382338095e-9
443.	0.	3.4542337834644157e-19	3.1843491078414476e-8	9.408618367980456e-9
444.	0.	3.2029992247789947e-19	3.162712329870436e-8	9.371157718972386e-9
445.	0.	2.9679972546535263e-19	3.1409296289064415e-8	9.332984756361409e-9
446.	0.	2.7535889095697174e-19	3.119010871396951e-8	9.294123730480792e-9
446.99999999999994	0.	2.551379940311279e-19	3.096965794373081e-8	9.25459880859473e-9
448.	0.	2.365708030842977e-19	3.07480400244171e-8	9.214434062895106e-9
448.99999999999994	0.	2.192397988754787e-19	3.052534964944162e-8	9.173653458808952e-9
450.	0.	2.031516598898803e-19	3.030168013289388e-8	9.132280843648794e-9
450.99999999999994	0.	1.883123413269319e-19	3.007712338457996e-8	9.090339935603043e-9
452.	0.	1.7430092759375107e-19	2.9851769886647246e-8	9.047854313037643e-9
453.	0.	1.615479712883169e-19	2.9625708671876714e-8	9.004847404141676e-9
454.	0.	1.4963115515150891e-19	2.939902730352246e-8	8.961342476888916e-9
455.	0.	1.3855374450609491e-19	2.9171811856705422e-8	8.917362629325256e-9
455.99999999999994	0.	1.283185528456532e-19	2.8944146901362287e-8	8.87293078018992e-9
457.	0.	1.1892795377318578e-19	2.8716115486620912e-8	8.828069659839558e-9
457.99999999999994	0.	1.0995770061378703e-19	2.8487799126689615e-8	8.782801801508818e-9
459.	0.	1.0183572038946932e-19	2.8259277788100323e-8	8.737149532866689e-9
459.99999999999994	0.	9.413726712615979e-20	2.8030629878417975e-8	8.691134967909806e-9
461.	0.	8.72894405139946e-20	2.7801932236230324e-8	8.644779999143726e-9
461.99999999999994	0.	8.086714953899301e-20	2.757326012250785e-8	8.598106290086114e-9
463.	0.	7.487118806686773e-20	2.734468721325147e-8	8.551135268074455e-9
464.	0.	6.930215054772526e-20	2.711628559334667e-8	8.50388811735931e-9
465.	0.	6.4160438719614e-20	2.6888125751705208e-8	8.456385772515702e-9
466.	0.	5.944626842210516e-20	2.666027657758717e-8	8.408648912145772e-9
466.99999999999994	0.	5.473537130771897e-20	2.6432805358039308e-8	8.36069795285966e-9
468.	0.	5.0876556566118275e-20	2.6205777776511388e-8	8.312553043559977e-9
468.99999999999994	0.	4.7021292016383445e-20	2.5979257912522864e-8	8.264234059996683e-9
470.	0.	4.3593489421658215e-20	2.575330824246119e-8	8.215760599624207e-9
470.99999999999994	0.	4.0169762296191955e-20	2.5527989641307936e-8	8.167151976702318e-9
472.	0.	3.717309338464942e-20	2.530336138549272e-8	8.118427217710633e-9
473.	0.	3.418072414115511e-20	2.5079481156579573e-8	8.069605056988566e-9
474.	0.	3.161464149582956e-20	2.4856405046039104e-8	8.020703932687414e-9
475.	0.	2.947386278278534e-20	2.4634187560772952e-8	7.971741982933607e-9
475.99999999999994	0.	2.733671791137417e-20	2.4412881629650306e-8	7.922737042292257e-9
477.	0.	2.5203506010057915e-20	2.4192538610811696e-8	7.873706638457489e-9
477.99999999999994	0.	2.307451113596836e-20	2.3973208299820294e-8	7.824667989200868e-9
479.	0.	2.1369002288214162e-20	2.3754938938588517e-8	7.77563799955995e-9
479.99999999999994	0.	2.008558203956299e-20	2.3537777225078217e-8	7.726633259271323e-9
481.	0.	1.8386986844838442e-20	2.3321768323719612e-8	7.677670040435444e-9
481.99999999999994	0.	1.710971477020575e-20	2.3106955876538108e-8	7.62876429541442e-9
483.	0.	1.583545632554039e-20	2.28933820149475e-8	7.579931654954069e-9
484.	0.	1.4564342552957188e-20	2.2681087372201333e-8	7.53118742653207e-9
484.99999999999994	0.	1.3296495410929373e-20	2.2470111096453704e-8	7.482546592920713e-9
486.	0.	1.2446925299801842e-20	2.2260490864409024e-8	7.43402381096191e-9
486.99999999999994	0.	1.159958534305008e-20	2.2052262895554997e-8	7.385633410556572e-9
488.	0.	1.0754546696740558e-20	2.1845461966923247e-8	7.337389393854461e-9
488.99999999999994	0.	9.911874494671798e-21	2.1640121428355724e-8	7.289305434640768e-9
490.	0.	9.07162786996686e-21	2.1436273218276002e-8	7.2413948779235415e-9
491.	0.	8.233859980092343e-21	2.1233947879917198e-8	7.193670739708803e-9
491.99999999999994	0.	7.809652370529619e-21	2.1033174577987278e-8	7.146145706961479e-9
492.99999999999994	0.	6.976314788117149e-21	2.083398111575611e-8	7.098832137749583e-9
494.	0.	6.555281460835339e-21	2.063639395253784e-8	7.051742061566602e-9
495.	0.	6.135539313944225e-21	2.044043822152927e-8	7.004887179822017e-9
496.	0.	5.717106665769381e-21	2.0246137747998737e-8	6.958278866500883e-9
496.99999999999994	0.	5.299998912300778e-21	2.0053515067820528e-8	6.911928168994425e-9
497.99999999999994	0.	4.8842285485846546e-21	1.986259144627947e-8	6.8658458090783955e-9
499.	0.	4.4698051915995555e-21	1.9673386897188095e-8	6.820042184056693e-9
500.	0.	4.056735604562992e-21	1.9485920202233766e-8	6.774527368044592e-9
500.99999999999994	0.	3.645023722647704e-21	1.9300208930597834e-8	6.729311113408595e-9
501.99999999999994	0.	3.6390045150646534e-21	1.9116269458773784e-8	6.684402852340385e-9
503.	0.	3.2293426724967244e-21	1.8934116990608142e-8	6.639811698575271e-9
504.	0.	2.8210371193101652e-21	1.8753765577484857e-8	6.595546449229737e-9
505.	0.	2.8164283297693626e-21	1.8575228138720517e-8	6.5516155867842044e-9
505.99999999999994	0.	2.4101597695132733e-21	1.8398516482089456e-8	6.508027281184472e-9
506.99999999999994	0.	2.4062707449604677e-21	1.8223641324436422e-8	6.464789392048661e-9
508.	0.	2.0020151711319494e-21	1.8050612312493664e-8	6.42190947102335e-9
509.	0.	1.998838300177552e-21	1.787943804367747e-8	6.379394764210772e-9
509.99999999999994	0.	1.99569814500483e-21	1.7710126087059216e-8	6.337252214737592e-9
510.99999999999994	0.	1.5940782434578089e-21	1.7542683004347673e-8	6.295488465409723e-9
512.	0.	1.5916322701352313e-21	1.7377114370937122e-8	6.254109861473021e-9
513.	0.	1.5892230117045992e-21	1.721342479698305e-8	6.213122453468459e-9
514.	0.	1.1901396384477892e-21	1.7051617948483135e-8	6.172532000174424e-9
514.9999999999999	0.	1.188393104066953e-21	1.6891696568396085e-8	6.132343971649596e-9
516.	0.	1.1866793928020287e-21	1.673366249770353e-8	6.092563552342889e-9
517.	0.	1.185000216120787e-21	1.657751669649536e-8	6.053195644300647e-9
518.	0.	1.1833572593995072e-21	1.642325926499426e-8	6.014244870441895e-9
518.9999999999999	0.	7.878347876967004e-22	1.627088946453187e-8	5.975715577906334e-9
520.	0.	7.867910764210332e-22	1.6120405738456745e-8	5.937611841468972e-9
521.	0.	7.857747757032553e-22	1.59718057330065e-8	5.899937467034056e-9
522.	0.	7.847869371330186e-22	1.582508631806109e-8	5.862695995178109e-9
523.	0.	7.838285937470964e-22	1.5680243607806263e-8	5.8258907047534706e-9
524.	0.	7.829007598288457e-22	1.5537272981323956e-8	5.789524616558978e-9
525.	0.	3.9100221535736672e-22	1.5396169103013426e-8	5.753600497042442e-9
526.	0.	3.9057029130678048e-22	1.525692594294839e-8	5.718120862074309e-9
527.	0.	3.901550862168298e-22	1.511953679706727e-8	5.683087980754553e-9
527.9999999999999	0.	3.8975706880956293e-22	1.498399430721179e-8	5.6485038792584764e-9
529.	0.	3.893766979988395e-22	1.4850290481056876e-8	5.614370344737715e-9
530.	0.	3.890144228177276e-22	1.4718416711834692e-8	5.580688929239764e-9
531.	0.	3.8867068235138262e-22	1.458836379792409e-8	5.547460953673153e-9
532.	0.	3.883459056742826e-22	1.4460121962257154e-8	5.514687511799532e-9
533.	0.	3.880405117918932e-22	1.433368087153977e-8	5.482369474251632e-9
534.	0.	3.8775490958712553e-22	1.4209029655295334e-8	5.450507492580107e-9
535.	0.	3.8748949777075807e-22	1.4086156924695843e-8	5.4191020033155225e-9
536.	0.	3.8724466483699808e-22	1.3965050791220202e-8	5.388153232060094e-9
536.9999999999999	0.	3.870207890225158e-22	1.3845698885073314e-8	5.3576611975836775e-9
538.	0.	3.8681823827081813e-22	1.372808837343196e-8	5.327625715948458e-9
539.	0.	0.	1.3612205978432752e-8	5.298046404629718e-9
540.	0.	0.	1.3498037994974332e-8	5.268922686659377e-9
540.9999999999999	0.	0.	1.3385570308264625e-8	5.240253794765379e-9
542.	0.	0.	1.3274788411160207e-8	5.212038775524399e-9
543.	0.	0.	1.3165677421259266e-8	5.184276493511867e-9
544.	0.	0.	1.3058222097757384e-8	5.156965635452716e-9
545.	0.	0.	1.2952406858057038e-8	5.130104714367876e-9
545.9999999999999	0.	0.	1.2848215794148595e-8	5.1036920737231454e-9
547.	0.	0.	1.2745632688719391e-8	5.077725891562023e-9
548.	0.	0.	1.2644641031031727e-8	5.052204184638116e-9
549.	0.	0.	1.2545224032538216e-8	5.027124812533524e-9
549.9999999999999	0.	0.	1.2447364642240313e-8	5.002485481764087e-9
551.	0.	0.	1.2351045561798654e-8	4.978283749874676e-9
552.	0.	0.	1.2256249260367078e-8	4.954517029511733e-9
553.	0.	0.	1.2162957989184646e-8	4.931182592485574e-9
554.	0.	0.	1.2071153795892772e-8	4.908277573808652e-9
554.9999999999999	0.	0.	1.1980818538589861e-8	4.8857989757130925e-9
556.	0.	0.	1.1891933899631233e-8	4.863743671649801e-9
557.	0.	0.	1.1804481399146764e-8	4.842108410256581e-9
558.	0.	0.	1.1718442408308467e-8	4.820889819307156e-9
558.9999999999999	0.	0.	1.163379816232575e-8	4.800084409630944e-9
560.	0.	0.	1.1550529773169225e-8	4.7796885790022894e-9
561.	0.	0.	1.1468618242038008e-8	4.759698616004345e-9
562.	0.	0.	1.1388044471554452e-8	4.7401107038595415e-9
563.	0.	0.	1.130878927768604e-8	4.720920924225067e-9
563.9999999999999	0.	0.	1.123083340142087e-8	4.702125260963149e-9
565.	0.	0.	1.1154157520160516e-8	4.683719603869628e-9
566.	0.	0.	1.1078742258857125e-8	4.66569975237063e-9
567.	0.	0.	1.1004568200879958e-8	4.648061419179708e-9
567.9999999999999	0.	0.	1.0931615898627502e-8	4.63080023392092e-9
569.	0.	0.	1.0859865883879417e-8	4.613911746713818e-9
570.	0.	0.	1.0789298677878864e-8	4.59739143171521e-9
571.	0.	0.	1.0719894801161203e-8	4.58123469062269e-9
572.	0.	0.	1.065163478313177e-8	4.565436856139746e-9
572.9999999999999	0.	0.	1.0584499171377873e-8	4.5499931953948925e-9
574.	0.	0.	1.0518468540735896e-8	4.53489891332179e-9
575.	0.	0.	1.0453523502108557e-8	4.520149155997296e-9
576.	0.	0.	1.038964471100881e-8	4.505739013925376e-9
576.9999999999999	0.	0.	1.0326812875894399e-8	4.491663525293278e-9
578.	0.	0.	1.0265008766230364e-8	4.477917679171417e-9
579.	0.	0.	1.0204213220314166e-8	4.464496418670075e-9
580.	0.	0.	1.0144407152853576e-8	4.451394644047788e-9
581.	0.	0.	1.008557156232729e-8	4.438607215782386e-9
582.	0.	0.	1.0027687538083554e-8	4.426128957583972e-9
583.	0.	0.	9.97073626721781e-9	4.413954659366385e-9
584.	0.	0.	9.914699041227845e-9	4.4020790801745634e-9
585.	0.	0.	9.859557262417423e-9	4.3904969510541775e-9
585.9999999999999	0.	0.	9.805292450091965e-9	4.379202977880576e-9
587.	0.	0.	9.751886246538909e-9	4.368191844142894e-9
588.	0.	0.	9.699320422756664e-9	4.35745821366562e-9
589.	0.	0.	9.64757688399794e-9	4.346996733295227e-9
589.9999999999999	0.	0.	9.596637675085709e-9	4.336802035531979e-9
591.	0.	0.	9.54648498551593e-9	4.3268687411119815e-9
592.	0.	0.	9.497101154361193e-9	4.317191461543858e-9
593.	0.	0.	9.448468674951674e-9	4.307764801588455e-9
594.	0.	0.	9.40057019937627e-9	4.298583361699178e-9
594.9999999999999	0.	0.	9.353388542767823e-9	4.289641740405569e-9
596.	0.	0.	9.306906687399543e-9	4.280934536650444e-9
597.	0.	0.	9.261107786587791e-9	4.272456352077618e-9
598.	0.	0.	9.215975168405886e-9	4.264201793270453e-9
598.9999999999999	0.	0.	9.171492339200474e-9	4.256165473936247e-9
600.	0.	0.	9.127642986953252e-9	4.248342017054665e-9
601.	0.	0.	9.08441098442383e-9	4.240726056959284e-9
602.	0.	0.	9.041780392150438e-9	4.233312241386178e-9
603.	0.	0.	8.99973546125363e-9	4.226095233463242e-9
603.9999999999999	0.	0.	8.958260636078393e-9	4.219069713654633e-9
605.	0.	0.	8.917340556678964e-9	4.212230381661877e-9
606.	0.	0.	8.876960061117786e-9	4.205571958266453e-9
607.	0.	0.	8.837104187623605e-9	4.1990891871336154e-9
607.9999999999999	0.	0.	8.79775817658274e-9	4.192776836564372e-9
609.	0.	0.	8.758907472378167e-9	4.18662970120102e-9
610.	0.	0.	8.720537725078396e-9	4.180642603685787e-9
611.	0.	0.	8.68263479197648e-9	4.17481039627194e-9
612.	0.	0.	8.645184738993135e-9	4.16912796239226e-9
612.9999999999999	0.	0.	8.608173841919886e-9	4.16359021817282e-9
614.	0.	0.	8.571588587550247e-9	4.1581921139131414e-9
615.	0.	0.	8.53541567465206e-9	4.152928635509826e-9
616.	0.	0.	8.49964201482328e-9	4.147794805842158e-9
616.9999999999999	0.	0.	8.464254733213268e-9	4.1427856861105214e-9
618.	0.	0.	8.429241169119157e-9	4.137896377130504e-9
619.	0.	0.	8.39458887646491e-9	4.133122020586056e-9
620.	0.	0.	8.360285624149975e-9	4.128457800233408e-9
621.	0.	0.	8.326319396296332e-9	4.123898943069463e-9
621.9999999999999	0.	0.	8.292678392372158e-9	4.119440720452483e-9
623.	0.	0.	8.25935102720692e-9	4.115078449181547e-9
624.	0.	0.	8.226325930906722e-9	4.110807492538029e-9
625.	0.	0.	8.193591948652707e-9	4.10662326127957e-9
625.9999999999999	0.	0.	8.161138140415226e-9	4.102521214602052e-9
627.	0.	0.	8.128953780549858e-9	4.098496861051171e-9
628.	0.	0.	8.097028357319274e-9	4.094545759405279e-9
629.	0.	0.	8.065351572305584e-9	4.090663519510457e-9
629.9999999999999	0.	0.	8.033913339743307e-9	4.0868458030820205e-9
630.9999999999999	0.	0.	8.002703785757497e-9	4.0830883244641546e-9
632.	0.	0.	7.971713247530403e-9	4.079386851358151e-9
633.	0.	0.	7.940932272371242e-9	4.0757372055057565e-9
634.	0.	0.	7.910351616718108e-9	4.0721352633416136e-9
634.9999999999999	0.	0.	7.879962245062422e-9	4.068576956608818e-9
636.	0.	0.	7.849755328796646e-9	4.0650582729373965e-9
637.	0.	0.	7.819722244991797e-9	4.061575256388273e-9
638.	0.	0.	7.789854575112526e-9	4.058124007965641e-9
638.9999999999999	0.	0.	7.760144103657043e-9	4.054700686090765e-9
640.	0.	0.	7.730582816743422e-9	4.0513015070476015e-9
641.	0.	0.	7.70116290062734e-9	4.0479227453914735e-9
642.	0.	0.	7.671876740167356e-9	4.044560734328873e-9
643.	0.	0.	7.64271691723066e-9	4.041211866063509e-9
643.9999999999999	0.	0.	7.61367620904665e-9	4.03787259211252e-9
645.	0.	0.	7.584747586507613e-9	4.034539423591124e-9
646.	0.	0.	7.55592421242402e-9	4.031208931469187e-9
647.	0.	0.	7.527199439729759e-9	4.027877746797189e-9
647.9999999999999	0.	0.	7.498566809642071e-9	4.024542560902499e-9
649.	0.	0.	7.4700200497823e-9	4.021200125559875e-9
650.	0.	0.	7.441553072253897e-9	4.017847253132245e-9
651.	0.	0.	7.4131599716803555e-9	4.014480816684126e-9
652.	0.	0.	7.384835023213655e-9	4.011097750071932e-9
652.9999999999999	0.	0.	7.356572680498265e-9	4.007695048002601e-9
654.	0.	0.	7.328367573611825e-9	4.004269766072012e-9
655.	0.	0.	7.3002145069720404e-9	4.00081902077654e-9
656.	0.	0.	7.272108457212887e-9	3.9973399894990035e-9
656.9999999999999	0.	0.	7.244044571035316e-9	3.993829910471754e-9
658.	0.	0.	7.216018163035323e-9	3.990286082717644e-9
659.	0.	0.	7.188024713506953e-9	3.986705865967014e-9
660.	0.	0.	7.1600598662229335e-9	3.9830866805525424e-9
661.	0.	0.	7.132119426196319e-9	3.979426007282322e-9
661.9999999999999	0.	0.	7.104199357424201e-9	3.97572138729239e-9
663.	0.	0.	7.0762957806159264e-9	3.971970421878916e-9
664.	0.	0.	7.048404970905034e-9	3.968170772309813e-9
665.	0.	0.	7.020523355545923e-9	3.964320159615699e-9
665.9999999999999	0.	0.	6.992647511602452e-9	3.96041636436403e-9
667.	0.	0.	6.96477416362282e-9	3.956457226412903e-9
668.	0.	0.	6.93690018130967e-9	3.952440644649153e-9
669.	0.	0.	6.909022577174837e-9	3.948364576704786e-9
670.	0.	0.	6.881138504196023e-9	3.944227038661021e-9
670.9999999999999	0.	0.	6.853245253464505e-9	3.940026104733564e-9
672.	0.	0.	6.825340251829223e-9	3.935759906941794e-9
673.	0.	0.	6.79742105953704e-9	3.931426634761827e-9
674.	0.	0.	6.769485367877337e-9	3.927024534767822e-9
674.9999999999999	0.	0.	6.741530996819398e-9	3.922551910254196e-9
676.	0.	0.	6.713555892655115e-9	3.918007120846703e-9
677.	0.	0.	6.685558125644036e-9	3.9133885820995665e-9
678.	0.	0.	6.657535887659096e-9	3.908694765078224e-9
678.9999999999999	0.	0.	6.62948748983967e-9	3.90392419593087e-9
679.9999999999999	0.	0.	6.601411360246841e-9	3.899075455446192e-9
681.	0.	0.	6.573306041529081e-9	3.894147178601378e-9
682.	0.	0.	6.54517018859013e-9	3.889138054095957e-9
683.	0.	0.	6.517002566268966e-9	3.884046823876977e-9
683.9999999999999	0.	0.	6.48880204703029e-9	3.878872282654378e-9
685.	0.	0.	6.460567608656923e-9	3.873613277401755e-9
686.	0.	0.	6.432298331963707e-9	3.868268706853474e-9
687.	0.	0.	6.4039933985152656e-9	3.862837520988266e-9
687.9999999999999	0.	0.	6.3756520883591735e-9	3.857318720505423e-9
688.9999999999999	0.	0.	6.347273777772499e-9	3.8517113562930786e-9
690.	0.	0.	6.318857937020634e-9	3.846014528887081e-9
691.	0.	0.	6.290404128132408e-9	3.84022738792352e-9
692.	0.	0.	6.261912002688826e-9	3.83434913158305e-9
692.9999999999999	0.	0.	6.23338129963002e-9	3.828379006029264e-9
694.	0.	0.	6.2048118430748675e-9	3.822316304839089e-9
695.	0.	0.	6.176203540163071e-9	3.8161603684291985e-9
696.	0.	0.	6.1475563789080805e-9	3.8099105834734495e-9
696.9999999999999	0.	0.	6.118870426075649e-9	3.803566382318731e-9
698.	0.	0.	6.0901458250742014e-9	3.797127242392052e-9
699.	0.	0.	6.061382793870271e-9	3.79059268560599e-9
700.	0.	0.	6.032581622918854e-9	3.783962277756912e-9
701.	0.	0.	6.003742673116618e-9	3.7772356279211204e-9
701.9999999999999	0.	0.	5.9748663737752315e-9	3.770412387846562e-9
703.	0.	0.	5.945953220615119e-9	3.76349225134096e-9
704.	0.	0.	5.917003773780165e-9	3.75647495365636e-9
705.	0.	0.	5.888018655874716e-9	3.7493602708717935e-9
705.9999999999999	0.	0.	5.858998550023752e-9	3.7421480192732724e-9
707.	0.	0.	5.829944197952383e-9	3.7348380547302965e-9
708.	0.	0.	5.800856398090619e-9	3.727430272071908e-9
709.	0.	0.	5.7717360037003525e-9	3.7199246044605164e-9
710.	0.	0.	5.742583921024137e-9	3.7123210227634184e-9
710.9999999999999	0.	0.	5.713401107459458e-9	3.7046195349247895e-9
712.	0.	0.	5.684188569755165e-9	3.696820185335619e-9
713.	0.	0.	5.654947362232791e-9	3.6889230542034836e-9
714.	0.	0.	5.625678585030249e-9	3.6809282569215883e-9
714.9999999999999	0.	0.	5.596383382371904e-9	3.672835943438417e-9
716.	0.	0.	5.5670629408600386e-9	3.6646462976259704e-9
717.	0.	0.	5.537718487794957e-9	3.6563595366508024e-9
718.	0.	0.	5.508351289515277e-9	3.647975910343169e-9
719.	0.	0.	5.478962649766162e-9	3.6394957005684174e-9
719.9999999999999	0.	0.	5.449553908089471e-9	3.6309192205984047e-9
721.	0.	0.	5.420126438243246e-9	3.6222468144861777e-9
722.	0.	0.	5.390681646639854e-9	3.6134788564386695e-9
723.	0.	0.	5.361220970815213e-9	3.604615750194639e-9
723.9999999999999	0.	0.	5.3317458779187265e-9	3.595657928401766e-9
725.	0.	0.	5.3022578632312e-9	3.586605851997586e-9
726.	0.	0.	5.272758448705328e-9	3.5774600095912384e-9
727.	0.	0.	5.2432491815333105e-9	3.5682209168487854e-9
727.9999999999999	0.	0.	5.213731632737285e-9	3.5588891158794892e-9
728.9999999999999	0.	0.	5.184207395788064e-9	3.549465174627616e-9
730.	0.	0.	5.1546780852452134e-9	3.5399496862637853e-9
731.	0.	0.	5.1251453354238745e-9	3.5303432685815535e-9
732.	0.	0.	5.095610799087359e-9	3.520646563397001e-9
732.9999999999999	0.	0.	5.066076146162298e-9	3.5108602359510153e-9
734.	0.	0.	5.0365430624799525e-9	3.5009849743151573e-9
735.	0.	0.	5.0070132485426664e-9	3.491021488802085e-9
736.	0.	0.	4.97748841831292e-9	3.480970511378559e-9
736.9999999999999	0.	0.	4.947970298028427e-9	3.4708327950829516e-9
737.9999999999999	0.	0.	4.9184606250418104e-9	3.460609113447425e-9
739.	0.	0.	4.888961146682637e-9	3.45030025992279e-9
740.	0.	0.	4.859473619145071e-9	3.4399070473087586e-9
741.	0.	0.	4.82999980639943e-9	3.4294303071887297e-9
741.9999999999999	0.	0.	4.8005414791266305e-9	3.4188708893682998e-9
743.	0.	0.	4.771100413677047e-9	3.408229661318972e-9
744.	0.	0.	4.7416783910523604e-9	3.3975075076261195e-9
745.	0.	0.	4.7122771959114035e-9	3.386705329442543e-9
745.9999999999999	0.	0.	4.682898615597584e-9	3.37582404394583e-9
746.9999999999999	0.	0.	4.6535444391916985e-9	3.364864583801789e-9
748.	0.	0.	4.624216456585261e-9	3.3538278966323587e-9
749.	0.	0.	4.594916457577611e-9	3.342714944488669e-9
750.	0.	0.	4.56564623099498e-9	3.3315267033294526e-9
750.9999999999999	0.	0.	4.536407563832138e-9	3.320264162505116e-9
752.	0.	0.	4.5072022404156975e-9	3.308928324246611e-9
753.	0.	0.	4.47803204158924e-9	3.29752020316011e-9
754.	0.	0.	4.448898743920099e-9	3.286040825726909e-9
754.9999999999999	0.	0.	4.419804118927659e-9	3.2744912298094476e-9
756.	0.	0.	4.390749932331711e-9	3.262872464161928e-9
757.	0.	0.	4.361737943324375e-9	3.2511855879484976e-9
758.	0.	0.	4.332769903858719e-9	3.239431670264141e-9
759.	0.	0.	4.303847557961742e-9	3.2276117896647376e-9
759.9999999999999	0.	0.	4.274972641065397e-9	3.2157270337006876e-9
761.	0.	0.	4.246146879357487e-9	3.203778498456742e-9
762.	0.	0.	4.2173719891532444e-9	3.1917672880982635e-9
763.	0.	0.	4.188649676286925e-9	3.179694514423644e-9
763.9999999999999	0.	0.	4.1599816355201095e-9	3.1675612964210353e-9
765.	0.	0.	4.131369549971708e-9	3.155368759833162e-9
766.	0.	0.	4.102815090565743e-9	3.1431180367266533e-9
767.	0.	0.	4.074319915497338e-9	3.1308102650682297e-9
768.	0.	0.	4.045885669717315e-9	3.1184465883063783e-9
768.9999999999999	0.	0.	4.017513984434197e-9	3.106028154959193e-9
770.	0.	0.	3.9892064766358e-9	3.0935561182088573e-9
771.	0.	0.	3.960964748625589e-9	3.0810316355012185e-9
772.	0.	0.	3.932790387578628e-9	3.068455868152397e-9
772.9999999999999	0.	0.	3.90468496511333e-9	3.055829980960815e-9
774.	0.	0.	3.876650036880075e-9	3.0431551418257075e-9
775.	0.	0.	3.848687142166855e-9	3.0304325213716825e-9
776.	0.	0.	3.820797803520206e-9	3.0176632925790624e-9
776.9999999999999	0.	0.	3.792983526383285e-9	3.0048486304208723e-9
777.9999999999999	0.	0.	3.765245798748496e-9	2.9919897115054574e-9
779.	0.	0.	3.737586090826301e-9	2.9790877137253392e-9
780.	0.	0.	3.710005854729099e-9	2.9661438159123496e-9
781.	0.	0.	3.682506524169729e-9	2.9531591974981615e-9
781.9999999999999	0.	0.	3.65508951417515e-9	2.940135038182045e-9
783.	0.	0.	3.6277562208141157e-9	2.9270725176033653e-9
784.	0.	0.	3.600508020938966e-9	2.9139728150208555e-9
785.	0.	0.	3.573346271942118e-9	2.900837108997987e-9
785.9999999999999	0.	0.	3.5462723115251037e-9	2.8876665770936028e-9
786.9999999999999	0.	0.	3.519287457481705e-9	2.874462395559414e-9
788.	0.	0.	3.4923930074943625e-9	2.8612257390426386e-9
789.	0.	0.	3.4655902389427776e-9	2.8479577802950787e-9
790.	0.	0.	3.43888040872604e-9	2.8346596898877647e-9
790.9999999999999	0.	0.	3.4122647530963027e-9	2.821332635931702e-9
792.	0.	0.	3.3857444875054486e-9	2.8079777838042257e-9
793.	0.	0.	3.359320806462902e-9	2.7945962958811488e-9
794.	0.	0.	3.3329948834059537e-9	2.781189331275036e-9
794.9999999999999	0.	0.	3.306767870580587e-9	2.7677580455786714e-9
795.9999999999999	0.	0.	3.2806408989341065e-9	2.7543035906145306e-9
797.	0.	0.	3.254615078018547e-9	2.7408271141898738e-9
798.	0.	0.	3.228691495904711e-9	2.7273297598573574e-9
799.	0.	0.	3.2028712191070058e-9	2.7138126666814286e-9
799.9999999999999	0.	0.	3.1771552925180272e-9	2.700276969010012e-9
801.	0.	0.	3.151544739353439e-9	2.6867237962518176e-9
802.	0.	0.	3.126040561106595e-9	2.6731542726590716e-9
803.	0.	0.	3.1006437375128138e-9	2.6595695171157123e-9
803.9999999999999	0.	0.	3.0753552265228165e-9	2.6459706429310314e-9
804.9999999999999	0.	0.	3.050175964284828e-9	2.6323587576382183e-9
806.	0.	0.	3.025106865137188e-9	2.618734962798943e-9
807.	0.	0.	3.0001488216072148e-9	2.605100353812245e-9
808.	0.	0.	2.975302704420546e-9	2.5914560197295207e-9
808.9999999999999	0.	0.	2.9505693625174937e-9	2.577803043073928e-9
810.	0.	0.	2.9259496230783425e-9	2.5641424996653945e-9
811.	0.	0.	2.901444291555411e-9	2.5504754584501705e-9
812.	0.	0.	2.877054151713709e-9	2.53680298133598e-9
812.9999999999999	0.	0.	2.852779965677784e-9	2.5231261230315394e-9
814.	0.	0.	2.8286224739878263e-9	2.5094459308913666e-9
815.	0.	0.	2.8045823956597455e-9	2.495763444765082e-9
816.	0.	0.	2.780660428255273e-9	2.4820796968520633e-9
816.9999999999999	0.	0.	2.756857247955816e-9	2.46839571155997e-9
817.9999999999999	0.	0.	2.7331735096452046e-9	2.4547125053690065e-9
819.	0.	0.	2.7096098469961346e-9	2.441031086699726e-9
820.	0.	0.	2.6861668725648736e-9	2.427352455786223e-9
821.	0.	0.	2.662845177890496e-9	2.4136776045536913e-9
821.9999999999999	0.	0.	2.639645333600205e-9	2.4000075165000115e-9
823.	0.	0.	2.616567889519722e-9	2.386343166582255e-9
824.	0.	0.	2.593613374789848e-9	2.37268552110733e-9
825.	0.	0.	2.570782297987025e-9	2.3590355376270506e-9
825.9999999999999	0.	0.	2.548075147249632e-9	2.34539416483729e-9
826.9999999999999	0.	0.	2.5254923904087395e-9	2.3317623424812803e-9
828.	0.	0.	2.503034475123374e-9	2.3181410012573728e-9
829.	0.	0.	2.48070182902062e-9	2.304531062730586e-9
830.	0.	0.	2.4584948598398086e-9	2.2909334392485156e-9
830.9999999999999	0.	0.	2.4364139555799105e-9	2.2773490338603934e-9
832.	0.	0.	2.4144594846529477e-9	2.2637787402413767e-9
833.	0.	0.	2.392631796039123e-9	2.250223442619374e-9
834.	0.	0.	2.370931219446732e-9	2.236684015706731e-9
834.9999999999999	0.	0.	2.3493580654751476e-9	2.223161324634757e-9
835.9999999999999	0.	0.	2.3279126257815278e-9	2.209656224892837e-9
837.	0.	0.	2.3065951732501205e-9	2.1961695622703076e-9
838.	0.	0.	2.2854059621653132e-9	2.182702172802602e-9
839.	0.	0.	2.2643452283872575e-9	2.1692548827205937e-9
839.9999999999999	0.	0.	2.243413189530106e-9	2.1558285084033737e-9
841.	0.	0.	2.2226100451435085e-9	2.1424238563346237e-9
842.	0.	0.	2.201935976895404e-9	2.1290417230621198e-9
843.	0.	0.	2.181391148759042e-9	2.115682895160879e-9
843.9999999999999	0.	0.	2.1609757072004075e-9	2.1023481491991028e-9
844.9999999999999	0.	0.	2.140689781369097e-9	2.0890382517076713e-9
846.	0.	0.	2.1205334832905047e-9	2.075753959152594e-9
847.	0.	0.	2.1005069080598908e-9	2.062496017910609e-9
848.	0.	0.	2.080610134039142e-9	2.0492651642478246e-9
848.9999999999999	0.	0.	2.060843223053438e-9	2.0360621243011858e-9
850.	0.	0.	2.0412062205917223e-9	2.022887614063098e-9
851.	0.	0.	2.02169915600617e-9	2.009742339368688e-9
852.	0.	0.	2.00232204271512e-9	1.9966269958859885e-9
852.9999999999999	0.	0.	1.9830748784060532e-9	1.983542269108927e-9
853.9999999999999	0.	0.	1.963957645239643e-9	1.9704888343528554e-9
855.	0.	0.	1.9449703100554733e-9	1.9574673567528567e-9
856.	0.	0.	1.9261128245781012e-9	1.9444784912646516e-9
857.	0.	0.	1.907385125624323e-9	1.931522882668049e-9
857.9999999999999	0.	0.	1.8887871353110437e-9	1.918601165572757e-9
859.	0.	0.	1.8703187612633485e-9	1.905713964426808e-9
860.	0.	0.	1.8519798968239669e-9	1.8928618935272722e-9
861.	0.	0.	1.8337704212622747e-9	1.880045557033497e-9
861.9999999999999	0.	0.	1.8156901999845706e-9	1.86726554898222e-9
863.	0.	0.	1.7977390847436722e-9	1.8545224533054773e-9
864.	0.	0.	1.7799169138495618e-9	1.8418168438502426e-9
865.	0.	0.	1.7622235123798057e-9	1.8291492844004207e-9
865.9999999999999	0.	0.	1.744658692389618e-9	1.8165203287010424e-9
866.9999999999999	0.	0.	1.727222253122511e-9	1.8039305204840535e-9
868.	0.	0.	1.7099139812209644e-9	1.791380393496841e-9
869.	0.	0.	1.6927336509357323e-9	1.7788704715319006e-9
870.	0.	0.	1.675681024336615e-9	1.7664012684589858e-9
870.9999999999999	0.	0.	1.6587558515211836e-9	1.7539732882589478e-9
872.	0.	0.	1.6419578708245483e-9	1.7415870250591962e-9
873.	0.	0.	1.6252868090278044e-9	1.7292429631712873e-9
874.	0.	0.	1.6087423815664963e-9	1.7169415771298947e-9
874.9999999999999	0.	0.	1.5923242927377236e-9	1.7046833317336094e-9
875.9999999999999	0.	0.	1.576032235907572e-9	1.6924686820874827e-9
877.	0.	0.	1.5598658937174028e-9	1.6802980736467851e-9
878.	0.	0.	1.5438249382893967e-9	1.6681719422628735e-9
879.	0.	0.	1.5279090314311347e-9	1.65609071422989e-9
879.9999999999999	0.	0.	1.512117824839659e-9	1.6440548063336246e-9
881.	0.	0.	1.4964509603045163e-9	1.6320646259011534e-9
882.	0.	0.	1.4809080699096982e-9	1.6201205708522883e-9
883.	0.	0.	1.4654887762350308e-9	1.6082230297522086e-9
883.9999999999999	0.	0.	1.450192692555573e-9	1.5963723818652757e-9
884.9999999999999	0.	0.	1.4350194230414143e-9	1.5845689972104022e-9
886.	0.	0.	1.4199685629546238e-9	1.5728132366172478e-9
887.	0.	0.	1.4050396988465025e-9	1.5611054517839846e-9
888.	0.	0.	1.3902324087526748e-9	1.549445985335812e-9
888.9999999999999	0.	0.	1.3755462623874395e-9	1.537835170884971e-9
890.	0.	0.	1.3609808213368142e-9	1.5262733330914129e-9
891.	0.	0.	1.3465356392495588e-9	1.5147607877248474e-9
892.	0.	0.	1.332210262027991e-9	1.503297841727556e-9
892.9999999999999	0.	0.	1.3180042280166116e-9	1.4918847932782242e-9
893.9999999999999	0.	0.	1.3039170681893128e-9	1.4805219318566767e-9
895.	0.	0.	1.2899483063357793e-9	1.4692095383096175e-9
896.	0.	0.	1.2760974592455085e-9	1.4579478849169013e-9
897.	0.	0.	1.262364036891302e-9	1.4467372354590374e-9
897.9999999999999	0.	0.	1.2487475426102506e-9	1.4355778452851665e-9
899.	0.	0.	1.2352474732839632e-9	1.424469961381769e-9
900.	0.	0.	1.2218633195168046e-9	1.4134138224424299e-9
901.	0.	0.	1.2085945658126525e-9	1.40240965893778e-9
901.9999999999999	0.	0.	1.1954406907499138e-9	1.391457693186591e-9
902.9999999999999	0.	0.	1.1824011671551094e-9	1.3805581394271011e-9
904.	0.	0.	1.1694754622746253e-9	1.3697112038891276e-9
905.	0.	0.	1.1566630379449057e-9	1.3589170848666848e-9
906.	0.	0.	1.1439633507607128e-9	1.3481759727911192e-9
906.9999999999999	0.	0.	1.131375852242182e-9	1.3374880503047957e-9
908.	0.	0.	1.1188999889993523e-9	1.326853492335179e-9
909.	0.	0.	1.1065352028959094e-9	1.3162724661693935e-9
910.	0.	0.	1.0942809312102513e-9	1.3057451315292508e-9
910.9999999999999	0.	0.	1.0821366067957773e-9	1.2952716406465224e-9
911.9999999999999	0.	0.	1.0701016582380805e-9	1.2848521383387357e-9
913.	0.	0.	1.05817551001176e-9	1.2744867620852039e-9
914.	0.	0.	1.0463575826347517e-9	1.2641756421034199e-9
914.9999999999999	0.	0.	1.0346472928203904e-9	1.2539189014256059e-9
915.9999999999999	0.	0.	1.0230440536287306e-9	1.243716655975729e-9
917.	0.	0.	1.011547274615326e-9	1.2335690146465835e-9
918.	0.	0.	1.0001563619782518e-9	1.2234760793771683e-9
919.	0.	0.	9.888707187032738e-10	1.213437945230181e-9
919.9999999999999	0.	0.	9.77689744707746e-10	1.2034547004697466e-9
921.	0.	0.	9.666128369818542e-10	1.1935264266392437e-9
922.	0.	0.	9.556393897283572e-10	1.1836531986392432e-9
923.	0.	0.	9.447687945009288e-10	1.1738350848055876e-9
923.9999999999999	0.	0.	9.340004403398083e-10	1.1640721469874495e-9
924.9999999999999	0.	0.	9.233337139061299e-10	1.1543644406256507e-9
926.	0.	0.	9.127679996147384e-10	1.1447120148307266e-9
927.	0.	0.	9.023026797641888e-10	1.135114912461215e-9
928.	0.	0.	8.919371346656448e-10	1.125573170201871e-9
928.9999999999999	0.	0.	8.816707427700072e-10	1.1160868186418767e-9
930.	0.	0.	8.715028807923566e-10	1.106655882352976e-9
931.	0.	0.	8.614329238360684e-10	1.0972803799675789e-9
932.	0.	0.	8.514602455131824e-10	1.0879603242567e-9
932.9999999999999	0.	0.	8.415842180645793e-10	1.0786957222080223e-9
933.9999999999999	0.	0.	8.318042124773914e-10	1.0694865751035055e-9
935.	0.	0.	8.221195986011451e-10	1.060332878597184e-9
936.	0.	0.	8.125297452615034e-10	1.0512346227926552e-9
937.	0.	0.	8.030340203728966e-10	1.0421917923203674e-9
937.9999999999999	0.	0.	7.936317910485358e-10	1.0332043664148792e-9
939.	0.	0.	7.843224237095843e-10	1.024272318991792e-9
940.	0.	0.	7.751052841916055e-10	1.0153956187245288e-9
941.	0.	0.	7.659797378501129e-10	1.0065742291208408e-9
941.9999999999999	0.	0.	7.56945149663338e-10	9.978081085991861e-10
942.9999999999999	0.	0.	7.480008843341684e-10	9.890972105647385e-10
944.	0.	0.	7.391463063901259e-10	9.804414834851609e-10
945.	0.	0.	7.303807802808705e-10	9.718408709661447e-10
946.	0.	0.	7.21703670475027e-10	9.632953118266135e-10
946.9999999999999	0.	0.	7.131143415545622e-10	9.54804740173701e-10
948.	0.	0.	7.046121583077547e-10	9.46369085477229e-10
949.	0.	0.	6.961964858203558e-10	9.379882726440782e-10
950.	0.	0.	6.878666895651167e-10	9.296622220921116e-10
950.9999999999999	0.	0.	6.796221354893959e-10	9.213908498237322e-10
951.9999999999999	0.	0.	6.714621901015578e-10	9.131740674991486e-10
953.	0.	0.	6.633862205554938e-10	9.050117825091924e-10
954.	0.	0.	6.553935947331814e-10	8.96903898047832e-10
954.9999999999999	0.	0.	6.474836813258298e-10	8.888503131842369e-10
955.9999999999999	0.	0.	6.396558499139981e-10	8.808509229344963e-10
957.	0.	0.	6.319094710449564e-10	8.729056183328642e-10
958.	0.	0.	6.242439163093616e-10	8.650142865026347e-10
959.	0.	0.	6.166585584160375e-10	8.571768107266102e-10
959.9999999999999	0.	0.	6.091527712649196e-10	8.493930705170872e-10
960.9999999999999	0.	0.	6.017259300191426e-10	8.416629416854068e-10
962.	0.	0.	5.943774111747502e-10	8.3398629641108e-10
963.	0.	0.	5.871065926295727e-10	8.263630033104656e-10
963.9999999999999	0.	0.	5.79912853750014e-10	8.187929275049513e-10
964.9999999999999	0.	0.	5.7279557543702e-10	8.112759306886674e-10
966.	0.	0.	5.657541401895272e-10	8.03811871195763e-10
967.	0.	0.	5.587879321678318e-10	7.96400604067157e-10
968.	0.	0.	5.518963372540945e-10	7.890419811167907e-10
968.9999999999999	0.	0.	5.450787431123686e-10	7.817358509974772e-10
969.9999999999999	0.	0.	5.383345392468327e-10	7.744820592661159e-10
971.	0.	0.	5.316631170584831e-10	7.672804484484936e-10
972.	0.	0.	5.250638699009396e-10	7.601308581035661e-10
972.9999999999999	0.	0.	5.185361931341117e-10	7.530331248872e-10
973.9999999999999	0.	0.	5.120794841771235e-10	7.459870826153816e-10
975.	0.	0.	5.056931425597211e-10	7.389925623269581e-10
976.	0.	0.	4.993765699720586e-10	7.320493923457945e-10
977.	0.	0.	4.93129170313628e-10	7.251573983424316e-10
977.9999999999999	0.	0.	4.869503497404669e-10	7.183164033951817e-10
979.	0.	0.	4.808395167114057e-10	7.115262280507384e-10
980.	0.	0.	4.74796082032581e-10	7.04786690384138e-10
980.9999999999999	0.	0.	4.688194589013468e-10	6.980976060583194e-10
982.	0.	0.	4.6290906294830725e-10	6.91458788383008e-10
982.9999999999999	0.	0.	4.5706431227841e-10	6.848700483731274e-10
983.9999999999999	0.	0.	4.512846275109634e-10	6.783311948066145e-10
985.	0.	0.	4.455694318181149e-10	6.718420342816955e-10
985.9999999999999	0.	0.	4.3991815096240784e-10	6.654023712736406e-10
987.	0.	0.	4.343302133329514e-10	6.590120081908587e-10
988.	0.	0.	4.288050499805181e-10	6.526707454305403e-10
988.9999999999999	0.	0.	4.233420946519406e-10	6.463783814337176e-10
990.	0.	0.	4.1794078382254344e-10	6.401347127396512e-10
990.9999999999999	0.	0.	4.126005567279219e-10	6.33939534039818e-10
992.	0.	0.	4.0732085539490686e-10	6.277926382312208e-10
993.	0.	0.	4.021011246708987e-10	6.216938164691374e-10
993.9999999999999	0.	0.	3.969408122525732e-10	6.15642858219386e-10
995.	0.	0.	3.918393687131833e-10	6.096395513098893e-10
995.9999999999999	0.	0.	3.867962475290671e-10	6.036836819818096e-10
997.	0.	0.	3.8181090510513046e-10	5.977750349400105e-10
998.	0.	0.	3.768828007992019e-10	5.919133934029957e-10
998.9999999999999	0.	0.	3.720113969454898e-10	5.86098539152282e-10
1000.	0.	0.	3.671961588771292e-10	5.803302525811677e-10