0.	0.	0.	0.	0.
1.	1.2449216201755008e-16	2.6103573117306144e-16	2.7249052410548954e-17	2.7305383856265078e-18
2.	6.698731958483358e-18	4.566772918631196e-16	4.9782843923535346e-17	4.998907053399489e-18
3.	2.1615893331173727e-19	5.974674512157118e-16	6.804025019002372e-17	6.846385123059845e-18
4.	5.375656215541407e-21	6.926889272519902e-16	8.243832220270359e-17	8.31239575600082e-18
5.	1.1318586534368636e-22	7.504767396007463e-16	9.337289741198607e-17	9.434548444964631e-18
6.	2.116149773572496e-24	7.779244089342273e-16	1.0121920445237478e-16	1.0248681178294832e-17
7.	3.612932701768391e-26	7.811838340381161e-16	1.063324616023795e-16	1.078890249122879e-17
8.	5.665773437465278e-28	7.6555878193286145e-16	1.0904846904293077e-16	1.1087633410878343e-17
9.	1.0342933056955715e-29	7.355920129795e-16	1.0968419492838542e-16	1.1175649296360804e-17
10.	5.153201300741374e-30	6.95146133693041e-16	1.0853835524018714e-16	1.108212157095981e-17
11.	7.762888939913518e-32	6.474783270657707e-16	1.0589198735549471e-16	1.0834659339170062e-17
12.	1.114295307235093e-33	5.953091553772094e-16	1.0200901723108762e-16	1.0459350877970753e-17
13.	1.5325901372173926e-35	5.408856653510014e-16	9.713682007610939e-17	9.980804988638566e-18
14.	2.0287328189903346e-37	4.860390515514979e-16	9.150677436524838e-17	9.422192192815917e-18
14.999999999999998	2.5939757640313595e-39	4.3223715237498134e-16	8.53348090263591e-17	8.805285754358038e-18
16.	3.213422986511404e-41	3.8063206501897665e-16	7.882194362288167e-17	8.150502506660796e-18
17.	3.867108213619924e-43	3.321031724137209e-16	7.215482134135826e-17	7.476943463688931e-18
18.	4.53205904217386e-45	2.872958771598443e-16	6.550623458751249e-17	6.802434191752389e-18
18.999999999999996	5.185323942829499e-47	2.466563358161391e-16	5.903564299043496e-17	6.143564918189734e-18
20.	5.807846797674447e-49	2.1046248210474496e-16	5.2889683613095664e-17	5.515730352486921e-18
21.	6.388987862924509e-51	1.788516203452983e-16	4.7202673168402955e-17	4.933169194962495e-18
22.	6.931418289980875e-53	1.518448612137451e-16	4.209710204309212e-17	4.40900330796554e-18
23.	7.456063717684766e-55	1.293686611949247e-16	3.7684119936603065e-17	3.955276524538133e-18
24.	8.006745031379009e-57	1.1127371524771391e-16	3.406401292858501e-17	3.582993069671923e-18
24.999999999999996	8.654163005782962e-59	9.735143955879995e-17	3.132667179652969e-17	3.3021555696192207e-18
26.	9.49889784086898e-61	8.734826810800378e-17	2.9552051414097066e-17	3.1218026251869256e-18
27.	1.067314220491166e-62	8.097797334260008e-17	2.8810621070783195e-17	3.0500459255303933e-18
28.	1.2340953323975611e-64	7.793220775968645e-17	2.9163805564525825e-17	3.094106879659879e-18
29.	1.4696890723624415e-66	7.788944978962145e-17	3.06644169305021e-17	3.260352743660608e-18
29.999999999999996	1.7962995563799961e-68	8.0522524195239e-17	3.335707668160817e-17	3.554332222496855e-18
31.	2.2384159034717534e-70	8.550485436010251e-17	3.7278628448796524e-17	3.9808105262082056e-18
32.	2.822201516883422e-72	9.251559142086882e-17	4.2458540922474814e-17	4.543803861303052e-18
32.99999999999999	3.574757246639252e-74	1.0124375327047972e-16	4.891930100942764e-17	5.246613339198795e-18
34.	4.523286464306601e-76	1.1139149506995732e-16	5.667679713312966e-17	6.0918582846430584e-18
35.	5.694195041497205e-78	1.2267662209197153e-16	6.574069261877152e-17	7.081508928164824e-18
36.	7.112162357630537e-80	1.3483444550158323e-16	7.611478911776604e-17	8.216918467743817e-18
37.	8.7992206951966e-82	1.4761907207056497e-16	8.7797380039845e-17	9.498854486040662e-18
37.99999999999999	1.077387975173671e-83	1.6080420982459776e-16	1.0078159397406253e-16	1.092752971069572e-17
39.	1.3050330647208485e-85	1.7418356323320016e-16	1.150557280930111e-16	1.2502632106373144e-17
40.	1.5637759955562162e-87	1.875708837602148e-16	1.306035715472951e-16	1.4223354288394052e-17
41.	1.8539799223853498e-89	2.0079973438298835e-16	1.474047188697606e-16	1.6088422248965374e-17
42.	2.1754129483596483e-91	2.1372302004197235e-16	1.6543487342106792e-16	1.8096123388160028e-17
42.99999999999999	2.5272253747230315e-93	2.2621232987755035e-16	1.8466614091996008e-16	2.024433384294317e-17
44.	2.90794437550438e-95	2.381571315231038e-16	2.0506731311290766e-16	2.2530545108656225e-17
44.99999999999999	3.315486061188416e-97	2.494638526270796e-16	2.2660414164874805e-16	2.495188994846947e-17
46.	3.747184271192995e-99	2.6005488014521496e-16	2.4923960223443107e-16	2.7505167587387842e-17
47.	4.199834873267145e-101	2.698675037498358e-16	2.7293414915800564e-16	3.0186868188442296e-17
48.	4.669753867314235e-103	2.7885282591879637e-16	2.9764596027457453e-16	3.299319660971978e-17
49.	5.152847204981849e-105	2.86974657864763e-16	3.233311725600082e-16	3.5920095441872654e-17
49.99999999999999	5.644689952406249e-107	2.9420841741940898e-16	3.4994410834585347e-16	3.8963267326708995e-17
51.	6.140612244434941e-109	3.0054004227028044e-16	3.774374923569581e-16	4.2118196558386724e-17
52.	6.635789402322362e-111	3.059649295354191e-16	4.057626596809975e-16	4.538016996962822e-17
53.	7.125333607191756e-113	3.104869105276369e-16	4.3486975480621306e-16	4.8744297106226176e-17
54.	7.604384628965274e-115	3.1411726768346776e-16	4.647079218703338e-16	5.220552969393134e-17
54.99999999999999	8.068197293061288e-117	3.1687379898889875e-16	4.952254862698224e-16	5.575868040259711e-17
56.	8.512223611238823e-119	3.1877993380406067e-16	5.263701277842881e-16	5.939844091320296e-17
56.99999999999999	8.932187794026787e-121	3.1986390275227365e-16	5.580890453761147e-16	6.311939929408883e-17
58.	9.324152685434195e-123	3.2015796327664192e-16	5.903291138301317e-16	6.691605669340638e-17
59.	9.684576501779418e-125	3.196976815623256e-16	6.23037032402436e-16	7.078284335542909e-17
59.99999999999999	1.0010359102205773e-126	3.1852127075865874e-16	6.561594656513478e-16	7.47141339689648e-17
61.	1.0298877356713345e-128	3.1666898479718017e-16	6.896431766269021e-16	7.870426235667641e-17
62.	1.054800949800015e-130	3.141825665759229e-16	7.234351525982786e-16	8.274753551464573e-17
63.	1.0756148637686458e-132	3.111047488536653e-16	7.574827235011651e-16	8.683824701200763e-17
64.	1.0922205888831237e-134	3.074788058592172e-16	7.917336732892465e-16	9.097068976093865e-17
65.	1.1045603760549284e-136	3.033481533588451e-16	8.26136344375821e-16	9.513916816770852e-17
65.99999999999999	1.1126260674115968e-138	2.9875599473032393e-16	8.606397353529832e-16	9.933800967589215e-17
67.	1.1164567592003675e-140	2.9374501045575187e-16	8.951935921768956e-16	1.0356157571319638e-16
68.	1.1161357852350031e-142	2.883570883591564e-16	9.297484930084183e-16	1.0780427205368115e-16
69.	1.1117871362910373e-144	2.8263309187189668e-16	9.642559268987684e-16	1.1206055860744747e-16
70.	1.1035714333446715e-146	2.766126636022826e-16	9.98668366509983e-16	1.1632495865012763e-16
70.99999999999999	1.091681571716817e-148	2.703340615099615e-16	1.0329393350597516e-15	1.205920675047473e-16
72.	1.0763381494558789e-150	2.6383402503518986e-16	1.0670234676797052e-15	1.248565606887317e-16
73.	1.0577847870913463e-152	2.5714766860354913e-16	1.1008765673754774e-15	1.29113201539009e-16
74.	1.0362834377157501e-154	2.503084000137416e-16	1.134455655775839e-15	1.333568483283099e-16
75.	1.0121097766348401e-156	2.4334786131651334e-16	1.16771901885695e-15	1.3758246088588864e-16
75.99999999999999	9.855487490416929e-159	2.36295889902824e-16	1.2006262478262697e-15	1.4178510673599176e-16
77.	9.56890342717579e-161	2.29180497637096e-16	1.2331382753489744e-15	1.4595996676747364e-16
78.	9.264256410453075e-163	2.2202786599349702e-16	1.2652174072977983e-15	1.5010234044801086e-16
79.	8.944431999595508e-165	2.148623552785018e-16	1.2968273502051438e-15	1.5420765059640177e-16
80.	8.612257811580243e-167	2.0770652614904702e-16	1.3279332345939966e-15	1.5827144772644086e-16
80.99999999999999	8.270474631971053e-169	2.005811717613376e-16	1.3585016343617462e-15	1.6228941397585228e-16
82.	7.92171142183242e-171	1.935053590095055e-16	1.388500582388455e-15	1.662573666337363e-16
83.	7.568464247908438e-173	1.864964774346145e-16	1.4178995825383028e-15	1.7017126127992969e-16
84.	7.213079083986984e-175	1.7957029450237089e-16	1.4466696182201775e-15	1.7402719454962684e-16
84.99999999999999	6.857738362773338e-177	1.7274101606151984e-16	1.4747831576702826e-15	1.7782140653651297e-16
85.99999999999999	6.50445110021261e-179	1.660213509039961e-16	1.5022141561166459e-15	1.815502828475761e-16
87.	6.155046367670616e-181	1.5942257845148302e-16	1.5289380549821555e-15	1.8521035632264592e-16
88.	5.811169851599157e-183	1.529546186917938e-16	1.554931778279513e-15	1.887983084315843e-16
89.	5.4742832144106144e-185	1.466261035813047e-16	1.580173726348155e-15	1.9231097036191702e-16
89.99999999999999	5.14566595363465e-187	1.4044444921690274e-16	1.604643767079713e-15	1.9574532380953968e-16
90.99999999999999	4.82641944819883e-189	1.344159281627176e-16	1.6283232247752153e-15	1.9909850148497765e-16
92.	4.517472879674508e-191	1.285457413928849e-16	1.651194866773592e-15	2.023677873474998e-16
93.	4.2195907218309455e-193	1.2283808938205374e-16	1.6732428879875786e-15	2.0555061657921246e-16
94.	3.9333815026091414e-195	1.1729624194042762e-16	1.69445289347946e-15	2.0864457531106249e-16
94.99999999999999	3.659307557808416e-197	1.1192260645027628e-16	1.714811879205478e-15	2.1164740011248459e-16
96.	3.397695514334386e-199	1.0671879421518719e-16	1.7343082110541098e-15	2.1455697725621896e-16
97.	3.148747261979715e-201	1.0168568468397678e-16	1.7529316022997506e-15	2.1737134176961462e-16
98.	2.912551195524327e-203	9.682348735597937e-17	1.770673089589662e-15	2.2008867628351195e-16
99.	2.6890935327677143e-205	9.213180121582875e-17	1.7875250075784425e-15	2.2270730968957664e-16
99.99999999999999	2.4782695382351765e-207	8.760967158276366e-17	1.8034809623205563e-15	2.25225715616723e-16
101.	2.2798945062959439e-209	8.325564429216162e-17	1.8185358035278693e-15	2.27642510737034e-16
102.	2.093714380691005e-211	7.906781715706034e-17	1.8326855957955223e-15	2.299564529113476e-16
103.	1.919415909740476e-213	7.50438886826482e-17	1.8459275888958216e-15	2.321664391844335e-16
104.	1.7566362574187278e-215	7.118120403031572e-17	1.858260187236338e-15	2.3427150363944645e-16
104.99999999999999	1.6049720098415731e-217	6.747679824735122e-17	1.8696829185747842e-15	2.362708151210887e-16
106.	1.4639875343983775e-219	6.392743679579878e-17	1.8801964020798207e-15	2.381636748366765e-16
107.	1.3332226646114514e-221	6.052965342883336e-17	1.8898023158233992e-15	2.3994951384404245e-16
108.	1.212199697866884e-223	5.727978547560407e-17	1.8985033637868907e-15	2.4162789043496753e-16
109.	1.1004297053748799e-225	5.417400660584302e-17	1.906303242459851e-15	2.431984874225807e-16
109.99999999999999	9.974181641589356e-228	5.1208357154380135e-17	1.9132066071069536e-15	2.4466110934090993e-16
111.	9.02669929623384e-230	4.8378772092449474e-17	1.9192190377753395e-15	2.46015679564524e-16
112.	8.15693574372419e-232	4.568110673841219e-17	1.9243470051114482e-15	2.4726223735595236e-16
113.	7.360051246142966e-234	4.311116030420758e-17	1.9285978360531733e-15	2.4840093484831544e-16
113.99999999999999	6.631312297575739e-236	4.066469737703206e-17	1.9319796794601706e-15	2.4943203397036156e-16
114.99999999999999	5.9661180387417166e-238	3.833746743749005e-17	1.934501471742022e-15	2.503559033208487e-16
116.	5.360021796604241e-240	3.612522251603608e-17	1.9361729025410203e-15	2.5117301499897334e-16
117.	4.808748165491321e-242	3.4023733089987286e-17	1.9370043805234377e-15	2.5188394139729955e-16
118.	4.308206048075987e-244	3.2028802322345405e-17	1.9370069993302607e-15	2.5248935196341075e-16
118.99999999999999	3.854498069590354e-246	3.013627874241916e-17	1.9361925037356098e-15	2.5299000993625614e-16
119.99999999999999	3.443926767823397e-248	2.8342067466468443e-17	1.9345732560583287e-15	2.533867690629436e-16
121.	3.072997946047313e-250	2.6642140054157757e-17	1.932162202869612e-15	2.536805703014886e-16
122.	2.738421556946677e-252	2.503254309426077e-17	1.9289728420369317e-15	2.5387243851480563e-16
122.99999999999999	2.4371104639028573e-254	2.3509405609421816e-17	1.9250191901420056e-15	2.5396347916100033e-16
124.	2.166177402280825e-256	2.206894536736248e-17	1.9203157503081366e-15	2.5395487498480425e-16
125.	1.9229304385696654e-258	2.0707474181808535e-17	1.914877480469889e-15	2.538478827147707e-16
126.	1.7048671997618313e-260	1.9421402283401568e-17	1.908719762115679e-15	2.5364382977063767e-16
127.	1.5096681199329833e-262	1.8207241836927057e-17	1.901858369531773e-15	2.53344110985058e-16
128.	1.3351889258432124e-264	1.706160967734429e-17	1.8943094395738624e-15	2.529501853436829e-16
129.	1.179452559060502e-266	1.5981229333956748e-17	1.8860894419904163e-15	2.524635727473918e-16
130.	1.0406407087219494e-268	1.4962932407513984e-17	1.877215150319908e-15	2.5188585080025545e-16
131.	9.170851069422978e-271	1.400365936220592e-17	1.8677036133821107e-15	2.5121865162663164e-16
131.99999999999997	8.072587181154221e-273	1.3100459790196905e-17	1.857572127381701e-15	2.504636587206018e-16
133.	7.097669340872295e-275	1.2250492203111064e-17	1.8468382086406773e-15	2.4962260383077026e-16
134.	6.233388694450012e-277	1.1451023401213527e-17	1.8355195669742388e-15	2.486972638832691e-16
135.	5.46818834997479e-279	1.0699427468105304e-17	1.8236340797232038e-15	2.476894579456381e-16
136.	4.791580529076758e-281	9.993184434674022e-18	1.8111997664542615e-15	2.4660104423407036e-16
137.	4.1940666383243337e-283	9.329878653670085e-18	1.798234764337993e-15	2.454339171663575e-16
138.	3.6670606479357305e-285	8.707196922913787e-18	1.7847573042128907e-15	2.441900044626967e-16
139.	3.202816062620121e-287	8.122926391929423e-18	1.7707856873423299e-15	2.4287126429636907e-16
140.	2.794356680066458e-289	7.574952284910562e-18	1.7563382628699901e-15	2.4147968249614497e-16
140.99999999999997	2.435411255543761e-291	7.061255469204772e-18	1.741433405977925e-15	2.4001726980212327e-16
141.99999999999997	2.1203521253227183e-293	6.579909896828884e-18	1.7260894967502517e-15	2.3848605917656157e-16
143.	1.8441377862054227e-295	6.1290799439679014e-18	1.7103248997441821e-15	2.3688810317112774e-16
144.	1.602259382400132e-297	5.707017670529883e-18	1.6941579442690388e-15	2.3522547135185235e-16
145.	1.3906910133709877e-299	5.312060021144833e-18	1.6776069053727484e-15	2.3350024778294074e-16
146.	0.	4.9426259853726636e-18	1.6606899855343475e-15	2.3171452857047507e-16
147.	0.	4.597213734231994e-18	1.6434252970599833e-15	2.298704194669134e-16
148.	0.	4.274397747918285e-18	1.625830845179023e-15	2.2797003353717364e-16
149.	0.	3.972825948100269e-18	1.6079245118359811e-15	2.2601548888698106e-16
150.	0.	3.6912168465417775e-18	1.5897240401731555e-15	2.240089064540438e-16
150.99999999999997	0.	3.428356720911638e-18	1.5712470196980793e-15	2.2195240786252011e-16
151.99999999999997	0.	3.183096826213233e-18	1.5525108721291968e-15	2.1984811334113813e-16
153.	0.	2.95435065081956e-18	1.5335328379124198e-15	2.1769813970523007e-16
154.	0.	2.7410912230721468e-18	1.5143299634006335e-15	2.1550459840285297e-16
155.	0.	2.5423484750416283e-18	1.4949190886876262e-15	2.1326959362507906e-16
156.	0.	2.357206668110236e-18	1.4753168360873135e-15	2.1099522048045127e-16
157.	0.	2.184801884473594e-18	1.4555395992486315e-15	2.0868356323351674e-16
158.	0.	2.0243195882445907e-18	1.4356035328960327e-15	2.0633669360728221e-16
159.	0.	1.8749922583786226e-18	1.4155245431850337e-15	2.0395666914935193e-16
160.	0.	1.7360970959124104e-18	1.3953182786618066e-15	2.0154553166143473e-16
160.99999999999997	0.	1.6069538067948105e-18	1.3750001218156307e-15	1.9910530569186136e-16
161.99999999999997	0.	1.486922461144538e-18	1.3545851812124333e-15	1.9663799709066162e-16
163.	0.	1.3754014297606197e-18	1.3340882841975301e-15	1.9414559162671102e-16
164.	0.	1.2718253978071324e-18	1.3135239701553387e-15	1.9163005366638943e-16
165.	0.	1.1756634553339788e-18	1.2929064843135715e-15	1.8909332491314607e-16
166.	0.	1.086417264289353e-18	1.2722497720793064e-15	1.8653732320731525e-16
167.	0.	1.0036193010029107e-18	1.251567473893976e-15	1.8396394138546817e-16
168.	0.	9.268311730550388e-19	1.2308729205943472e-15	1.8137504619855728e-16
169.	0.	8.556420093299652e-19	1.2101791292663274e-15	1.7877247728806442e-16
169.99999999999997	0.	7.896669217180242e-19	1.1894987995783177e-15	1.7615804621930946e-16
170.99999999999997	0.	7.285455366955497e-19	1.1688443105808046e-15	1.73533535571064e-16
171.99999999999997	0.	6.719405953546464e-19	1.1482277179588052e-15	1.7090069808056275e-16
173.	0.	6.195366195344825e-19	1.1276607517237198e-15	1.682612558429829e-16
174.	0.	5.71038642719045e-19	1.1071548143311522e-15	1.6561689956443098e-16
175.	0.	5.261710029903316e-19	1.0867209792112378e-15	1.6296928786744847e-16
176.	0.	4.846761966350475e-19	1.0663699896980846e-15	1.6032004664803037e-16
177.	0.	4.463137898779211e-19	1.0461122583449031e-15	1.5767076848312088e-16
178.	0.	4.108593868005952e-19	1.0259578666115024e-15	1.550230120875343e-16
179.	0.	3.7810365137841816e-19	1.0059165649109096e-15	1.5237830181923762e-16
179.99999999999997	0.	3.4785138134195056e-19	9.859977730019012e-16	1.4973812723190548e-16
180.99999999999997	0.	3.1992063198892274e-19	9.662105807143856e-16	1.4710394267365362e-16
181.99999999999997	0.	2.941418878136891e-19	9.46563748994672e-16	1.444771669308413e-16
183.	0.	2.7035727961311023e-19	9.270657112577686e-16	1.4185918291582453e-16
184.	0.	2.4841984578032797e-19	9.07724575034022e-16	1.3925133739753525e-16
185.	0.	2.2819283484161253e-19	8.885481238975373e-16	1.366549407737537e-16
186.	0.	2.0954904824687347e-19	8.695438196639487e-16	1.3407126688393503e-16
187.	0.	1.9237022093361483e-19	8.507188048453611e-16	1.315015528614552e-16
188.	0.	1.7654643801931379e-19	8.320799053503414e-16	1.289469990241291e-16
189.	0.	1.619755859254177e-19	8.136336334171728e-16	1.264087688018692e-16
189.99999999999997	0.	1.4856283622225991e-19	7.953861907685589e-16	1.238879887003266e-16
190.99999999999997	0.	1.3622016044718587e-19	7.773434719764531e-16	1.213857482994008e-16
192.	0.	1.2486587420314083e-19	7.59511068025584e-16	1.1890310028546076e-16
193.	0.	1.14424209377721e-19	7.418942700647181e-16	1.164410605161657e-16
194.	0.	1.048249126064188e-19	7.244980733347475e-16	1.1400060811675184e-16
195.	0.	9.600286869092123e-20	7.07327181262971e-16	1.1158268560667266e-16
196.	0.	8.789774780121057e-20	6.903860097131852e-16	1.091881990554853e-16
197.	0.	8.045367478011847e-20	6.736786913813988e-16	1.0681801826688615e-16
198.	0.	7.361891972918788e-20	6.572090803271526e-16	1.0447297698979331e-16
198.99999999999997	0.	6.734560821478053e-20	6.409807566308548e-16	1.0215387315542095e-16
199.99999999999997	0.	6.15894505171328e-20	6.249970311674922e-16	9.986146913925202e-17
200.99999999999997	0.	5.63094881636001e-20	6.092609504876132e-16	9.759649204687719e-17
202.	0.	5.1467857496923915e-20	5.937753017964606e-16	9.535963402264105e-17
203.	0.	4.702956850771929e-20	5.78542618022575e-16	9.315155258008093e-17
204.	0.	4.296229852621831e-20	5.635651829672544e-16	9.097287095313106e-17
205.	0.	3.923619982878513e-20	5.488450365266725e-16	8.882417846710699e-17
206.	0.	3.582371998286828e-20	5.343839799785198e-16	8.670603092847332e-17
207.	0.	3.269943460777853e-20	5.201835813254151e-16	8.461895103243338e-17
208.	0.	2.9839891393930977e-20	5.062451806875091e-16	8.256342878738964e-17
208.99999999999997	0.	2.722346487284928e-20	4.925698957369365e-16	8.053992195533603e-17
209.99999999999997	0.	2.4830221300892996e-20	4.791586271670322e-16	7.854885650726525e-17
210.99999999999997	0.	2.2641792759073665e-20	4.660120641894447e-16	7.659062709268968e-17
212.	0.	2.064126031750821e-20	4.531306900525452e-16	7.466559752239365e-17
213.	0.	1.8813045117037847e-20	4.405147875747181e-16	7.27741012635507e-17
214.	0.	1.7142807404186433e-20	4.2816444468637487e-16	7.091644194635612e-17
215.	0.	1.5617352597004483e-20	4.1607955997478705e-16	6.909289388135253e-17
216.	0.	1.4224544078589336e-20	4.042598482259727e-16	6.730370258662689e-17
217.	0.	1.2953222407639188e-20	3.9270484595823927e-16	6.554908532410351e-17
218.	0.	1.1793130137650204e-20	3.8141391694198657e-16	6.382923164413489e-17
218.99999999999997	0.	1.0734842259858216e-20	3.7038625770088015e-16	6.214430393766754e-17
219.99999999999997	0.	9.769701742413258e-21	3.5962090298943815e-16	6.049443799522107e-17
220.99999999999997	0.	8.889759659381672e-21	3.491167312424303e-16	5.887974357197421e-17
222.	0.	8.087719861032242e-21	3.3887246999173705e-16	5.730030495826632e-17
223.	0.	7.35688772616144e-21	3.2888670124637416e-16	5.575618155482526e-17
224.	0.	6.691122708920657e-21	3.1915786683169226e-16	5.424740845206595e-17
225.	0.	6.0847944104797765e-21	3.0968427368399044e-16	5.2773997012827054e-17
226.	0.	5.5327420808904156e-21	3.00464099096827e-16	5.133593545791094e-17
227.	0.	5.030237038456778e-21	2.91495395915653e-16	4.993318945383255e-17
227.99999999999997	0.	4.572948005395017e-21	2.8277609767750533e-16	4.856570270219214e-17
228.99999999999997	0.	4.156909146916388e-21	2.743040236926866e-16	4.723339753010551e-17
229.99999999999997	0.	3.778490436916091e-21	2.6607688406554534e-16	4.593617548114606e-17
230.99999999999997	0.	3.434370428151302e-21	2.580922846515931e-16	4.467391790626177e-17
232.	0.	3.121511089894251e-21	2.503477319485214e-16	4.344648655417677e-17
233.	0.	2.837134554382467e-21	2.4284063791856827e-16	4.225372416075576e-17
234.	0.	2.5787017554184138e-21	2.3556832474017664e-16	4.1095455036886394e-17
235.	0.	2.3438926712877612e-21	2.2852802948675837e-16	3.9971485654400306e-17
236.	0.	2.130588212131864e-21	2.2171690873070522e-16	3.8881605229604577e-17
237.	0.	1.9368534655956727e-21	2.1513204307087237e-16	3.782558630399825e-17
237.99999999999997	0.	1.760922314435344e-21	2.087704415818956e-16	3.6803185321765906e-17
238.99999999999997	0.	1.6011832323987584e-21	2.0262904618389836e-16	3.581414320366576e-17
239.99999999999997	0.	1.456166325869665e-21	1.967047359311958e-16	3.485818591693169e-17
240.99999999999997	0.	1.324531311920645e-21	1.9099433121882878e-16	3.393502504084083e-17
242.	0.	1.2050565121757722e-21	1.8549459790583035e-16	3.304435832760374e-17
243.	0.	1.0966287439713863e-21	1.802022513542317e-16	3.218587025824836e-17
244.	0.	9.982340495120643e-22	1.7511396038305e-16	3.1359232593201336e-17
245.	0.	9.089491449632393e-22	1.7022635113642747e-16	3.056410491725499e-17
245.99999999999997	0.	8.279336284270436e-22	1.6553601086541426e-16	2.980013517865948e-17
247.	0.	7.544227441933277e-22	1.6103949162284738e-16	2.906696022206703e-17
248.	0.	6.877208767952936e-22	1.5673331387090053e-16	2.8364206315073796e-17
248.99999999999997	0.	6.271954861180791e-22	1.5261397000108508e-16	2.769148966813726e-17
250.	0.	5.722715440403279e-22	1.486779277664309e-16	2.7048416947633482e-17
250.99999999999997	0.	5.224265380059686e-22	1.4492163362579326e-16	2.6434585781855533e-17
252.	0.	4.771857923913486e-22	1.4134151600025876e-16	2.5849585259755165e-17
252.99999999999997	0.	4.361182359000767e-22	1.379339884416892e-16	2.529299642223932e-17
254.	0.	3.9883254321836385e-22	1.3469545271363734e-16	2.476439274586577e-17
254.99999999999997	0.	3.649735557519175e-22	1.316223017847656e-16	2.426334061876231e-17
256.	0.	3.342190459959852e-22	1.287109227351815e-16	2.37893998086417e-17
257.	0.	3.0627676687397315e-22	1.2595769957601014e-16	2.3342123922767857e-17
258.	0.	2.8088173098336187e-22	1.2335901598266335e-16	2.29210608597517e-17
259.	0.	2.5779374123720526e-22	1.2091125794234332e-16	2.252575325306869e-17
260.	0.	2.3679514572154953e-22	1.186108163163911e-16	2.2155738906203136e-17
261.	0.	2.1768874467707313e-22	1.1645408931801513e-16	2.181055121930872e-17
262.	0.	2.0029596943937594e-22	1.1443748490623479e-16	2.1489719607331206e-17
263.	0.	1.8445510594976723e-22	1.1255742309672138e-16	2.1192769909510144e-17
263.99999999999994	0.	1.700197974666712e-22	1.1081033819033322e-16	2.091922479019742e-17
265.	0.	1.568575748586006e-22	1.0919268092021362e-16	2.0668604130945048e-17
266.	0.	1.448485927623984e-22	1.0770092051836707e-16	2.0440425413823544e-17
267.	0.	1.3388442890299652e-22	1.063315467026376e-16	2.02342040959341e-17
268.	0.	1.2386702945888768e-22	1.0508107158508587e-16	2.0049453975093176e-17
269.	0.	1.1470774195981573e-22	1.0394603150271672e-16	1.9885687546659894e-17
270.	0.	1.0632639674783699e-22	1.0292298877175221e-16	1.9742416351524652e-17
271.	0.	9.865054899274228e-23	1.0200853336636195e-16	1.9619151315224666e-17
272.	0.	9.161469233078299e-23	1.0119928452314324e-16	1.9515403078226048e-17
272.99999999999994	0.	8.515965458065309e-23	1.0049189227234098e-16	1.9430682317356492e-17
274.	0.	7.923194029029775e-23	9.98830388970893e-17	1.9364500058430214e-17
274.99999999999994	0.	7.378322963943236e-23	9.936944032180293e-17	1.9316367980078883e-17
276.	0.	6.876983939361492e-23	9.894784743098044e-17	1.9285798708831118e-17
277.	0.	6.415231597871557e-23	9.861504731963126e-17	1.9272306105474464e-17
278.	0.	5.989500719566331e-23	9.836786447656716e-17	1.9275405542743625e-17
279.	0.	5.596568433330923e-23	9.820316190186589e-17	1.9294614174391996e-17
280.	0.	5.233522195657182e-23	9.811784215974462e-17	1.932945119569445e-17
281.	0.	4.897729735462664e-23	9.810884836819124e-17	1.9379438095452413e-17
281.99999999999994	0.	4.58681121196431e-23	9.817316512658148e-17	1.944409889955279e-17
283.	0.	4.298614584490755e-23	9.830781938269305e-17	1.9522960406169333e-17
283.99999999999994	0.	4.031192938864078e-23	9.850988124035124e-17	1.9615552412665593e-17
285.	0.	3.7827850210982175e-23	9.877646470907824e-17	1.9721407934287153e-17
286.	0.	3.551795378142313e-23	9.910472839706354e-17	1.9840063414723543e-17
287.	0.	3.3367805576989007e-23	9.94918761488006e-17	1.9971058928629964e-17
288.	0.	3.136432251035508e-23	9.993515762867894e-17	2.0113938376189704e-17
289.	0.	2.949565274946746e-23	1.0043186885195438e-16	2.0268249669828898e-17
290.	0.	2.775102389334667e-23	1.0097935266431434e-16	2.043354491315798e-17
291.	0.	2.6120684169532788e-23	1.0157499917146995e-16	2.06093805722598e-17
292.	0.	2.459575532211214e-23	1.0221624612003441e-16	2.079531763941358e-17
292.99999999999994	0.	2.3168185336250463e-23	1.029005792310681e-16	2.0990921789372582e-17
294.	0.	2.1830629998299336e-23	1.0362553248751604e-16	2.1195763528284932e-17
294.99999999999994	0.	2.0576409927589823e-23	1.0438868837695068e-16	2.1409418335388004e-17
296.	0.	1.939943950716918e-23	1.0518767809083519e-16	2.1631466797572366e-17
297.	0.	1.829416332953714e-23	1.0602018168167319e-16	2.18614947369437e-17
298.	0.	1.7255502534816338e-23	1.0688392817923531e-16	2.209909333147951e-17
299.	0.	1.627881431509426e-23	1.077766956672454e-16	2.2343859228921293e-17
300.	0.	1.5359852434475773e-23	1.0869631132166292e-16	2.2595394653995124e-17
301.	0.	1.4494723429507386e-23	1.0964065141193801e-16	2.2853307509107402e-17
301.99999999999994	0.	1.3679841274742744e-23	1.1060764126637619e-16	2.3117211468616468e-17
303.	0.	1.2911927782300402e-23	1.115952552028571e-16	2.338672606680658e-17
303.99999999999994	0.	1.2187954118320372e-23	1.126015164261713e-16	2.3661476779699983e-17
305.	0.	1.1505128447378127e-23	1.1362449689307777e-16	2.3941095100810523e-17
306.	0.	1.0860886241514972e-23	1.1466231714635035e-16	2.4225218610983054e-17
307.	0.	1.0252832512271543e-23	1.157131461188919e-16	2.4513491042425843e-17
308.	0.	9.678779644107647e-24	1.1677520090915462e-16	2.480556233708008e-17
309.	0.	9.136675067855432e-24	1.178467465288996e-16	2.5101088699431645e-17
310.	0.	8.624620187632112e-24	1.1892609562449888e-16	2.5399732643910545e-17
310.99999999999994	0.	8.140868216034546e-24	1.200116081727866e-16	2.5701163036984108e-17
312.	0.	7.683773858821265e-24	1.2110169115264685e-16	2.600505513409276e-17
312.99999999999994	0.	7.251791900538919e-24	1.221947981932822e-16	2.631109061152984e-17
314.	0.	6.843518625423737e-24	1.232894292002934e-16	2.661895759340896e-17
314.99999999999994	0.	6.457602037378052e-24	1.243841299605646e-16	2.6928350673837724e-17
316.	0.	6.09280544103697e-24	1.2547749172693924e-16	2.723897093441783e-17
317.	0.	5.7479558208105615e-24	1.2656815078371124e-16	2.755052595720426e-17
318.	0.	5.4219585072843126e-24	1.2765478799386042e-16	2.786272983323829e-17
319.	0.	5.1137657848915286e-24	1.2873612832903064e-16	2.8175303166788105e-17
320.	0.	4.8224380746637876e-24	1.2981094038311273e-16	2.8487973075404256e-17
321.	0.	4.5470342710407795e-24	1.3087803587043388e-16	2.8800473185931896e-17
321.99999999999994	0.	4.286713021699215e-24	1.3193626910933895e-16	2.911254362657612e-17
323.	0.	4.040670898406456e-24	1.3298453649210167e-16	2.9423931015156035e-17
323.99999999999994	0.	3.808131053200426e-24	1.340217759420202e-16	2.973438844366502e-17
325.	0.	3.588374868104171e-24	1.350469663585188e-16	3.0043675459253786e-17
326.	0.	3.380711341067046e-24	1.3605912705100485e-16	3.035155804173741e-17
327.	0.	3.1845282113383808e-24	1.3705731716241005e-16	3.0657808577772493e-17
328.	0.	2.999192724004214e-24	1.3804063508305449e-16	3.096220583178764e-17
329.	0.	2.8241288178775304e-24	1.390082178556579e-16	3.1264534913796385e-17
330.	0.	2.658783434098228e-24	1.3995924057224258e-16	3.1564587244204796e-17
330.99999999999994	0.	2.502676368369409e-24	1.4089291576359934e-16	3.1862160515715525e-17
332.	0.	2.3552686365199355e-24	1.418084927820161e-16	3.215705865243611e-17
332.99999999999994	0.	2.2161383802440843e-24	1.427052571780413e-16	3.244909176632107e-17
334.	0.	2.0848226172603017e-24	1.435825300717559e-16	3.2738076111011624e-17
335.	0.	1.9609090395858048e-24	1.44439667519408e-16	3.3023834033225216e-17
336.	0.	1.8439997981928618e-24	1.4527605987586683e-16	3.330619392176135e-17
337.	0.	1.7337134444131528e-24	1.4609113115356419e-16	3.358499015423885e-17
338.	0.	1.629712268655261e-24	1.4688433837853937e-16	3.3860063041671856e-17
339.	0.	1.5316371934723014e-24	1.4765517094407227e-16	3.413125877096404e-17
339.99999999999994	0.	1.4392004995138838e-24	1.48403149962545e-16	3.439842934543845e-17
341.	0.	1.352064371272118e-24	1.4912782761597117e-16	3.4661432523476587e-17
341.99999999999994	0.	1.2699480728118462e-24	1.4982878650579893e-16	3.492013175538144e-17
343.	0.	1.1925873176989183e-24	1.5050563900240808e-16	3.517439611853866e-17
343.99999999999994	0.	1.119714024323336e-24	1.5115802659482753e-16	3.542410025097675e-17
345.	0.	1.0510962285324052e-24	1.5178561924110666e-16	3.566912428340715e-17
346.	0.	9.864722255367248e-25	1.523881147198098e-16	3.5909353769837676e-17
347.	0.	9.256387863995802e-25	1.5296523798304748e-16	3.614467961683832e-17
348.	0.	8.68394567390789e-25	1.5351674051146544e-16	3.637499801154682e-17
349.	0.	8.145425881211003e-25	1.5404239967158342e-16	3.660021034849241e-17
350.	0.	7.638566095738551e-25	1.5454201807587997e-16	3.682022315532133e-17
350.99999999999994	0.	7.1619226338755945e-25	1.550154229459538e-16	3.703494801749406e-17
352.	0.	6.7138238648161515e-25	1.5546246547917747e-16	3.724430150204548e-17
352.99999999999994	0.	6.292533667825295e-25	1.5588302021910772e-16	3.744820508046515e-17
354.	0.	5.896462265966024e-25	1.5627698443001217e-16	3.764658505078028e-17
355.	0.	5.524208556987123e-25	1.5664427747585059e-16	3.783937245891897e-17
356.	0.	5.174634080314018e-25	1.5698484020391818e-16	3.802650301940342e-17
357.	0.	4.846080281689675e-25	1.5729863433352826e-16	3.820791703546313e-17
358.	0.	4.537575860588696e-25	1.575856418499417e-16	3.838355931862208e-17
359.	0.	4.248111133439593e-25	1.578458644037939e-16	3.8553379107820436e-17
359.99999999999994	0.	3.976108683649263e-25	1.580793227163032e-16	3.8717329988147325e-17
361.	0.	3.7209781929768326e-25	1.5828605599046678e-16	3.8875369809238344e-17
361.99999999999994	0.	3.481498478896114e-25	1.58466121328418e-16	3.902746060338776e-17
363.	0.	3.2569675990988066e-25	1.5861959315523886e-16	3.917356850345637e-17
363.99999999999994	0.	3.046035919343363e-25	1.5874656264933405e-16	3.931366366060755e-17
365.	0.	2.848652863296424e-25	1.5884713717958406e-16	3.944772016193854e-17
366.	0.	2.663217390903764e-25	1.5892143974946336e-16	3.9575715948062226e-17
367.	0.	2.489549492160774e-25	1.5896960844823183e-16	3.9697632730678574e-17
368.	0.	2.327021133697813e-25	1.5899179590942332e-16	3.981345591020531e-17
368.99999999999994	0.	2.174362061414125e-25	1.5898816877665581e-16	3.992317449348803e-17
370.	0.	2.0315333670810907e-25	1.589589071770308e-16	4.0026781011670694e-17
370.99999999999994	0.	1.897818514974096e-25	1.5890420420209348e-16	4.012427143823775e-17
372.	0.	1.772438567817074e-25	1.5882426539660032e-16	4.021564510730348e-17
372.99999999999994	0.	1.6552175932735968e-25	1.5871930825506851e-16	4.030090463216218e-17
374.	0.	1.5454151100962154e-25	1.58589561726284e-16	4.038005582416196e-17
375.	0.	1.4426688857711569e-25	1.5843526572580208e-16	4.0453107611928304e-17
376.	0.	1.3463578062239178e-25	1.5825667065653658e-16	4.052007196098412e-17
377.	0.	1.2565953589201913e-25	1.5805403693747849e-16	4.058096379379457e-17
378.	0.	1.1722145684980093e-25	1.5782763454062448e-16	4.0635800910280635e-17
379.	0.	1.093719891608917e-25	1.5757774253612867e-16	4.068460390882503e-17
379.99999999999994	0.	1.0201529908194509e-25	1.573046486457711e-16	4.072739610781763e-17
381.	0.	9.512434185101718e-26	1.5700864880470391e-16	4.0764203467753293e-17
381.99999999999994	0.	8.870776493640771e-26	1.566900467315771e-16	4.079505451393056e-17
383.	0.	8.268786673782614e-26	1.563491535069793e-16	4.081998025976074e-17
384.	0.	7.706706979072827e-26	1.559862871603025e-16	4.0839014130736795e-17
385.	0.	7.183633966559381e-26	1.5560177226494046e-16	4.0852191889067393e-17
386.	0.	6.693916092246696e-26	1.5519593954188345e-16	4.085955155901218e-17
387.	0.	6.23548190180014e-26	1.5476912547168492e-16	4.0861133352943595e-17
388.	0.	5.809496229849514e-26	1.5432167191477632e-16	4.085697959814979e-17
388.99999999999994	0.	5.410842966947365e-26	1.5385392574011505e-16	4.084713466440356e-17
390.	0.	5.0397898148867866e-26	1.533662384621887e-16	4.083164489232911e-17
390.99999999999994	0.	4.6924729420926217e-26	1.5285896588623158e-16	4.081055852255499e-17
392.	0.	4.3697552946821224e-26	1.5233246776178502e-16	4.07839256257163e-17
392.99999999999994	0.	4.067595840713887e-26	1.5178710744440604e-16	4.075179803327931e-17
394.	0.	3.782892900841882e-26	1.512232515655768e-16	4.0714229269232084e-17
395.	0.	3.522795600425648e-26	1.5064126971074656e-16	4.067127448264865e-17
396.	0.	3.2758283493112644e-26	1.500415341054399e-16	4.062299038113823e-17
397.	0.	3.0465958321979083e-26	1.4942441930938833e-16	4.056943516519389e-17
397.99999999999994	0.	2.8365260011428093e-26	1.487903019186264e-16	4.051066846345536e-17
399.	0.	2.636976092675774e-26	1.481395602754982e-16	4.0446751268896087e-17
399.99999999999994	0.	2.4517781115160697e-26	1.4747257418648003e-16	4.037774587594054e-17
401.	0.	2.2808409952690106e-26	1.467897246477898e-16	4.0303715818529624e-17
401.99999999999994	0.	2.1198392812593884e-26	1.460913935786742e-16	4.022472580913285e-17
403.	0.	1.9699765135286378e-26	1.4537796356234395e-16	4.0140841678729453e-17
404.	0.	1.831234424195967e-26	1.4464981759441115e-16	4.0052130317742767e-17
405.	0.	1.7021827988835543e-26	1.4390733883883396e-16	3.995865961796215e-17
406.	0.	1.5797975585506294e-26	1.431509103912076e-16	3.986049841543251e-17
407.	0.	1.4695654296994466e-26	1.4238091504936858e-16	3.9757716434331676e-17
408.	0.	1.3649165213238106e-26	1.4159773509120584e-16	3.9650384231835076e-17
408.99999999999994	0.	1.2675646686428626e-26	1.4080175205959862e-16	3.9538573143971386e-17
410.	0.	1.1771754816368926e-26	1.3999334655435676e-16	3.942235523246548e-17
410.99999999999994	0.	1.0912142323404652e-26	1.3917289803114828e-16	3.930180323258691e-17
412.	0.	1.015327735637814e-26	1.3834078460720935e-16	3.91769905019815e-17
412.99999999999994	0.	9.422945590292507e-27	1.3749738287384993e-16	3.9047990970509785e-17
414.	0.	8.728946718894982e-27	1.3664306771559197e-16	3.89148790910783e-17
415.	0.	8.089012330522368e-27	1.3577821213585528e-16	3.877772979146655e-17
416.	0.	7.5302796987774e-27	1.3490318708910817e-16	3.863661842715025e-17
417.	0.	6.981315954262012e-27	1.3401836131935508e-16	3.849162073511547e-17
417.99999999999994	0.	6.48534438828247e-27	1.331241012049001e-16	3.834281278866817e-17
419.	0.	6.021414371860227e-27	1.3222077060923554e-16	3.819027095322826e-17
419.99999999999994	0.	5.5751035014513086e-27	1.3130873073798565e-16	3.8034071843107733e-17
421.	0.	5.174502234721297e-27	1.3038834000180907e-16	3.787429227927661e-17
421.99999999999994	0.	4.781075643673218e-27	1.2945995388511585e-16	3.771100924809835e-17
423.	0.	4.4344573665019955e-27	1.2852392482053725e-16	3.7544299861042236e-17
424.	0.	4.1065185081527334e-27	1.275806020690186e-16	3.7374241315361025e-17
425.	0.	3.8103512955630104e-27	1.2663033160544407e-16	3.7200910855732966e-17
426.	0.	3.526722026799487e-27	1.2567345600968094e-16	3.7024385736858844e-17
426.99999999999994	0.	3.2773134870153355e-27	1.2471031436293622e-16	3.68447431870073e-17
428.	0.	3.0507629812033212e-27	1.2374124214932528e-16	3.666206037250554e-17
428.99999999999994	0.	2.8019362586656527e-27	1.2276657116255188e-16	3.647641436316551e-17
430.	0.	2.600460187307768e-27	1.2178662941758793e-16	3.6287882098640495e-17
430.99999999999994	0.	2.40755903598132e-27	1.2080174106723803e-16	3.609654035569958e-17
432.	0.	2.224417700669096e-27	1.1981222632351504e-16	3.590246571641972e-17
432.99999999999994	0.	2.0548911481643303e-27	1.1881840138369488e-16	3.5705734537281725e-17
434.	0.	1.9053350572388338e-27	1.1782057836094813e-16	3.5506422919161303e-17
435.	0.	1.7844443162895495e-27	1.168190652194694e-16	3.5304606678210954e-17
436.	0.	1.6275811424039456e-27	1.1581416571397515e-16	3.510036131762082e-17
437.	0.	1.5229282203024756e-27	1.1480617933347393e-16	3.489376200024558e-17
437.99999999999994	0.	1.4095612933885202e-27	1.1379540124923028e-16	3.4684883522098534e-17
439.	0.	1.3037495332264123e-27	1.1278212226678014e-16	3.447380028668992e-17
439.99999999999994	0.	1.1854549403543496e-27	1.1176662878194162e-16	3.4260586280211555e-17
441.	0.	1.1120806149025588e-27	1.1074920274068369e-16	3.4045315047548405e-17
441.99999999999994	0.	1.0284282840310454e-27	1.0973012160278723e-16	3.382805966911483e-17
443.	0.	9.565494707157617e-28	1.087096583091682e-16	3.360889273849622e-17
444.	0.	8.816062786666044e-28	1.0768808125280577e-16	3.3387886340897635e-17
445.	0.	8.279847996978514e-28	1.0666565425313303e-16	3.3165112032374586e-17
446.	0.	7.447230936364957e-28	1.0564263653383299e-16	3.294064081984647e-17
446.99999999999994	0.	6.963823286172868e-28	1.0461928270393124e-16	3.271454314187695e-17
448.	0.	6.337632158810456e-28	1.0359584274209527e-16	3.248688885021204e-17
448.99999999999994	0.	5.849272752570372e-28	1.0257256198403623e-16	3.225774719205995e-17
450.	0.	5.404386987614027e-28	1.015496811129409e-16	3.202718679310858e-17
450.99999999999994	0.	4.915386308273376e-28	1.0052743615284163e-16	3.1795275641267175e-17
452.	0.	4.684141876899549e-28	9.950605846481517e-17	3.15620810711146e-17
453.	0.	4.25234358263834e-28	9.848577474595278e-17	3.132766974905446e-17
454.	0.	3.933349128571819e-28	9.746680703098921e-17	3.1092107659153606e-17
455.	0.	3.6625326280340726e-28	9.644937269652262e-17	3.0855460089660736e-17
455.99999999999994	0.	3.3800122943001444e-28	9.543368446773425e-17	3.061779162019115e-17
457.	0.	3.0303571892064543e-28	9.441995042752458e-17	3.0379166109563995e-17
457.99999999999994	0.	2.9449898235582258e-28	9.340837402798617e-17	3.0139646684283555e-17
459.	0.	2.6935017087766277e-28	9.239915410413843e-17	2.989929572765202e-17
459.99999999999994	0.	2.614373932776913e-28	9.139248488983124e-17	2.9658174869500916e-17
461.	0.	2.2845147429155907e-28	9.038855603574863e-17	2.94163449765283e-17
461.99999999999994	0.	2.0484240905987427e-28	8.9387552629443e-17	2.917386614323789e-17
463.	0.	1.8709604758346764e-28	8.838965521731329e-17	2.893079768345829e-17
464.	0.	1.7196379124084027e-28	8.73950398284491e-17	2.8687198122435613e-17
465.	0.	1.56445627050013e-28	8.640387800028696e-17	2.844312518948972e-17
466.	0.	1.377742770605692e-28	8.54163368059884e-17	2.819863581122026e-17
466.99999999999994	0.	1.5136184865702571e-28	8.443257888348173e-17	2.795378610524959e-17
468.	0.	1.1888877299830377e-28	8.345276246608464e-17	2.770863137449351e-17
468.99999999999994	0.	1.1406572724278716e-28	8.247704141466742e-17	2.746322610195113e-17
470.	0.	9.694620390291186e-29	8.150556525125119e-17	2.7217623945993692e-17
470.99999999999994	0.	1.0344881034900837e-28	8.053847919401105e-17	2.6971877736150213e-17
472.	0.	9.40486100722896e-29	7.957592419360459e-17	2.67260394693759e-17
473.	0.	1.04826615845136e-28	7.861803697076237e-17	2.6480160306788255e-17
474.	0.	9.665385332135432e-29	7.766495005508237e-17	2.623429057086591e-17
475.	0.	6.826707235436423e-29	7.671679182497106e-17	2.598847974309527e-17
475.99999999999994	0.	5.59046954229332e-29	7.577368654866403e-17	2.574277646205345e-17
477.	0.	5.829764246146581e-29	7.483575442628714e-17	2.5497228521923498e-17
477.99999999999994	0.	7.426562430749278e-29	7.390311163287181e-17	2.525188287141921e-17
479.	0.	6.558275308275249e-29	7.297587036229842e-17	2.5006785613120465e-17
479.99999999999994	0.	3.149799543623262e-29	7.205413887210206e-17	2.4761982003202554e-17
481.	0.	4.524009186961168e-29	7.113802152908547e-17	2.4517516451548966e-17
481.99999999999994	0.	3.19572423745054e-29	7.02276188556952e-17	2.4273432522241097e-17
483.	0.	2.788356007886796e-29	6.932302757710342e-17	2.4029772934409292e-17
484.	0.	3.227201436434769e-29	6.842434066895435e-17	2.3786579563439833e-17
484.99999999999994	0.	4.4428555050237975e-29	6.753164740572053e-17	2.3543893442524426e-17
486.	0.	2.7272106600837385e-29	6.664503340962939e-17	2.330175476454482e-17
486.99999999999994	0.	1.686046873042442e-29	6.576458070011231e-17	2.306020288428182e-17
488.	0.	1.2645288728453234e-29	6.48903677437252e-17	2.2819276320936802e-17
488.99999999999994	0.	1.4117507718763466e-29	6.402246950450754e-17	2.2579012760959357e-17
490.	0.	2.0804548262704178e-29	6.316095749474281e-17	2.2339449061171984e-17
491.	0.	3.2267700826536434e-29	6.230589982605141e-17	2.210062125217579e-17
491.99999999999994	0.	1.2366257725815718e-29	6.145736126082031e-17	2.1862564542039266e-17
492.99999999999994	0.	3.2315399188696887e-29	6.061540326389157e-17	2.1625313320250897e-17
494.	0.	2.042873374818144e-29	5.978008405448907e-17	2.1388901161929126e-17
495.	0.	1.2121364700756914e-29	5.895145865835734e-17	2.1153360832286775e-17
496.	0.	7.098139001372037e-30	5.812957896005189e-17	2.0918724291331694e-17
496.99999999999994	0.	5.085405360085495e-30	5.731449375537414e-17	2.068502269880342e-17
497.99999999999994	0.	5.82945488276478e-30	5.65062488038974e-17	2.045228641933158e-17
499.	0.	9.095073496563466e-30	5.570488688155998e-17	2.0220545027809744e-17
500.	0.	1.4664198317974305e-29	5.491044783329984e-17	1.9989827314978865e-17
500.99999999999994	0.	2.2334670657800066e-29	5.412296862568661e-17	1.9760161293207432e-17
501.99999999999994	0.	-2.4404783249680247e-30	5.3342483399537453e-17	1.9531574202463825e-17
503.	0.	9.034246931197106e-30	5.2569023522477896e-17	1.9304092516472383e-17
504.	0.	2.20902670362217e-29	5.180261764142274e-17	1.9077741949045276e-17
505.	0.	2.6754713297977686e-30	5.104329173495184e-17	1.8852547460580042e-17
505.99999999999994	0.	1.8613410960999985e-29	5.029106916556269e-17	1.8628533264722263e-17
506.99999999999994	0.	2.1307635762504592e-30	4.95459707317565e-17	1.84057228351775e-17
508.	0.	2.0444564137756093e-29	4.8808014719954334e-17	1.818413891267135e-17
509.	0.	6.433355648628543e-30	4.807721695620923e-17	1.7963803512047296e-17
509.99999999999994	0.	-6.41162723731621e-30	4.7353590857695086e-17	1.774473792949904e-17
510.99999999999994	0.	1.4754496788735382e-29	4.6637147483952215e-17	1.752696274992479e-17
512.	0.	3.812894237178766e-30	4.592789558786923e-17	1.7310497854403355e-17
513.	0.	-6.212234368045199e-30	4.522584166637869e-17	1.7095362427780077e-17
514.	0.	1.703312985122614e-29	4.4530990010853185e-17	1.688157496635992e-17
514.9999999999999	0.	8.461686728703597e-30	4.3843342757182137e-17	1.666915328569954e-17
516.	0.	6.094647435117043e-31	4.316289993550939e-17	1.6458114528492473e-17
517.	0.	-6.579027005162772e-30	4.2489659519613655e-17	1.6248475172540837e-17
518.	0.	-1.3155046187833707e-29	4.18236174759305e-17	1.6040251038810385e-17
518.9999999999999	0.	1.2375160496630479e-29	4.1164767812183314e-17	1.5833457299560033e-17
520.	0.	6.704294765213122e-30	4.0513102625609015e-17	1.5628108486539137e-17
521.	0.	1.51297841174221e-30	3.986861215079331e-17	1.5424218499254273e-17
522.	0.	-3.236033246448036e-30	3.9231284807058534e-17	1.522180061329029e-17
523.	0.	-7.57712593442593e-30	3.8601107245426696e-17	1.5020867488686317e-17
524.	0.	-1.154204310864982e-29	3.797806439513758e-17	1.4821431178363194e-17
525.	0.	1.5271343037767497e-29	3.736213950969526e-17	1.462350313658905e-17
526.	0.	1.178347356965016e-29	3.675331421245946e-17	1.442709422748944e-17
527.	0.	8.589231380820494e-30	3.615156854174705e-17	1.4232214733586722e-17
527.9999999999999	0.	5.6656206387559596e-30	3.5556880995451916e-17	1.4038874364371407e-17
529.	0.	2.9914242580389477e-30	3.4969228575164734e-17	1.384708226489644e-17
530.	0.	5.47068044859125e-31	3.438858682978992e-17	1.3656847024393232e-17
531.	0.	-1.6855049382156525e-30	3.3814929898647e-17	1.346817668490086e-17
532.	0.	-3.722950543232522e-30	3.324823055406003e-17	1.3281078749911395e-17
533.	0.	-5.580630944779481e-30	3.2688460243412894e-17	1.309556019301774e-17
534.	0.	-7.2727139350096e-30	3.2135589130678354e-17	1.2911627466568678e-17
535.	0.	-8.812264708558309e-30	3.1589586137409796e-17	1.272928651032174e-17
536.	0.	-1.0211330696179203e-29	3.105041898318686e-17	1.2548542760092324e-17
536.9999999999999	0.	-1.1481019965078452e-29	3.051805422552301e-17	1.236940115639607e-17
538.	0.	-1.2631573666013487e-29	2.999245729921361e-17	1.2191866153078769e-17
539.	0.	1.4005179074108534e-29	2.9473592555133693e-17	1.2015941725930535e-17
540.	0.	1.2861825397559607e-29	2.8961423298482996e-17	1.1841631381286023e-17
540.9999999999999	0.	1.1810738055082689e-29	2.845591182645915e-17	1.1668938164596872e-17
542.	0.	1.0844560199688936e-29	2.7957019465382e-17	1.1497864668985756e-17
543.	0.	9.956514263010515e-30	2.7464706607243433e-17	1.1328413043769353e-17
544.	0.	9.140356943429597e-30	2.6978932745695808e-17	1.1160585002951764e-17
545.	0.	8.390337642674026e-30	2.6499656511470384e-17	1.0994381833684394e-17
545.9999999999999	0.	7.701160090690822e-30	2.6026835707230316e-17	1.0829804404689888e-17
547.	0.	7.067946917903907e-30	2.5560427341850537e-17	1.0666853174647328e-17
548.	0.	6.486206951873602e-30	2.5100387664131477e-17	1.0505528200535682e-17
549.	0.	5.9518050319623494e-30	2.4646672195944832e-17	1.0345829145933922e-17
549.9999999999999	0.	5.4609341510016746e-30	2.4199235764804958e-17	1.0187755289274458e-17
551.	0.	5.010089747204101e-30	2.3758032535876774e-17	1.0031305532048323e-17
552.	0.	4.596045982780632e-30	2.3323016043416272e-17	9.876478406959178e-18
553.	0.	4.21583385796191e-30	2.2894139221641968e-17	9.723272086024936e-18
554.	0.	3.866721020464258e-30	2.2471354435044398e-17	9.571684388624216e-18
554.9999999999999	0.	3.546193140946942e-30	2.2054613508132113e-17	9.421712789485686e-18
556.	0.	3.25193673473589e-30	2.1643867754615968e-17	9.273354426618704e-18
557.	0.	2.9818233191038006e-30	2.123906800603662e-17	9.126606109183624e-18
558.	0.	2.7338948037386025e-30	2.0840164639833358e-17	8.981464325299447e-18
558.9999999999999	0.	2.506350019759803e-30	2.044710760686262e-17	8.83792524978735e-18
560.	0.	2.2975322997956688e-30	2.0059846458362234e-17	8.695984751848825e-18
561.	0.	2.1059180282548377e-30	1.96783303723715e-17	8.555638402676973e-18
562.	0.	1.930106087054197e-30	1.9302508179605558e-17	8.416881482998917e-18
563.	0.	1.768808127737343e-30	1.8932328388787537e-17	8.279708990547891e-18
563.9999999999999	0.	1.6208396061652253e-30	1.856773921144708e-17	8.144115647465464e-18
565.	0.	1.4851115208169574e-30	1.8208688586182775e-17	8.010095907630156e-18
566.	0.	1.3606228002305779e-30	1.7855124202395673e-17	7.877643963912834e-18
567.	0.	1.2464532892693972e-30	1.750699352349865e-17	7.746753755357587e-18
567.9999999999999	0.	1.1417572877425766e-30	1.7164243809603644e-17	7.617418974286654e-18
569.	0.	1.045757598463332e-30	1.6826822139693747e-17	7.489633073329242e-18
570.	0.	9.57740045114748e-31	1.649467543328023e-17	7.363389272371436e-18
571.	0.	8.770484233324635e-31	1.6167750471558025e-17	7.238680565429845e-18
572.	0.	8.030798512223207e-31	1.584599391805205e-17	7.115499727443838e-18
572.9999999999999	0.	7.352804881291526e-31	1.5529352338770882e-17	6.993839320989151e-18
574.	0.	6.731415928725296e-31	1.52177722218643e-17	6.873691702910329e-18
575.	0.	6.161958948841612e-31	1.4911199996797328e-17	6.755049030872545e-18
576.	0.	5.640142537315529e-31	1.4609582053036612e-17	6.637903269830211e-18
576.9999999999999	0.	5.16202584406935e-31	1.4312864758265554e-17	6.522246198415569e-18
578.	0.	4.723990275100107e-31	1.402099447612264e-17	6.408069415241282e-18
579.	0.	4.322713450706577e-31	1.3733917583477938e-17	6.295364345123839e-18
580.	0.	3.9551452424961225e-31	1.3451580487245016e-17	6.184122245219043e-18
581.	0.	3.6184857253566357e-31	1.317392964073978e-17	6.07433421107674e-18
582.	0.	3.3101648933056464e-31	1.2900911559590653e-17	5.965991182610637e-18
583.	0.	3.0278239998914723e-31	1.2632472837202464e-17	5.859083949982267e-18
584.	0.	2.769298394681579e-31	1.2368560159784125e-17	5.753603159402548e-18
585.	0.	2.5326017373919997e-31	1.2109120320943661e-17	5.6495393188467566e-18
585.9999999999999	0.	2.315911480469679e-31	1.1854100235855566e-17	5.546882803685537e-18
587.	0.	2.1175555194758366e-31	1.1603446955009104e-17	5.445623862230962e-18
588.	0.	1.9359999185018382e-31	1.135710767754103e-17	5.3457526211970325e-18
589.	0.	1.7698376251219137e-31	1.1115029764160271e-17	5.247259091076071e-18
589.9999999999999	0.	1.617778096096889e-31	1.0877160749667629e-17	5.150133171429535e-18
591.	0.	1.4786377612357409e-31	1.0643448355081816e-17	5.054364656094435e-18
592.	0.	1.3513312585315213e-31	1.0413840499371189e-17	4.959943238304427e-18
593.	0.	1.2348633789584592e-31	1.0188285310802784e-17	4.866858515727176e-18
594.	0.	1.1283216641739765e-31	9.966731137911974e-18	4.775099995417082e-18
594.9999999999999	0.	1.030869604851534e-31	9.749126560097829e-18	4.684657098682966e-18
596.	0.	9.417403915021637e-32	9.535420397852763e-18	4.5955191658731785e-18
597.	0.	8.602311734513569e-32	9.325561722631118e-18	4.507675461076185e-18
598.	0.	7.856977851514716e-32	9.119499866362419e-18	4.4211151767383184e-18
598.9999999999999	0.	7.175499022464578e-32	8.91718443061424e-18	4.335827438197436e-18
600.	0.	6.552465927910902e-32	8.71856529541525e-18	4.251801308135774e-18
601.	0.	5.982922317764148e-32	8.523592627738107e-18	4.169025790948676e-18
602.	0.	5.462327496486304e-32	8.332216889652493e-18	4.087489837032785e-18
603.	0.	4.986521878435896e-32	8.144388846152094e-18	4.007182346991251e-18
603.9999999999999	0.	4.551695365119353e-32	7.960059572662915e-18	3.92809217575987e-18
605.	0.	4.154358315913042e-32	7.779180462238458e-18	3.85020813665139e-18
606.	0.	3.791314902092878e-32	7.601703232445496e-18	3.773519005319572e-18
607.	0.	3.45963865082545e-32	7.42757993195008e-18	3.6980135236450874e-18
607.9999999999999	0.	3.1566500012659005e-32	7.256762946805426e-18	3.623680403540931e-18
609.	0.	2.8798957091781565e-32	7.089205006451218e-18	3.550508330680232e-18
610.	0.	2.627129949628352e-32	6.9248591894266955e-18	3.478485968145951e-18
611.	0.	2.396296979397275e-32	6.763678928806404e-18	3.4076019600034418e-18
612.	0.	2.1855152318952813e-32	6.605618017361492e-18	3.337844934796578e-18
612.9999999999999	0.	1.9930627276102102e-32	6.450630612452338e-18	3.2692035089662795e-18
614.	0.	1.817363692559377e-32	6.29867124066204e-18	3.201666290196448e-18
615.	0.	1.6569762858935897e-32	6.149694802169921e-18	3.135221880682155e-18
616.	0.	1.5105813457983272e-32	6.003656574875949e-18	3.0698588803259767e-18
616.9999999999999	0.	1.37697207018579e-32	5.860512218278237e-18	3.0055658898593656e-18
618.	0.	1.255044555440276e-32	5.7202177771100755e-18	2.9423315138920787e-18
619.	0.	1.143789122701808e-32	5.582729684742965e-18	2.8801443638893906e-18
620.	0.	1.0422823668988896e-32	5.4480047663586966e-18	2.8189930610780357e-18
621.	0.	9.496798690075387e-33	5.316000241897017e-18	2.7588662392811005e-18
621.9999999999999	0.	8.652095168582437e-33	5.1866737287836595e-18	2.6997525476834575e-18
623.	0.	7.881653842655402e-33	5.0599832444446005e-18	2.6416406535279743e-18
624.	0.	7.179021223520467e-33	4.935887208610725e-18	2.584519244743324e-18
625.	0.	6.538298207034171e-33	4.81434444541667e-18	2.5283770325035052e-18
625.9999999999999	0.	5.954092994548264e-33	4.69531418530418e-18	2.473202753721948e-18
627.	0.	5.421477965899308e-33	4.578756066725599e-18	2.418985173477562e-18
628.	0.	4.935950176612771e-33	4.464630137662322e-18	2.3657130873770795e-18
629.	0.	4.493395178279401e-33	4.352896856956221e-18	2.3133753238519328e-18
629.9999999999999	0.	4.0900538857821445e-33	4.243517095460387e-18	2.2619607463915494e-18
630.9999999999999	0.	3.722492237755415e-33	4.136452137015601e-18	2.2114582557135005e-18
632.	0.	3.3875734175228776e-33	4.0316636792560105e-18	2.1618567918721063e-18
633.	0.	3.08243242092149e-33	3.929113834246276e-18	2.1131453363044794e-18
634.	0.	2.8044527750365016e-33	3.828765128959141e-18	2.0653129138168486e-18
634.9999999999999	0.	2.551245228039394e-33	3.730580505594729e-18	2.01834859451121e-18
636.	0.	2.320628245174951e-33	3.634523321745674e-18	1.9722414956520263e-18
637.	0.	2.110610159592227e-33	3.5405573504148564e-18	1.9269807834755448e-18
638.	0.	1.9193728392351123e-33	3.4486467798867725e-18	1.882555674941358e-18
638.9999999999999	0.	1.745256742515271e-33	3.3587562134606342e-18	1.838955439427961e-18
640.	0.	1.5867472460470205e-33	3.2708506690441486e-18	1.796169400371275e-18
641.	0.	1.4424621374242524e-33	3.1848955786185236e-18	1.75418693685021e-18
642.	0.	1.3111401749105543e-33	3.100856787571224e-18	1.7129974851157833e-18
643.	0.	1.1916306240903464e-33	3.0187005539065686e-18	1.6725905400686118e-18
643.9999999999999	0.	1.082883689018375e-33	2.938393547336179e-18	1.6329556566835014e-18
645.	0.	9.83941762286356e-34	2.8599028482508203e-18	1.59408245138185e-18
646.	0.	8.939314247377146e-34	2.7831959465797504e-18	1.5559606033535784e-18
647.	0.	8.120561313512212e-34	2.7082407405415613e-18	1.5185798558288403e-18
647.9999999999999	0.	7.3758952512752435e-34	2.6350055352883944e-18	1.4819300173008842e-18
649.	0.	6.698693256847441e-34	2.563459041447702e-18	1.4460009626993534e-18
650.	0.	6.082917437410299e-34	2.4935703735654476e-18	1.4107826345170917e-18
651.	0.	5.523063767587459e-34	2.4253090484540543e-18	1.376265043889331e-18
652.	0.	5.014115447860983e-34	2.3586449834489416e-18	1.34243827162728e-18
652.9999999999999	0.	4.551500289774358e-34	2.293548494574741e-18	1.3092924692059296e-18
654.	0.	4.131051784349407e-34	2.2299902946273504e-18	1.276817859707566e-18
655.	0.	3.748973539109317e-34	2.1679414911740628e-18	1.2450047387219966e-18
656.	0.	3.401806795655707e-34	2.1073735844728615e-18	1.213843475203015e-18
656.9999999999999	0.	3.086400764098824e-34	2.0482584653170855e-18	1.1833245122831855e-18
658.	0.	2.7998855329411605e-34	1.990568412806796e-18	1.1534383680473202e-18
659.	0.	2.5396473334631143e-34	1.9342760920493317e-18	1.1241756362651353e-18
660.	0.	2.3033059563896215e-34	1.879354551793522e-18	1.0955269870840476e-18
661.	0.	2.0886941357846616e-34	1.82577722199876e-18	1.0674831676829643e-18
661.9999999999999	0.	1.8938387308389997e-34	1.7735179113426433e-18	1.0400350028875124e-18
663.	0.	1.7169435506261243e-34	1.7225508046700357e-18	1.0131733957480258e-18
664.	0.	1.5563736800885945e-34	1.672850460385575e-18	9.868893280804214e-19
665.	0.	1.4106411776035407e-34	1.6243918077925082e-18	9.611738609708967e-19
665.9999999999999	0.	1.2783920255397863e-34	1.5771501443805364e-18	9.360181352454118e-19
667.	0.	1.158394225349913e-34	1.5311011330648743e-18	9.11413371904182e-19
668.	0.	1.049526938019344e-34	1.4862207993798884e-18	8.873508725229936e-19
669.	0.	9.507705791819734e-35	1.442485528627525e-18	8.638220196200138e-19
670.	0.	8.611977859924252e-35	1.399872062985961e-18	8.408182769912715e-19
670.9999999999999	0.	7.799651799537209e-35	1.3583574985782585e-18	8.183311900137161e-19
672.	0.	7.063058564151284e-35	1.3179192825038557e-18	7.963523859171285e-19
673.	0.	6.3952253741238e-35	1.2785352098356165e-18	7.748735740255369e-19
674.	0.	5.789813299764242e-35	1.2401834205854606e-18	7.538865459695019e-19
674.9999999999999	0.	5.241060370228022e-35	1.2028423966367147e-18	7.3338317586805375e-19
676.	0.	4.7437297250195264e-35	1.1664909586512161e-18	7.133554204835548e-19
677.	0.	4.293062366609521e-35	1.131108262947297e-18	6.937953193476683e-19
678.	0.	3.884734110891214e-35	1.096673798355062e-18	6.746949948610455e-19
678.9999999999999	0.	3.5148163670940704e-35	1.0631673830476055e-18	6.56046652365825e-19
679.9999999999999	0.	3.179740410724927e-35	1.0305691613523264e-18	6.378425801926647e-19
681.	0.	2.876264842297822e-35	9.988596005432279e-19	6.200751496828395e-19
682.	0.	2.6014459512988535e-35	9.680194876146865e-19	6.027368151847515e-19
683.	0.	2.3526107292588212e-35	9.380299260415271e-19	5.858201140277107e-19
683.9999999999999	0.	2.1273322980848668e-35	9.088723325236754e-19	5.693176664714407e-19
685.	0.	1.9234075402103745e-35	8.805284337191581e-19	5.53222175633127e-19
686.	0.	1.7388367357433005e-35	8.52980262966077e-19	5.375264273922419e-19
687.	0.	1.5718050288203386e-35	8.262101569958623e-19	5.222232902739236e-19
687.9999999999999	0.	1.4206655609282008e-35	8.00200752638079e-19	5.073057153110843e-19
688.9999999999999	0.	1.2839241231656955e-35	7.749349835196877e-19	4.927667358862748e-19
690.	0.	1.1602251923998586e-35	7.503960767587039e-19	4.785994675534784e-19
691.	0.	1.0483392281273144e-35	7.265675496551706e-19	4.647971078409239e-19
692.	0.	9.471511176780061e-36	7.034332063792104e-19	4.5135293603462e-19
692.9999999999999	0.	8.556496672910027e-36	6.809771346583088e-19	4.382603129439866e-19
694.	0.	7.729180456174408e-36	6.591837024658245e-19	4.2551268064990147e-19
695.	0.	6.981250944490732e-36	6.38037554709522e-19	4.1310356223509526e-19
696.	0.	6.305174289987185e-36	6.175236099241842e-19	4.010265614982992e-19
696.9999999999999	0.	5.6941225692426446e-36	5.976270569673875e-19	3.892753626520899e-19
698.	0.	5.141908515586667e-36	5.783333517205779e-19	3.7784373000502073e-19
699.	0.	4.642926205286015e-36	5.596282137959488e-19	3.6672550762868426e-19
700.	0.	4.192097161647394e-36	5.414976232505428e-19	3.559146190101266e-19
701.	0.	3.784821388685114e-36	5.239278173084036e-19	3.4540506668990946e-19
701.9999999999999	0.	3.4169328894610493e-36	5.06905287091728e-19	3.3519093188660196e-19
703.	0.	3.0846592638258036e-36	4.904167743622424e-19	3.2526637410812694e-19
704.	0.	2.7845850164350647e-36	4.744492682726194e-19	3.1562563074979354e-19
705.	0.	2.5136182388905486e-36	4.5899000213088095e-19	3.062630166806143e-19
705.9999999999999	0.	2.2689603598941476e-36	4.440264501763003e-19	2.971729238173256e-19
707.	0.	2.048078684720684e-36	4.2954632436938667e-19	2.8834982068714065e-19
708.	0.	1.848681470289021e-36	4.155375711954719e-19	2.7978825197913145e-19
709.	0.	1.6686953048922176e-36	4.0198836848401427e-19	2.714828380855896e-19
710.	0.	1.506244582385149e-36	3.888871222421159e-19	2.634282746322053e-19
710.9999999999999	0.	1.3596328795666951e-36	3.7622246350621274e-19	2.5561933199958344e-19
712.	0.	1.227326062698482e-36	3.639832452093979e-19	2.48050854834531e-19
713.	0.	1.1079369648264895e-36	3.5215853906653364e-19	2.407177615524931e-19
714.	0.	1.0002114898650467e-36	3.4073763247829687e-19	2.336150438315909e-19
714.9999999999999	0.	9.030160124318546e-37	3.2971002545345804e-19	2.2673776609824663e-19
716.	0.	8.15325954288692e-37	3.1906542755031554e-19	2.200810650045936e-19
717.	0.	7.362154290537889e-37	3.087937548391465e-19	2.1364014889921293e-19
718.	0.	6.648478566770553e-37	2.9888512688374586e-19	2.0741029728966153e-19
719.	0.	6.004674581421317e-37	2.8932986374493034e-19	2.013868602990669e-19
719.9999999999999	0.	5.423915489988936e-37	2.8011848300465637e-19	1.9556525811544552e-19
721.	0.	4.900035577624363e-37	2.712416968126928e-19	1.8994098043567315e-19
722.	0.	4.427467019586596e-37	2.6269040895504985e-19	1.8450958590303186e-19
723.	0.	4.001182607487778e-37	2.544557119451863e-19	1.7926670153951716e-19
723.9999999999999	0.	3.6166438865325767e-37	2.4652888413832334e-19	1.742080221729404e-19
725.	0.	3.26975419982416e-37	2.3890138686903785e-19	1.6932930985913698e-19
726.	0.	2.9568161820789344e-37	2.3156486161274274e-19	1.6462639329963631e-19
727.	0.	2.6744932871662066e-37	2.2451112717116997e-19	1.6009516725510262e-19
727.9999999999999	0.	2.419774972144195e-37	2.1773217688185964e-19	1.5573159195456089e-19
728.9999999999999	0.	2.1899451952702773e-37	2.112201758529727e-19	1.5153169250129396e-19
730.	0.	1.982553917066785e-37	2.0496745822240466e-19	1.474915582751282e-19
731.	0.	1.795391322281595e-37	1.9896652444209447e-19	1.4360734233135456e-19
732.	0.	1.6264645067203656e-37	1.932100385880652e-19	1.398752607972621e-19
732.9999999999999	0.	1.4739763966445991e-37	1.876908256957029e-19	1.3629159226559406e-19
734.	0.	1.3363066900253729e-37	1.824018691209582e-19	1.3285267718594942e-19
735.	0.	1.2119946285242674e-37	1.7733630792733717e-19	1.295549172538246e-19
736.	0.	1.0997234268832935e-37	1.724874342992509e-19	1.263947747979398e-19
736.9999999999999	0.	9.983062025672093e-38	1.6784869098129195e-19	1.2336877216578173e-19
737.9999999999999	0.	9.066732631879868e-38	1.6341366874440406e-19	1.2047349110800982e-19
739.	0.	8.238606225617756e-38	1.591761038779239e-19	1.1770557216125509e-19
740.	0.	7.489996283619021e-38	1.5512987570869913e-19	1.1506171403028165e-19
741.	0.	6.813075953048904e-38	1.5126900414687536e-19	1.1253867296933056e-19
741.9999999999999	0.	6.200793477779237e-38	1.475876472581345e-19	1.1013326216272146e-19
743.	0.	5.646795848658765e-38	1.4408009886342098e-19	1.0784235110555618e-19
744.	0.	5.145359889319308e-38	1.4074078616465378e-19	1.0566286498362456e-19
745.	0.	4.6913300636450666e-38	1.3756426739833973e-19	1.0359178405403007e-19
745.9999999999999	0.	4.2800623584107783e-38	1.3454522951545385e-19	1.0162614302551636e-19
746.9999999999999	0.	3.90737365593636e-38	1.3167848588863733e-19	9.976303043956417e-20
748.	0.	3.569496067058924e-38	1.289589740464438e-19	9.799958805196735e-20
749.	0.	3.2630357450799243e-38	1.2638175343438355e-19	9.63330102151575e-20
750.	0.	2.9849357469638004e-38	1.2394200320281661e-19	9.476054326131092e-20
750.9999999999999	0.	2.7324425494331013e-38	1.2163502002246938e-19	9.327948488704297e-20
752.	0.	2.5030758650150763e-38	1.1945621592604146e-19	9.188718353879366e-20
753.	0.	2.2946014371082076e-38	1.1740111617721952e-19	9.058103779997033e-20
754.	0.	2.1050065238347384e-38	1.1546535716630352e-19	8.93584957795396e-20
754.9999999999999	0.	1.932477808318165e-38	1.1364468433281953e-19	8.821705450244691e-20
756.	0.	1.775381498224407e-38	1.119349501143493e-19	8.71542593015351e-20
757.	0.	1.6322454002690303e-38	1.1033211192275345e-19	8.616770321206958e-20
758.	0.	1.5017427760117253e-38	1.0883223014603254e-19	8.525502636768795e-20
759.	0.	1.382677804018435e-38	1.0743146617736324e-19	8.441391539909615e-20
759.9999999999999	0.	1.2739724903606197e-38	1.0612608047010655e-19	8.364210283494692e-20
761.	0.	1.1746548847541467e-38	1.0491243061908983e-19	8.293736650515247e-20
762.	0.	1.083848473495495e-38	1.0378696946816614e-19	8.229752894697997e-20
763.	0.	1.0007626328741442e-38	1.0274624324351937e-19	8.17204568136614e-20
763.9999999999999	0.	9.246840380829531e-39	1.0178688971304249e-19	8.1204060285954e-20
765.	0.	8.549689328862869e-39	1.0090563637146997e-19	8.074629248663495e-20
766.	0.	7.910361745683431e-39	1.0009929865089779e-19	8.034514889795625e-20
767.	0.	7.323609770560359e-39	9.936477815705515e-20	7.999866678230357e-20
768.	0.	6.784692826725707e-39	9.869906093062314e-20	7.97049246059993e-20
768.9999999999999	0.	6.289326998127557e-39	9.809921573389538e-20	7.946204146646125e-20
770.	0.	5.83363950003347e-39	9.756239236236098e-20	7.926817652283561e-20
771.	0.	5.414127733834438e-39	9.708581998095885e-20	7.912152842981646e-20
772.	0.	5.027622466823085e-39	9.666680548552025e-20	7.90203347755594e-20
772.9999999999999	0.	4.6712547230152125e-39	9.630273188793085e-20	7.89628715225931e-20
774.	0.	4.342426012269372e-39	9.599105672621343e-20	7.894745245287076e-20
775.	0.	4.038781561856329e-39	9.572931049871581e-20	7.897242861665221e-20
776.	0.	3.758186248038075e-39	9.551509512170124e-20	7.903618778472675e-20
776.9999999999999	0.	3.498702955433121e-39	9.534608241145656e-20	7.913715390521662e-20
777.9999999999999	0.	3.2585731189829315e-39	9.522001258939612e-20	7.927378656380157e-20
779.	0.	3.036199227952695e-39	9.513469281087464e-20	7.944458044832283e-20
780.	0.	2.8301290934109448e-39	9.508799571700857e-20	7.964806481726704e-20
781.	0.	2.6390417005836185e-39	9.507785800948558e-20	7.988280297245335e-20
781.9999999999999	0.	2.4617344854080378e-39	9.510227904841467e-20	8.014739173601465e-20
783.	0.	2.2971118907670987e-39	9.515931947231783e-20	8.044046093137901e-20
784.	0.	2.144175072472165e-39	9.524709984092994e-20	8.076067286877431e-20
785.	0.	2.0020126381531688e-39	9.536379929990217e-20	8.11067218349198e-20
785.9999999999999	0.	1.8697923140377486e-39	9.550765426744439e-20	8.147733358703011e-20
786.9999999999999	0.	1.7467534452362378e-39	9.567695714296245e-20	8.18712648513797e-20
788.	0.	1.6322002447056573e-39	9.587005503691207e-20	8.228730282616326e-20
789.	0.	1.525495714691298e-39	9.608534852226181e-20	8.272426468890384e-20
790.	0.	1.4260561721812158e-39	9.632129040670467e-20	8.318099710821838e-20
790.9999999999999	0.	1.3333463168916906e-39	9.657638452618066e-20	8.365637576031581e-20
792.	0.	1.246874786552987e-39	9.684918455866757e-20	8.414930484984451e-20
793.	0.	1.1661901499174191e-39	9.713829285867507e-20	8.465871663544833e-20
794.	0.	1.0908772929647392e-39	9.744235931176064e-20	8.518357095978161e-20
794.9999999999999	0.	1.0205541583453369e-39	9.776008020932484e-20	8.572285478433685e-20
795.9999999999999	0.	9.548688021812572e-40	9.80901971427938e-20	8.627558172860945e-20
797.	0.	8.934967360370048e-40	9.843149591778479e-20	8.684079161424264e-20
798.	0.	8.361385251577027e-40	9.878280548720907e-20	8.741755001350096e-20
799.	0.	7.82517617053862e-40	9.914299690375664e-20	8.80049478026556e-20
799.9999999999999	0.	7.323783771642957e-40	9.951098229121887e-20	8.860210071998918e-20
801.	0.	6.854843107230493e-40	9.988571383432135e-20	8.920814892836129e-20
802.	0.	6.416164521057583e-40	1.0026618278716348e-19	8.982225658261437e-20
803.	0.	6.005719048512555e-40	1.0065141849981158e-19	9.044361140165486e-20
803.9999999999999	0.	5.621625172854287e-40	1.0104048746289301e-19	9.107142424516887e-20
804.9999999999999	0.	5.262136802241172e-40	1.01432492369949e-19	9.170492869506196e-20
806.	0.	4.925632346231665e-40	1.0182657119728682e-19	9.234338064168957e-20
807.	0.	4.610604782880849e-40	1.0222189630119238e-19	9.298605787457937e-20
808.	0.	4.315652618791807e-40	1.0261767353235743e-19	9.363225967813324e-20
808.9999999999999	0.	4.0394716544444635e-40	1.0301314136701082e-19	9.428130643180295e-20
810.	0.	3.780847476164891e-40	1.0340757005469206e-19	9.493253921498922e-20
811.	0.	3.538648604134574e-40	1.0380026078269268e-19	9.558531941675222e-20
812.	0.	3.3118202330497597e-40	1.0419054485643432e-19	9.623902834999583e-20
812.9999999999999	0.	3.0993785085386893e-40	1.0457778289616974e-19	9.68930668705025e-20
814.	0.	2.9004052882160146e-40	1.0496136404896448e-19	9.754685500046407e-20
815.	0.	2.7140433414731994e-40	1.0534070521688626e-19	9.81998315567589e-20
816.	0.	2.5394919467435577e-40	1.0571525030001011e-19	9.885145378385021e-20
816.9999999999999	0.	2.3760028491570125e-40	1.0608446945482084e-19	9.95011969911752e-20
817.9999999999999	0.	2.222876545244161e-40	1.0644785836742384e-19	1.001485541953044e-19
819.	0.	2.0794588646848536e-40	1.06804937541632e-19	1.0079303576655672e-19
820.	0.	1.9451378221072885e-40	1.0715525160128455e-19	1.014341690802171e-19
821.	0.	1.8193407146283748e-40	1.0749836860715536e-19	1.0207149817235165e-19
821.9999999999999	0.	1.7015314432314288e-40	1.0783387938759802e-19	1.0270458340001396e-19
823.	0.	1.5912080382449507e-40	1.0816139688343729e-19	1.0333300110610317e-19
824.	0.	1.487900371111669e-40	1.0848055550614143e-19	1.0395634328861887e-19
825.	0.	1.3911680363783536e-40	1.0879101050984081e-19	1.0457421727442429e-19
825.9999999999999	0.	1.300598389388712e-40	1.090924373762892e-19	1.0518624539741253e-19
826.9999999999999	0.	1.2158047265579753e-40	1.0938453121297204e-19	1.0579206468109532e-19
828.	0.	1.1364245963598647e-40	1.0966700616420077e-19	1.063913265256183e-19
829.	0.	1.0621182302765268e-40	1.0993959483465966e-19	1.0698369639910389e-19
830.	0.	9.92567083973328e-41	1.1020204772556961e-19	1.0756885353339009e-19
830.9999999999999	0.	9.274724798618388e-41	1.1045413268302837e-19	1.0814649062395777e-19
832.	0.	8.6655434303294e-41	1.1069563435842595e-19	1.0871631353434675e-19
833.	0.	8.095500232649421e-41	1.1092635368072683e-19	1.0927804100463391e-19
834.	0.	7.562131964771811e-41	1.1114610734057773e-19	1.098314043643019e-19
834.9999999999999	0.	7.063128395838808e-41	1.1135472728564727e-19	1.1037614724917336e-19
835.9999999999999	0.	6.596322732411013e-41	1.1155206022754595e-19	1.1091202532266074e-19
837.	0.	6.159682674546341e-41	1.1173796715968408e-19	1.114388060010308e-19
838.	0.	5.751302054531842e-41	1.119123228861429e-19	1.119562681828704e-19
839.	0.	5.369393016186385e-41	1.1207501556129783e-19	1.1246420198262953e-19
839.9999999999999	0.	5.012278696191213e-41	1.1222594624001823e-19	1.1296240846815895e-19
841.	0.	4.678386372087961e-41	1.1236502843820485e-19	1.1345069940234428e-19
842.	0.	4.3662410444670646e-41	1.124921877037634e-19	1.1392889698865445e-19
843.	0.	4.074459423480271e-41	1.126073611973009e-19	1.143968336207519e-19
843.9999999999999	0.	3.801744292171896e-41	1.127104972829652e-19	1.1485435163589417e-19
844.9999999999999	0.	3.5468792212872463e-41	1.128015551288387e-19	1.153013030723523e-19
846.	0.	3.3087236121476467e-41	1.1288050431689963e-19	1.157375494305754e-19
847.	0.	3.0862080459777473e-41	1.1294732446253137e-19	1.1616296143831788e-19
848.	0.	2.878329919671186e-41	1.1300200484278111e-19	1.1657741881941177e-19
848.9999999999999	0.	2.6841493494671473e-41	1.1304454403424355e-19	1.1698081006636236e-19
850.	0.	2.5027853253549995e-41	1.1307494955923173e-19	1.173730322167136e-19
851.	0.	2.333412100249937e-41	1.1309323754127233e-19	1.1775399063302366e-19
852.	0.	2.175255799117808e-41	1.1309943236854615e-19	1.1812359878651893e-19
852.9999999999999	0.	2.0275912342576294e-41	1.1309356636612185e-19	1.1848177804437129e-19
853.9999999999999	0.	1.889738913899584e-41	1.1307567947645534e-19	1.1882845746059092e-19
855.	0.	1.7610622321482846e-41	1.1304581894766806e-19	1.1916357357036928e-19
856.	0.	1.6409648291081692e-41	1.130040390301447e-19	1.1948707018807548e-19
857.	0.	1.52888811076166e-41	1.1295040068061183e-19	1.1979889820858447e-19
857.9999999999999	0.	1.424308918862266e-41	1.1288497127402533e-19	1.2009901541217917e-19
859.	0.	1.326737341729181e-41	1.128078243230195e-19	1.2038738627272611e-19
860.	0.	1.2357146574210018e-41	1.1271903920450577e-19	1.206639817693453e-19
861.	0.	1.1508114013033124e-41	1.1261870089378377e-19	1.2092877920131265e-19
861.9999999999999	0.	1.0716255505307007e-41	1.1250689970531859e-19	1.2118176200633358e-19
863.	0.	9.977808184292518e-42	1.1238373104098637e-19	1.2142291958202579e-19
864.	0.	9.289250522008593e-42	1.1224929514464514e-19	1.2165224711067296e-19
865.	0.	8.647287277747117e-42	1.1210369686357874e-19	1.2186974538712195e-19
865.9999999999999	0.	8.04883536008565e-42	1.1194704541666346e-19	1.220754206498563e-19
866.9999999999999	0.	7.491010547938527e-42	1.117794541685866e-19	1.2226928441520107e-19
868.	0.	6.9711150194805e-42	1.1160104041051295e-19	1.2245135331458713e-19
869.	0.	6.486625640833546e-42	1.1141192514709847e-19	1.2262164893486535e-19
870.	0.	6.035182969297498e-42	1.1121223288904442e-19	1.2278019766162757e-19
870.9999999999999	0.	5.6145809285840956e-42	1.1100209145224898e-19	1.229270305255208e-19
872.	0.	5.2227571160417715e-42	1.1078163176200502e-19	1.2306218305146353e-19
873.	0.	4.8577837042189045e-42	1.105509876634587e-19	1.231856951108235e-19
874.	0.	4.517858901333329e-42	1.1031029573713965e-19	1.2329761077636228e-19
874.9999999999999	0.	4.20129893730368e-42	1.1005969512048757e-19	1.233979781801387e-19
875.9999999999999	0.	3.906530543946237e-42	1.0979932733414694e-19	1.2348684937408828e-19
877.	0.	3.632083899789447e-42	1.0952933611364954e-19	1.2356428019343745e-19
878.	0.	3.376586011683128e-42	1.0924986724636429e-19	1.2363033012282738e-19
879.	0.	3.138754507007571e-42	1.08961068413237e-19	1.2368506216510663e-19
879.9999999999999	0.	2.917391811820564e-42	1.0866308903555883e-19	1.237285427127902e-19
881.	0.	2.7113796917218318e-42	1.0835608012629741e-19	1.2376084142216102e-19
882.	0.	2.5196741335706127e-42	1.0804019414630822e-19	1.237820310898944e-19
883.	0.	2.3413005474733212e-42	1.0771558486493862e-19	1.237921875323338e-19
883.9999999999999	0.	2.175349269661277e-42	1.0738240722537324e-19	1.2379138946717089e-19
884.9999999999999	0.	2.020971348013955e-42	1.0704081721385825e-19	1.2377971839769053e-19
886.	0.	1.8773745930553508e-42	1.0669097173380694e-19	1.2375725849942261e-19
887.	0.	1.743819878255668e-42	1.0633302848356506e-19	1.2372409650922988e-19
888.	0.	1.619617674424693e-42	1.0596714583851082e-19	1.236803216167529e-19
888.9999999999999	0.	1.5041248038783172e-42	1.0559348273712706e-19	1.2362602535823885e-19
890.	0.	1.3967414009021313e-42	1.0521219857070846e-19	1.2356130151262716e-19
891.	0.	1.2969080658376495e-42	1.048234530774793e-19	1.2348624599998473e-19
892.	0.	1.2041032008619808e-42	1.044274062396998e-19	1.2340095678215492e-19
892.9999999999999	0.	1.117840516242746e-42	1.0402421818479762e-19	1.233055337655818e-19
893.9999999999999	0.	1.0376666965178386e-42	1.0361404909015425e-19	1.2320007870641197e-19
895.	0.	9.631592166766266e-43	1.0319705909096486e-19	1.2308469511767458e-19
896.	0.	8.939242990126933e-43	1.0277340819183476e-19	1.2295948817857214e-19
897.	0.	8.295950018792515e-43	1.0234325618140808e-19	1.2282456464594446e-19
897.9999999999999	0.	7.69829432101134e-43	1.0190676255050474e-19	1.2268003276768225e-19
899.	0.	7.143090732969258e-43	1.0146408641303014e-19	1.2252600219823686e-19
900.	0.	6.627372228311739e-43	1.0101538643029854e-19	1.2236258391611004e-19
901.	0.	6.1483753055611455e-43	1.0056082073803856e-19	1.2218989014327722e-19
901.9999999999999	0.	5.70352632919308e-43	1.0010054687662643e-19	1.2200803426657474e-19
902.9999999999999	0.	5.2904287640262354e-43	9.963472172386594e-20	1.218171307609878e-19
904.	0.	4.9068512462718194e-43	9.91635014307227e-20	1.2161729511479823e-19
905.	0.	4.5507164380453594e-43	9.868704135965755e-20	1.214086437565813e-19
906.	0.	4.22009061541105e-43	9.82054960257004e-20	1.2119129398399982e-19
906.9999999999999	0.	3.9131739430975545e-43	9.771901903989673e-20	1.2096536389442855e-19
908.	0.	3.6282913919106505e-43	9.722776305556369e-20	1.2073097231726164e-19
909.	0.	3.363884257590171e-43	9.673187971655604e-20	1.204882387480258e-19
910.	0.	3.118502242413561e-43	9.623151960836694e-20	1.202372832841205e-19
910.9999999999999	0.	2.8907960632528126e-43	9.572683221096954e-20	1.199782265622845e-19
911.9999999999999	0.	2.6795105520567156e-43	9.521796585468954e-20	1.197111896976721e-19
913.	0.	2.4834782168524718e-43	9.470506767741763e-20	1.194362942245337e-19
914.	0.	2.3016132333632757e-43	9.418828358439388e-20	1.1915366203853296e-19
914.9999999999999	0.	2.132905839213882e-43	9.366775821023963e-20	1.1886341534057018e-19
915.9999999999999	0.	1.9764171044647745e-43	9.314363488248398e-20	1.185656765821724e-19
917.	0.	1.831274053870803e-43	9.261605558738408e-20	1.1826056841236204e-19
918.	0.	1.6966651178209164e-43	9.208516093768126e-20	1.1794821362605748e-19
919.	0.	1.571835890374733e-43	9.155109014211739e-20	1.1762873511384083e-19
919.9999999999999	0.	1.4560851741900165e-43	9.101398097652865e-20	1.1730225581326727e-19
921.	0.	1.34876129341973e-43	9.047396975707826e-20	1.1696889866146198e-19
922.	0.	1.2492586568713329e-43	8.993119131504025e-20	1.166287865492029e-19
923.	0.	1.1570145548537915e-43	8.93857789729132e-20	1.1628204227624966e-19
923.9999999999999	0.	1.0715061742053951e-43	8.883786452267738e-20	1.1592878850811212e-19
924.9999999999999	0.	9.92247816992838e-44	8.828757820531873e-20	1.1556914773403157e-19
926.	0.	9.187883093112477e-44	8.773504869153473e-20	1.1520324222629258e-19
927.	0.	8.507085874917345e-44	8.718040306460129e-20	1.148311940007642e-19
928.	0.	7.876194498488339e-44	8.662376680420217e-20	1.1445312477873206e-19
928.9999999999999	0.	7.291594628702953e-44	8.606526377147757e-20	1.1406915594982915e-19
930.	0.	6.749930114774289e-44	8.550501619607548e-20	1.1367940853627843e-19
931.	0.	6.248084836607883e-44	8.494314466340696e-20	1.1328400315822697e-19
932.	0.	5.783165804313329e-44	8.437976810442794e-20	1.12883060000218e-19
932.9999999999999	0.	5.352487426232745e-44	8.381500378563438e-20	1.124766987788448e-19
933.9999999999999	0.	4.953556866395031e-44	8.324896730068524e-20	1.1206503871142098e-19
935.	0.	4.584060417549443e-44	8.268177256294866e-20	1.116481984857996e-19
936.	0.	4.2418508207889625e-44	8.211353179944906e-20	1.1122629623120002e-19
937.	0.	3.9249354673581125e-44	8.154435554540406e-20	1.1079944949010295e-19
937.9999999999999	0.	3.6314654225091676e-44	8.097435264037784e-20	1.1036777519111907e-19
939.	0.	3.359725215275757e-44	8.040363022474504e-20	1.09931389622901e-19
940.	0.	3.1081233417676033e-44	7.983229373773976e-20	1.0949040840898385e-19
941.	0.	2.875183433097715e-44	7.926044691583055e-20	1.0904494648361282e-19
941.9999999999999	0.	2.6595360423215184e-44	7.868819179270445e-20	1.0859511806848e-19
942.9999999999999	0.	2.4599110078269605e-44	7.811562869944653e-20	1.0814103665039399e-19
944.	0.	2.2751303534768554e-44	7.754285626562759e-20	1.0768281495982544e-19
945.	0.	2.104101688476938e-44	7.69699714218091e-20	1.0722056495035143e-19
946.	0.	1.9458120724404864e-44	7.639706940199095e-20	1.0675439777893894e-19
946.9999999999999	0.	1.7993223134557886e-44	7.582424374735308e-20	1.0628442378707019e-19
948.	0.	1.6637616691406838e-44	7.525158631043563e-20	1.0581075248271647e-19
949.	0.	1.538322922708709e-44	7.467918726013373e-20	1.0533349252307004e-19
950.	0.	1.4222578079687895e-44	7.410713508728118e-20	1.0485275169809579e-19
950.9999999999999	0.	1.3148727589596757e-44	7.353551661103066e-20	1.04368636914828e-19
951.9999999999999	0.	1.2155249615762712e-44	7.296441698552599e-20	1.0388125418245894e-19
953.	0.	1.1236186860930875e-44	7.23939197072727e-20	1.0339070859811758e-19
954.	0.	1.038601880934512e-44	7.182410662332527e-20	1.0289710433336796e-19
954.9999999999999	0.	9.599630093890825e-45	7.125505793989072e-20	1.0240054462147266e-19
955.9999999999999	0.	8.872281122221936e-45	7.068685223087864e-20	1.019011317452406e-19
957.	0.	8.199580803155608e-45	7.011956644790593e-20	1.0139896702564012e-19
958.	0.	7.577461225547917e-45	6.955327593004702e-20	1.008941508110114e-19
959.	0.	7.002154152080741e-45	6.898805441424808e-20	1.0038678246693063e-19
959.9999999999999	0.	6.470169199894192e-45	6.842397404640153e-20	9.987696036669951e-20
960.9999999999999	0.	5.978273588878961e-45	6.786110539223903e-20	9.936478188244761e-20
962.	0.	5.523473346711431e-45	6.729951744930947e-20	9.885034337683055e-20
963.	0.	5.10299586741782e-45	6.67392776587536e-20	9.833374019530417e-20
963.9999999999999	0.	4.7142737274460215e-45	6.618045191784993e-20	9.781506665893921e-20
964.9999999999999	0.	4.354929669912082e-45	6.562310459240808e-20	9.72944160578542e-20
966.	0.	4.022762673929237e-45	6.506729853026186e-20	9.677188064511349e-20
967.	0.	3.7157350317356963e-45	6.451309507391746e-20	9.624755163119074e-20
968.	0.	3.4319603617511545e-45	6.396055407466629e-20	9.572151917893852e-20
968.9999999999999	0.	3.169692490733237e-45	6.340973390615364e-20	9.519387239904719e-20
969.9999999999999	0.	2.9273151428962384e-45	6.286069147846625e-20	9.466469934599982e-20
971.	0.	2.7033323782304346e-45	6.231348225259186e-20	9.413408701448633e-20
972.	0.	2.4963597263236576e-45	6.176816025464664e-20	9.360212133628973e-20
972.9999999999999	0.	2.3051159657795708e-45	6.122477809096233e-20	9.30688871776193e-20
973.9999999999999	0.	2.1284155028482586e-45	6.068338696280091e-20	9.253446833687681e-20
975.	0.	1.965161306169689e-45	6.014403668139508e-20	9.199894754284212e-20
976.	0.	1.8143383575812202e-45	5.960677568340246e-20	9.146240645327704e-20
977.	0.	1.6750075817817643e-45	5.907165104609952e-20	9.092492565394052e-20
977.9999999999999	0.	1.5463002202877797e-45	5.853870850304946e-20	9.038658465796969e-20
979.	0.	1.4274126175755598e-45	5.800799245965814e-20	8.984746190566673e-20
980.	0.	1.3176013895882597e-45	5.747954600916447e-20	8.930763476462878e-20
980.9999999999999	0.	1.2161789469159352e-45	5.695341094823462e-20	8.876717953025983e-20
982.	0.	1.12250934693079e-45	5.64296277931354e-20	8.822617142660614e-20
982.9999999999999	0.	1.0360044510005656e-45	5.590823579578335e-20	8.768468460755124e-20
983.9999999999999	0.	9.561203646105202e-46	5.538927295968292e-20	8.714279215831307e-20
985.	0.	8.823541398151357e-46	5.487277605629588e-20	8.660056609729991e-20
985.9999999999999	0.	8.142407209149901e-46	5.435878064116406e-20	8.60580773782162e-20
987.	0.	7.513501156287934e-46	5.3847321070271716e-20	8.551539589249243e-20
988.	0.	6.932847753049352e-46	5.3338430516431363e-20	8.497259047204819e-20
988.9999999999999	0.	6.39677168901973e-46	5.283214098522854e-20	8.442972889225045e-20
990.	0.	5.901875365681987e-46	5.232848333173778e-20	8.388687787520491e-20
990.9999999999999	0.	5.445018096747817e-46	5.1827487276919423e-20	8.334410309329363e-20
992.	0.	5.023296851043967e-46	5.1329181423658426e-20	8.280146917294854e-20
993.	0.	4.6340284248227606e-46	5.0833593273349264e-20	8.225903969868991e-20
993.9999999999999	0.	4.274732938545056e-46	5.0340749242083655e-20	8.171687721739374e-20
995.	0.	3.943118560799028e-46	4.985067467709552e-20	8.117504324278537e-20
995.9999999999999	0.	3.63706736908484e-46	4.9363393873006294e-20	8.063359826015526e-20
997.	0.	3.3546222637537343e-46	4.887893008800865e-20	8.009260173128567e-20
998.	0.	3.0939748574800124e-46	4.839730556013813e-20	7.955211209958935e-20
998.9999999999999	0.	2.8534542682995495e-46	4.7918541523415405e-20	7.901218679543106e-20
1000.	0.	2.631516749492534e-46	4.744265822385191e-20	7.847288224165306e-20