0.	0.	0.	0.	0.
1.	10.081680018297908	0.16992790848672631	0.00017614647073270316	1.76449914312121e-7
2.	0.6081368560060362	0.3092923229064489	0.0003325683654616083	3.337173409714219e-7
3.	0.021248853934987797	0.42182557237929313	0.00047079118357425223	4.7323766151787336e-7
4.	0.0005646219951878639	0.5109183586061238	0.0005922432801011414	5.96357995996845e-7
5.	0.000012628769595431092	0.5796385181809617	0.0006982612673716699	7.043419428159186e-7
6.	2.502358946904456e-7	0.6307507753392341	0.0007900951471104054	7.98374089456192e-7
7.	4.526461109780232e-9	0.666736973924585	0.0008689131852145127	8.795643041896615e-7
8.	7.623788622389306e-11	0.689816379441885	0.000935806540944654	9.489518185375291e-7
9.	1.203514116022786e-12	0.7019657283793519	0.0009917936617725588	1.007509109803529e-6
10.	0.	0.7049387746336784	0.0010378244546578527	1.0561455926309707e-6
11.	0.	0.7002851437132541	0.0010747842440741728	1.0957111281616697e-6
12.	0.	0.6893683560559385	0.0011034975266692691	1.1269993590186494e-6
13.	0.	0.6733829227096089	0.001124731532025342	1.150750877992072e-6
14.	0.	0.6533704510379258	0.001139199598583467	1.167656237978636e-6
14.999999999999998	0.	0.63023472612457	0.0011475643734092317	1.1783588104083178e-6
16.	0.	0.604755756110423	0.001150440844105044	1.1834574990882808e-6
17.	0.	0.5776027876396451	0.0011483992108173814	1.1835093161016265e-6
18.	0.	0.5493463116324996	0.0011419676059441415	1.1790318261179384e-6
18.999999999999996	0.	0.5204690903686491	0.0011316346688176385	1.170505465202936e-6
20.	0.	0.4913762448928972	0.0011178519823221973	1.1583757399554654e-6
21.	0.	0.46240444750973186	0.0011010363781013114	1.1430553125513022e-6
22.	0.	0.43383026801165636	0.001081572116717437	1.124925977034252e-6
23.	0.	0.4058777246300347	0.0010598129488472987	1.1043405319656151e-6
24.	0.	0.3787250917967591	0.001036084063326649	1.081624554322771e-6
24.999999999999996	0.	0.35251101690762054	0.0010106839276003146	1.0570780793261176e-6
26.	0.	0.32733999759301907	0.0009838860258857493	1.0309771906706036e-6
27.	0.	0.3032872697049047	0.0009559405001207137	1.0035755254431957e-6
28.	0.	0.28040315446846126	0.0009270756985378584	9.75105697820625e-7
29.	0.	0.25871691114632184	0.0008974996364904235	9.457806454622859e-7
29.999999999999996	0.	0.23824013922422038	0.0008674013739437416	9.157949023409948e-7
31.	0.	0.21896977163399925	0.000836952313846331	8.853258015891055e-7
32.	0.	0.20089069795132813	0.0008063074254018026	8.545346117790495e-7
32.99999999999999	0.	0.18397805389672925	0.000775606396078263	8.235676099053917e-7
34.	0.	0.16819921087363573	0.0007449747160150509	7.925570941897324e-7
35.	0.	0.15351549673091144	0.0007145246983172443	7.616223396900748e-7
36.	0.	0.13988367646616842	0.0006843564385660766	7.308704995622628e-7
37.	0.	0.1272572192103702	0.000654558716718006	7.003974546926832e-7
37.99999999999999	0.	0.11558737556797223	0.0006252098444163378	6.702886142982952e-7
39.	0.	0.10482408724011576	0.0005963784605968501	6.40619669972097e-7
40.	0.	0.09491674883718453	0.0005681242781324824	6.114573055390652e-7
41.	0.	0.08581483989436033	0.0005404987841316337	5.828598649792983e-7
42.	0.	0.07746844334021043	0.0005135458963797247	5.548779805713104e-7
42.99999999999999	0.	0.06982866503237135	0.00048730257829423276	5.275551633090798e-7
44.	0.	0.06284796746310808	0.0004617994146490809	5.009283575512011e-7
44.99999999999999	0.	0.05648042934681465	0.0004370611502150329	4.7502846176941637e-7
46.	0.	0.05068194152638614	0.00041310719335819395	4.498808171764653e-7
47.	0.	0.045410348470263436	0.00038995208653889286	4.2550566592973243e-7
48.	0.	0.040625543570792365	0.00036760594555767536	4.0191858052712975e-7
49.	0.	0.03628952549116607	0.0003460748693039592	3.7913086593519806e-7
49.99999999999999	0.	0.032366421936250826	0.00032536132167571696	3.57149935916168e-7
51.	0.	0.028822486435744817	0.0003054644872552808	3.359796649506617e-7
52.	0.	0.025626073020147636	0.0002863806022468698	3.156207170857443e-7
53.	0.	0.022747593034871626	0.00026810326210548847	2.960708529739127e-7
54.	0.	0.02015945776967396	0.00025062370721439707	2.773252163073743e-7
54.99999999999999	0.	0.017836010073828585	0.0002339310878991413	2.5937660079333295e-7
56.	0.	0.015753447676807336	0.0002180127100001579	2.422156987600494e-7
56.99999999999999	0.	0.013889740534669428	0.00020285426216294801	2.258313324298509e-7
58.	0.	0.012224544169188167	0.00018844002594479558	2.102106688441838e-7
59.	0.	0.010739110655562498	0.00017475306977967332	1.9533941937686416e-7
59.99999999999999	0.	0.009416198641297165	0.00016177542778841254	1.8120202472505524e-7
61.	0.	0.008239983539696415	0.00014948826436911658	1.677818262228629e-7
62.	0.	0.007195968832912883	0.00013787202545321705	1.550612242798937e-7
63.	0.	0.0062708992384164185	0.00012690657726530184	1.4302182470646282e-7
64.	0.	0.005452676336147189	0.00011657133337981095	1.31644573648319e-7
65.	0.	0.004730277118815169	0.00010684537082483767	1.2090988181673774e-7
65.99999999999999	0.	0.004093675812345184	0.00009770753594245043	1.1079773866448943e-7
67.	0.	0.003533769215126326	0.00008913654067610244	1.0128781712448308e-7
68.	0.	0.0030423057214884652	0.00008111104991870857	9.235956949571088e-8
69.	0.	0.002611818124882602	0.00007360976051984233	8.399231503050901e-8
70.	0.	0.0022355602379406717	0.00006661147251696688	7.616531974781701e-8
70.99999999999999	0.	0.0019074473184749552	0.000060095153123920105	6.885786896938085e-8
72.	0.	0.0016220002512150103	0.00005403999397955384	6.204933304919541e-8
73.	0.	0.001374293403504115	0.000048425462130690857	5.571922674117568e-8
74.	0.	0.0011599060482382325	0.00004323134519633953	4.984726262603206e-8
75.	0.	0.000974877228086763	0.00003843779113408319	4.4413398995264166e-8
75.99999999999999	0.	0.0008156639206733502	0.000034025343005022484	3.9397882568426005e-8
77.	0.	0.0006791023541738093	0.00002997496911019197	3.478128639891338e-8
78.	0.	0.0005623723160761463	0.000026268088849292513	3.054454330383847e-8
79.	0.	0.00046296429406839204	0.000022886594631454797	2.6668975134620932e-8
80.	0.	0.0003786492866891374	0.000019812870147862912	2.3136318187083444e-8
80.99999999999999	0.	0.0003074511220549073	0.00001702980529709985	1.9928745032744445e-8
82.	0.	0.0002476211252974458	0.000014520808036164121	1.7028883036819704e-8
83.	0.	0.0001976149789773866	0.000012269813413182492	1.4419829813122e-8
84.	0.	0.00015607162540465745	0.00001026129002163214	1.2085165851274619e-8
84.99999999999999	0.	0.0001217940652585306	8.480244100784875e-6	1.0008964537911983e-8
85.99999999999999	0.	0.00009373191294785134	6.912221492598385e-6	8.175799780260361e-9
87.	0.	0.00007096557561622535	5.543307651640796e-6	6.570751427964179e-9
88.	0.	0.000052691929430413506	4.360125891827739e-6	5.179408677241309e-9
89.	0.	0.00003821137366574272	3.3498340413992365e-6	3.987871629983794e-9
89.99999999999999	0.	0.00002691615002624204	2.500119666240472e-6	2.982751169957068e-9
90.99999999999999	0.	0.000018279821515890754	1.799194010600695e-6	2.1511673079106286e-9
92.	0.	0.000011847811951618813	1.2357847941136566e-6	1.4807461379473793e-9
93.	0.	7.228913817730668e-6	7.991279942343394e-7	9.59615538281875e-10
94.	0.	4.0876785674203855e-6	4.789587341600519e-7	5.763997410114938e-10
94.99999999999999	0.	2.13760964336859e-6	2.6550138758894057e-7	3.2021288724964905e-10
96.	0.	1.1350843958205805e-6	1.4945900361563734e-7	1.8065167633024418e-10
97.	0.	8.739367035562246e-7	1.2200214737118991e-7	1.4778721043689934e-10
98.	0.	1.180637441984834e-6	1.7475724483615074e-7	2.1215612913155088e-10
99.	0.	1.9100149867044674e-6	2.9979451344770453e-7	3.647511216900175e-10
99.99999999999999	0.	2.9414626899194545e-6	4.896155537663618e-7	5.970108990042561e-10
101.	0.	4.1755847230253975e-6	7.371406715172241e-7	9.008097010331036e-10
102.	0.	5.531235845449137e-6	1.0356959935648438e-6	1.268446410125916e-9
103.	0.	6.942914547800135e-6	1.3790004362893769e-6	1.6926333355864029e-9
104.	0.	8.358472631238063e-6	1.7611525796872872e-6	2.166484729719686e-9
104.99999999999999	0.	9.737107639451045e-6	2.176617496018795e-6	2.6835050911692246e-9
106.	0.	0.000011047607662715483	2.6202135773844377e-6	3.2375773068978135e-9
107.	0.	0.000012266820899228577	3.087099402569644e-6	3.82295068011305e-9
108.	0.	0.000013378324998908688	3.5727606797167026e-6	4.434228887627211e-9
109.	0.	0.000014371273641431302	4.0729972977580196e-6	5.066357906443074e-9
109.99999999999999	0.	0.000015239400026951708	4.583910516275959e-6	5.714613946026528e-9
111.	0.	0.00001598015899632347	5.10189032031056e-6	6.374591419481748e-9
112.	0.	0.00001659399136063641	5.6236029637887305e-6	7.042190983902569e-9
113.	0.	0.0000170836957189116	6.1459787225133695e-6	7.71360767731056e-9
113.99999999999999	0.	0.00001745389458979247	6.666199875154307e-6	8.385319176966841e-9
114.99999999999999	0.	0.000017710583089067665	7.1816889284046216e-6	9.054074201440505e-9
116.	0.	0.000017860749659901825	7.690097100184343e-6	9.716881076357173e-9
117.	0.	0.0000179120595180408	8.189293072957052e-6	1.0370996481828474e-8
118.	0.	0.000017872592517732704	8.67735202715927e-6	1.1013914397282734e-8
118.99999999999999	0.	0.000017750628086663314	9.152544963199584e-6	1.1643355257753275e-8
119.99999999999999	0.	0.00001755447072662603	9.613328318810899e-6	1.2257255333813948e-8
121.	0.	0.000017292310339887286	0.000010058333887111365	1.2853756345758816e-8
122.	0.	0.000016972112326165394	0.00001048635903936155	1.3431195321072493e-8
122.99999999999999	0.	0.00001660153300911371	0.000010896357255222411	1.398809470289085e-8
124.	0.	0.00001618785650005339	0.000011287428962150688	1.4523152715795508e-8
125.	0.	0.000015737949596889747	0.00001165881268451775	1.5035233994050712e-8
126.	0.	0.000015258231752965736	0.000012009876502177572	1.5523360476375815e-8
127.	0.	0.000014754657538888175	0.000012340109817233381	1.5986702570158487e-8
128.	0.	0.000014232709365344209	0.000012649115427119284	1.6424570587245486e-8
129.	0.	0.00001369739854003525	0.000012936601901248575	1.6836406452361168e-8
130.	0.	0.000013153273002072796	0.000013202376258013863	1.7221775684612836e-8
131.	0.	0.000012604430314943219	0.000013446336938195124	1.7580359651594873e-8
131.99999999999997	0.	0.000012054534708847891	0.000013668467070478594	1.7911948095127963e-8
133.	0.	0.000011506837146887833	0.000013868828024218056	1.821643192689685e-8
134.	0.	0.00001096419755059904	0.000014047553244235217	1.8493796291772345e-8
135.	0.	0.000010429108460766542	0.000014204842362076388	1.874411389605499e-8
136.	0.	9.903719531915076e-6	0.000014340955577914065	1.8967538597517853e-8
137.	0.	9.389862364806219e-6	0.000014456208306876077	1.916429925352249e-8
138.	0.	8.88907527324004e-6	0.000014550966083533465	1.933469382333652e-8
139.	0.	8.402627660486655e-6	0.000014625639717956384	1.9479083720272086e-8
140.	0.	7.931543748519212e-6	0.000014680680696705807	1.9597888409118987e-8
140.99999999999997	0.	7.476625461287035e-6	0.000014716576821922091	1.9691580243975436e-8
141.99999999999997	0.	7.038474312491448e-6	0.000014733848081614503	1.9760679541402417e-8
143.	0.	6.617512190058092e-6	0.00001473304274425266	1.9805749883718366e-8
144.	0.	6.2140009645103245e-6	0.000014714733670556689	1.9827393646868724e-8
145.	0.	5.828060877591663e-6	0.00001467951483561646	1.9826247747505432e-8
146.	0.	5.459687691698703e-6	0.00001462799805418639	1.9802979603416175e-8
147.	0.	5.108768600414823e-6	0.00001456080990228235	1.9758283301701878e-8
148.	0.	4.775096916391833e-6	0.000014478588828050013	1.9692875968771497e-8
149.	0.	4.458385565583325e-6	0.000014381982445054129	1.9607494336345372e-8
150.	0.	4.1582794267632345e-6	0.000014271645001155599	1.9502891497562364e-8
150.99999999999997	0.	3.8743665627559025e-6	0.000014148235016226485	1.937983384727702e-8
151.99999999999997	0.	3.606188395475287e-6	0.000014012413082011516	1.923909820059058e-8
153.	0.	3.3532488805279224e-6	0.000013864839817665515	1.9081469083840126e-8
154.	0.	3.115022739733245e-6	0.000013706173974425798	1.8907736192052374e-8
155.	0.	2.890962810993288e-6	0.000013537070683168787	1.8718692007145657e-8
156.	0.	2.680506575294693e-6	0.000013358179838611772	1.8515129571060337e-8
157.	0.	2.483081920068308e-6	0.000013170144614092929	1.8297840408116013e-8
158.	0.	2.298112196928215e-6	0.00001297360010104565	1.8067612591029503e-8
159.	0.	2.1250206302004246e-6	0.00001276917206726827	1.7825228944890415e-8
160.	0.	1.9632341305313286e-6	0.000012557475828464743	1.7571465383795937e-8
160.99999999999997	0.	1.8121865655557115e-6	0.00001233911522747919	1.730708937466191e-8
161.99999999999997	0.	1.671321537056928e-6	0.000012114681715869134	1.7032858522924054e-8
163.	0.	1.5400947113205883e-6	0.000011884753532684363	1.6749519275045984e-8
164.	0.	1.4179757466483795e-6	0.000011649894975318832	1.6457805732644147e-8
165.	0.	1.304449859208341e-6	0.000011410655757590421	1.615843857333861e-8
166.	0.	1.1990190655643108e-6	0.000011167570450299616	1.5852124073471762e-8
167.	0.	1.1012031375235447e-6	0.00001092115799966863	1.5539553227949628e-8
168.	0.	1.01054030224003e-6	0.000010671921319223785	1.522140096259043e-8
169.	0.	9.265877179076031e-7	0.000010420346950849878	1.4898325434505184e-8
169.99999999999997	0.	8.48921752896408e-7	0.000010166904790865063	1.4570967416112798e-8
170.99999999999997	0.	7.77138093815647e-7	9.912047877140062e-6	1.423994975855109e-8
171.99999999999997	0.	7.108517056761471e-7	9.656212233420297e-6	1.3905876930350131e-8
173.	0.	6.49696665273636e-7	9.399816767158416e-6	1.356933462736193e-8
174.	0.	5.933258867961323e-7	9.143263217299133e-6	1.3230889450050784e-8
175.	0.	5.414107569123019e-7	8.886936148649118e-6	1.2891088644443024e-8
176.	0.	4.93640694703538e-7	8.63120298945848e-6	1.2550459902947676e-8
177.	0.	4.497226502987508e-7	8.376414109234983e-6	1.2209511221755316e-8
178.	0.	4.0938055448545573e-7	8.122902933622375e-6	1.1868730811174779e-8
179.	0.	3.7235473021335757e-7	7.870986093595277e-6	1.1528587055808027e-8
179.99999999999997	0.	3.3840127563909645e-7	7.620963606165436e-6	1.1189528521312902e-8
180.99999999999997	0.	3.0729142716043056e-7	7.373119083989787e-6	1.085198400472297e-8
181.99999999999997	0.	2.7881090984658297e-7	7.127719971393663e-6	1.0516362625410965e-8
183.	0.	2.527592817162304e-7	6.885017804388337e-6	1.0183053953818225e-8
184.	0.	2.2894927735483522e-7	6.6452484924897355e-6	9.852428175349236e-9
185.	0.	2.0720615569853046e-7	6.4086326200729025e-6	9.524836286668059e-9
186.	0.	1.873670559470504e-7	6.175375765341801e-6	9.200610322089301e-9
187.	0.	1.6928036503950892e-7	5.945668834853959e-6	8.880063607498154e-9
188.	0.	1.5280509949288213e-7	5.719688411838144e-6	8.563491039627316e-9
189.	0.	1.3781030389419458e-7	5.4975971165237025e-6	8.251169388443357e-9
189.99999999999997	0.	1.2417446788802027e-7	5.279543976850001e-6	7.94335762057319e-9
190.99999999999997	0.	1.1178496310245114e-7	5.0656648079977535e-6	7.640297241768407e-9
192.	0.	1.0053750109936817e-7	4.856082599255164e-6	7.3422126564705596e-9
193.	0.	9.033561309343703e-8	4.650907906897248e-6	7.0493115427507785e-9
194.	0.	8.109015196175436e-8	4.450239251691571e-6	6.76178524076157e-9
195.	0.	7.27188167972877e-8	4.254163519895935e-6	6.4798091531842544e-9
196.	0.	6.514570005148695e-8	4.062756366551748e-6	6.20354315602903e-9
197.	0.	5.830085717460561e-8	3.876082620041723e-6	5.933132018363141e-9
198.	0.	5.211989846494263e-8	3.694196686890597e-6	5.668705829527821e-9
198.99999999999997	0.	4.654360276879637e-8	3.517142955868734e-6	5.4103804325000005e-9
199.99999999999997	0.	4.151755251253822e-8	3.3449562006100896e-6	5.158257862260393e-9
200.99999999999997	0.	3.699178953131232e-8	3.1776619798146766e-6	4.912426787787449e-9
202.	0.	3.2920491016466056e-8	3.0152770344337174e-6	4.672962956776605e-9
203.	0.	2.9261664932246172e-8	2.857809681029111e-6	4.43992964184466e-9
204.	0.	2.5976864146481376e-8	2.7052602008021633e-6	4.2133780874260656e-9
205.	0.	2.3030918521659498e-8	2.557621223577615e-6	3.9933479562253735e-9
206.	0.	2.0391684208717045e-8	2.4148781063459735e-6	3.779867774563093e-9
207.	0.	1.8029809336797176e-8	2.2770093057852315e-6	3.57295537565322e-9
208.	0.	1.591851533197568e-8	2.143986744401728e-6	3.372618340175177e-9
208.99999999999997	0.	1.4033393072648478e-8	2.0157761698182703e-6	3.178854433314046e-9
209.99999999999997	0.	1.2352213108568642e-8	1.8923375069539547e-6	2.9916520377683545e-9
210.99999999999997	0.	1.085474919347338e-8	1.773625202711255e-6	2.8109905820104858e-9
212.	0.	9.522614372590687e-9	1.659588562908725e-6	2.6368409632656903e-9
213.	0.	8.33910892439623e-9	1.5501720812471037e-6	2.4691659647439675e-9
214.	0.	7.289079436559935e-9	1.4453157600722843e-6	2.3079206666111377e-9
215.	0.	6.358788355710596e-9	1.344955422770738e-6	2.153052850291091e-9
216.	0.	5.535793355299543e-9	1.2490230176595695e-6	2.0045033957259844e-9
217.	0.	4.808835895138521e-9	1.1574469132090585e-6	1.8622066711751567e-9
218.	0.	4.167738388302458e-9	1.0701521845816507e-6	1.7260909153612666e-9
218.99999999999997	0.	3.6033093950632288e-9	9.870608913271908e-7	1.5960786115358787e-9
219.99999999999997	0.	3.1072563087155033e-9	9.080923462620569e-7	1.4720868533332958e-9
220.99999999999997	0.	2.6721050233624056e-9	8.331633754751725e-7	1.3540277021419433e-9
222.	0.	2.2911260909087537e-9	7.621885694501698e-7	1.2418085357933684e-9
223.	0.	1.9582669117570555e-9	6.950805253281164e-7	1.1353323884230746e-9
224.	0.	1.6680895254569586e-9	6.317500803516431e-7	1.0344982813822842e-9
225.	0.	1.4157135927134567e-9	5.721065365279432e-7	9.392015450726213e-10
226.	0.	1.1967641822589688e-9	5.160578765418806e-7	8.493341315638079e-10
227.	0.	1.0073240071193157e-9	4.6351097109025483e-7	7.647849180832851e-10
227.99999999999997	0.	8.438897682496272e-10	4.1437177759123504e-7	6.854400011104613e-10
228.99999999999997	0.	7.033322903507138e-10	3.685455305042416e-7	6.111829812703158e-10
229.99999999999997	0.	5.828601564494723e-10	3.2593692326562543e-7	5.418952388438107e-10
230.99999999999997	0.	4.799865624243323e-10	2.864502820292909e-7	4.774562000162551e-10
232.	0.	3.9249913674218936e-10	2.499897313213823e-7	4.1774359385457714e-10
233.	0.	3.184324858981952e-10	2.16459351727387e-7	3.6263370002081756e-10
234.	0.	2.560432421869117e-10	1.8576332980825088e-7	3.120015873618154e-10
235.	0.	2.0378740857842195e-10	1.5780610032598671e-7	2.657213433234823e-10
236.	0.	1.6029980813900056e-10	1.3249248101540278e-7	2.2366629440171665e-10
237.	0.	1.2437546173484544e-10	1.09727800012078e-7	1.857092176333313e-10
237.99999999999997	0.	9.495272910469512e-11	8.941801611984394e-8	1.5172254325565379e-10
238.99999999999997	0.	7.10980620787122e-11	7.146983207663956e-8	1.2157854862567313e-10
239.99999999999997	0.	5.199222938816849e-11	5.579080104318878e-8	9.514954360443879e-11
240.99999999999997	0.	3.6917884629980373e-11	4.228942641207493e-8	7.230804740077795e-11
242.	0.	2.5248357839085843e-11	3.0875255196941045e-8	5.292695714733497e-11
243.	0.	1.643756129786942e-11	2.145896511907881e-8	3.6879708243779166e-11
244.	0.	1.0010908923611986e-11	1.3952445621003745e-8	2.4040426697363057e-11
245.	0.	5.557156740561752e-12	8.268872952390591e-9	1.4284073551318352e-11
245.99999999999997	0.	2.7210795042368272e-12	4.322779559284206e-9	7.486581642630002e-12
247.	0.	1.1969057090836428e-12	2.030117884168519e-9	3.5249847225913184e-12
248.	0.	7.224397174209229e-13	1.3083188697404773e-9	2.2775392977578955e-12
248.99999999999997	0.	1.0738058103092043e-12	2.076345221317457e-9	3.623839142066511e-12
250.	0.	2.0607545939196194e-12	4.254739721653826e-9	7.444922848781315e-12
250.99999999999997	0.	3.522477322558003e-12	7.765668715353867e-9	1.3623374489736057e-11
252.	0.	5.323878526302345e-12	1.2532960962767929e-8	2.204341759713598e-11
252.99999999999997	0.	7.352261684513702e-12	1.8482142003007032e-8	3.2591002582327555e-11
254.	0.	9.514386773301919e-12	2.5540464292724212e-8	4.515388793378069e-11
254.99999999999997	0.	1.1733862241918776e-11	3.3636933183069675e-8	5.962171518249805e-11
256.	0.	1.3948837360077065e-11	4.270232897999565e-8	7.58860779484881e-11
257.	0.	1.610996399876465e-11	5.266922521071846e-8	9.384058517128537e-11
258.	0.	1.8178599921492215e-11	6.347200331100597e-8	1.1338091879456448e-10
259.	0.	2.0125228114724556e-11	7.504686384427011e-8	1.3440488599561836e-10
260.	0.	2.1928069160310293e-11	8.733183442903932e-8	1.5681246617093195e-10
261.	0.	2.3571866162122366e-11	1.0026677455339961e-7	1.805058528978743e-10
262.	0.	2.504682278885478e-11	1.1379337739570217e-7	2.0538949099084882e-10
263.	0.	2.6347678632650375e-11	1.278551688185271e-7	2.3137010885973157e-10
263.99999999999994	0.	2.747290521222808e-11	1.423975036853413e-7	2.583567463516277e-10
265.	0.	2.842401041006983e-11	1.5736755962350892e-7	2.8626077821453495e-10
266.	0.	2.920493769979263e-11	1.7271432839031256e-7	3.1499593338524453e-10
267.	0.	2.9821550118229885e-11	1.8838860498025109e-7	3.4447831027504485e-10
268.	0.	3.0281188212165047e-11	2.0434297457646315e-7	3.746263881661044e-10
269.	0.	3.059229347585739e-11	2.2053179752045403e-7	4.053610349654753e-10
270.	0.	3.076408986215074e-11	2.369111923801044e-7	4.366055113958021e-10
271.	0.	3.080631458575443e-11	2.5343901726898315e-7	4.682854718389935e-10
272.	0.	3.072899448786712e-11	2.7007484950654725e-7	5.003289619366387e-10
272.99999999999994	0.	3.054225901170992e-11	2.8677996376791594e-7	5.326664131634347e-10
274.	0.	3.025618847188313e-11	3.035173087945592e-7	5.652306344508545e-10
274.99999999999994	0.	2.988068949551302e-11	3.2025148281348303e-7	5.979568010827482e-10
276.	0.	2.942539713383069e-11	3.369487077184723e-7	6.307824409136345e-10
277.	0.	2.8899596736715392e-11	3.5357680216809857e-7	6.636474181518126e-10
278.	0.	2.8312165517179937e-11	3.7010515365118333e-7	6.964939147591307e-10
279.	0.	2.7671529632994074e-11	3.865046896336828e-7	7.292664096401658e-10
280.	0.	2.6985634011208454e-11	4.027478478853649e-7	7.619116557680173e-10
281.	0.	2.626192361679606e-11	4.188085460330754e-7	7.94378655299583e-10
281.99999999999994	0.	2.5507334267865937e-11	4.3466215047264933e-7	8.266186328967423e-10
283.	0.	2.4728291063961793e-11	4.502854446878345e-7	8.585850073151908e-10
283.99999999999994	0.	2.393071330042762e-11	4.6565659704927486e-7	8.902333613714359e-10
285.	0.	2.3120024229075148e-11	4.807551281946628e-7	9.215214104548592e-10
286.	0.	2.2301165637025506e-11	4.955618780205015e-7	9.524089696197426e-10
287.	0.	2.1478614317801274e-11	5.100589723829779e-7	9.828579194223021e-10
288.	0.	2.0656402407440448e-11	5.242297895674645e-7	1.0128321705981705e-9
289.	0.	1.9838138442659427e-11	5.380589265649233e-7	1.0422976276367866e-9
290.	0.	1.9027031115112748e-11	5.515321652400043e-7	1.071222151400916e-9
291.	0.	1.8225911068339436e-11	5.646364384257118e-7	1.0995755208456236e-9
292.	0.	1.743725636211871e-11	5.773597960151528e-7	1.1273293939619332e-9
292.99999999999994	0.	1.6663214911624603e-11	5.896913710791385e-7	1.154457267991476e-9
294.	0.	1.5905629431632757e-11	6.016213460756419e-7	1.1809344390326287e-9
294.99999999999994	0.	1.5166059572899134e-11	6.131409191783552e-7	1.2067379610850607e-9
296.	0.	1.4445804639733293e-11	6.242422707801776e-7	1.2318466046370829e-9
297.	0.	1.3745925507555685e-11	6.34918530205932e-7	1.2562408148599577e-9
298.	0.	1.3067265519237539e-11	6.451637426720522e-7	1.27990266948153e-9
299.	0.	1.2410470135280244e-11	6.549728365134465e-7	1.3028158363783542e-9
300.	0.	1.1776005706484388e-11	6.643415907426778e-7	1.3249655310159231e-9
301.	0.	1.1164177519728228e-11	6.732666029443174e-7	1.3463384737449036e-9
301.99999999999994	0.	1.0575146985039226e-11	6.817452575341082e-7	1.3669228470151886e-9
303.	0.	1.0008946214575895e-11	6.897756944290155e-7	1.386708252603958e-9
303.99999999999994	0.	9.465493820471627e-12	6.973567781318659e-7	1.4056856688705489e-9
305.	0.	8.944608095290012e-12	7.04488067268516e-7	1.4238474081205164e-9
306.	0.	8.446019186490043e-12	7.111697845807444e-7	1.4411870740925183e-9
307.	0.	7.96938212824839e-12	7.174027874174507e-7	1.4576995196619807e-9
308.	0.	7.514285541002948e-12	7.2318853872285e-7	1.4733808047681395e-9
309.	0.	7.080263495611282e-12	7.285290785351607e-7	1.488228154601295e-9
310.	0.	6.666803279864307e-12	7.334269960392833e-7	1.5022399181494462e-9
310.99999999999994	0.	6.273353193634226e-12	7.378854021422405e-7	1.5154155270519643e-9
312.	0.	5.89933133349318e-12	7.419079026237765e-7	1.527755454879084e-9
312.99999999999994	0.	5.544131944421286e-12	7.454985718444249e-7	1.5392611768137392e-9
314.	0.	5.207129672486496e-12	7.486619270322644e-7	1.5499351297922312e-9
314.99999999999994	0.	4.887687792856158e-12	7.514029031563794e-7	1.559780673134004e-9
316.	0.	4.5851605501076855e-12	7.537268283842903e-7	1.5688020496689551e-9
317.	0.	4.2988989739636025e-12	7.556394001407653e-7	1.5770043474128855e-9
318.	0.	4.0282539338078335e-12	7.571466617549199e-7	1.5843934617788367e-9
319.	0.	3.7725803039168555e-12	7.582549797307343e-7	1.590976058412919e-9
320.	0.	3.5312376648830997e-12	7.589710215940833e-7	1.5967595365724258e-9
321.	0.	3.303596254012231e-12	7.593017343668992e-7	1.601751993167933e-9
321.99999999999994	0.	3.0890356584757973e-12	7.592543236313255e-7	1.6059621874079207e-9
323.	0.	2.8869485390029786e-12	7.588362332142012e-7	1.609399506126197e-9
323.99999999999994	0.	2.696742378996395e-12	7.580551254597367e-7	1.6120739297410957e-9
325.	0.	2.517839644982356e-12	7.56918862109052e-7	1.613995998902636e-9
326.	0.	2.3496796730746894e-12	7.554354857829142e-7	1.6151767818370812e-9
327.	0.	2.191717850980981e-12	7.536132020424605e-7	1.6156278423523028e-9
328.	0.	2.043429153147501e-12	7.514603620690424e-7	1.6153612086090237e-9
329.	0.	1.9043061719431446e-12	7.489854458946486e-7	1.614389342528779e-9
330.	0.	1.7738603551578036e-12	7.461970462383688e-7	1.6127251099745247e-9
330.99999999999994	0.	1.6516206867385907e-12	7.431038529048513e-7	1.6103817516269804e-9
332.	0.	1.5371374081998594e-12	7.397146377472978e-7	1.6073728545792678e-9
332.99999999999994	0.	1.4299769244827189e-12	7.360382402115124e-7	1.6037123247031765e-9
334.	0.	1.329726044226509e-12	7.320835534016142e-7	1.5994143596756186e-9
335.	0.	1.2359891376163846e-12	7.278595107148451e-7	1.5944934227852723e-9
336.	0.	1.148388796688791e-12	7.233750730115271e-7	1.5889642174631492e-9
337.	0.	1.0665653761755827e-12	7.186392163013773e-7	1.5828416625128316e-9
338.	0.	9.90175854777913e-13	7.136609199675699e-7	1.5761408681042437e-9
339.	0.	9.188950275898082e-13	7.084491554872276e-7	1.5688771124571659e-9
339.99999999999994	0.	8.524126511871605e-13	7.030128756619963e-7	1.5610658192610765e-9
341.	0.	7.904359472771619e-13	6.973610043463953e-7	1.5527225358209546e-9
341.99999999999994	0.	7.32686386498627e-13	6.915024266441183e-7	1.5438629118792326e-9
343.	0.	6.789001594242468e-13	6.854459796014514e-7	1.5345026791949324e-9
343.99999999999994	0.	6.2882807827621e-13	6.792004433380211e-7	1.5246576317629535e-9
345.	0.	5.822340753591632e-13	6.72774532652192e-7	1.514343606772429e-9
346.	0.	5.388961364552658e-13	6.661768890594942e-7	1.503576466226873e-9
347.	0.	4.986037363457061e-13	6.594160732686033e-7	1.4923720792514938e-9
348.	0.	4.611585780367652e-13	6.525005580781556e-7	1.4807463050652855e-9
349.	0.	4.2637397173127464e-13	6.454387216893526e-7	1.4687149766213999e-9
350.	0.	3.9407497560564267e-13	6.382388414131285e-7	1.4562938848824206e-9
350.99999999999994	0.	3.640955430438517e-13	6.309090877788808e-7	1.443498763760813e-9
352.	0.	3.3628022187532467e-13	6.234575190260989e-7	1.4303452756965337e-9
352.99999999999994	0.	3.1048327474440566e-13	6.158920759481919e-7	1.4168489978153676e-9
354.	0.	2.8656776119792475e-13	6.08220577118531e-7	1.4030254087502073e-9
355.	0.	2.6440499897320145e-13	6.004507144607782e-7	1.388889876052129e-9
356.	0.	2.438739922710723e-13	5.92590049148164e-7	1.3744576441686527e-9
357.	0.	2.2486244588946028e-13	5.846460078453185e-7	1.3597438230334334e-9
358.	0.	2.072640939481768e-13	5.766258792697971e-7	1.3447633772273195e-9
359.	0.	1.90979668491397e-13	5.685368110434998e-7	1.3295311156535959e-9
359.99999999999994	0.	1.7591740113057655e-13	5.603858068751386e-7	1.3140616818352025e-9
361.	0.	1.6198993618628592e-13	5.521797240021941e-7	1.2983695446789446e-9
361.99999999999994	0.	1.4911679556755233e-13	5.43925270929549e-7	1.282468989804657e-9
363.	0.	1.3722207102144854e-13	5.356290054317959e-7	1.2663741113733332e-9
363.99999999999994	0.	1.2623602625688138e-13	5.272973328186215e-7	1.2500988044235653e-9
365.	0.	1.1609165707047942e-13	5.18936504444821e-7	1.2336567576832432e-9
366.	0.	1.0672893406368689e-13	5.105526164715642e-7	1.2170614468824832e-9
367.	0.	9.808984652366787e-14	5.021516088477706e-7	1.2003261285039056e-9
368.	0.	9.012108381388592e-14	4.937392645263486e-7	1.1834638340149236e-9
368.99999999999994	0.	8.277399151791063e-14	4.85321208883378e-7	1.1664873645154077e-9
370.	0.	7.600160669199908e-14	4.769029093516245e-7	1.1494092858369336e-9
370.99999999999994	0.	6.976123567673106e-14	4.6848967524511124e-7	1.1322419240467389e-9
372.	0.	6.401331274489417e-14	4.6008665777441357e-7	1.1149973613640225e-9
372.99999999999994	0.	5.872031165402101e-14	4.5169885024307195e-7	1.0976874324737565e-9
374.	0.	5.384814724342616e-14	4.433310884115273e-7	1.080323721213073e-9
375.	0.	4.936472545771274e-14	4.3498805102587493e-7	1.0629175576312562e-9
376.	0.	4.5240614791130964e-14	4.266742605086964e-7	1.0454800154242576e-9
377.	0.	4.144764867822713e-14	4.183940837914673e-7	1.0280219097009463e-9
378.	0.	3.796126247071441e-14	4.1015173328890916e-7	1.0105537950887048e-9
379.	0.	3.475676124149222e-14	4.0195126801067094e-7	9.93085964173785e-10
379.99999999999994	0.	3.181296078617268e-14	3.9379659479525734e-7	9.756284462457661e-10
381.	0.	2.910949055167865e-14	3.856914696664842e-7	9.581910063528094e-10
381.99999999999994	0.	2.6627123688588114e-14	3.7763949930293495e-7	9.407831446501582e-10
383.	0.	2.4349008471371957e-14	3.6964414260923873e-7	9.234140960196659e-10
384.	0.	2.2258733519198728e-14	3.617087123952867e-7	9.060928299809949e-10
385.	0.	2.03412583483301e-14	3.5383637714100884e-7	8.888280508438774e-10
386.	0.	1.8583168435348705e-14	3.4603016285491717e-7	8.716281981267826e-10
387.	0.	1.69717299520848e-14	3.3829295500822693e-7	8.545014472010951e-10
388.	0.	1.5494885833379626e-14	3.30627500552607e-7	8.374557101854503e-10
388.99999999999994	0.	1.4142101022262881e-14	3.230364099998397e-7	8.20498637039797e-10
390.	0.	1.2903170457532102e-14	3.1552215957464145e-7	8.036376168915018e-10
390.99999999999994	0.	1.1769055802667907e-14	3.0808709342204485e-7	7.868797795502927e-10
392.	0.	1.0731018263827899e-14	3.0073342587037464e-7	7.70231997218096e-10
392.99999999999994	0.	9.78142536477582e-15	2.9346324374625836e-7	7.53700886388157e-10
394.	0.	8.913169156870903e-15	2.862785087340513e-7	7.372928099171663e-10
395.	0.	8.118880740554882e-15	2.7918105977297423e-7	7.210138792561402e-10
396.	0.	7.393251264948233e-15	2.721726154947013e-7	7.048699568498539e-10
397.	0.	6.7301548819912465e-15	2.6525477668995353e-7	6.88866658678028e-10
397.99999999999994	0.	6.1242025274596856e-15	2.5842902880699866e-7	6.730093569481521e-10
399.	0.	5.571177783103973e-15	2.5169674446695656e-7	6.57303182903064e-10
399.99999999999994	0.	5.066311229555075e-15	2.4505918600801554e-7	6.417530297767554e-10
401.	0.	4.605498830398364e-15	2.385175080385668e-7	6.263635558483233e-10
401.99999999999994	0.	4.185259150533918e-15	2.3207276000783134e-7	6.111391876180954e-10
403.	0.	3.80202848887393e-15	2.2572588878588186e-7	5.960841230864016e-10
404.	0.	3.452617129169539e-15	2.1947774124680525e-7	5.812023351199373e-10
405.	0.	3.1341881729979808e-15	2.133290668604725e-7	5.664975749213883e-10
406.	0.	2.844236245796944e-15	2.0728052027885311e-7	5.519733755663575e-10
407.	0.	2.5799573873722955e-15	2.0133266392619851e-7	5.376330556332384e-10
408.	0.	2.3394846490848222e-15	1.9548597057902238e-7	5.234797228895944e-10
408.99999999999994	0.	2.120635693367363e-15	1.8974082593941823e-7	5.095162780450753e-10
410.	0.	1.921526170231619e-15	1.8409753119975817e-7	4.957454185663027e-10
410.99999999999994	0.	1.7405480075136262e-15	1.7855630559645582e-7	4.821696425480884e-10
412.	0.	1.575803961906321e-15	1.7311728894356624e-7	4.687912526164725e-10
412.99999999999994	0.	1.4262123679391533e-15	1.6778054415511156e-7	4.556123598877365e-10
414.	0.	1.290384949545158e-15	1.6254605974493833e-7	4.4263488795337134e-10
415.	0.	1.1670061715778503e-15	1.5741375231120992e-7	4.2986057691026364e-10
416.	0.	1.0548326896577209e-15	1.523834689885133e-7	4.1729098738975794e-10
417.	0.	9.531741356028295e-16	1.4745498988853013e-7	4.0492750464243936e-10
417.99999999999994	0.	8.608928357571241e-16	1.4262803050517437e-7	3.927713426127424e-10
419.	0.	7.772263779777652e-16	1.3790224409856258e-7	3.8082354804218517e-10
419.99999999999994	0.	7.014499198900629e-16	1.332772240443335e-7	3.690850045638243e-10
421.	0.	6.3273133003862725e-16	1.2875250616220853e-7	3.5755643682565905e-10
421.99999999999994	0.	5.705721324570361e-16	1.2432757100569673e-7	3.462384145925204e-10
423.	0.	5.14220984735724e-16	1.2000184612159654e-7	3.351313568495188e-10
424.	0.	4.632435560501007e-16	1.1577470827877639e-7	3.2423553590497304e-10
425.	0.	4.170962186026778e-16	1.1164548566100034e-7	3.135510814774717e-10
426.	0.	3.753954740985133e-16	1.0761346002569759e-7	3.030779847714291e-10
426.99999999999994	0.	3.376551914145403e-16	1.0367786882413694e-7	2.928161025274568e-10
428.	0.	3.035409540516965e-16	9.983790729156347e-8	2.8276516107062467e-10
428.99999999999994	0.	2.7285150186738055e-16	9.609273049136488e-8	2.7292476031068985e-10
430.	0.	2.4505594414499486e-16	9.244145533080204e-8	2.632943777426299e-10
430.99999999999994	0.	2.1999240729560423e-16	8.888316253139453e-8	2.538733723985577e-10
432.	0.	1.9739808915765005e-16	8.541689856212741e-8	2.4466098877281907e-10
432.99999999999994	0.	1.770271537078878e-16	8.204167753876958e-8	2.35656360728556e-10
434.	0.	1.5865031088071737e-16	7.875648307498482e-8	2.268585153435014e-10
435.	0.	1.4205437654523268e-16	7.556027010274819e-8	2.1826637674378e-10
436.	0.	1.2722447671577879e-16	7.245196664564161e-8	2.098787698772713e-10
437.	0.	1.1378307532279706e-16	6.943047555545882e-8	2.0169442425504067e-10
437.99999999999994	0.	1.0173308907829417e-16	6.649467620968222e-8	1.937119776524997e-10
439.	0.	9.090325793692575e-17	6.364342616502976e-8	1.8592997975487688e-10
439.99999999999994	0.	8.121582133648214e-17	6.087556277338879e-8	1.78346895763822e-10
441.	0.	7.244271920892579e-17	5.8189904757617135e-8	1.709611099563808e-10
441.99999999999994	0.	6.460113405702506e-17	5.55852537454468e-8	1.637709291896391e-10
443.	0.	5.755744907427215e-17	5.306039576321459e-8	1.5677458635447777e-10
444.	0.	5.125882937650086e-17	5.061410269150788e-8	1.4997024378306823e-10
445.	0.	4.558886738212031e-17	4.824513367870476e-8	1.4335599659669488e-10
446.	0.	4.056849240336962e-17	4.5952236516694475e-8	1.3692987600495018e-10
446.99999999999994	0.	3.602959729237897e-17	4.373414897426882e-8	1.3068985254133383e-10
448.	0.	3.199841383995013e-17	4.15896000960887e-8	1.2463383925715772e-10
448.99999999999994	0.	2.838220533273645e-17	3.951731145749231e-8	1.1875969484316335e-10
450.	0.	2.5151863892632698e-17	3.751599838434814e-8	1.1306522670464934e-10
450.99999999999994	0.	2.2279312276498667e-17	3.5584371132663616e-8	1.0754819397270282e-10
452.	0.	1.9689369548772892e-17	3.372113603164783e-8	1.0220631046099126e-10
453.	0.	1.7408590927750967e-17	3.1924996587730237e-8	9.703724755896058e-11
454.	0.	1.5368063010284027e-17	3.019465455466929e-8	9.203863707535831e-11
455.	0.	1.354997627284805e-17	2.85288109609306e-8	8.720807400367577e-11
455.99999999999994	0.	1.1937221051979665e-17	2.69261671099214e-8	8.254311925528349e-11
457.	0.	1.051338826030859e-17	2.538542553372133e-8	7.804130229966997e-11
457.99999999999994	0.	9.227005605477738e-18	2.390529092209214e-8	7.370012377665235e-11
459.	0.	8.102550673365224e-18	2.248447100831476e-8	6.951705802254261e-11
459.99999999999994	0.	7.093443845964073e-18	2.1121677426973736e-8	6.548955555501889e-11
461.	0.	6.221491869004677e-18	1.981562653303922e-8	6.16150454823733e-11
461.99999999999994	0.	5.444774664544089e-18	1.8565040191199504e-8	5.789093786314878e-11
463.	0.	4.755626535190592e-18	1.736864653352173e-8	5.4314626008792645e-11
464.	0.	4.1467328191356236e-18	1.6225180678274916e-8	5.0883488705342595e-11
465.	0.	3.6111280395626696e-18	1.5133385427364165e-8	4.759489240704807e-11
466.	0.	3.142193671658001e-18	1.4092011924434914e-8	4.444619334443117e-11
466.99999999999994	0.	2.712627425426009e-18	1.3099820286603824e-8	4.143473958571989e-11
468.	0.	2.359914936394194e-18	1.2155580206031765e-8	3.855787303838539e-11
468.99999999999994	0.	2.0376604685914102e-18	1.1258071520715304e-8	3.581293138728418e-11
470.	0.	1.7614729014567348e-18	1.040608476031286e-8	3.3197249986379936e-11
470.99999999999994	0.	1.510366941798123e-18	9.59842165868419e-9	3.0708163676193225e-11
472.	0.	1.2977849969097523e-18	8.833895645348299e-9	2.8343008564359774e-11
473.	0.	1.105490221998122e-18	8.111332304397432e-9	2.6099123731396704e-11
474.	0.	9.4496040595258e-19	7.429569810533934e-9	2.3973852891096587e-11
475.	0.	8.120935376925425e-19	6.7874593404479415e-9	2.1964545998612164e-11
475.99999999999994	0.	6.924483069927709e-19	6.183865454540407e-9	2.0068560788716896e-11
477.	0.	5.852419734795107e-19	5.617666460539455e-9	1.82832642801786e-11
477.99999999999994	0.	4.89702722021861e-19	5.0877547484502285e-9	1.6606034210865993e-11
479.	0.	4.1317142795006185e-19	4.593037105684819e-9	1.5034260430927374e-11
479.99999999999994	0.	3.526346670709132e-19	4.13243500686494e-9	1.3565346234902883e-11
481.	0.	2.9209478741841904e-19	3.7048848831100336e-9	1.2196709647177977e-11
481.99999999999994	0.	2.450423843003455e-19	3.309338371770935e-9	1.0925784662810103e-11
483.	0.	2.0369056254778235e-19	2.9447625413388946e-9	9.75002242518988e-12
484.	0.	1.676064904149761e-19	2.610140100335824e-9	8.66689236832142e-12
484.99999999999994	0.	1.363650099742828e-19	2.3044695832200336e-9	7.673883299639705e-12
486.	0.	1.1332633758549956e-19	2.0267655198019923e-9	6.768504443688784e-12
486.99999999999994	0.	9.342144718713234e-20	1.7760585853081338e-9	5.948286436128787e-12
488.	0.	7.637539487368888e-20	1.5513957314700979e-9	5.210782268187029e-12
488.99999999999994	0.	6.191865170427554e-20	1.3518403025390158e-9	4.553568193546317e-12
490.	0.	4.9787186784667435e-20	1.1764721326574548e-9	3.974244584726672e-12
491.	0.	3.972254402888316e-20	1.0243876281675141e-9	3.47043674993568e-12
491.99999999999994	0.	3.322035217921557e-20	8.946998326895778e-10	3.0397957021120332e-12
492.99999999999994	0.	2.63374531905808e-20	7.865384792330515e-10	2.679998893602545e-12
494.	0.	2.2205767575119798e-20	6.990500262063024e-10	2.388750904967091e-12
495.	0.	1.895245711291057e-20	6.313976798782729e-10	2.1637840956316736e-12
496.	0.	1.6456023050442303e-20	5.827614017739525e-10	2.002859210308864e-12
496.99999999999994	0.	1.4597891155153863e-20	5.523379062566662e-10	1.903765958310756e-12
497.99999999999994	0.	1.3262433380039336e-20	5.393406413947519e-10	1.8643235412665345e-12
499.	0.	1.2336986841199017e-20	5.429997614405446e-10	1.882381156996685e-12
500.	0.	1.1711869971975943e-20	5.625620842437066e-10	1.9558184557772717e-12
500.99999999999994	0.	1.1280396096080551e-20	5.972910412668312e-10	2.0825459747040038e-12
501.99999999999994	0.	1.2306244829568164e-20	6.46466612541389e-10	2.2605055228655867e-12
503.	0.	1.209904893197614e-20	7.093852563376765e-10	2.4876705505538535e-12
504.	0.	1.1813783221975431e-20	7.853598224979324e-10	2.7620464632781386e-12
505.	0.	1.324758022668185e-20	8.737194637463734e-10	3.081670929911805e-12
505.99999999999994	0.	1.2756661992899227e-20	9.73809532885027e-10	3.4446141420493094e-12
506.99999999999994	0.	1.4326353294041324e-20	1.0849914726534917e-9	3.84897904760012e-12
508.	0.	1.3383019622729733e-20	1.2066426981360175e-9	4.2929015576593234e-12
509.	0.	1.495996909359246e-20	1.3381564707883423e-9	4.774550722784399e-12
509.99999999999994	0.	1.6665727423155942e-20	1.4789417664961443e-9	5.29212888667351e-12
510.99999999999994	0.	1.4797245594058707e-20	1.6284231333022565e-9	5.843871801120723e-12
512.	0.	1.6358986361278152e-20	1.786040546717353e-9	6.42804872994185e-12
513.	0.	1.8014835830459575e-20	1.951249255225683e-9	7.042962514979082e-12
514.	0.	1.4821378732297666e-20	2.1235196228110522e-9	7.68694962812344e-12
514.9999999999999	0.	1.619778901068666e-20	2.302336963342096e-9	8.358380190343163e-12
516.	0.	1.7638162680511668e-20	2.4872013718747663e-9	9.055657975473713e-12
517.	0.	1.914031686869902e-20	2.677627549349978e-9	9.777220385614974e-12
518.	0.	2.070208168290129e-20	2.873144623931295e-9	1.0521538409460493e-11
518.9999999999999	0.	1.4880867340795824e-20	3.0732959678808197e-9	1.1287116559187151e-11
520.	0.	1.5997222192865213e-20	3.277639009459641e-9	1.2072492783603651e-11
521.	0.	1.7149034837480502e-20	3.4857450430075502e-9	1.2876238368757845e-11
522.	0.	1.8334898448987616e-20	3.697199034021813e-9	1.3696957813998058e-11
523.	0.	1.9553417347051924e-20	3.911599421260775e-9	1.4533288690551428e-11
524.	0.	2.0803207454974612e-20	4.128557918192799e-9	1.5383901490948724e-11
525.	0.	1.1041448360860785e-20	4.347699307806496e-9	1.6247499446788023e-11
526.	0.	1.1695562776023563e-20	4.568661239897988e-9	1.7122818348400858e-11
527.	0.	1.2363273600071518e-20	4.791094022150116e-9	1.8008626333862128e-11
527.9999999999999	0.	1.3043914078901244e-20	5.014660411393685e-9	1.8903723670856025e-11
529.	0.	1.373682426595032e-20	5.239035404147403e-9	1.9806942527889732e-11
530.	0.	1.444135119704659e-20	5.463906023342388e-9	2.0717146722959155e-11
531.	0.	1.5156849063146008e-20	5.688971105968273e-9	2.1633231467277124e-11
532.	0.	1.5882679371033028e-20	5.913941088004946e-9	2.2554123090154212e-11
533.	0.	1.6618211103425217e-20	6.138537791129472e-9	2.3478778761880637e-11
534.	0.	1.73628208639616e-20	6.362494205896762e-9	2.4406186194293657e-11
535.	0.	1.8115893021496686e-20	6.5855542769516086e-9	2.5335363340020554e-11
536.	0.	1.8876819842962673e-20	6.807472686412614e-9	2.62653580755434e-11
536.9999999999999	0.	1.9645001621346618e-20	7.028014637997085e-9	2.719524787776555e-11
538.	0.	2.0419846799734207e-20	7.2469556423146776e-9	2.8124139495673552e-11
539.	0.	0.	7.46408129918991e-9	2.905116860095447e-11
540.	0.	0.	7.679187084860001e-9	2.997549944783474e-11
540.9999999999999	0.	0.	7.892078136117836e-9	3.089632451135962e-11
542.	0.	0.	8.102569037035505e-9	3.181286412587081e-11
543.	0.	0.	8.310483606493052e-9	3.2724366116769705e-11
544.	0.	0.	8.51565468576129e-9	3.363010542254049e-11
545.	0.	0.	8.717923928732886e-9	3.4529383717183526e-11
545.9999999999999	0.	0.	8.917141591799222e-9	3.5421529021219615e-11
547.	0.	0.	9.113166325753817e-9	3.630589531059261e-11
548.	0.	0.	9.30586497018251e-9	3.71818621253475e-11
549.	0.	0.	9.49511234762211e-9	3.804883416726594e-11
549.9999999999999	0.	0.	9.680791060553686e-9	3.890624089863182e-11
551.	0.	0.	9.862791289959816e-9	3.975353613711564e-11
552.	0.	0.	1.0041010595833204e-8	4.0590197648341046e-11
553.	0.	0.	1.0215353718806083e-8	4.141572673279962e-11
554.	0.	0.	1.038573238522886e-8	4.222964781655068e-11
554.9999999999999	0.	0.	1.0552065112968263e-8	4.303150803473087e-11
556.	0.	0.	1.0714277020325333e-8	4.382087681762695e-11
557.	0.	0.	1.087229963617723e-8	4.459734547166853e-11
558.	0.	0.	1.1026070713858768e-8	4.536052676566883e-11
558.9999999999999	0.	0.	1.117553404551344e-8	4.611005450901245e-11
560.	0.	0.	1.1320639280847581e-8	4.684558313798058e-11
561.	0.	0.	1.1461341746154917e-8	4.7566787293315845e-11
562.	0.	0.	1.159760226794883e-8	4.82733614069792e-11
563.	0.	0.	1.1729386997382784e-8	4.8965019282425014e-11
563.9999999999999	0.	0.	1.1856667238482288e-8	4.9641493681001764e-11
565.	0.	0.	1.1979419277871809e-8	5.0302535904956896e-11
566.	0.	0.	1.2097624217985518e-8	5.094791538543354e-11
567.	0.	0.	1.2211267812734006e-8	5.1577419271299835e-11
567.9999999999999	0.	0.	1.232034030530716e-8	5.2190852017554825e-11
569.	0.	0.	1.2424836269416633e-8	5.27880349789169e-11
570.	0.	0.	1.252475445244107e-8	5.336880600223569e-11
571.	0.	0.	1.2620097622255478e-8	5.3933019025390993e-11
572.	0.	0.	1.2710872415748471e-8	5.448054367433547e-11
572.9999999999999	0.	0.	1.279708919115492e-8	5.501126486746802e-11
574.	0.	0.	1.2878761881890185e-8	5.552508241758532e-11
575.	0.	0.	1.2955907854591769e-8	5.602191064314263e-11
576.	0.	0.	1.3028547768503312e-8	5.650167797666282e-11
576.9999999999999	0.	0.	1.3096705438795404e-8	5.696432658159552e-11
578.	0.	0.	1.3160407701576083e-8	5.740981196807358e-11
579.	0.	0.	1.3219684282779086e-8	5.783810261718467e-11
580.	0.	0.	1.3274567668813416e-8	5.824917960472843e-11
581.	0.	0.	1.3325092980426311e-8	5.864303623090201e-11
582.	0.	0.	1.3371297849464396e-8	5.901967765472027e-11
583.	0.	0.	1.341322229771802e-8	5.937912052973188e-11
584.	0.	0.	1.3450908619373142e-8	5.972139264788955e-11
585.	0.	0.	1.3484401265075778e-8	6.004653258293518e-11
585.9999999999999	0.	0.	1.3513746729870822e-8	6.035458934345111e-11
587.	0.	0.	1.353899344266401e-8	6.064562202531748e-11
588.	0.	0.	1.3560191659286127e-8	6.091969947296871e-11
589.	0.	0.	1.3577393357343508e-8	6.11768999415099e-11
589.9999999999999	0.	0.	1.3590652134331568e-8	6.141731076645008e-11
591.	0.	0.	1.3600023108082817e-8	6.164102803706855e-11
592.	0.	0.	1.360556281956031e-8	6.184815627359213e-11
593.	0.	0.	1.3607329138489951e-8	6.20388081105807e-11
594.	0.	0.	1.360538117145032e-8	6.221310398496045e-11
594.9999999999999	0.	0.	1.3599779172317445e-8	6.237117182839492e-11
596.	0.	0.	1.359058445506643e-8	6.251314676414233e-11
597.	0.	0.	1.3577859309472205e-8	6.263917081105969e-11
598.	0.	0.	1.3561666918632365e-8	6.274939258996689e-11
598.9999999999999	0.	0.	1.3542071279197633e-8	6.284396703658935e-11
600.	0.	0.	1.3519137123876554e-8	6.292305511924871e-11
601.	0.	0.	1.3492929846234995e-8	6.298682356155148e-11
602.	0.	0.	1.3463515427580337e-8	6.30354445692439e-11
603.	0.	0.	1.3430960366703779e-8	6.306909556500901e-11
603.9999999999999	0.	0.	1.339533161072202e-8	6.308795892312689e-11
605.	0.	0.	1.3356696489592474e-8	6.309222171621438e-11
606.	0.	0.	1.3315122651227934e-8	6.308207545977338e-11
607.	0.	0.	1.3270677999860041e-8	6.305771586713551e-11
607.9999999999999	0.	0.	1.3223430635897447e-8	6.301934260671152e-11
609.	0.	0.	1.3173448798178554e-8	6.296715906593609e-11
610.	0.	0.	1.3120800808032319e-8	6.290137211927685e-11
611.	0.	0.	1.3065555015029883e-8	6.282219189987727e-11
612.	0.	0.	1.300777974551104e-8	6.272983158017026e-11
612.9999999999999	0.	0.	1.294754325204901e-8	6.262450715281743e-11
614.	0.	0.	1.288491366544544e-8	6.25064372197306e-11
615.	0.	0.	1.2819958948459905e-8	6.237584278552418e-11
616.	0.	0.	1.2752746850995505e-8	6.223294705415766e-11
616.9999999999999	0.	0.	1.2683344867492903e-8	6.207797523256445e-11
618.	0.	0.	1.2611820195770554e-8	6.19111543376967e-11
619.	0.	0.	1.2538239697690718e-8	6.173271300897206e-11
620.	0.	0.	1.2462669861493619e-8	6.154288132547915e-11
621.	0.	0.	1.2385176765575142e-8	6.134189062697115e-11
621.9999999999999	0.	0.	1.2305826044273823e-8	6.112997334156269e-11
623.	0.	0.	1.2224682854651249e-8	6.09073628152434e-11
624.	0.	0.	1.2141811845397841e-8	6.067429314893065e-11
625.	0.	0.	1.2057277126666866e-8	6.043099903724894e-11
625.9999999999999	0.	0.	1.1971142241905566e-8	6.017771561447634e-11
627.	0.	0.	1.1883470140496472e-8	5.991467830184374e-11
628.	0.	0.	1.1794323152640586e-8	5.964212266349086e-11
629.	0.	0.	1.1703762964594523e-8	5.93602842617044e-11
629.9999999999999	0.	0.	1.1611850595983057e-8	5.906939852020495e-11
630.9999999999999	0.	0.	1.1518646378175531e-8	5.876970059052118e-11
632.	0.	0.	1.1424209933894147e-8	5.84614252223894e-11
633.	0.	0.	1.1328600158023233e-8	5.81448066381331e-11
634.	0.	0.	1.1231875199559489e-8	5.782007841081813e-11
634.9999999999999	0.	0.	1.1134092445072756e-8	5.7487473348187974e-11
636.	0.	0.	1.1035308502933455e-8	5.714722337867169e-11
637.	0.	0.	1.0935579188735869e-8	5.679955944175709e-11
638.	0.	0.	1.0834959511853041e-8	5.64447113824989e-11
638.9999999999999	0.	0.	1.073350366301593e-8	5.608290784971206e-11
640.	0.	0.	1.0631265003018324e-8	5.571437619847449e-11
641.	0.	0.	1.0528296052103778e-8	5.533934239471089e-11
642.	0.	0.	1.0424648480604007e-8	5.4958030924923806e-11
643.	0.	0.	1.0320373100428983e-8	5.4570664709074066e-11
643.9999999999999	0.	0.	1.0215519857414047e-8	5.4177465016729945e-11
645.	0.	0.	1.0110137824519657e-8	5.3778651386533413e-11
646.	0.	0.	1.0004275195970509e-8	5.337444154953205e-11
647.	0.	0.	9.89797928209437e-9	5.296505135519415e-11
647.9999999999999	0.	0.	9.791296505167217e-9	5.255069470180834e-11
649.	0.	0.	9.684272395678572e-9	5.213158346823127e-11
650.	0.	0.	9.57695158974063e-9	5.170792745090973e-11
651.	0.	0.	9.469377826793614e-9	5.1279934301728213e-11
652.	0.	0.	9.361593948491059e-9	5.084780947149551e-11
652.9999999999999	0.	0.	9.253641897691557e-9	5.041175615335049e-11
654.	0.	0.	9.145562718647241e-9	4.9971975232057714e-11
655.	0.	0.	9.037396557475344e-9	4.952866523431087e-11
656.	0.	0.	8.929182663143289e-9	4.908202228133927e-11
656.9999999999999	0.	0.	8.820959389421274e-9	4.863224004638113e-11
658.	0.	0.	8.712764197089837e-9	4.817950971318525e-11
659.	0.	0.	8.604633656661858e-9	4.7724019937007746e-11
660.	0.	0.	8.496603451765905e-9	4.726595680898712e-11
661.	0.	0.	8.388708383041063e-9	4.680550382312393e-11
661.9999999999999	0.	0.	8.280982372256616e-9	4.63428418443326e-11
663.	0.	0.	8.173458467095464e-9	4.587814908004484e-11
664.	0.	0.	8.06616884644735e-9	4.5411601054583614e-11
665.	0.	0.	7.959144825798447e-9	4.494337058402991e-11
665.9999999999999	0.	0.	7.852416863254121e-9	4.447362775463712e-11
667.	0.	0.	7.74601456587862e-9	4.4002539903072394e-11
668.	0.	0.	7.639966696500277e-9	4.353027159937103e-11
669.	0.	0.	7.534301180510288e-9	4.3056984629967987e-11
670.	0.	0.	7.429045113391901e-9	4.2582837985029666e-11
670.9999999999999	0.	0.	7.324224768416444e-9	4.210798784693807e-11
672.	0.	0.	7.219865604462294e-9	4.163258757969649e-11
673.	0.	0.	7.115992274243081e-9	4.1156787720936084e-11
674.	0.	0.	7.012628632949935e-9	4.068073597660332e-11
674.9999999999999	0.	0.	6.909797746792365e-9	4.02045772153803e-11
676.	0.	0.	6.807521902089935e-9	3.972845346664703e-11
677.	0.	0.	6.705822614316316e-9	3.9252503918545365e-11
678.	0.	0.	6.604720637582924e-9	3.8776864919014004e-11
678.9999999999999	0.	0.	6.504235974133924e-9	3.830166997732658e-11
679.9999999999999	0.	0.	6.4043878841327115e-9	3.7827049767801636e-11
681.	0.	0.	6.305194895440946e-9	3.7353132133950634e-11
682.	0.	0.	6.206674813816485e-9	3.6880042095608583e-11
683.	0.	0.	6.108844732936569e-9	3.640790185556701e-11
683.9999999999999	0.	0.	6.0117210448290995e-9	3.5936830809178105e-11
685.	0.	0.	5.915319450218098e-9	3.546694555403184e-11
686.	0.	0.	5.819654969054935e-9	3.4998359901330755e-11
687.	0.	0.	5.724741951173399e-9	3.453118488862769e-11
687.9999999999999	0.	0.	5.630594086903797e-9	3.406552879294692e-11
688.9999999999999	0.	0.	5.537224417917017e-9	3.360149714594326e-11
690.	0.	0.	5.444645348042287e-9	3.313919274957062e-11
691.	0.	0.	5.352868654093924e-9	3.26787156924874e-11
692.	0.	0.	5.261905496864001e-9	3.222016336816792e-11
692.9999999999999	0.	0.	5.171766432033991e-9	3.1763630493230044e-11
694.	0.	0.	5.08246142120058e-9	3.1309209127191616e-11
695.	0.	0.	4.993999842873504e-9	3.0856988692785745e-11
696.	0.	0.	4.906390503476371e-9	3.040705599705042e-11
696.9999999999999	0.	0.	4.819641648355301e-9	2.995949525321885e-11
698.	0.	0.	4.7337609728235595e-9	2.951438810360776e-11
699.	0.	0.	4.6487556331875704e-9	2.9071813643168494e-11
700.	0.	0.	4.564632257647711e-9	2.8631848443045332e-11
701.	0.	0.	4.481396957335604e-9	2.8194566575782605e-11
701.9999999999999	0.	0.	4.399055337210787e-9	2.7760039640454812e-11
703.	0.	0.	4.317612507007685e-9	2.7328336788924857e-11
704.	0.	0.	4.237073091970468e-9	2.689952475157864e-11
705.	0.	0.	4.1574412437375476e-9	2.6473667864827254e-11
705.9999999999999	0.	0.	4.078720651112965e-9	2.6050828098719198e-11
707.	0.	0.	4.00091455067611e-9	2.5631065084358044e-11
708.	0.	0.	3.924025737440628e-9	2.5214436142463195e-11
709.	0.	0.	3.8480565754484835e-9	2.480099631235671e-11
710.	0.	0.	3.773009008171345e-9	2.4390798380552507e-11
710.9999999999999	0.	0.	3.6988845690239755e-9	2.398389291090976e-11
712.	0.	0.	3.625684391559411e-9	2.3580328273575295e-11
713.	0.	0.	3.553409219836431e-9	2.3180150675882122e-11
714.	0.	0.	3.482059418477202e-9	2.2783404192089606e-11
714.9999999999999	0.	0.	3.4116349828006532e-9	2.239013079445501e-11
716.	0.	0.	3.3421355486990133e-9	2.2000370383475247e-11
717.	0.	0.	3.273560402571931e-9	2.1614160819345546e-11
718.	0.	0.	3.2059084910969356e-9	2.1231537953192854e-11
719.	0.	0.	3.139178430835043e-9	2.0852535658057207e-11
719.9999999999999	0.	0.	3.0733685178269967e-9	2.0477185860653866e-11
721.	0.	0.	3.0084767370477563e-9	2.0105518573029906e-11
722.	0.	0.	2.9445007716797427e-9	1.973756192385097e-11
723.	0.	0.	2.881438012412371e-9	1.9373342190690994e-11
723.9999999999999	0.	0.	2.8192855664806017e-9	1.9012883831405972e-11
725.	0.	0.	2.7580402667124483e-9	1.8656209516388273e-11
726.	0.	0.	2.6976986803571396e-9	1.830334016016684e-11
727.	0.	0.	2.638257117837943e-9	1.7954294953309074e-11
727.9999999999999	0.	0.	2.579711641423164e-9	1.7609091394580277e-11
728.9999999999999	0.	0.	2.5220580736584116e-9	1.7267745322287854e-11
730.	0.	0.	2.465292005835066e-9	1.693027094666632e-11
731.	0.	0.	2.409408806181116e-9	1.6596680881165937e-11
732.	0.	0.	2.354403628016074e-9	1.6266986174275343e-11
732.9999999999999	0.	0.	2.300271417749548e-9	1.59411963410564e-11
734.	0.	0.	2.247006922795567e-9	1.561931939487062e-11
735.	0.	0.	2.1946046992470594e-9	1.5301361878216398e-11
736.	0.	0.	2.1430591195837975e-9	1.49873288945604e-11
736.9999999999999	0.	0.	2.0923643800908576e-9	1.4677224138909004e-11
737.9999999999999	0.	0.	2.0425145082781006e-9	1.4371049929134474e-11
739.	0.	0.	1.993503370068957e-9	1.4068807236426936e-11
740.	0.	0.	1.9453246769575687e-9	1.3770495716256727e-11
741.	0.	0.	1.8979719929272485e-9	1.347611373838184e-11
741.9999999999999	0.	0.	1.8514387413480512e-9	1.3185658417423226e-11
743.	0.	0.	1.8057182116684367e-9	1.2899125642692449e-11
744.	0.	0.	1.7608035660016165e-9	1.2616510107969649e-11
745.	0.	0.	1.716687845617041e-9	1.2337805341300599e-11
745.9999999999999	0.	0.	1.6733639772246941e-9	1.2063003733996232e-11
746.9999999999999	0.	0.	1.6308247792314207e-9	1.1792096570104611e-11
748.	0.	0.	1.5890629677866286e-9	1.1525074055040481e-11
749.	0.	0.	1.548071162741496e-9	1.126192534424451e-11
750.	0.	0.	1.5078418934820405e-9	1.1002638571581842e-11
750.9999999999999	0.	0.	1.4683676046189096e-9	1.0747200877341738e-11
752.	0.	0.	1.4296406615815045e-9	1.04955984361718e-11
753.	0.	0.	1.3916533560498481e-9	1.024781648445133e-11
754.	0.	0.	1.3543979112946522e-9	1.0003839347604203e-11
754.9999999999999	0.	0.	1.3178664873915515e-9	9.763650467094488e-12
756.	0.	0.	1.282051186284369e-9	9.527232426903276e-12
757.	0.	0.	1.2469440567975991e-9	9.294566980217351e-12
758.	0.	0.	1.2125370994172206e-9	9.065635074976382e-12
759.	0.	0.	1.1788222711005676e-9	8.840416880205347e-12
759.9999999999999	0.	0.	1.1457914898173664e-9	8.618891810899725e-12
761.	0.	0.	1.1134366390891802e-9	8.401038553446445e-12
762.	0.	0.	1.0817495723534069e-9	8.186835090269367e-12
763.	0.	0.	1.0507221172616548e-9	7.976258724511255e-12
763.9999999999999	0.	0.	1.0203460797858781e-9	7.7692861037849e-12
765.	0.	0.	9.906132483230215e-10	7.565893244424768e-12
766.	0.	0.	9.61515397577225e-10	7.366055554550098e-12
767.	0.	0.	9.330442924326242e-10	7.169747857550858e-12
768.	0.	0.	9.051916916611194e-10	6.97694441479639e-12
768.9999999999999	0.	0.	8.779493515157512e-10	6.787618947940351e-12
770.	0.	0.	8.513090292666782e-10	6.601744661247349e-12
771.	0.	0.	8.252624866172107e-10	6.419294263455138e-12
772.	0.	0.	7.998014929760078e-10	6.240239988966902e-12
772.9999999999999	0.	0.	7.749178287032249e-10	6.0645536192793535e-12
774.	0.	0.	7.506032881765464e-10	5.8922065034378596e-12
775.	0.	0.	7.268496828563742e-10	5.723169578903528e-12
776.	0.	0.	7.036488441343547e-10	5.557413391134187e-12
776.9999999999999	0.	0.	6.80992626212194e-10	5.3949081138024575e-12
777.9999999999999	0.	0.	6.588729087956812e-10	5.235623567952966e-12
779.	0.	0.	6.372815997417703e-10	5.0795292411691715e-12
780.	0.	0.	6.162106375982441e-10	4.926594306263972e-12
781.	0.	0.	5.956519940602265e-10	4.776787639673444e-12
781.9999999999999	0.	0.	5.755976763556505e-10	4.630077839643085e-12
783.	0.	0.	5.560397294988155e-10	4.4864332437044105e-12
784.	0.	0.	5.369702385175774e-10	4.345821946280314e-12
785.	0.	0.	5.183813305591513e-10	4.208211815644875e-12
785.9999999999999	0.	0.	5.002651769198148e-10	4.0735705105903335e-12
786.9999999999999	0.	0.	4.826139950164765e-10	3.941865496938515e-12
788.	0.	0.	4.6542005024168123e-10	3.813064063409727e-12
789.	0.	0.	4.4867565778652005e-10	3.687133337529091e-12
790.	0.	0.	4.323731843440624e-10	3.564040300844803e-12
790.9999999999999	0.	0.	4.1650504978144334e-10	3.4437518041718616e-12
792.	0.	0.	4.010637286972765e-10	3.3262345821653647e-12
793.	0.	0.	3.860417519465952e-10	3.2114552678919278e-12
794.	0.	0.	3.71431708059031e-10	3.099380406775201e-12
794.9999999999999	0.	0.	3.5722624463115245e-10	2.9899764705773946e-12
795.9999999999999	0.	0.	3.434180696006525e-10	2.8832098706393245e-12
797.	0.	0.	3.2999995250955744e-10	2.7790469712634065e-12
798.	0.	0.	3.169647256573229e-10	2.6774541024025816e-12
799.	0.	0.	3.043052852255715e-10	2.5783975723304618e-12
799.9999999999999	0.	0.	2.9201459230655843e-10	2.48184367971297e-12
801.	0.	0.	2.8008567391700766e-10	2.387758725762004e-12
802.	0.	0.	2.685116239005996e-10	2.296109025643696e-12
803.	0.	0.	2.5728560382376547e-10	2.206860920020704e-12
803.9999999999999	0.	0.	2.464008437792025e-10	2.1199807859931726e-12
804.9999999999999	0.	0.	2.358506431501606e-10	2.0354350478809184e-12
806.	0.	0.	2.2562837132779218e-10	1.9531901877743305e-12
807.	0.	0.	2.15727468349195e-10	1.87321275556738e-12
808.	0.	0.	2.0614144551886253e-10	1.7954693790043814e-12
808.9999999999999	0.	0.	1.9686388596190605e-10	1.7199267732888332e-12
810.	0.	0.	1.8788844512795149e-10	1.6465517504083506e-12
811.	0.	0.	1.792088512575374e-10	1.5753112282723525e-12
812.	0.	0.	1.7081890578837226e-10	1.5061722394567326e-12
812.9999999999999	0.	0.	1.6271248373916523e-10	1.439101939879518e-12
814.	0.	0.	1.5488353402735271e-10	1.3740676170159274e-12
815.	0.	0.	1.473260797585232e-10	1.3110366979800281e-12
816.	0.	0.	1.400342184641056e-10	1.2499767572568709e-12
816.9999999999999	0.	0.	1.3300212231542948e-10	1.1908555243301538e-12
817.9999999999999	0.	0.	1.262240382817931e-10	1.133640890909684e-12
819.	0.	0.	1.1969428826054522e-10	1.0783009180022585e-12
820.	0.	0.	1.1340726916354406e-10	1.0248038426789498e-12
821.	0.	0.	1.0735745298731987e-10	9.731180847799023e-13
821.9999999999999	0.	0.	1.015393868151282e-10	9.232122530822524e-13
823.	0.	0.	9.594769281717502e-11	8.750551515237998e-13
824.	0.	0.	9.057706819952665e-11	8.286157850291841e-13
825.	0.	0.	8.542228513416525e-11	7.838633652277616e-13
825.9999999999999	0.	0.	8.047819065142287e-11	7.407673158864582e-13
826.9999999999999	0.	0.	7.57397064968352e-11	6.9929727806989e-13
828.	0.	0.	7.120182897838171e-11	6.594231152615925e-13
829.	0.	0.	6.685962876671589e-11	6.211149180970411e-13
830.	0.	0.	6.270825068437378e-11	5.843430090350939e-13
830.9999999999999	0.	0.	5.87429134491285e-11	5.490779466401304e-13
832.	0.	0.	5.495890942715935e-11	5.15290529987659e-13
833.	0.	0.	5.135160432052455e-11	4.829518024856559e-13
834.	0.	0.	4.7916436861445954e-11	4.5203305578230357e-13
834.9999999999999	0.	0.	4.464891847711154e-11	4.225058334179866e-13
835.9999999999999	0.	0.	4.1544632927272896e-11	3.9434193423740536e-13
837.	0.	0.	3.8599235928371173e-11	3.675134156867802e-13
838.	0.	0.	3.5808454753574065e-11	3.4199259689196596e-13
839.	0.	0.	3.3168087812547226e-11	3.1775206154901883e-13
839.9999999999999	0.	0.	3.067400422702378e-11	2.9476466077724306e-13
841.	0.	0.	2.832214336648306e-11	2.730035155895505e-13
842.	0.	0.	2.6108514384756903e-11	2.5244201936646684e-13
843.	0.	0.	2.4029195740012365e-11	2.3305384016313544e-13
843.9999999999999	0.	0.	2.2080334680711982e-11	2.148129226766295e-13
844.9999999999999	0.	0.	2.0258146749515477e-11	1.9769349037289794e-13
846.	0.	0.	1.8558915240502e-11	1.816700471443196e-13
847.	0.	0.	1.6978990665971917e-11	1.667173790399646e-13
848.	0.	0.	1.5514790201261262e-11	1.5281055575912175e-13
848.9999999999999	0.	0.	1.4162797117841108e-11	1.3992493200464362e-13
850.	0.	0.	1.2919560209986135e-11	1.280361487451631e-13
851.	0.	0.	1.1781693205511427e-11	1.1712013429013107e-13
852.	0.	0.	1.0745874171128614e-11	1.0715310527858953e-13
852.9999999999999	0.	0.	9.808844902651468e-12	9.811156748242046e-14
853.9999999999999	0.	0.	8.967410315118702e-12	8.997231657124608e-14
855.	0.	0.	8.21843781506925e-12	8.271243865950063e-14
856.	0.	0.	7.558856673081787e-12	7.630931081401891e-14
857.	0.	0.	6.985657381240001e-12	7.074060136611124e-14
857.9999999999999	0.	0.	6.495891015785641e-12	6.598427022994062e-14
859.	0.	0.	6.086668579251174e-12	6.201856896565444e-14
860.	0.	0.	5.75516034531072e-12	5.882204081944947e-14
861.	0.	0.	5.498595202131586e-12	5.63735206971945e-14
861.9999999999999	0.	0.	5.3142599784102944e-12	5.465213490773298e-14
863.	0.	0.	5.199498776987243e-12	5.363730092808259e-14
864.	0.	0.	5.151712302441311e-12	5.330872705055315e-14
865.	0.	0.	5.168357175296644e-12	5.364641183315524e-14
865.9999999999999	0.	0.	5.2469452610114926e-12	5.4630643642707794e-14
866.9999999999999	0.	0.	5.385042974968029e-12	5.624199988797881e-14
868.	0.	0.	5.580270608575852e-12	5.846134640920093e-14
869.	0.	0.	5.8303016326275605e-12	6.126983656685849e-14
870.	0.	0.	6.1328620117232674e-12	6.464891038006843e-14
870.9999999999999	0.	0.	6.485729513495251e-12	6.858029354417077e-14
872.	0.	0.	6.8867330175637305e-12	7.304599637756092e-14
873.	0.	0.	7.333751823571351e-12	7.802831268987681e-14
874.	0.	0.	7.824714958987338e-12	8.350981857762596e-14
874.9999999999999	0.	0.	8.357600488981187e-12	8.947337117089107e-14
875.9999999999999	0.	0.	8.930434826984682e-12	9.590210731566108e-14
877.	0.	0.	9.54129203809471e-12	1.0277944210642812e-13
878.	0.	0.	1.0188293159250336e-11	1.1008906752498799e-13
879.	0.	0.	1.0869605502338695e-11	1.1781495082141328e-13
879.9999999999999	0.	0.	1.1583441974772643e-11	1.259413330077699e-13
881.	0.	0.	1.2328060392259145e-11	1.3445272719184157e-13
882.	0.	0.	1.3101762796515503e-11	1.4333391688760472e-13
883.	0.	0.	1.3902894777266845e-11	1.525699542951421e-13
883.9999999999999	0.	0.	1.472984479409564e-11	1.6214615850131373e-13
884.9999999999999	0.	0.	1.558104350036133e-11	1.7204811362435954e-13
886.	0.	0.	1.6454963075368743e-11	1.8226166697054583e-13
887.	0.	0.	1.7350116553137788e-11	1.9277292707406963e-13
888.	0.	0.	1.8265057159351584e-11	2.035682617475306e-13
888.9999999999999	0.	0.	1.9198377651271135e-11	2.1463429608549932e-13
890.	0.	0.	2.014870965595606e-11	2.259579103685004e-13
891.	0.	0.	2.111472302265577e-11	2.375262380445792e-13
892.	0.	0.	2.2095125171009404e-11	2.49326663583235e-13
892.9999999999999	0.	0.	2.3088660442916476e-11	2.613468202889364e-13
893.9999999999999	0.	0.	2.4094109469640806e-11	2.735745882051737e-13
895.	0.	0.	2.511028852824996e-11	2.859980918166203e-13
896.	0.	0.	2.6136048915368308e-11	2.9860569786554885e-13
897.	0.	0.	2.7170276318565128e-11	3.11386013059906e-13
897.9999999999999	0.	0.	2.8211890195395998e-11	3.2432788178682303e-13
899.	0.	0.	2.925984315727871e-11	3.3742038379951353e-13
900.	0.	0.	3.0313120359873024e-11	3.506528318973432e-13
901.	0.	0.	3.137073889442428e-11	3.6401476953500915e-13
901.9999999999999	0.	0.	3.243174718941594e-11	3.7749596846905435e-13
902.9999999999999	0.	0.	3.349522441566122e-11	3.910864263627064e-13
904.	0.	0.	3.456027989607094e-11	4.0477636436356753e-13
905.	0.	0.	3.5626052523768973e-11	4.1855622469725324e-13
906.	0.	0.	3.669171018215535e-11	4.324166682027236e-13
906.9999999999999	0.	0.	3.7756449174686315e-11	4.4634857190034447e-13
908.	0.	0.	3.8819493658668463e-11	4.60343026526899e-13
909.	0.	0.	3.988009508284259e-11	4.743913340342331e-13
910.	0.	0.	4.093753163618041e-11	4.884850051407574e-13
910.9999999999999	0.	0.	4.199110769944201e-11	5.026157568356397e-13
911.9999999999999	0.	0.	4.304015330171713e-11	5.167755098631465e-13
913.	0.	0.	4.4084023585113554e-11	5.309563862241978e-13
914.	0.	0.	4.5122098276687525e-11	5.451507066862498e-13
914.9999999999999	0.	0.	4.615378116338223e-11	5.593509882509551e-13
915.9999999999999	0.	0.	4.7178499575208646e-11	5.735499416423468e-13
917.	0.	0.	4.8195703875814134e-11	5.877404688070106e-13
918.	0.	0.	4.92048669574866e-11	6.019156603908095e-13
919.	0.	0.	5.020548374169846e-11	6.160687932058612e-13
919.9999999999999	0.	0.	5.119707068947803e-11	6.301933277407128e-13
921.	0.	0.	5.2179165314749975e-11	6.442829056314408e-13
922.	0.	0.	5.31513257057928e-11	6.583313471565982e-13
923.	0.	0.	5.411313005305106e-11	6.723326487352199e-13
923.9999999999999	0.	0.	5.506417618201823e-11	6.862809804134223e-13
924.9999999999999	0.	0.	5.600408109519828e-11	7.001706833893931e-13
926.	0.	0.	5.6932480516677575e-11	7.139962674969392e-13
927.	0.	0.	5.78490284461981e-11	7.277524087353231e-13
928.	0.	0.	5.875339671941123e-11	7.414339468037301e-13
928.9999999999999	0.	0.	5.964527457152299e-11	7.550358826063212e-13
930.	0.	0.	6.052436821217043e-11	7.685533758281908e-13
931.	0.	0.	6.139040040134729e-11	7.819817424527802e-13
932.	0.	0.	6.224311003579805e-11	7.953164523433275e-13
932.9999999999999	0.	0.	6.308225174009671e-11	8.085531268133919e-13
933.9999999999999	0.	0.	6.390759546250381e-11	8.216875361899091e-13
935.	0.	0.	6.47189260814832e-11	8.347155974442415e-13
936.	0.	0.	6.551604301272308e-11	8.47633371762672e-13
937.	0.	0.	6.629875982644898e-11	8.60437062181488e-13
937.9999999999999	0.	0.	6.706690387064961e-11	8.731230112333589e-13
939.	0.	0.	6.78203158978643e-11	8.856876985730954e-13
940.	0.	0.	6.855884970084976e-11	8.981277386547622e-13
941.	0.	0.	6.928237175223376e-11	9.10439878395511e-13
941.9999999999999	0.	0.	6.999076085211992e-11	9.226209948809755e-13
942.9999999999999	0.	0.	7.068390778065502e-11	9.346680930717648e-13
944.	0.	0.	7.136171495533142e-11	9.465783035100751e-13
945.	0.	0.	7.202409609755988e-11	9.583488800880645e-13
946.	0.	0.	7.267097590110129e-11	9.699771977786833e-13
946.9999999999999	0.	0.	7.330228970932487e-11	9.814607504243307e-13
948.	0.	0.	7.391798319726183e-11	9.92797148529476e-13
949.	0.	0.	7.451801205880129e-11	1.0039841170634921e-12
950.	0.	0.	7.510234170058029e-11	1.0150194932949004e-12
950.9999999999999	0.	0.	7.567094694006441e-11	1.0259012246248471e-12
951.9999999999999	0.	0.	7.622381171203934e-11	1.0366273664767997e-12
953.	0.	0.	7.676092877683417e-11	1.0471960801539225e-12
954.	0.	0.	7.728229943703349e-11	1.0576056307567975e-12
954.9999999999999	0.	0.	7.778793325842e-11	1.0678543851039119e-12
955.9999999999999	0.	0.	7.827784779647225e-11	1.0779408096731874e-12
957.	0.	0.	7.87520683279281e-11	1.0878634685614862e-12
958.	0.	0.	7.921062758793657e-11	1.0976210214670105e-12
959.	0.	0.	7.965356551278802e-11	1.1072122216974171e-12
959.9999999999999	0.	0.	8.00809289867551e-11	1.1166359141841424e-12
960.9999999999999	0.	0.	8.049277159476869e-11	1.1258910335259995e-12
962.	0.	0.	8.088915338081405e-11	1.1349766020643602e-12
963.	0.	0.	8.127014060935443e-11	1.1438917279503762e-12
963.9999999999999	0.	0.	8.16358055337874e-11	1.1526356032633989e-12
964.9999999999999	0.	0.	8.198622616846696e-11	1.1612075021307133e-12
966.	0.	0.	8.232148606602194e-11	1.16960677887709e-12
967.	0.	0.	8.264167409959266e-11	1.1778328661949155e-12
968.	0.	0.	8.29468842488849e-11	1.1858852733257511e-12
968.9999999999999	0.	0.	8.32372153924656e-11	1.1937635842841015e-12
969.9999999999999	0.	0.	8.351277110337842e-11	1.2014674560851124e-12
971.	0.	0.	8.377365944884204e-11	1.208996616987601e-12
972.	0.	0.	8.401999279646033e-11	1.216350864786756e-12
972.9999999999999	0.	0.	8.42518876226822e-11	1.22353006509894e-12
973.9999999999999	0.	0.	8.44694643270219e-11	1.2305341496868766e-12
975.	0.	0.	8.467284704955114e-11	1.2373631147920253e-12
976.	0.	0.	8.486216349391269e-11	1.2440170195078276e-12
977.	0.	0.	8.503754475261446e-11	1.2504959841457962e-12
977.9999999999999	0.	0.	8.519912513865585e-11	1.25680018865647e-12
979.	0.	0.	8.534704201958459e-11	1.2629298710473987e-12
980.	0.	0.	8.548143565571938e-11	1.2688853258259394e-12
980.9999999999999	0.	0.	8.560244904356277e-11	1.2746669024805867e-12
982.	0.	0.	8.571022776149689e-11	1.2802750039615101e-12
982.9999999999999	0.	0.	8.580491981965466e-11	1.2857100851869565e-12
983.9999999999999	0.	0.	8.588667551540131e-11	1.2909726515981283e-12
985.	0.	0.	8.595564728903242e-11	1.2960632576840891e-12
985.9999999999999	0.	0.	8.601198958670883e-11	1.3009825055809163e-12
987.	0.	0.	8.60558587243174e-11	1.3057310436524187e-12
988.	0.	0.	8.608741275651996e-11	1.3103095651167633e-12
988.9999999999999	0.	0.	8.61068113486337e-11	1.3147188066830062e-12
990.	0.	0.	8.611421565121757e-11	1.3189595471998333e-12
990.9999999999999	0.	0.	8.610978817986186e-11	1.3230326063521497e-12
992.	0.	0.	8.609369269642357e-11	1.3269388433487899e-12
993.	0.	0.	8.60660940946832e-11	1.3306791556504183e-12
993.9999999999999	0.	0.	8.602715828837711e-11	1.3342544777040549e-12
995.	0.	0.	8.597705210336181e-11	1.3376657797141097e-12
995.9999999999999	0.	0.	8.591594317147566e-11	1.340914066411637e-12
997.	0.	0.	8.584399982914209e-11	1.3440003758699908e-12
998.	0.	0.	8.576139101746856e-11	1.3469257783179402e-12
998.9999999999999	0.	0.	8.566828618594373e-11	1.3496913749827519e-12
1000.	0.	0.	8.556485519909513e-11	1.3522982969540732e-12