0.	7.59496712888127e7	7.594967128881271e6	759496.7128881272	75949.6712888127
1.	4.1046923820906733e6	6.918507532515655e6	717169.2369093391	71840.46882890398
2.	123799.5411273718	6.296320848157446e6	677015.5538347857	67935.45444661987
3.	2883.7789176936267	5.724787305203673e6	638932.1955816054	64225.2422422075
4.	57.47057033654352	5.200429617470866e6	602820.2828703667	60700.84843806576
5.	1.0283447651475055	4.71992327791694e6	568585.3349218604	57353.67521715
6.	0.016980327498282176	4.280103279469498e6	536137.0865412606	54175.495173780866
7.	0.00026327429557407983	3.877967862441467e6	505389.3123219337	51158.436354903715
8.	3.879971768618256e-6	3.5106798080744315e6	476259.65771013615	48294.9678705894
9.	5.4444797282587887e-8	3.1755657264110036e6	448669.4766805722	45577.886053290924
10.	0.	2.8701137239304213e6	422543.6757812021	43000.3011460672
11.	0.	2.5919697812576215e6	397810.5643138956	40555.62450066283
12.	0.	2.338933122936414e6	374401.71042543877	38237.55626698553
13.	0.	2.108950818987024e6	352251.8028910994	36040.07355615683
14.	0.	1.9001118210676552e6	331298.5183803981	33957.41905992329
14.999999999999998	0.	1.7106406039187594e6	311482.3940019464	31984.09010980854
16.	0.	1.538890554839683e6	292746.7049312028	30114.828159959026
17.	0.	1.3833372297402564e6	275037.3469317678	28344.60867819116
18.	0.	1.2425715733857884e6	258302.72358738937	26668.63143028362
18.999999999999996	0.	1.1152931834211966e6	242493.63806820213	25082.31114307738
20.	0.	1.0003036822689786e6	227563.18926086812	23581.268532447404
21.	0.	896500.247735159	213466.67209823363	22161.32168269565
22.	0.	802869.3418502298	200161.48192987705	20818.47776438342
23.	0.	718480.667872409	187607.02278049762	19548.925078075405
24.	0.	642481.3772701622	175764.61934848427	18349.02541190607
24.999999999999996	0.	574090.5416865373	164597.43260222583	17215.30670130316
26.	0.	512593.8991986537	154070.37883677162	16144.455979613189
27.	0.	457338.87947076006	144150.05205833568	15133.312608770133
28.	0.	407729.90852570406	134804.64956886208	14178.861779531604
29.	0.	363223.99071040406	126003.90062743804	13278.22827117721
29.999999999999996	0.	323326.5629032128	117718.99806976033	12428.67046092183
31.	0.	287587.6140148278	109922.53277113196	11627.574573642325
32.	0.	255598.0612907161	102588.43084259736	10872.449162850638
32.99999999999999	0.	226986.37376309026	95691.89345381691	10160.919814169394
34.	0.	201415.43236421715	89209.33918014044	9490.724062878116
35.	0.	178579.61564811927	83118.34877507112	8859.706517399964
36.	0.	158202.0997292452	77397.61227291329	8265.814180890286
37.	0.	140032.3608953416	72026.87832988429	7707.091963369891
37.99999999999999	0.	123843.86935369724	66986.9057153303	7181.6783771176915
39.	0.	109431.96269618082	62259.4168679433	6687.801408300509
40.	0.	96611.88789410269	57827.05343501047	6223.774558071193
41.	0.	85217.00093765861	53673.33371576421	5787.993046611589
42.	0.	75097.1135984739	49782.61193282618	5378.930173833321
42.99999999999999	0.	66116.97720224026	46140.0392585717	4995.1338306783655
44.	0.	58154.893738735766	42731.52652596466	4635.223155181551
44.99999999999999	0.	51101.445097842654	39543.70855605592	4297.88532767085
46.	0.	44858.3316935419	36563.910036876165	3981.8724996864876
47.	0.	39337.31221587848	33780.11289091679	3685.9988513992716
48.	0.	34459.23672746604	31180.92507075559	3409.1377724995587
49.	0.	30153.16579139185	28755.550724676166	3150.2191617139947
49.99999999999999	0.	26355.56877745283	26493.761676335016	2908.226840285633
51.	0.	23009.594940484843	24385.87016465803	2682.1960749254013
52.	0.	20064.411295802845	22422.702792204145	2471.2112059095803
53.	0.	17474.601730736853	20595.575632211952	2274.403376158285
54.	0.	15199.622186733171	18896.270446458926	2090.948357285264
54.99999999999999	0.	13203.307122705484	17317.011967901282	1920.0644687585318
56.	0.	11453.422826866905	15850.446203843134	1761.0105864560167
56.99999999999999	0.	9921.263481009353	14489.6197170918	1613.0842370391958
58.	0.	8581.286198251004	13227.959844211717	1475.619774702407
59.	0.	7410.781552938496	12059.255811576733	1347.9866369846593
59.99999999999999	0.	6389.576400136267	10977.640711457969	1229.5876764560521
61.	0.	5499.766042531412	9977.574301859784	1119.8575652111138
62.	0.	4725.473045296715	9053.826595242661	1018.2612692177802
63.	0.	4052.6302252201845	8201.462202643841	924.2925896827575
64.	0.	3468.785549997569	7415.825401027842	837.4727687019509
65.	0.	2962.926877806455	6692.525892973565	757.3491565689648
65.99999999999999	0.	2525.3246469480823	6027.425229031056	683.4939382150433
67.	0.	2147.3907912809095	5416.623864262623	615.5029163507056
68.	0.	1821.5523101891633	4856.448821619597	552.9943489725202
69.	0.	1541.1380627317571	4343.441935904225	495.6078389887597
70.	0.	1300.2774851761149	3874.3486531154776	443.00327380377416
70.99999999999999	0.	1093.8100500985668	3446.107360999662	394.8598127852721
72.	0.	917.204394344178	3055.8392275988203	350.8749206186361
73.	0.	766.4861430849922	2700.8385255303624	310.7634446299954
74.	0.	638.1735486577003	2378.563420640731	274.25673423502616
75.	0.	529.2201464225128	2086.6272045413966	241.1018007418604
75.99999999999999	0.	436.96370616612904	1822.7899513778464	211.06051580638254
77.	0.	359.08082712583445	1584.9505799834528	183.90884690448067
78.	0.	293.54658807206835	1371.1393033507165	159.4361282507953
79.	0.	238.59872154036802	1179.5104480932332	137.444365654955
80.	0.	192.70583371720767	1008.3356272922905	117.74757386638998
80.99999999999999	0.	154.53923908448314	855.9972508087666	100.17114501598687
82.	0.	122.94802211734535	720.9823578046904	84.55124681828558
83.	0.	96.93697748157861	601.8767568590775	70.73424925155888
84.	0.	75.64711563287874	497.3594596687957	58.57617848366477
84.99999999999999	0.	58.33845280492394	406.1973949204574	47.942196861701184
85.99999999999999	0.	44.37483337696996	327.24038948123814	38.70610783057081
87.	0.	33.210558810111976	259.41640460007653	30.74988469129515
88.	0.	24.378620984946	201.72701533712657	23.96322215442083
89.	0.	17.480359091025864	153.2431219333473	18.24310968530484
89.99999999999999	0.	12.176378426281174	113.10088232325866	13.493425679906174
90.99999999999999	0.	8.178586752425037	80.49785544869572	9.624551547964275
92.	0.	5.243219402829409	54.689345481491614	6.553004818826145
93.	0.	3.164738312578402	34.98493748541147	4.20109042093901
94.	0.	1.770502687840724	20.74521546175068	2.496569321436557
94.99999999999999	0.	0.916120287710369	11.378654112084854	1.3723437452940663
96.	0.	0.4813983821911883	6.338676032319239	0.7661582261699251
97.	0.	0.366822487019422	5.120866412670438	0.6203157718577087
98.	0.	0.4904990633779373	7.2603376669585495	0.8814084572311163
99.	0.	0.7855056014970192	12.329236746857124	1.5000617860814796
99.99999999999999	0.	1.1975979671644792	19.934388217542267	2.4306921909049044
101.	0.	1.6832306563817376	29.715066479710007	3.631277066380256
102.	0.	2.2078507454207075	41.34089081200085	5.063136757089986
103.	0.	2.744430906042729	54.50983719795481	6.690727945446756
104.	0.	3.27221093427029	68.94636116452136	8.481447908346277
104.99999999999999	0.	3.7756208695670277	84.3996261244638	10.405449134358241
106.	0.	4.243362005101899	100.64183196013617	12.43546381451917
107.	0.	4.667624952115222	117.46663882571424	14.546637740772505
108.	0.	5.043426460126173	134.68768137454757	16.71637316625152
109.	0.	5.36804894410158	152.13716883468226	18.924180200505745
109.99999999999999	0.	5.640568661060945	169.66456656749196	21.151536331490775
111.	0.	5.86146023940923	187.1353549436351	23.381753683657262
112.	0.	6.032266819870608	204.4298615645884	25.599853638683715
113.	0.	6.15532643949179	221.44216304064858	27.79244846152146
113.99999999999999	0.	6.233546500126037	238.0790527130303	29.94762959012628
114.99999999999999	0.	6.270219228139188	254.25907087832383	32.05486226250489
116.	0.	6.268871968790572	269.9115942308564	34.10488616858082
117.	0.	6.233146981761868	284.97598139987025	36.08962182906078
118.	0.	6.166706125939558	299.40077159888943	38.00208241580474
118.99999999999999	0.	6.073156454084017	313.1429335523774	39.83629074170384
119.99999999999999	0.	5.955993291167486	326.1671619969878	41.587201159868954
121.	0.	5.8185578535068965	338.4452191853725	43.25062612377712
122.	0.	5.664006887379794	349.95531894349995	44.823167171134195
122.99999999999999	0.	5.495292173031208	360.6815509525781	46.302150105184246
124.	0.	5.315148059164724	370.61334303857365	47.68556415734152
125.	0.	5.1260854701069265	379.7449593599905	48.97200492482999
126.	0.	4.9303910678924145	388.0750324906948	50.16062088683451
127.	0.	4.730130459002257	395.60612748946807	51.25106331123597
128.	0.	4.527154514612691	402.34433614709866	52.243439373305115
129.	0.	4.323108027253444	408.29889968672796	53.13826831537671
130.	0.	4.119440059225236	413.48185828467064	53.93644048519733
131.	0.	3.9174154513898944	417.9077258559746	54.63917909760722
131.99999999999997	0.	3.7181270578318366	421.5931886323892	55.24800457216476
133.	0.	3.522508354248507	424.5568261314695	55.764701305821724
134.	0.	3.3313461378800615	426.81885318903886	56.19128674671709
135.	0.	3.1452930958604357	428.40088179446195	56.5299826414406
136.	0.	2.964880068660425	429.3257015354921	56.78318833454845
137.	0.	2.7905278768961597	429.61707751706786	56.95345600439843
138.	0.	2.6225586145462727	429.2995646827483	57.04346772566306
139.	0.	2.4612063403491065	428.39833751970815	57.056014253698415
140.	0.	2.306627122780888	426.9390341852366	56.99397543151248
140.99999999999997	0.	2.158908413313397	424.9476141413042	56.860302124638345
141.99999999999997	0.	2.0180777381886132	422.4502284335838	56.657999594044604
143.	0.	1.8841107113754962	419.47310179954167	56.3901122219318
144.	0.	1.7569383811249206	416.0424258297406	56.05970950891407
145.	0.	1.6364539300368954	412.1842624558558	55.66987326614473
146.	0.	1.5225187542152863	407.924457070805	55.22368592875145
147.	0.	1.414967951157736	403.2885606319454	54.72421992167178
148.	0.	1.3136152488155344	398.30176012905156	54.17452801179648
149.	0.	1.218257410002513	392.9888168369048	53.577634584212404
150.	0.	1.128678147204351	387.37401180374565	52.9365277833926
150.99999999999997	0.	1.0446515830029732	381.481098058152	52.25415246329146
151.99999999999997	0.	0.9659452909964001	375.33325904570404	51.533403893138725
153.	0.	0.8923229512437666	368.95307283823183	50.77712216898817
154.	0.	0.8235466531845628	362.36248168032125	49.98808728309578
155.	0.	0.7593788775638177	355.5827664678542	49.16901480640345
156.	0.	0.6995841873695297	348.63452577443684	48.32255214142783
157.	0.	0.6439306561150437	341.5376590656168	47.45127530533658
158.	0.	0.5921910600544028	334.3113537637306	46.55768620538002
159.	0.	0.5441438591682545	326.97407584280705	45.644210370397765
160.	0.	0.49957398997652774	319.54356365850805	44.71319510496505
160.99999999999997	0.	0.45827349150419006	312.0368247314195	43.766908033937476
161.99999999999997	0.	0.42004198403309073	304.4701352214879	42.80753600723968
163.	0.	0.3846870186270831	296.8590418498194	41.837184336730374
164.	0.	0.3520243138612828	289.21836603595796	40.85787633808514
165.	0.	0.3218778947011558	281.5622100370986	39.87155315268804
166.	0.	0.29408014706185637	273.90396488833835	38.88007382580964
167.	0.	0.26847180027092077	266.2563199563637	37.885215618759844
168.	0.	0.2449018484206628	258.631273931813	36.88867453408121
169.	0.	0.22322742044936447	251.0401470978242	35.892066034177475
169.99999999999997	0.	0.2033136077332456	243.49359472279116	34.89692593488019
170.99999999999997	0.	0.18503325699591983	236.0016214366394	33.90471145670043
171.99999999999997	0.	0.1682667354322731	228.57359645966073	32.916802417563524
173.	0.	0.15290167414169423	221.218269562513	31.93450255187409
174.	0.	0.13883269518988847	213.94378764471	30.95904094171382
175.	0.	0.12596112696899872	206.75771182852554	29.991573547075383
176.	0.	0.11419471187533393	199.6670349697706	29.033184822429696
177.	0.	0.10344730979643756	192.6781995004375	28.084889408638077
178.	0.	0.09363860037966466	185.79711551768247	27.14763388891966
179.	0.	0.08469378661285673	179.0291790470203	26.222298599318854
179.99999999999997	0.	0.07654330184852992	172.3792904095034	25.30969948420124
180.99999999999997	0.	0.0691225220387667	165.85187263016567	24.410589988219453
181.99999999999997	0.	0.062371484637324705	159.45088983051528	23.525662976828254
183.	0.	0.05623461534927496	153.17986555182787	22.655552677854857
184.	0.	0.050660463644792396	147.04190096334364	21.80083663756832
185.	0.	0.045601447767842605	141.03969290986626	20.96203768461816
186.	0.	0.04101360974979768	135.17555176277187	20.139625896495346
187.	0.	0.03685638080108637	129.45141903692385	19.334020562835747
188.	0.	0.03309235730081489	123.868884744056	18.54559214097919
189.	0.	0.029687087485368243	118.4292044540094	17.774664199229687
189.99999999999997	0.	0.026608868836450975	113.13331603962482	17.021515343835556
190.99999999999997	0.	0.023828556084069398	107.98185608366884	16.28638112601812
192.	0.	0.021319379667708378	102.97517592858053	15.569455925668839
193.	0.	0.01905677443342941	98.11335735411454	14.87089480891912
194.	0.	0.017018218307088138	93.396227867201	14.19081535661699
195.	0.	0.015183080638408444	88.82337559425834	13.529299461589037
196.	0.	0.013532479879951516	84.39416376530528	12.886395092389161
197.	0.	0.012049150250380562	80.10774478306358	12.262118021781
198.	0.	0.010717317005011271	75.96307387072052	11.656453518241118
198.99999999999997	0.	0.009522579937591792	71.95892229393917	11.069357999033997
199.99999999999997	0.	0.008451804719648133	68.09389015596446	10.500760643886316
200.99999999999997	0.	0.007493021695976069	64.36641876185799	9.950564967836401
202.	0.	0.006635331741264039	60.77480255466217	9.41865035285836
203.	0.	0.005868818804100952	57.31720062204249	8.904873537195188
204.	0.	0.0051844687581608885	53.99164777806573	8.40907006226883
205.	0.	0.004574094195529412	50.7960652204428	7.9310556763602165
206.	0.	0.004030264810503726	47.728270769814856	7.470627695218271
207.	0.	0.003546243026140206	44.78598869383077	7.02756631916286
208.	0.	0.0031159245369763587	41.96685912293728	6.601635906898386
208.99999999999997	0.	0.0027337834489249303	39.26844706236437	6.192586205878636
209.99999999999997	0.	0.0023948217132310798	36.688251008810845	5.80015353970028
210.99999999999997	0.	0.00209452256730478	34.2237111775267	5.424061952571175
212.	0.	0.0018288077044164503	31.872217347631516	5.064024311245166
213.	0.	0.0015939979157876118	29.631116334158357	4.7197433649309914
214.	0.	0.0013867769544991364	27.497719094533373	4.390912763572669
215.	0.	0.001204158391266644	25.469307478279433	4.077218035084069
216.	0.	0.001043455241526343	23.54314062890821	3.7783375221643443
217.	0.	0.0009022521569019651	21.71646104617826	3.4939432792114764
218.	0.	0.0007783799895828312	19.986500319325184	3.223701930257573
218.99999999999997	0.	0.0006698925458764941	18.350484538802434	2.9672754883765067
219.99999999999997	0.	0.0005750453602447494	16.805639397273673	2.7243221375469435
220.99999999999997	0.	0.0004922763318820486	15.349194988649119	2.4944969776613184
222.	0.	0.00042018807473769254	13.978390314490014	2.2774527334760712
223.	0.	0.00035753184403249696	12.69047750741289	2.072840428368936
224.	0.	0.00030319291116594297	11.482725781079509	1.8803100237832684
225.	0.	0.0002561772680164527	10.352425115956883	1.6995110251952896
226.	0.	0.00021559954983103389	9.296889689594055	1.5300930553891223
227.	0.	0.00018067207537010674	8.31346106236209	1.3717063962072091
227.99999999999997	0.	0.00015069490892998408	7.399511125343517	1.2240024992666425
228.99999999999997	0.	0.00012504685696840522	6.552444821825058	1.0866344669362884
229.99999999999997	0.	0.00010317731894839862	5.769702649378549	0.9592575041566319
230.99999999999997	0.	0.00008459891737247756	5.048762952512687	0.8415293421994483
232.	0.	0.00006888083879316668	4.387144014129569	0.7331106351980485
233.	0.	0.00005564282258837003	3.782405953898578	0.6336653302789454
234.	0.	0.00004454973925891788	3.2321524427442903	0.5428610123281699
235.	0.	0.000035306705132041336	2.7340322403201194	0.46036922405840436
236.	0.	0.000027654684340196476	2.285740564800455	0.38586576247535953
237.	0.	0.0000213665334030729	1.8850203018357308	0.31903095244625984
237.99999999999997	0.	0.000016243447183379895	1.529663060535959	0.25954989826400066
238.99999999999997	0.	0.000012111768699464772	1.2175100836693937	0.20711271400626274
239.99999999999997	0.	8.820128337993196e-6	0.9464530201360233	0.1614147336570276
240.99999999999997	0.	6.23688120117655e-6	0.7144345653646123	0.12215670156828665
242.	0.	4.247813852088283e-6	0.5194489778234048	0.08904494428991845
243.	0.	2.7540943726806227e-6	0.359542477177956	0.061791524362838725
244.	0.	1.6704419580364956e-6	0.2328135313225688	0.04011437697695757
245.	0.	9.234944037375174e-7	0.13741303787622364	0.023737430133892772
245.99999999999997	0.	4.5035379846004246e-7	0.07154440696781765	0.012390709183579228
247.	0.	1.9729255237710932e-7	0.033463549881524876	0.0058104262326796035
248.	0.	1.1860353660475883e-7	0.021478781027144477	0.0037390554389054964
248.99999999999997	0.	1.7557962153169742e-7	0.033950636570227795	0.005925394507528072
250.	0.	3.356092900257833e-7	0.069291616839867	0.012124613376810882
250.99999999999997	0.	5.713762579185072e-7	0.12596585654074563	0.022098290559086096
252.	0.	8.60152197109057e-7	0.20248872800435982	0.03561443782816351
252.99999999999997	0.	1.1831727020019482e-6	0.29742638157917944	0.05244751375961868
254.	0.	1.5250876056088675e-6	0.40939522916632126	0.0723784269797579
254.99999999999997	0.	1.8734776257135458e-6	0.5370613734578628	0.09519452938694978
256.	0.	2.2184301107852995e-6	0.6791399882617792	0.12068960011832573
257.	0.	2.5521673747610446e-6	0.8343946531913122	0.14866382067706962
258.	0.	2.868721787393855e-6	1.0016366473445728	0.17892374188627905
259.	0.	3.1636523524659997e-6	1.179724204827331	0.21128224303299142
260.	0.	3.433798055670577e-6	1.3675617359113459	0.2455584837434153
261.	0.	3.677063800035222e-6	1.5640990175357525	0.28157784912753603
262.	0.	3.892235037586713e-6	1.7683303558244687	0.3191718885568218
263.	0.	4.078817887469529e-6	1.9792937239495465	0.35817824856622466
263.99999999999994	0.	4.236901493670229e-6	2.196069878298846	0.39844060031546114
265.	0.	4.367040158885027e-6	2.4177814554209807	0.43980856196621515
266.	0.	4.47015264575333e-6	2.643592052651245	0.4821376164187431
267.	0.	4.547436663559258e-6	2.872705294954755	0.5252890247942158
268.	0.	4.600296507586355e-6	3.1043638899092585	0.5691297359453918
269.	0.	4.630282224792547e-6	3.337848673772535	0.6135322924727359
270.	0.	4.63903888850441e-6	3.572477650071522	0.658374733455834
271.	0.	4.628264401714827e-6	3.807605023205336	0.7035404943098509
272.	0.	4.599675051048007e-6	4.042620228531385	0.7489183039963636
272.99999999999994	0.	4.554977277817127e-6	4.276946961242287	0.7944020799789422
274.	0.	4.495845311634475e-6	4.510042205124464	0.8398908210958439
274.99999999999994	0.	4.423903314860277e-6	4.741395263386518	0.8852884987310766
276.	0.	4.3407118495265435e-6	4.970526792294893	0.9305039464018413
277.	0.	4.247757542221477e-6	5.196987839819914	0.9754507481582838
278.	0.	4.146445855715856e-6	5.420358889908349	1.020047125901364
279.	0.	4.038096280448592e-6	5.640248913904505	1.0642158258980996
280.	0.	3.923939481977445e-6	5.856294430371468	1.10788400472828
281.	0.	3.805116167487796e-6	6.0681585737813215	1.1509831147534293
281.99999999999994	0.	3.682677354725578e-6	6.27553017376077	1.193448789432334
283.	0.	3.5575857305003434e-6	6.478122845326908	1.2352207285757684
283.99999999999994	0.	3.4307179103330584e-6	6.675674090889489	1.2762425837003413
285.	0.	3.3028673428626273e-6	6.867944415175061	1.31646184371746
286.	0.	3.17474783922612e-6	7.054716453190148	1.3558297209988992
287.	0.	3.0469972970923148e-6	7.235794112288489	1.3943010380439191
288.	0.	2.920181893506772e-6	7.411001728841043	1.4318341148682263
289.	0.	2.794800292410641e-6	7.580183239694205	1.4683906571768535
290.	0.	2.6712881436241333e-6	7.743201369249665	1.50393564551011
291.	0.	2.5500222152160175e-6	7.899936832278198	1.5384372254152174
292.	0.	2.4313249523184126e-6	8.050287553073217	1.5718665987936475
292.99999999999994	0.	2.3154685222145217e-6	8.194167900953662	1.6041979164604183
294.	0.	2.2026791237837764e-6	8.331507942640894	1.635408172053367
294.99999999999994	0.	2.0931408217754363e-6	8.462252711485272	1.6654770973251258
296.	0.	1.9869993833028534e-6	8.586361493911813	1.6943870589286798
297.	0.	1.8843659271622992e-6	8.703807133149331	1.7221229567492744
298.	0.	1.7853203601513345e-6	8.81457535035271	1.7486721238451948
299.	0.	1.6899145747432007e-6	8.918664082986206	1.7740242280131138
300.	0.	1.5981754637167928e-6	9.016082840949142	1.7981711751159695
301.	0.	1.5101077763724446e-6	9.106852080069958	1.8211070141431072
301.99999999999994	0.	1.4256968022344517e-6	9.191002592965619	1.8428278440458368
303.	0.	1.3449106511597271e-6	9.268574917484345	1.8633317224366572
303.99999999999994	0.	1.267702651685097e-6	9.339618762376352	1.8826185761263792
305.	0.	1.194013352799489e-6	9.404192450303654	1.9006901135669245
306.	0.	1.123772352615196e-6	9.46236237783483	1.9175497391743572
307.	0.	1.0569002050024066e-6	9.514202492602186	1.9332024696138876
308.	0.	9.933097163997061e-7	9.559793787213898	1.9476548520109493
309.	0.	9.329076344188692e-7	9.599223809719488	1.9609148840932877
310.	0.	8.755957655959432e-7	9.632586190826073	1.9729919363506758
310.99999999999994	0.	8.212720753266384e-7	9.659980187079556	1.9838966760983296
312.	0.	7.698318957698695e-7	9.68151024033629	1.9936409935563157
312.99999999999994	0.	7.211687941288053e-7	9.697285552930861	2.0022379298693296
314.	0.	6.751751521730106e-7	9.707419678465083	2.0097016070968197
314.99999999999994	0.	6.317432485415182e-7	9.712030127974847	2.0160471601688306
316.	0.	5.907655619071401e-7	9.71123799109879	2.0212906707748477
317.	0.	5.521355147739865e-7	9.705167572141235	2.0254491032079787
318.	0.	5.157478497150308e-7	9.693946040533854	2.0285402421057266
319.	0.	4.814991402950346e-7	9.677703095828491	2.030582632158826
320.	0.	4.4928785170508617e-7	9.656570646306491	2.0315955196405153
321.	0.	4.190150660228407e-7	9.63068250154959	2.031598795870874
321.99999999999994	0.	3.9058427633706246e-7	9.600174078199318	2.0306129424964787
323.	0.	3.639018187993383e-7	9.565182119001454	2.028658978647196
323.99999999999994	0.	3.3887704854639826e-7	9.525844424444692	2.02575840986547
325.	0.	3.1542231335459237e-7	9.4822995969561	2.0219331788402797
326.	0.	2.934531433423013e-7	9.43468679733809	2.017205617918828
327.	0.	2.7288810046287316e-7	9.38314551287081	2.0115984033123433
328.	0.	2.53649171102243e-7	9.327815337341692	2.005134511090243
329.	0.	2.3566147039119514e-7	9.268835761900144	1.9978371747648023
330.	0.	2.1885334747881872e-7	9.206345977191983	1.989729844600265
330.99999999999994	0.	2.0315617440536892e-7	9.14048468599338	1.9808361485153472
332.	0.	1.8850475694685673e-7	9.071389926153989	1.9711798545731856
332.99999999999994	0.	1.7483666022047566e-7	8.999198903834634	1.9607848350905814
334.	0.	1.6209268426325566e-7	8.924047836099716	1.9496750321967473
335.	0.	1.5021647032746454e-7	8.846071803245431	1.9378744249571311
336.	0.	1.3915453861228737e-7	8.765404610249561	1.9254069979615032
337.	0.	1.2885619007695305e-7	8.682178656926368	1.9122967113166176
338.	0.	1.192733281380269e-7	8.59652481686396	1.8985674720912755
339.	0.	1.1036056349680434e-7	8.50857232446654	1.8842431070951688
339.99999999999994	0.	1.0207483245600759e-7	8.418448670098206	1.869347337019847
341.	0.	9.437566174822872e-8	8.32627950301496	1.8539037519014459
341.99999999999994	0.	8.722474778245305e-8	8.232188541570576	1.8379357878188436
343.	0.	8.05859809244599e-8	8.136297490893988	1.8214667048982127
343.99999999999994	0.	7.442540197539704e-8	8.038725967178639	1.804519566458864
345.	0.	6.871099380212544e-8	7.939591428889918	1.7871172193939695
346.	0.	6.341276310676231e-8	7.839009114261165	1.7692822756702433
347.	0.	5.850241036818269e-8	7.7370919850042705	1.7510370949537875
348.	0.	5.395339199213074e-8	7.6339506759143845	1.732403768313236
349.	0.	4.974082270543351e-8	7.529693450191636	1.7134041029827094
350.	0.	4.584146824183607e-8	7.424426160118561	1.6940596081245214
350.99999999999994	0.	4.223339091578609e-8	7.318252213067684	1.6743914816068455
352.	0.	3.889612774883614e-8	7.211272542517309	1.654420597743722
352.99999999999994	0.	3.581056812647959e-8	7.103585583622188	1.6341674959132648
354.	0.	3.2958829125707034e-8	6.995287253594162	1.6136523701312366
355.	0.	3.0324176439579736e-8	6.886470936362979	1.5928950594772802
356.	0.	2.789094285873765e-8	6.777227471257695	1.571915039331164
357.	0.	2.5644628983781092e-8	6.667645145784974	1.5507314134536376
358.	0.	2.3571583118194352e-8	6.557809692164234	1.5293629068498067
359.	0.	2.1659099311587962e-8	6.447804287208399	1.5078278593349197
359.99999999999994	0.	1.989546095787672e-8	6.337709555950634	1.4861442199108275
361.	0.	1.826957894984121e-8	6.227603578137387	1.4643295417625797
361.99999999999994	0.	1.6771260238553878e-8	6.117561897950545	1.4424009779733664
363.	0.	1.5390936651856216e-8	6.0076575365262945	1.4203752778699268
363.99999999999994	0.	1.4119835512696478e-8	5.897961007210209	1.3982687839967598
365.	0.	1.2949585036996199e-8	5.788540333290303	1.3760974296702055
366.	0.	1.1872680822949508e-8	5.679461068234375	1.3538767371301972
367.	0.	1.0881924210227574e-8	5.5707863180383255	1.3316218162074216
368.	0.	9.970714786547972e-9	5.462576765808551	1.3093473635454882
368.99999999999994	0.	9.133037442369898e-9	5.354890698183884	1.2870676622940656
370.	0.	8.363128224046995e-9	5.247784033687498	1.2647965823038994
370.99999999999994	0.	7.655753843784488e-9	5.14131035271704	1.2425475807628281
372.	0.	7.0060796292086116e-9	5.0355209291384435	1.220333703272826
372.99999999999994	0.	6.4095453718156394e-9	4.930464763348497	1.1981675853436269
374.	0.	5.862014238253445e-9	4.826188616630698	1.1760614542679744
375.	0.	5.3596096989789996e-9	4.722737046750857	1.154027131372505
376.	0.	4.898784772710987e-9	4.620152444739733	1.1320760346382475
377.	0.	4.476166720000518e-9	4.518475072619199	1.1102191816376834
378.	0.	4.088806454154403e-9	4.417743102058499	1.0884671927906937
379.	0.	3.733772018102415e-9	4.317992653893759	1.066830294928579
379.99999999999994	0.	3.408538467109848e-9	4.219257838333345	1.045318325127632
381.	0.	3.110694313340853e-9	4.121570795839371	1.023940734814457
381.99999999999994	0.	2.837975218498158e-9	4.024961738571506	1.0027065941193618
383.	0.	2.5883929775045094e-9	3.9294589922639207	0.9816245964496573
384.	0.	2.360026784180369e-9	3.835089038592343	0.9607030633007531
385.	0.	2.1511207633449716e-9	3.741876557785678	0.9399499492471992
386.	0.	1.960108737871587e-9	3.6498444715642706	0.9193728471371487
387.	0.	1.7855123311137075e-9	3.559013986207608	0.8989789934435322
388.	0.	1.6259394228304807e-9	3.4694046358335604	0.8787752737949849
388.99999999999994	0.	1.4801715073919475e-9	3.38103432565805	0.8587682286305048
390.	0.	1.3470370268397062e-9	3.293919375352954	0.8389640590093571
390.99999999999994	0.	1.2254978981280126e-9	3.2080745623068263	0.8193686325284631
392.	0.	1.1145577423519352e-9	3.123513164800848	0.7999874893516361
392.99999999999994	0.	1.013344935157758e-9	3.0402470050647175	0.7808258483428668
394.	0.	9.210509037333194e-10	2.9582864921357843	0.7618886132849818
395.	0.	8.36848365999017e-10	2.8776406644559214	0.7431803791674806
396.	0.	7.601301982336664e-10	2.7983172322388445	0.7247054385523942
397.	0.	6.902116066163262e-10	2.720322619494596	0.7064677879893114
397.99999999999994	0.	6.264900507533774e-10	2.643662005746893	0.688471134488818
399.	0.	5.68488688753049e-10	2.568339367294626	0.6707189020156868
399.99999999999994	0.	5.156791594137023e-10	2.4943575181487154	0.6532142380355442
401.	0.	4.676059296927846e-10	2.4217181504469734	0.635960020063232
401.99999999999994	0.	4.23881055979836e-10	2.3504218744429544	0.6189588622371688
403.	0.	3.841121340357933e-10	2.2804682579943236	0.6022131218995299
404.	0.	3.479483343087423e-10	2.2118558654964335	0.5857249061669803
405.	0.	3.1507776076107075e-10	2.144582296325631	0.5694960785078648
406.	0.	2.85224835997691e-10	2.0786442226597215	0.5535282652896967
407.	0.	2.580868218963733e-10	2.0140374267795993	0.5378228623230963
408.	0.	2.3345745285079273e-10	1.9507568377204987	0.5223810413658867
408.99999999999994	0.	2.1110108477370308e-10	1.8887965673192513	0.5072037565980096
410.	0.	1.908139637059729e-10	1.828149945648439	0.4922917510632209
410.99999999999994	0.	1.724216872531009e-10	1.7688095558249168	0.4776455630725547
412.	0.	1.5572296998421815e-10	1.7107672681121742	0.46326553254597536
412.99999999999994	0.	1.4059887726392795e-10	1.6540142734161163	0.44915180731708093
414.	0.	1.269014703062213e-10	1.598541116074424	0.43530434937195933
415.	0.	1.1449137262823636e-10	1.5443377260211317	0.4217229410422063
416.	0.	1.032376132938439e-10	1.491393450170313	0.408407191107521
417.	0.	9.30644682747806e-11	1.439697083236558	0.39535654086489785
417.99999999999994	0.	8.385336937073006e-11	1.3892368977669438	0.38257027010079053
419.	0.	7.552334458290308e-11	1.340000673537266	0.37004750300557204
419.99999999999994	0.	6.799783504915509e-11	1.2919757261924327	0.35778721399499186
421.	0.	6.11906335183881e-11	1.2451489352779073	0.3457882334766623
421.99999999999994	0.	5.5048540800235e-11	1.1995067714977412	0.3340492535138009
423.	0.	4.94945220049024e-11	1.1550353232952473	0.3225688334101346
424.	0.	4.448270985141323e-11	1.1117203227625334	0.31134540521527576
425.	0.	3.995719826317278e-11	1.0695471708398188	0.3003772791371729
426.	0.	3.5877910262004217e-11	1.0285009618343304	0.28966264886733417
426.99999999999994	0.	3.2195358277457204e-11	0.9885665072266853	0.2791995968072105
428.	0.	2.8874949401308577e-11	0.9497283588577823	0.2689860992193032
428.99999999999994	0.	2.5895050512364313e-11	0.9119708313551285	0.25902003126064327
430.	0.	2.3203018795786732e-11	0.8752780239769948	0.2492991719463251
430.99999999999994	0.	2.078155916453845e-11	0.8396338417241236	0.23982120899801382
432.	0.	1.860402453441011e-11	0.805022015807823	0.23058374359983835
432.99999999999994	0.	1.664560928527773e-11	0.7714261235157936	0.2215842950709561
434.	0.	1.4883288628127666e-11	0.7388296073510665	0.21282030541651048
435.	0.	1.3295756951235383e-11	0.7072157936196669	0.20428914380459223
436.	0.	1.1880422621853201e-11	0.6765679103224638	0.1959881109251527
437.	0.	1.0600929267424777e-11	0.6468691044595248	0.18791444325931841
437.99999999999994	0.	9.456617593802653e-12	0.6181024587337097	0.18006531725278957
439.	0.	8.430680562977193e-12	0.5902510076185464	0.172437853380549
439.99999999999994	0.	7.515115683732711e-12	0.5632977528589571	0.16502912012018034
441.	0.	6.6881169738258586e-12	0.5372256783905728	0.15783613782715358
441.99999999999994	0.	5.95066605372338e-12	0.5120177646705896	0.15085588250745943
443.	0.	5.2898763155131455e-12	0.4876570024453126	0.14408528949237653
444.	0.	4.700384870672218e-12	0.46412640598241867	0.13752125702116044
445.	0.	4.171060581928598e-12	0.4414090257395686	0.13116064972082972
446.	0.	3.7034093288082195e-12	0.419487960517342	0.12500030199474826
446.99999999999994	0.	3.2817053942637383e-12	0.3983463690634978	0.11903702130779746
448.	0.	2.9080250480469216e-12	0.3779674812089657	0.1132675913896591
448.99999999999994	0.	2.5736382511559297e-12	0.35833460845461035	0.10768877532974366
450.	0.	2.275649471298271e-12	0.33943115410057356	0.10229731858879053
450.99999999999994	0.	2.01128189853448e-12	0.32124062287755206	0.09708995191271977
452.	0.	1.7735403825169458e-12	0.30374663012103376	0.09206339415876792
453.	0.	1.5646353002446506e-12	0.2869329104731048	0.08721435502703463
454.	0.	1.3781960019134657e-12	0.2707833261651517	0.08253953771138196
455.	0.	1.2124807273906092e-12	0.25528187480897907	0.07803564144550783
455.99999999999994	0.	1.0658254827738631e-12	0.24041269684305902	0.07369936398667348
457.	0.	9.366432533492412e-13	0.2261600824667131	0.06952740398405959
457.99999999999994	0.	8.202439060628843e-13	0.21250847826369368	0.06551646329117991
459.	0.	7.187151115290064e-13	0.19944249335623063	0.06166324917174391
459.99999999999994	0.	6.278371493051581e-13	0.18694690523051563	0.05796447644019748
461.	0.	5.494666254448674e-13	0.17500666514455665	0.054416869507615255
461.99999999999994	0.	4.798280598012986e-13	0.16360690320362947	0.05101716435730246
463.	0.	4.181907830327038e-13	0.15273293309144623	0.047762110444686444
464.	0.	3.638612268093077e-13	0.14237025639935974	0.0446484725015942
465.	0.	3.1618236284404147e-13	0.13250456671243005	0.041673032292676264
466.	0.	2.745331157359724e-13	0.1231217532992558	0.03883259027446159
466.99999999999994	0.	2.364944611723568e-13	0.11420790452446833	0.036123967192445657
468.	0.	2.0530437396359706e-13	0.10574931095511256	0.033544005605595624
468.99999999999994	0.	1.768913854395115e-13	0.09773246816007025	0.031089571336318414
470.	0.	1.5258990916968617e-13	0.09014407925748018	0.028757554861706166
470.99999999999994	0.	1.3055973814183612e-13	0.08297105714196934	0.026544872622856364
472.	0.	1.1194596814445642e-13	0.07620052650172393	0.024448468285725732
473.	0.	9.515715979607214e-14	0.06981982552984531	0.022465313921611454
474.	0.	8.116765074372577e-14	0.0638165074175403	0.020592411133717247
475.	0.	6.960815953526637e-14	0.058178341617084496	0.018826792124652224
475.99999999999994	0.	5.922814229729042e-14	0.052893314835217205	0.017165520690750367
477.	0.	4.995337009447457e-14	0.04794963185949084	0.015605693174958572
477.99999999999994	0.	4.171116572812295e-14	0.04333571613007662	0.01414443934876452
479.	0.	3.511902690568877e-14	0.03904021013594094	0.012778923247439216
479.99999999999994	0.	2.9911037251066063e-14	0.03505197559123991	0.011506343943041585
481.	0.	2.472443844970968e-14	0.03136009343586719	0.010323936268286054
481.99999999999994	0.	2.0698643156997126e-14	0.027953863670819614	0.009228971493703327
483.	0.	1.7170046958640085e-14	0.02482280498634895	0.00821875794314393
484.	0.	1.4099157977365217e-14	0.021956654259972754	0.007290641571889038
484.99999999999994	0.	1.1447454237279683e-14	0.01934536586774673	0.006442006487691921
486.	0.	9.49384835636122e-15	0.016979110865896173	0.005670275432598159
486.99999999999994	0.	7.810257192901967e-15	0.01484827602074309	0.0049729102173034015
488.	0.	6.372081952403958e-15	0.01294346269225342	0.004347412108825597
488.99999999999994	0.	5.155375909988057e-15	0.011255485605768408	0.0037913221821455644
490.	0.	4.136844659957091e-15	0.009775371483875719	0.003302221625575573
491.	0.	3.293845838205552e-15	0.008494357570087615	0.0028777320096163633
491.99999999999994	0.	2.7490765644288165e-15	0.007403890027945451	0.002515515512973996
492.99999999999994	0.	2.1750766368866213e-15	0.006495622252511412	0.0022132751174443917
494.	0.	1.830149413249261e-15	0.005761413069669322	0.001968754762624132
495.	0.	1.55886328934096e-15	0.0051933248458154125	0.0017797394673655798
496.	0.	1.350799578959696e-15	0.004783621496744678	0.001644055413454252
496.99999999999994	0.	1.1958630260226895e-15	0.004524766440184978	0.001559570006069476
497.99999999999994	0.	1.0842803284823577e-15	0.00440942043633966	0.001524191891334405
499.	0.	1.0065984607488243e-15	0.004430439385958763	0.0015358709542007596
500.	0.	9.536827863362882e-16	0.004580872032155703	0.0015925982775907787
500.99999999999994	0.	9.167149833633855e-16	0.004853957629628544	0.001692406084231028
501.99999999999994	0.	9.980896221414707e-16	0.0052431235195988975	0.0018333676392856169
503.	0.	9.7933427461292e-16	0.005741982690891468	0.002013597141229734
504.	0.	9.543466801833638e-16	0.006344331238075399	0.0022312495694337994
505.	0.	1.0680532016254235e-15	0.007044145833495341	0.0024845205288277013
505.99999999999994	0.	1.0264415826259078e-15	0.00783558111571107	0.0027716460571494015
506.99999999999994	0.	1.1504702787329629e-15	0.00871296704993118	0.003090902413785658
508.	0.	1.0726007801952172e-15	0.00967080625989224	0.0034406058496889943
509.	0.	1.1966320209170188e-15	0.010703771324156598	0.0038191123555351594
509.99999999999994	0.	1.3304599457449235e-15	0.011806702056571554	0.004224817394802592
510.99999999999994	0.	1.1789833934974875e-15	0.0129746027363455	0.004656155609133053
512.	0.	1.3008707101874543e-15	0.014202639351367861	0.005111600518374463
513.	0.	1.4297517924990858e-15	0.015486136795953556	0.005589664194035744
514.	0.	1.1740137734773318e-15	0.01682057607769587	0.006088896925478098
514.9999999999999	0.	1.2805490392956928e-15	0.018201591492502722	0.006607886863911155
516.	0.	1.3917183333618232e-15	0.01962496780815707	0.007145259658505073
517.	0.	1.5073228618960916e-15	0.021086637428549316	0.007699678074366009
518.	0.	1.6271663864802445e-15	0.022582677564347415	0.008269841601521303
518.9999999999999	0.	1.1673701747824324e-15	0.024109307401374288	0.008854486051606271
520.	0.	1.2525323150981312e-15	0.02566288526270155	0.009452383140615899
521.	0.	1.3401384426715747e-15	0.027239905789197213	0.010062340066661336
522.	0.	1.4300647835942078e-15	0.028836997113474924	0.01068319907343456
523.	0.	1.5221893782409947e-15	0.030450918043103556	0.011313837005071018
524.	0.	1.6163920995693593e-15	0.032078555270983355	0.011953164858997053
525.	0.	8.562773341974253e-16	0.03371692056611953	0.012600127319334027
526.	0.	9.052803345595728e-16	0.03536314801561347	0.013253702297097469
527.	0.	9.551477812305257e-16	0.0370144912500929	0.013912900451947067
527.9999999999999	0.	1.0058233488099438e-15	0.038668320702075015	0.01457676471386251
529.	0.	1.0572516617393315e-15	0.04032212088987396	0.015244369802046197
530.	0.	1.1093782987731089e-15	0.04197348770294688	0.015914821731950964
531.	0.	1.162149797237275e-15	0.043620125724980016	0.01658725732409238
532.	0.	1.2155136563187954e-15	0.04525984556639261	0.017260843703976646
533.	0.	1.269418340272461e-15	0.046890561240428875	0.017934777806130873
534.	0.	1.3238132804391795e-15	0.04851028754184636	0.018608285866692654
535.	0.	1.378648877188801e-15	0.05011713747046152	0.01928062292068224
536.	0.	1.4338765009728325e-15	0.051709319669649756	0.019951072292613378
536.9999999999999	0.	1.4894484929950174e-15	0.053285135899083395	0.02061894508786875
538.	0.	1.5453181655767703e-15	0.05484297854449972	0.021283579686036207
539.	0.	0.	0.05638132813274638	0.02194434122398856
540.	0.	0.	0.05789875091119609	0.022600621091659733
540.9999999999999	0.	0.	0.05939389643101657	0.02325183641718791
542.	0.	0.	0.06086549517657896	0.02389742955790711
543.	0.	0.	0.06231235622709831	0.02453686759192868
544.	0.	0.	0.06373336494446907	0.025169641808040592
545.	0.	0.	0.06512748070633995	0.02579526720152896
545.9999999999999	0.	0.	0.06649373466145836	0.026413281967017536
547.	0.	0.	0.0678312275247206	0.027023246995305852
548.	0.	0.	0.06913912741483953	0.027624745375549743
549.	0.	0.	0.0704166677139271	0.028217381894693
549.9999999999999	0.	0.	0.07166314497141076	0.028800782543196592
551.	0.	0.	0.07287791684233112	0.029374594023282047
552.	0.	0.	0.07406040006244206	0.029938483260810517
553.	0.	0.	0.07521006845353304	0.030492136918296834
554.	0.	0.	0.07632645097570277	0.03103526091597941
554.9999999999999	0.	0.	0.07740912980596823	0.03156757995279312
556.	0.	0.	0.07845773846045372	0.03208883703438853
557.	0.	0.	0.07947195994575298	0.032598793002521824
558.	0.	0.	0.0804515249574562	0.03309722607333453
558.9999999999999	0.	0.	0.08139621010143284	0.033583931374723514
560.	0.	0.	0.08230583616618409	0.03405872049458421
561.	0.	0.	0.08318026641563596	0.03452142102752741
562.	0.	0.	0.08401940493353906	0.03497187613309483
563.	0.	0.	0.08482319499121226	0.03540994409399536
563.9999999999999	0.	0.	0.08559161746016618	0.0358354978834629
565.	0.	0.	0.08632468925235552	0.036248424734761406
566.	0.	0.	0.08702246180202744	0.03664862571884463
567.	0.	0.	0.08768501958126977	0.03703601532708274
567.9999999999999	0.	0.	0.08831247864655216	0.03741052105809316
569.	0.	0.	0.0889049852252057	0.037772083012636744
570.	0.	0.	0.08946271433037266	0.03812065349193762
571.	0.	0.	0.08998586841677957	0.038456196604849495
572.	0.	0.	0.0904746760626246	0.03877868787782121
572.9999999999999	0.	0.	0.09092939069237742	0.03908811387415531
574.	0.	0.	0.09135028932358054	0.03938447181552855
575.	0.	0.	0.09173767135651928	0.03966776921405362
576.	0.	0.	0.09209185738598735	0.03993802350615753
576.9999999999999	0.	0.	0.09241318805318802	0.040195261696230014
578.	0.	0.	0.0927020229214546	0.0404395200031941
579.	0.	0.	0.09295873939089021	0.04067084351672699
580.	0.	0.	0.09318373163659856	0.04088928585667626
581.	0.	0.	0.09337740958039836	0.04109490884014744
582.	0.	0.	0.09354019789341307	0.041287782155335954
583.	0.	0.	0.09367253502347377	0.04146798303962107
584.	0.	0.	0.09377487225766491	0.04163559596665142
585.	0.	0.	0.09384767280570797	0.04179071233630272
585.9999999999999	0.	0.	0.09389141091964881	0.04193343017452565
587.	0.	0.	0.09390657103310766	0.04206385383584978
588.	0.	0.	0.09389364693425506	0.04218209371501593
589.	0.	0.	0.09385314095955992	0.04228826596214052
589.9999999999999	0.	0.	0.09378556321825438	0.04238249220603258
591.	0.	0.	0.09369143084075421	0.04246489928282283
592.	0.	0.	0.0935712672508275	0.04253561896996378
593.	0.	0.	0.09342560146461842	0.042594787727184
594.	0.	0.	0.09325496741359597	0.04264254644324451
594.9999999999999	0.	0.	0.09305990329044485	0.04267904018821717
596.	0.	0.	0.09284095091764111	0.042704417971321636
597.	0.	0.	0.09259865514214582	0.042718832506070135
598.	0.	0.	0.09233356324857722	0.042722439979375325
598.9999999999999	0.	0.	0.09204622439666499	0.04271539982744246
600.	0.	0.	0.09173718907976212	0.04269787451712455
601.	0.	0.	0.09140700860430896	0.04267002933284616
602.	0.	0.	0.09105623458858429	0.042632032168468524
603.	0.	0.	0.09068541848574165	0.04258405332658829
603.9999999999999	0.	0.	0.09029511111899508	0.04252626531973769
605.	0.	0.	0.08988586224613507	0.04245884268168534
606.	0.	0.	0.08945822013238477	0.042381961779133094
607.	0.	0.	0.08901273114926908	0.04229580063224748
607.9999999999999	0.	0.	0.08854993938745127	0.042200538738505676
609.	0.	0.	0.08807038628939325	0.042096356902752936
610.	0.	0.	0.08757461029769667	0.0419834370716445
611.	0.	0.	0.08706314651816426	0.0418619621721346
612.	0.	0.	0.08653652640462461	0.04173211595751687
612.9999999999999	0.	0.	0.08599527745307396	0.041594082855187856
614.	0.	0.	0.08543992291558455	0.04144804782125781
615.	0.	0.	0.08487098152848736	0.04129419619951298
616.	0.	0.	0.08428896725282574	0.04113271358386021
616.9999999999999	0.	0.	0.08369438903190696	0.04096378568671953
618.	0.	0.	0.0830877505607341	0.040787598210944555
619.	0.	0.	0.08246955006968282	0.04060433672653787
620.	0.	0.	0.08184028012122546	0.04041418655168417
621.	0.	0.	0.0812004274180836	0.04021733263741663
621.9999999999999	0.	0.	0.08055047262638329	0.04001395945778346
623.	0.	0.	0.07989089020700595	0.03980425090225953
624.	0.	0.	0.07922214826242803	0.03958839017411167
625.	0.	0.	0.07854470839107822	0.039366559690864354
625.9999999999999	0.	0.	0.07785902555607917	0.03913894099038087
627.	0.	0.	0.07716554796050647	0.03890571463872154
628.	0.	0.	0.07646471693837406	0.038667060144494836
629.	0.	0.	0.07575696684895027	0.03842315587356054
629.9999999999999	0.	0.	0.0750427249854928	0.038174178969747084
630.9999999999999	0.	0.	0.07432241149171682	0.037920305278314755
632.	0.	0.	0.07359643928699074	0.03766170927273854
633.	0.	0.	0.07286521399996684	0.03739856398474517
634.	0.	0.	0.07212913391016636	0.03713104093743658
634.9999999999999	0.	0.	0.07138858989980208	0.03685931008275165
636.	0.	0.	0.07064396541096299	0.03658353974084455
637.	0.	0.	0.06989563641084597	0.03630389654282421
638.	0.	0.	0.06914397136453541	0.036020545376671126
638.9999999999999	0.	0.	0.06838933121456514	0.035733649336009934
640.	0.	0.	0.06763206936783299	0.035443369672103694
641.	0.	0.	0.06687253168697048	0.03514986574761959
642.	0.	0.	0.066111056489729	0.03485329499409071
643.	0.	0.	0.06534797455376523	0.03455381287176911
643.9999999999999	0.	0.	0.0645836091267999	0.034251572831919416
645.	0.	0.	0.06381827594206384	0.03394672628155694
646.	0.	0.	0.06305228323952153	0.0336394225509498
647.	0.	0.	0.062285931791300736	0.03332980886311083
647.9999999999999	0.	0.	0.061519514933209084	0.03301803030632661
649.	0.	0.	0.06075331859859602	0.03270422980778654
650.	0.	0.	0.05998762135906591	0.032388548110758794
651.	0.	0.	0.059222694466668994	0.032071123752492964
652.	0.	0.	0.058458801903072045	0.03175209304584746
652.9999999999999	0.	0.	0.057696200428941004	0.0314315900610352
654.	0.	0.	0.05693513964032071	0.031109746611203533
655.	0.	0.	0.05617586202625808	0.030786692238772697
656.	0.	0.	0.055418603029084995	0.03046255420332862
656.9999999999999	0.	0.	0.054663591110146605	0.030137457472642192
658.	0.	0.	0.053911047816507685	0.029811524714406824
659.	0.	0.	0.05316118785023031	0.02948487628959269
660.	0.	0.	0.052414219141101184	0.02915763024794547
661.	0.	0.	0.05167034292184937	0.028829902325130167
661.9999999999999	0.	0.	0.05092975380406521	0.028501805940560333
663.	0.	0.	0.05019263985750811	0.028173452197427826
664.	0.	0.	0.04945918269182374	0.027844949884431192
665.	0.	0.	0.04872955753811382	0.02751640547779018
665.9999999999999	0.	0.	0.0480039333336419	0.027187923145410773
667.	0.	0.	0.04728247280771155	0.026859604752128025
668.	0.	0.	0.0465653325696108	0.026531549866555395
669.	0.	0.	0.045852663195728366	0.026203855767919542
670.	0.	0.	0.04514460932032856	0.02587661745544713
670.9999999999999	0.	0.	0.04444130972652662	0.025549927658366924
672.	0.	0.	0.04374289743719685	0.025223876846380843
673.	0.	0.	0.04304949980754579	0.024898553241615246
674.	0.	0.	0.04236123861936252	0.02457404283208508
674.9999999999999	0.	0.	0.04167823017381989	0.024250429384877443
676.	0.	0.	0.04100058538676909	0.02392779446135117
677.	0.	0.	0.04032840988290359	0.02360621743226306
678.	0.	0.	0.03966180409172936	0.023285775494544178
678.9999999999999	0.	0.	0.039000863342755196	0.022966543688229746
679.9999999999999	0.	0.	0.038345677961588324	0.02264859491453998
681.	0.	0.	0.037696333365138904	0.02233199995406349
682.	0.	0.	0.03705291015848765	0.02201682748656133
683.	0.	0.	0.03641548422986074	0.02170314411030038
683.9999999999999	0.	0.	0.035784126847200955	0.021391014362985728
685.	0.	0.	0.03515890475338255	0.021080500742553028
686.	0.	0.	0.034539880261696236	0.020771663728786662
687.	0.	0.	0.0339271113512338	0.020464561805556718
687.9999999999999	0.	0.	0.03332065176119877	0.020159251483088985
688.9999999999999	0.	0.	0.03272055108575448	0.01985578732124537
690.	0.	0.	0.03212685486789217	0.01955422195290232
691.	0.	0.	0.03153960469253714	0.01925460610756054
692.	0.	0.	0.030958838279823667	0.01895698863575373
692.9999999999999	0.	0.	0.030384589577086386	0.018661416533372898
694.	0.	0.	0.029816888850726114	0.01836793496661879
695.	0.	0.	0.029255762777118794	0.018076587297066175
696.	0.	0.	0.028701234532758076	0.017787415106965
696.9999999999999	0.	0.	0.028153323883667692	0.017500458224791564
698.	0.	0.	0.02761204727425508	0.017215754751162098
699.	0.	0.	0.027077417915294003	0.01693334108491
700.	0.	0.	0.026549445870424588	0.01665325194894375
701.	0.	0.	0.026028138142705874	0.01637552041684109
701.9999999999999	0.	0.	0.02551349875961298	0.016100177939171345
703.	0.	0.	0.02500552885760004	0.01582725437024627
704.	0.	0.	0.02450422676471601	0.01555677799434026
705.	0.	0.	0.02400958808338126	0.015288775552708097
705.9999999999999	0.	0.	0.023521605771808455	0.01502327227043655
707.	0.	0.	0.023040270223801562	0.014760291882956076
708.	0.	0.	0.022565569348161344	0.014499856662985198
709.	0.	0.	0.022097488647046516	0.014241987447491514
710.	0.	0.	0.02163601129256786	0.013986703664196881
710.9999999999999	0.	0.	0.021181118203377283	0.013734023358754595
712.	0.	0.	0.02073278811879186	0.013483963221005105
713.	0.	0.	0.020290997673278008	0.01323653861212778
714.	0.	0.	0.01985572146854289	0.012991763590903963
714.9999999999999	0.	0.	0.019426932145452196	0.01274965094051778
716.	0.	0.	0.019004600453884805	0.012510212194660496
717.	0.	0.	0.01858869532232974	0.01227345766410745
718.	0.	0.	0.018179183925973657	0.012039396462945166
719.	0.	0.	0.01777603175328652	0.011808036534436885
719.9999999999999	0.	0.	0.01737920267199949	0.01157938467711403
721.	0.	0.	0.01698865899373328	0.011353446570590986
722.	0.	0.	0.016604361537067416	0.01113022680095676
723.	0.	0.	0.016226269690234045	0.01090972888652075
723.9999999999999	0.	0.	0.015854341471824684	0.01069195530283004
725.	0.	0.	0.015488533591044688	0.010476907507974174
726.	0.	0.	0.015128801506239848	0.010264585967313944
727.	0.	0.	0.01477509948251786	0.010054990178175072
727.9999999999999	0.	0.	0.014427380648437394	0.009848118694482384
728.9999999999999	0.	0.	0.014085597050897234	0.009643969150735938
730.	0.	0.	0.013749699709776169	0.0094425382863706
731.	0.	0.	0.01341963867057812	0.009243821969304986
732.	0.	0.	0.013095363056445933	0.009047815219594444
732.9999999999999	0.	0.	0.012776821118880975	0.008854512232730524
734.	0.	0.	0.012463960287580901	0.008663906402856306
735.	0.	0.	0.012156727218541887	0.008475990345299618
736.	0.	0.	0.011855067841953911	0.008290755919472533
736.9999999999999	0.	0.	0.011558927408106911	0.008108194250888401
737.9999999999999	0.	0.	0.0112682505329293	0.007928295753416232
739.	0.	0.	0.010982981241885794	0.007751050150872795
740.	0.	0.	0.010703063013345237	0.00757644649872044
741.	0.	0.	0.010428438820285768	0.007404473205064538
741.9999999999999	0.	0.	0.010159051171548174	0.007235118051792757
743.	0.	0.	0.00989484215162777	0.007068368215133893
744.	0.	0.	0.009635753459569059	0.006904210286023748
745.	0.	0.	0.009381726447028725	0.006742630290317416
745.9999999999999	0.	0.	0.009132702154901702	0.006583613708403723
746.9999999999999	0.	0.	0.008888621349500638	0.00642714549491962
748.	0.	0.	0.008649424557298665	0.006273210097847933
749.	0.	0.	0.008415052098923716	0.006121791477478224
750.	0.	0.	0.008185444122196128	0.0059728731250744795
750.9999999999999	0.	0.	0.007960540634125506	0.005826438081177377
752.	0.	0.	0.007740281532134385	0.005682468953725101
753.	0.	0.	0.00752460663415575	0.005540947935726538
754.	0.	0.	0.007313455707995367	0.005401856822761144
754.9999999999999	0.	0.	0.00710676849978219	0.0052651770301686785
756.	0.	0.	0.006904484761379941	0.0051308896098231005
757.	0.	0.	0.006706544277308286	0.004998975266887471
758.	0.	0.	0.006512886890206561	0.004869414375823089
759.	0.	0.	0.006323452526252058	0.004742186996693307
759.9999999999999	0.	0.	0.006138181218937481	0.00461727289056331
761.	0.	0.	0.00595701313265238	0.004494651535065131
762.	0.	0.	0.005779888585141511	0.004374302139425741
763.	0.	0.	0.005606748069436398	0.0042562036593964785
763.9999999999999	0.	0.	0.0054375322745902075	0.004140334811569127
765.	0.	0.	0.005272182106242038	0.004026674087846113
766.	0.	0.	0.005110638705837853	0.003915199769165645
767.	0.	0.	0.004952843469651112	0.0038058899393439115
768.	0.	0.	0.004798738066779913	0.003698722498397079
768.9999999999999	0.	0.	0.004648264456398079	0.0035936751755456142
770.	0.	0.	0.004501364904568305	0.0034907255421287196
771.	0.	0.	0.004357982000291097	0.0033898510241730366
772.	0.	0.	0.004218058670670377	0.0032910289145103465
772.9999999999999	0.	0.	0.004081538195824177	0.003194236384925419
774.	0.	0.	0.003948364222732309	0.0030994504976978887
775.	0.	0.	0.0038184807789723714	0.0030066482172711978
776.	0.	0.	0.0036918322852128012	0.0029158064211565215
776.9999999999999	0.	0.	0.003568363567768177	0.0028269019110863467
777.9999999999999	0.	0.	0.003448019870090601	0.0027399114235268445
779.	0.	0.	0.003330746863927293	0.0026548116401143088
780.	0.	0.	0.003216490659831591	0.0025715791977627355
781.	0.	0.	0.0031051978171597783	0.002490190698538992
781.9999999999999	0.	0.	0.002996815353621288	0.0024106227193541837
783.	0.	0.	0.002891290754069824	0.002332851821211758
784.	0.	0.	0.0027885719790902855	0.0022568545584516963
785.	0.	0.	0.0026886074728904715	0.002182607487589245
785.9999999999999	0.	0.	0.0025913461707383406	0.002110087175934467
786.9999999999999	0.	0.	0.0024967375060418336	0.0020392702100656282
788.	0.	0.	0.0024047314167725277	0.0019701332039060724
789.	0.	0.	0.0023152783516748143	0.0019026528067589957
790.	0.	0.	0.0022283292758121676	0.0018368057109265877
790.9999999999999	0.	0.	0.002143835675910008	0.001772568659284481
792.	0.	0.	0.0020617495650685747	0.0017099184524541778
793.	0.	0.	0.0019820234872734315	0.0016488319559202359
794.	0.	0.	0.0019046105213244287	0.001589286106772733
794.9999999999999	0.	0.	0.0018294642846026841	0.0015312579204172802
795.9999999999999	0.	0.	0.0017565389362048324	0.0014747244968552023
797.	0.	0.	0.0016857891799976097	0.0014196630269894645
798.	0.	0.	0.001617170267087657	0.0013660507985290668
799.	0.	0.	0.001550637998128279	0.001313865201839533
799.9999999999999	0.	0.	0.0014861487251189422	0.001263083735444921
801.	0.	0.	0.001423659353116936	0.0012136840115303147
802.	0.	0.	0.001363127341370954	0.0011656437610247355
803.	0.	0.	0.0013045107044122664	0.0011189408387140352
803.9999999999999	0.	0.	0.0012477680126704558	0.0010735532280111144
804.9999999999999	0.	0.	0.0011928583928861498	0.0010294590456102904
806.	0.	0.	0.001139741528283593	0.0009866365459901831
807.	0.	0.	0.0010883776583418116	0.0009450641256218335
808.	0.	0.	0.0010387275784838768	0.0009047203271525121
808.9999999999999	0.	0.	0.000990752639425095	0.0008655838433380987
810.	0.	0.	0.0009444147462781011	0.0008276335208036325
811.	0.	0.	0.0008996763574763134	0.0007908483636820357
812.	0.	0.	0.000856500483403794	0.0007552075370288901
812.9999999999999	0.	0.	0.0008148506849229123	0.0007206903701774525
814.	0.	0.	0.0007746910715822214	0.0006872763598385541
815.	0.	0.	0.0007359862996961452	0.0006549451731110435
816.	0.	0.	0.0006987015701806437	0.0006236766502956917
816.9999999999999	0.	0.	0.0006628026262870258	0.0005934508076363774
817.9999999999999	0.	0.	0.0006282557510736945	0.0005642478398419675
819.	0.	0.	0.000595027764757288	0.0005360481225118843
820.	0.	0.	0.0005630860218666075	0.0005088322143931863
821.	0.	0.	0.0005323984083365284	0.0004825808595901609
821.9999999999999	0.	0.	0.0005029333382857756	0.0004572749894918728
823.	0.	0.	0.0004746597508091402	0.0004328957247132381
824.	0.	0.	0.0004475471065395088	0.0004094243768255606
825.	0.	0.	0.00042156538414184436	0.0003868424500210361
825.9999999999999	0.	0.	0.0003966850766471946	0.0003651316426246728
826.9999999999999	0.	0.	0.00037287718763813265	0.0003442738484609751
828.	0.	0.	0.00035011322741456644	0.0003242511581915983
829.	0.	0.	0.00032836520895642004	0.0003050458604526629
830.	0.	0.	0.0003076056438614367	0.00028664044295364225
830.9999999999999	0.	0.	0.00028780753808765094	0.000269017593377577
832.	0.	0.	0.0002689443877745935	0.00025216020033521925
833.	0.	0.	0.00025099017477349264	0.0002360513540267321
834.	0.	0.	0.0002339193622428863	0.000220674346940806
834.9999999999999	0.	0.	0.00021770689013212918	0.00020601267442405444
835.9999999999999	0.	0.	0.00020232817056482162	0.0001920500351294952
837.	0.	0.	0.00018775908318980332	0.0001787703314059222
838.	0.	0.	0.0001739759704483958	0.00016615766957804357
839.	0.	0.	0.00016095563277714837	0.00015419636013360512
839.9999999999999	0.	0.	0.0001486753238244826	0.00014287091789099142
841.	0.	0.	0.0001371127455083458	0.00013216606198036476
842.	0.	0.	0.00012624604311356708	0.00012206671582670235
843.	0.	0.	0.00011605380034382112	0.00011255800705229678
843.9999999999999	0.	0.	0.00010651503424464421	0.00010362526721608328
844.9999999999999	0.	0.	0.00009760919024894646	0.00009525403163173347
846.	0.	0.	0.00008931613703301384	0.00008743003896114156
847.	0.	0.	0.00008161616145499728	0.0000801392308457391
848.	0.	0.	0.00007448996342364811	0.0000733677514267577
848.9999999999999	0.	0.	0.00006791865074713676	0.00006710194680165626
850.	0.	0.	0.00006188373398742916	0.00006132836444073577
851.	0.	0.	0.000056367121274720685	0.00005603375251831486
852.	0.	0.	0.00005135111313267537	0.00005120505920739268
852.9999999999999	0.	0.	0.000046818397267749734	0.0000468294318907207
853.9999999999999	0.	0.	0.00004275204339473092	0.000042894216359134716
855.	0.	0.	0.00003913549801359837	0.00003938695591178466
856.	0.	0.	0.00003595257922425318	0.000036295390443891415
857.	0.	0.	0.000033187471505935565	0.00003360745544800581
857.9999999999999	0.	0.	0.00003082472055776733	0.00003131128102524255
859.	0.	0.	0.000028849228078071133	0.0000293951907824406
860.	0.	0.	0.000027246246592982	0.000027847700726097582
861.	0.	0.	0.000026001374314006186	0.00002665751813259324
861.9999999999999	0.	0.	0.00002510054994958889	0.000025813540317490858
863.	0.	0.	0.000024530047588508736	0.00002530485342372565
864.	0.	0.	0.000024276471590435915	0.000025120731162564748
865.	0.	0.	0.00002432675144891689	0.000025250633470712033
865.9999999999999	0.	0.	0.000024668136759447132	0.00002568420522029885
866.9999999999999	0.	0.	0.00002528819210966744	0.0000264112747922415
868.	0.	0.	0.00002617479210391714	0.000027421852732809404
869.	0.	0.	0.000027316116315561787	0.000028706130278571818
870.	0.	0.	0.000028700644325932784	0.000030254477914726184
870.9999999999999	0.	0.	0.00003031715077313566	0.00003205744388689499
872.	0.	0.	0.00003215470043367066	0.000034105752690124935
873.	0.	0.	0.00003420264333356001	0.00003639030353159299
874.	0.	0.	0.000036450609891964316	0.00003890216877006476
874.9999999999999	0.	0.	0.0000388885061077295	0.000041632592343289955
875.9999999999999	0.	0.	0.000041506508782101816	0.000044572988176249595
877.	0.	0.	0.000044295060740890394	0.00004771493853077962
878.	0.	0.	0.00004724486616706521	0.00005105019241572124
879.	0.	0.	0.000050346885886142576	0.0000545706638885004
879.9999999999999	0.	0.	0.00005359233276455116	0.00005826843042044964
881.	0.	0.	0.00005697266710324745	0.00006213573119932455
882.	0.	0.	0.00006047959208550729	0.00006616496543263516
883.	0.	0.	0.00006410504927539012	0.00007034869064841503
883.9999999999999	0.	0.	0.00006784121414607518	0.00007467962097102633
884.9999999999999	0.	0.	0.00007168049164803765	0.00007915062538286054
886.	0.	0.	0.00007561551184514269	0.00008375472600334547
887.	0.	0.	0.00007963912556465812	0.00008848509632600734
888.	0.	0.	0.00008374440011415661	0.00009333505947229
888.9999999999999	0.	0.	0.00008792461504091152	0.00009829808643567882
890.	0.	0.	0.00009217325791213121	0.0001033677942921043
891.	0.	0.	0.00009648402018836246	0.00010853794445784991
892.	0.	0.	0.00010085079310551968	0.00011380244090092031
892.9999999999999	0.	0.	0.00010526766360131898	0.00011915532834599985
893.9999999999999	0.	0.	0.0001097289103384264	0.00012459079053269093
895.	0.	0.	0.00011422899970575293	0.00013010314839358587
896.	0.	0.	0.00011876258192519999	0.00013568685829645815
897.	0.	0.	0.00012332448717371236	0.00014133651024903453
897.9999999999999	0.	0.	0.00012790972176594025	0.0001470468261182277
899.	0.	0.	0.0001325134643842747	0.0001528126578492009
900.	0.	0.	0.00013713106236343698	0.0001586289856932161
901.	0.	0.	0.00014175802800416623	0.0001644909164152505
901.9999999999999	0.	0.	0.00014639003495795966	0.0001703936815303872
902.9999999999999	0.	0.	0.00015102291465134132	0.00017633263553313365
904.	0.	0.	0.00015565265275492378	0.0001823032541262656
905.	0.	0.	0.00016027538571343404	0.0001883011324685882
906.	0.	0.	0.0001648873973074714	0.00019432198340809862
906.9999999999999	0.	0.	0.00016948511528162955	0.00020036163574152916
908.	0.	0.	0.00017406510801289729	0.00020641603247057195
909.	0.	0.	0.00017862408121802572	0.00021248122905332463
910.	0.	0.	0.00018315887473277165	0.0002185533916909143
910.9999999999999	0.	0.	0.00018766645932469253	0.00022462879560426207
911.9999999999999	0.	0.	0.00019214393354915764	0.0002307038233133222
913.	0.	0.	0.00019658852066235425	0.00023677496293530705
914.	0.	0.	0.00020099756558681622	0.00024283880649779175
914.9999999999999	0.	0.	0.00020536853191023696	0.0002488920482440939
915.9999999999999	0.	0.	0.0002096989989405757	0.0002549314829588746
917.	0.	0.	0.00021398665881323446	0.0002609540043100195
918.	0.	0.	0.00021822931363681366	0.000266956603190957
919.	0.	0.	0.0002224248726820463	0.0002729363660694804
919.9999999999999	0.	0.	0.00022657134963255583	0.000278890473366457
921.	0.	0.	0.0002306668598666501	0.000284816197827824
922.	0.	0.	0.00023470961779264727	0.00029071090291771104
923.	0.	0.	0.00023869793422955565	0.00029657204122335523
923.9999999999999	0.	0.	0.00024263021382710468	0.0003023971528653507
924.9999999999999	0.	0.	0.00024650495254247104	0.0003081838639351051
926.	0.	0.	0.0002503207351448317	0.00031392988492420207
927.	0.	0.	0.000254076232777799	0.0003196330091842571
928.	0.	0.	0.000257770200564732	0.00032529111139876506
928.9999999999999	0.	0.	0.00026140147524437714	0.000330902146051925
930.	0.	0.	0.0002649689728709319	0.0003364641459383855
931.	0.	0.	0.00026847168653351927	0.00034197522065699144
932.	0.	0.	0.0002719086841360754	0.000347433555142202
932.9999999999999	0.	0.	0.0002752791062119569	0.00035283740820018535
933.9999999999999	0.	0.	0.0002785821637734166	0.0003581851110510615
935.	0.	0.	0.00028181713622129663	0.00036347506591010754
936.	0.	0.	0.0002849833692703157	0.00036870574455171785
937.	0.	0.	0.0002880802729323604	0.0003738756869106246
937.9999999999999	0.	0.	0.00029110731953834205	0.00037898349969696734
939.	0.	0.	0.00029406404178813715	0.0003840278550112731
940.	0.	0.	0.0002969500308514335	0.0003890074889905193
941.	0.	0.	0.00029976493449793547	0.00039392120045708375
941.9999999999999	0.	0.	0.00030250845527384564	0.00039876784959426393
942.9999999999999	0.	0.	0.00030518034871137315	0.0004035463566306974
944.	0.	0.	0.0003077804215700468	0.0004082557005331957
945.	0.	0.	0.0003103085301291326	0.0004128949177344869
946.	0.	0.	0.0003127645784988839	0.00041746310085286867
946.9999999999999	0.	0.	0.000315148516980438	0.00042195939744483644
948.	0.	0.	0.00031746034045668876	0.0004263830087673067
949.	0.	0.	0.0003197000868153938	0.0004307331885520488
950.	0.	0.	0.00032186783541093107	0.00043500924180131826
950.9999999999999	0.	0.	0.0003239637055537004	0.00043921052359076194
951.9999999999999	0.	0.	0.00032598785504501696	0.00044333643790390754
953.	0.	0.	0.0003279404787286285	0.000447386436460187
954.	0.	0.	0.00032982180708756805	0.0004513600175760815
954.9999999999999	0.	0.	0.0003316321048678619	0.0004552567250346045
955.9999999999999	0.	0.	0.0003333716697345293	0.0004590761469708369
957.	0.	0.	0.00033504083095756333	0.00046281791477210157
958.	0.	0.	0.00033663994812989107	0.00046648170199475376
959.	0.	0.	0.00033816940991703633	0.0004700672232986658
959.9999999999999	0.	0.	0.0003396296328320328	0.0004735742333910061
960.9999999999999	0.	0.	0.00034102106004270556	0.00047700252598901344
962.	0.	0.	0.0003423441602106025	0.0004803519328026082
963.	0.	0.	0.00034359942634995804	0.0004836223225199778
963.9999999999999	0.	0.	0.0003447873747234619	0.0004868135998210976
964.9999999999999	0.	0.	0.00034590854375993874	0.0004899257043979412
966.	0.	0.	0.00034696349300107073	0.0004929586099933436
967.	0.	0.	0.00034795280207536555	0.0004959123234544932
968.	0.	0.	0.00034887706969453914	0.000498786883797094
968.9999999999999	0.	0.	0.0003497369126823365	0.0005015823612930629
969.9999999999999	0.	0.	0.0003505329650232974	0.0005042988565655147
971.	0.	0.	0.00035126587693451775	0.0005069364996957706
972.	0.	0.	0.0003519363139704168	0.0005094954493566847
972.9999999999999	0.	0.	0.000352544956142439	0.0005119758919480089
973.9999999999999	0.	0.	0.00035309249706825787	0.0005143780407539651
975.	0.	0.	0.00035357964313987856	0.0005167021351090049
976.	0.	0.	0.00035400711271988566	0.0005189484395857452
977.	0.	0.	0.0003543756353521345	0.0005211172431849109
977.9999999999999	0.	0.	0.0003546859510036414	0.0005232088585530851
979.	0.	0.	0.00035493880932123157	0.0005252236212040218
980.	0.	0.	0.0003551349689100438	0.0005271618887550299
980.9999999999999	0.	0.	0.0003552751966379886	0.0005290240401840242
982.	0.	0.	0.0003553602669539216	0.0005308104750907846
982.9999999999999	0.	0.	0.0003553909612272727	0.0005325216129734391
983.9999999999999	0.	0.	0.00035536806711491514	0.0005341578925294136
985.	0.	0.	0.0003552923779327862	0.0005357197709482537
985.9999999999999	0.	0.	0.00035516469206121464	0.0005372077232394062
987.	0.	0.	0.0003549858123576828	0.0005386222415564833
988.	0.	0.	0.0003547565455945334	0.0005399638345445488
988.9999999999999	0.	0.	0.00035447770191174565	0.0005412330266954419
990.	0.	0.	0.0003541500942841553	0.0005424303577120294
990.9999999999999	0.	0.	0.00035377453801327846	0.0005435563818959639
992.	0.	0.	0.0003533518502281406	0.0005446116675355029
993.	0.	0.	0.00035288284940725314	0.0005455967963135039
993.9999999999999	0.	0.	0.00035236835491320395	0.0005465123627217087
995.	0.	0.	0.0003518091865469612	0.0005473589734934939
995.9999999999999	0.	0.	0.00035120616411180375	0.0005481372470393181
997.	0.	0.	0.000350560106999235	0.0005488478129045082
998.	0.	0.	0.0003498718337834907	0.0005494913112292746
998.9999999999999	0.	0.	0.00034914216183314637	0.0005500683922241798
1000.	0.	0.	0.00034837190693710716	0.0005505797156572234