0.	0.	0.	0.	0.
1.	7.087423880337197e-12	1.194593673235732e-13	1.238310183265318e-16	1.2404433924796532e-19
2.	8.823173983131658e-13	4.4873780460749593e-13	4.825079290580536e-16	4.841749240321819e-19
3.	4.774172261530958e-14	9.477536779250288e-13	1.0577691467362495e-15	1.0632658700760676e-18
4.	1.7470510825884004e-15	1.5808815085571124e-12	1.832516750099578e-15	1.8452484872996863e-18
5.	5.047234784006881e-17	2.3165928153219173e-12	2.790682441683042e-15	2.814984568965159e-18
6.	1.240612258160938e-18	3.1271178928921567e-12	3.917110795919976e-15	3.9581558960703616e-18
7.	2.7075307451638394e-20	3.988128500514083e-12	5.197458029106448e-15	5.2611683568795145e-18
8.	5.391609148005607e-22	4.878441003624476e-12	6.61810466793794e-15	6.711069206218389e-18
9.	9.90931247700514e-24	5.7797392303521725e-12	8.166080627035502e-15	8.295476105810317e-18
10.	0.	6.676316136796731e-12	9.829001330498616e-15	1.000251669594006e-17
11.	0.	7.55483328865014e-12	1.1595013628581357e-14	1.1820777550536954e-17
12.	0.	8.404097138319342e-12	1.3452750368586903e-14	1.3739261462775655e-17
13.	0.	9.214851087878118e-12	1.5391292579488303e-14	1.574735209689129e-17
14.	0.	9.979582365019206e-12	1.7400138323060787e-14	1.7834785124465127e-17
14.999999999999998	0.	1.069234279132449e-11	1.946917735088074e-14	1.9991625040307162e-17
16.	0.	1.1348582582058072e-11	2.1588670786813984e-14	2.2208246924576552e-17
17.	0.	1.1944996378947635e-11	2.3749235128965636e-14	2.447532248425456e-17
18.	0.	1.247938077839005e-11	2.594182993385975e-14	2.6783809768817343e-17
18.999999999999996	0.	1.2950502674837136e-11	2.8157748609203547e-14	2.912494601223144e-17
20.	0.	1.3357977791404838e-11	3.038861180029671e-14	3.149024310648136e-17
21.	0.	1.3702158816343725e-11	3.262636290927659e-14	3.3871485260992714e-17
22.	0.	1.3984032604767069e-11	3.48632653362425e-14	3.626072844777573e-17
23.	0.	1.4205125940166271e-11	3.709190107714729e-14	3.865030127411169e-17
24.	0.	1.4367419380198989e-11	3.930517035544883e-14	4.103280696335699e-17
24.999999999999996	0.	1.4473268736593983e-11	4.1496292003120713e-14	4.3401126160147443e-17
26.	0.	1.4525333760429549e-11	4.3658804341965656e-14	4.574842030914676e-17
27.	0.	1.4526513622174164e-11	4.5786566348475265e-14	4.8068135386677645e-17
28.	0.	1.4479888791373797e-11	4.7873758914945605e-14	5.0354005792276816e-17
29.	0.	1.4388668934328246e-11	4.991488604638223e-14	5.260005823258911e-17
29.999999999999996	0.	1.4256146460057091e-11	5.190477585709694e-14	5.4800615453214985e-17
31.	0.	1.4085655355783575e-11	5.3838581252986775e-14	5.695029969529684e-17
32.	0.	1.388053496345642e-11	5.5711780205452037e-14	5.904403577290841e-17
32.99999999999999	0.	1.3644098358812336e-11	5.752017554091496e-14	6.10770536848304e-17
34.	0.	1.3379605004410336e-11	5.925989418608199e-14	6.30448906901738e-17
35.	0.	1.3090237358137877e-11	6.09273858235918e-14	6.494339279166661e-17
36.	0.	1.2779081129035008e-11	6.251942092563237e-14	6.676871558336112e-17
37.	0.	1.244910888299514e-11	6.403308814461343e-14	6.851732443114185e-17
37.99999999999999	0.	1.2103166712023926e-11	6.546579105016205e-14	7.018599396482595e-17
39.	0.	1.1743963692281969e-11	6.681524421066531e-14	7.177180686992696e-17
40.	0.	1.1374063868085083e-11	6.807946862542644e-14	7.327215197539459e-17
41.	0.	1.0995880511343857e-11	6.925678652030751e-14	7.468472164091953e-17
42.	0.	1.0611672418537531e-11	7.034581552560024e-14	7.600750845378202e-17
42.99999999999999	0.	1.022354202016194e-11	7.134546225987267e-14	7.723880125079643e-17
44.	0.	9.833435090592757e-12	7.225491534775711e-14	7.837718048572471e-17
44.99999999999999	0.	9.443141859378123e-12	7.307363790314903e-14	7.942151296666376e-17
46.	0.	9.054299338038321e-12	7.380135951213768e-14	8.037094599141055e-17
47.	0.	8.668394689422194e-12	7.443806775225201e-14	8.122490091173151e-17
48.	0.	8.286769479470609e-12	7.498399928633532e-14	8.198306615985566e-17
49.	0.	7.910624663797258e-12	7.543963057061024e-14	8.264538977242545e-17
49.99999999999999	0.	7.541026173745623e-12	7.580566821731484e-14	8.321207144861721e-17
51.	0.	7.1789109784623845e-12	7.608303905272183e-14	8.368355418022386e-17
52.	0.	6.825093510986646e-12	7.627287991144182e-14	8.406051549221937e-17
53.	0.	6.4802723573495405e-12	7.637652720769453e-14	8.434385833272729e-17
54.	0.	6.145037118172455e-12	7.639550632374793e-14	8.453470165143148e-17
54.99999999999999	0.	5.819875362215449e-12	7.633152085500181e-14	8.463437070532451e-17
56.	0.	5.5051796007404324e-12	7.618644175027002e-14	8.464438713031953e-17
56.99999999999999	0.	5.201254220400466e-12	7.59622963847083e-14	8.45664588166749e-17
58.	0.	4.908322320640399e-12	7.566125760158468e-14	8.440246962543188e-17
59.	0.	4.626532409292643e-12	7.528563275770523e-14	8.415446898215545e-17
59.99999999999999	0.	4.3559649171779285e-12	7.483785280582179e-14	8.382466138322823e-17
61.	0.	4.096638499084435e-12	7.432046144577587e-14	8.341539584878815e-17
62.	0.	3.848516094508842e-12	7.373610437448959e-14	8.29291553551453e-17
63.	0.	3.6115107270194914e-12	7.308751866322534e-14	8.236854627817767e-17
64.	0.	3.3854910260593507e-12	7.237752228880318e-14	8.173628787779979e-17
65.	0.	3.1702864594703603e-12	7.160900384371494e-14	8.103520185214393e-17
65.99999999999999	0.	2.965692269010725e-12	7.078491244830867e-14	8.026820198859453e-17
67.	0.	2.771474104679961e-12	6.990824788645362e-14	7.943828393729137e-17
68.	0.	2.587372356787429e-12	6.898205098434173e-14	7.854851513117265e-17
69.	0.	2.4131061874253864e-12	6.800939425034298e-14	7.760202487507199e-17
70.	0.	2.2483772653645937e-12	6.699337279212309e-14	7.660199462483077e-17
70.99999999999999	0.	2.0928732104050084e-12	6.593709552555102e-14	7.555164847583586e-17
72.	0.	1.9462707549134015e-12	6.484367668828423e-14	7.445424387885758e-17
73.	0.	1.8082386316891293e-12	6.371622766932097e-14	7.331306259954565e-17
74.	0.	1.6784401984453021e-12	6.255784916426108e-14	7.21314019364509e-17
75.	0.	1.5565358100974226e-12	6.137162366451434e-14	7.091256621097421e-17
75.99999999999999	0.	1.442184950741945e-12	6.016060828725509e-14	6.965985854121991e-17
77.	0.	1.335048137701906e-12	5.892782795153107e-14	6.837657291033547e-17
78.	0.	1.234788610340359e-12	5.767626890460796e-14	6.706598653857067e-17
79.	0.	1.141073816512251e-12	5.6408872601360934e-14	6.573135256697947e-17
80.	0.	1.0535767095620572e-12	5.512852993832024e-14	6.437589305942681e-17
80.99999999999999	0.	9.719768686946767e-13	5.383807584282953e-14	6.300279232834361e-17
82.	0.	8.959614553669787e-13	5.254028421669693e-14	6.161519058850839e-17
83.	0.	8.25226018082517e-13	5.123786323269911e-14	6.021617794201688e-17
84.	0.	7.594751576353625e-13	4.9933450981338207e-14	5.880878869652875e-17
84.99999999999999	0.	6.984230644539057e-13	4.8629611464360653e-14	5.739599601787112e-17
85.99999999999999	0.	6.417939392525656e-13	4.732883093071087e-14	5.59807069171081e-17
87.	0.	5.893223077197611e-13	4.603351454981582e-14	5.45657575712726e-17
88.	0.	5.407532394626738e-13	4.4745983416391055e-14	5.3153908976100684e-17
89.	0.	4.958424809017542e-13	4.346847188028885e-14	5.1747842928285703e-17
89.99999999999999	0.	4.543565112684119e-13	4.220312519431906e-14	5.035015833401791e-17
90.99999999999999	0.	4.1607253031329435e-13	4.095199747242593e-14	4.896336783986365e-17
92.	0.	3.8077838578632466e-13	3.9717049950104006e-14	4.758989478136496e-17
93.	0.	3.4827244820808667e-13	3.850014953850712e-14	4.623207044414113e-17
94.	0.	3.183634399187637e-13	3.730306766330659e-14	4.489213163169727e-17
94.99999999999999	0.	2.9087022486955026e-13	3.6127479379010525e-14	4.3572218533621715e-17
96.	0.	2.6562156511545975e-13	3.4974962749164545e-14	4.227437288738463e-17
97.	0.	2.4245584947908865e-13	3.3846998482598665e-14	4.100053642651254e-17
98.	0.	2.2122079938542257e-13	3.274496981567343e-14	3.9752549607520846e-17
99.	0.	2.0177315641838887e-13	3.167016263030926e-14	3.8532150607638246e-17
99.99999999999999	0.	1.8397835572239354e-13	3.062376579745467e-14	3.7340974585048585e-17
101.	0.	1.677101889671423e-13	2.960687173554637e-14	3.618055319309536e-17
102.	0.	1.528504602116036e-13	2.862047717345994e-14	3.5052314339664436e-17
103.	0.	1.392886376440641e-13	2.766548410741677e-14	3.3957582182753515e-17
104.	0.	1.2692150383875639e-13	2.674270094132097e-14	3.2897577353076155e-17
104.99999999999999	0.	1.1565280685612951e-13	2.5852843800022518e-14	3.187341739440107e-17
106.	0.	1.0539291422260374e-13	2.4996538005070867e-14	3.088611741223429e-17
107.	0.	9.605847155605585e-14	2.4174319702597256e-14	2.993659092136395e-17
108.	0.	8.757206735488443e-14	2.3386637633078564e-14	2.9025650882748043e-17
109.	0.	7.986190524033771e-14	2.2633855032858913e-14	2.815401092019674e-17
109.99999999999999	0.	7.286148473305468e-14	2.1916251657456933e-14	2.732228670730678e-17
111.	0.	6.650929145467106e-14	2.1234025916848983e-14	2.6530997515124774e-17
112.	0.	6.074849747281467e-14	2.0587297113111848e-14	2.5780567911075294e-17
113.	0.	5.5526672352081185e-14	1.9976107770994904e-14	2.5071329599741262e-17
113.99999999999999	0.	5.0795505333483586e-14	1.9400426052217518e-14	2.440352339618695e-17
114.99999999999999	0.	4.651053893957437e-14	1.8860148244506914e-14	2.3777301322610656e-17
116.	0.	4.2630914190995036e-14	1.8355101316625274e-14	2.3192728819231603e-17
117.	0.	3.9119127521538885e-14	1.7885045530895067e-14	2.264978706046946e-17
118.	0.	3.594079939213983e-14	1.7449677104968365e-14	2.2148375367602036e-17
118.99999999999999	0.	3.306445452859145e-14	1.704863091486738e-14	2.168831370927487e-17
119.99999999999999	0.	3.0461313642276855e-14	1.6681483231580386e-14	2.126934528139657e-17
121.	0.	2.8105096437093927e-14	1.6347754483776938e-14	2.089113915814757e-17
122.	0.	2.5971835658113925e-14	1.6046912039487378e-14	2.0553293006029574e-17
122.99999999999999	0.	2.4039701897788407e-14	1.5778372999864e-14	2.0255335853076217e-17
124.	0.	2.2288838842661667e-14	1.554150699844286e-14	1.9996730905581142e-17
125.	0.	2.0701208617253773e-14	1.533563899959269e-14	1.977687840489593e-17
126.	0.	1.9260446861085526e-14	1.5160052090140143e-14	1.959511851709801e-17
127.	0.	1.7951727159344476e-14	1.501399025842892e-14	1.9450734248536285e-17
128.	0.	1.6761634436828674e-14	1.4896661155386123e-14	1.934295438053718e-17
129.	0.	1.5678046917828686e-14	1.4807238832412986e-14	1.9270956416741068e-17
130.	0.	1.4690026251490223e-14	1.4744866451240826e-14	1.923386953683472e-17
131.	0.	1.378771540190099e-14	1.4708658961135944e-14	1.923077755064294e-17
131.99999999999997	0.	1.2962243904852552e-14	1.4697705739147714e-14	1.926072184683254e-17
133.	0.	1.2205640098071152e-14	1.4711073189337015e-14	1.9322704330690144e-17
134.	0.	1.1510749938686222e-14	1.4747807297209582e-14	1.9415690345707346e-17
135.	0.	1.0871162030247774e-14	1.4806936135834358e-14	1.953861157394229e-17
136.	0.	1.0281138491732826e-14	1.4887472320393166e-14	1.969036891038253e-17
137.	0.	9.735551312033328e-15	1.4988415408146285e-14	1.9869835306758577e-17
138.	0.	9.229823845564395e-15	1.5108754241074493e-14	2.00758585805373e-17
139.	0.	8.75987711743167e-15	1.5247469228656224e-14	2.0307264185006687e-17
140.	0.	8.322080619840993e-15	1.540353456853069e-14	2.0562857936676544e-17
140.99999999999997	0.	7.913207295216279e-15	1.5575920402972536e-14	2.0841428696381357e-17
141.99999999999997	0.	7.530392415307326e-15	1.576359490936411e-14	2.1141751000753714e-17
143.	0.	7.17109607957233e-15	1.5965526323050763e-14	2.1462587640941847e-17
144.	0.	6.833069070177558e-15	1.618068489117212e-14	2.180269218566655e-17
145.	0.	6.514321814632215e-15	1.6408044756284296e-14	2.2160811445958708e-17
146.	0.	6.213096220944636e-15	1.6646585768749963e-14	2.2535687879089526e-17
147.	0.	5.927840163436465e-15	1.68952952270933e-14	2.292606192945872e-17
148.	0.	5.657184410486933e-15	1.7153169545674124e-14	2.3330674304379952e-17
149.	0.	5.399921798173024e-15	1.7419215849230508e-14	2.3748268182931943e-17
150.	0.	5.1549884660828655e-15	1.7692453493980952e-14	2.417759135620589e-17
150.99999999999997	0.	4.921446983368732e-15	1.797191551515736e-14	2.4617398297497595e-17
151.99999999999997	0.	4.698471204671378e-15	1.8256650000981018e-14	2.5066452161162262e-17
153.	0.	4.485332706204944e-15	1.8545721393240886e-14	2.552352670903216e-17
154.	0.	4.281388663014878e-15	1.88382117147695e-14	2.5987408163467027e-17
155.	0.	4.086071038106371e-15	1.9133221724249717e-14	2.645689698628526e-17
156.	0.	3.8988769637341564e-15	1.942987199889843e-14	2.6930809582969927e-17
157.	0.	3.7193602040497284e-15	1.9727303945690837e-14	2.7407979931700184e-17
158.	0.	3.5471235967028183e-15	2.002468074192226e-14	2.7887261136940734e-17
159.	0.	3.3818123790924352e-15	2.032118820595935e-14	2.836752690739837e-17
160.	0.	3.2231083123272406e-15	2.061603559918715e-14	2.884767295837274e-17
160.99999999999997	0.	3.0707245231074855e-15	2.0908456360203882e-14	2.9326618338598147e-17
161.99999999999997	0.	2.9244009903452672e-15	2.119770877241957e-14	2.98033066818269e-17
163.	0.	2.7839006094365147e-15	2.148307656629278e-14	3.027670738352585e-17
164.	0.	2.649005772956667e-15	2.176386945750143e-14	3.074581670315729e-17
165.	0.	2.5195154119154454e-15	2.2039423622429212e-14	3.12096587926523e-17
166.	0.	2.395242446637123e-15	2.2309102112382862e-14	3.1667286651749394e-17
167.	0.	2.276011601053817e-15	2.2572295208027447e-14	3.211778301099368e-17
168.	0.	2.161657538463871e-15	2.2828420715588528e-14	3.2560261143300136e-17
169.	0.	2.052023280757707e-15	2.3076924206380183e-14	3.299386560502397e-17
169.99999999999997	0.	1.9469588768177487e-15	2.3317279201291854e-14	3.341777290761074e-17
170.99999999999997	0.	1.846320289198436e-15	2.3548987301877534e-14	3.383119212094129e-17
171.99999999999997	0.	1.7499684711954116e-15	2.3771578269737518e-14	3.4233365409582266e-17
173.	0.	1.657768609452685e-15	2.398461005589306e-14	3.462356850319633e-17
174.	0.	1.5695895096182306e-15	2.4187668781898336e-14	3.500111110246203e-17
175.	0.	1.4853031052579703e-15	2.43803686744184e-14	3.536533722186176e-17
176.	0.	1.4047840720984317e-15	2.4562351955041805e-14	3.571562547078751e-17
177.	0.	1.3279095319205781e-15	2.4733288687100957e-14	3.605138927445564e-17
178.	0.	1.2545588320889763e-15	2.4892876581267745e-14	3.6372077036147756e-17
179.	0.	1.1846133883685961e-15	2.5040840761693422e-14	3.6677172242333897e-17
179.99999999999997	0.	1.1179565802315707e-15	2.5176933494495492e-14	3.696619351231946e-17
180.99999999999997	0.	1.054473689087953e-15	2.530093388033392e-14	3.7238694594006575e-17
181.99999999999997	0.	9.940518711593075e-16	2.5412647512832873e-14	3.7494264307418375e-17
183.	0.	9.365801578777357e-16	2.5511906104657126e-14	3.7732526437750837e-17
184.	0.	8.819494773706147e-16	2.5598567082899832e-14	3.7953139579530834e-17
185.	0.	8.30052691962116e-16	2.5672513155580298e-14	3.815579693370731e-17
186.	0.	7.807846468439017e-16	2.5733651850906886e-14	3.834022605932897e-17
187.	0.	7.340422262144244e-16	2.5781915031027427e-14	3.85061885816013e-17
188.	0.	6.89724413573756e-16	2.5817258381899986e-14	3.865347985802134e-17
189.	0.	6.477323534354245e-16	2.5839660880943113e-14	3.878192860436682e-17
189.99999999999997	0.	6.079694122170892e-16	2.5849124244078472e-14	3.889139648228706e-17
190.99999999999997	0.	5.703412365261244e-16	2.5845672353735026e-14	3.898177765021584e-17
192.	0.	5.34755807431848e-16	2.582935066939676e-14	3.9052998279384545e-17
193.	0.	5.011234894747001e-16	2.580022562219317e-14	3.910501603662884e-17
194.	0.	4.693570737020057e-16	2.5758383995049172e-14	3.913781953574478e-17
195.	0.	4.39371814085696e-16	2.5703932289827682e-14	3.9151427759064615e-17
196.	0.	4.110854568561654e-16	2.5636996082922572e-14	3.9145889450994144e-17
197.	0.	3.844182626638971e-16	2.5557719370671427e-14	3.912128248515978e-17
198.	0.	3.592930213406432e-16	2.5466263905949417e-14	3.9077713206834616e-17
198.99999999999997	0.	3.356350594801244e-16	2.5362808527244363e-14	3.901531575225754e-17
199.99999999999997	0.	3.1337224077970513e-16	2.524754848153906e-14	3.8934251346533615e-17
200.99999999999997	0.	2.924349596294754e-16	2.5120694742184248e-14	3.8834707581620816e-17
202.	0.	2.7275612794678885e-16	2.4982473323002816e-14	3.871689767602948e-17
203.	0.	2.5427115591044673e-16	2.483312458979612e-14	3.8581059717788176e-17
204.	0.	2.369179267777938e-16	2.467290257031818e-14	3.8427455892099316e-17
205.	0.	2.2063676621916613e-16	2.4502074263906116e-14	3.8256371695330733e-17
206.	0.	2.0537040674038865e-16	2.4320918951693335e-14	3.806811513661382e-17
207.	0.	1.9106394744278197e-16	2.4129727508508318e-14	3.786301592862439e-17
208.	0.	1.776648097328966e-16	2.3928801717384143e-14	3.7641424668875366e-17
208.99999999999997	0.	1.651226893409629e-16	2.3718453587575633e-14	3.7403712012835045e-17
209.99999999999997	0.	1.533895050664116e-16	2.349900467705822e-14	3.7150267840334e-17
210.99999999999997	0.	1.4241934478933516e-16	2.3270785420253495e-14	3.688150041639256e-17
212.	0.	1.321684089593436e-16	2.3034134461867897e-14	3.659783554784816e-17
213.	0.	1.2259495221351218e-16	2.2789397997576696e-14	3.6299715736946556e-17
214.	0.	1.1365922324146513e-16	2.2536929122286004e-14	3.598759933308478e-17
215.	0.	1.0532340344045356e-16	2.2277087186695364e-14	3.5661959683903615e-17
216.	0.	9.755154461652401e-17	2.2010237162779703e-14	3.5323284286784305e-17
217.	0.	9.030950597598617e-17	2.1736749018824483e-14	3.4972073941851534e-17
218.	0.	8.356489088098926e-17	2.1456997104619616e-14	3.460884190756058e-17
218.99999999999997	0.	7.728698344079713e-17	2.1171359547304266e-14	3.4234113059786073e-17
219.99999999999997	0.	7.144668525576061e-17	2.0880217658443164e-14	3.384842305549143e-17
220.99999999999997	0.	6.601645261636721e-17	2.0583955352749447e-14	3.345231750181058e-17
222.	0.	6.097023422241318e-17	2.0282958578936474e-14	3.3046351131500864e-17
223.	0.	5.628340967819899e-17	1.9977614763085772e-14	3.2631086985588396e-17
224.	0.	5.193272892699706e-17	1.9668312264908495e-14	3.220709560402831e-17
225.	0.	4.7896252769726053e-17	1.9355439847289122e-14	3.1774954225236746e-17
226.	0.	4.4153294511009214e-17	1.9039386159326982e-14	3.133524599508293e-17
227.	0.	4.068436298614577e-17	1.872053923327491e-14	3.088855918624467e-17
227.99999999999997	0.	3.747110694890748e-17	1.8399285995534326e-14	3.0435486428450013e-17
228.99999999999997	0.	3.44962609007252e-17	1.80760117919952e-14	2.997662395035303e-17
229.99999999999997	0.	3.174359252535441e-17	1.7751099927875486e-14	2.951257083358164e-17
230.99999999999997	0.	2.9197851643192764e-17	1.7424931222237016e-14	2.9043928279544034e-17
232.	0.	2.6844720816175436e-17	1.7097883577362447e-14	2.85712988896021e-17
233.	0.	2.4670767635289863e-17	1.6770331563027602e-14	2.809528595898106e-17
234.	0.	2.266339863942213e-17	1.6442646015853508e-14	2.7616492785040842e-17
235.	0.	2.08108149599294e-17	1.6115193653725567e-14	2.7135521990215814e-17
236.	0.	1.9101969600929688e-17	1.578833670539013e-14	2.665297486014084e-17
237.	0.	1.752652644440325e-17	1.5462432555207798e-14	2.6169450697268314e-17
237.99999999999997	0.	1.6074820899939204e-17	1.513783340307692e-14	2.568554619034448e-17
238.99999999999997	0.	1.4737822233686288e-17	1.4814885939518463e-14	2.5201854800079665e-17
239.99999999999997	0.	1.3507097461640364e-17	1.449393103587174e-14	2.4718966161282116e-17
240.99999999999997	0.	1.2374776906306853e-17	1.4175303449540743e-14	2.4237465501710785e-17
242.	0.	1.1333521294227547e-17	1.3859331544229677e-14	2.3757933077904612e-17
243.	0.	1.0376490384106852e-17	1.3546337025059014e-14	2.328094362816719e-17
244.	0.	9.497313081916622e-18	1.3236634688439323e-14	2.2807065842863044e-17
245.	0.	8.690059033886846e-18	1.2930532186630515e-14	2.2336861852269877e-17
245.99999999999997	0.	7.949211598391646e-18	1.2628329806772753e-14	2.1870886731989e-17
247.	0.	7.269642238134247e-18	1.233032026427727e-14	2.1409688026090795e-17
248.	0.	6.646586158199905e-18	1.20367885104277e-14	2.0953805288108238e-17
248.99999999999997	0.	6.075619283669784e-18	1.1748011553932096e-14	2.0503769639798098e-17
250.	0.	5.552636470283564e-18	1.1464258296318367e-14	2.0060103347853067e-17
250.99999999999997	0.	5.0738308410351454e-18	1.1185789380926642e-14	1.9623319418504513e-17
252.	0.	4.6356743238643936e-18	1.0912857055258552e-14	1.91939212099635e-17
252.99999999999997	0.	4.2348992506119254e-18	1.0645705046530136e-14	1.8772402062797266e-17
254.	0.	3.8684809945416255e-18	1.0384568450109753e-14	1.8359244948045382e-17
254.99999999999997	0.	3.533621638179082e-18	1.0129673630652955e-14	1.7954922133104397e-17
256.	0.	3.2277345747387983e-18	9.881238135666456e-15	1.755989486526677e-17
257.	0.	2.9484300187464605e-18	9.639470621244612e-15	1.717461307281434e-17
258.	0.	2.6935014006315875e-18	9.404570789687839e-15	1.6799515083501945e-17
259.	0.	2.4609125795506444e-18	9.176729338787742e-15	1.643502736039494e-17
260.	0.	2.2487858382428864e-18	8.956127922437524e-15	1.6081564254795674e-17
261.	0.	2.0553906493251797e-18	8.742939122326059e-15	1.5739527776164506e-17
262.	0.	1.8791331014783692e-18	8.537326430417946e-15	1.5409307378835987e-17
263.	0.	1.7185460618590795e-18	8.339444241934905e-15	1.5091279765347613e-17
263.99999999999994	0.	1.5722799067803777e-18	8.149437858523057e-15	1.4785808706136285e-17
265.	0.	1.4390939121464403e-18	7.967443501333045e-15	1.4493244875427397e-17
266.	0.	1.3178481708226946e-18	7.793588333717274e-15	1.4213925703093676e-17
267.	0.	1.2074960734397018e-18	7.627990493203063e-15	1.3948175242171145e-17
268.	0.	1.10707727460577e-18	7.470759132498797e-15	1.3696304051890475e-17
269.	0.	1.0157111407438518e-18	7.32199446918109e-15	1.3458609095876297e-17
270.	0.	9.32590665630692e-19	7.181787843785616e-15	1.3235373655295063e-17
271.	0.	8.569767693170471e-19	7.0502217859741936e-15	1.3026867256632661e-17
272.	0.	7.881930422405662e-19	6.927370088509651e-15	1.2833345613882983e-17
272.99999999999994	0.	7.25620807348193e-19	6.813297888698331e-15	1.265505058478903e-17
274.	0.	6.686945848577682e-19	6.7080617570231774e-15	1.2492210140885684e-17
274.99999999999994	0.	6.168978379524892e-19	6.611709792653314e-15	1.2345038351016832e-17
276.	0.	5.697590653684046e-19	6.524281725531836e-15	1.2213735378019895e-17
277.	0.	5.268481425112705e-19	6.445809024756299e-15	1.2098487488286722e-17
278.	0.	4.877729592657294e-19	6.376315012936416e-15	1.1999467073844416e-17
279.	0.	4.521763027359023e-19	6.315814986254379e-15	1.1916832686668372e-17
280.	0.	4.197329643539956e-19	6.2643163399423215e-15	1.185072908491024e-17
281.	0.	3.9014707071795173e-19	6.22181869883845e-15	1.1801287290615021e-17
281.99999999999994	0.	3.6314962075387135e-19	6.1883140528354e-15	1.176862465877939e-17
283.	0.	3.3849620999185595e-19	6.16378689684146e-15	1.1752844957230925e-17
283.99999999999994	0.	3.1596493306606704e-19	6.1482143750315045e-15	1.1754038457093519e-17
285.	0.	2.953544462002024e-19	6.141566429124889e-15	1.1772282033521556e-17
286.	0.	2.764821916652374e-19	6.143805950365743e-15	1.1807639276258865e-17
287.	0.	2.5918274701903184e-19	6.154888935007314e-15	1.1860160609809758e-17
288.	0.	2.4330632439308506e-19	6.174764642998879e-15	1.1929883422804896e-17
289.	0.	2.287173784422888e-19	6.203375759631193e-15	1.2016832206245294e-17
290.	0.	2.1529334476174516e-19	6.240658559910302e-15	1.2121018700326504e-17
291.	0.	2.0292345166085356e-19	6.286543075362194e-15	1.2242442049406098e-17
292.	0.	1.9150766712856191e-19	6.340953263088325e-15	1.2381088964896849e-17
292.99999999999994	0.	1.8095570068200002e-19	6.403807176807942e-15	1.2536933895696687e-17
294.	0.	1.7118611874151797e-19	6.475017139649568e-15	1.2709939205809555e-17
294.99999999999994	0.	1.621255105705933e-19	6.554489918472039e-15	1.2900055358837893e-17
296.	0.	1.5370773828398285e-19	6.642126899526602e-15	1.3107221109080806e-17
297.	0.	1.4587325148993517e-19	6.737824265193425e-15	1.3331363698810975e-17
298.	0.	1.3856846031967444e-19	6.841473171608231e-15	1.3572399061456063e-17
299.	0.	1.3174516058617876e-19	6.952959927017341e-15	1.3830232030448959e-17
300.	0.	1.253600110881401e-19	7.0721661705680104e-15	1.410475655324274e-17
301.	0.	1.1937406088136743e-19	7.198969051436478e-15	1.4395855910365694e-17
301.99999999999994	0.	1.1375232157491536e-19	7.333241408077291e-15	1.470340293915015e-17
303.	0.	1.0846336237600736e-19	7.474851947357233e-15	1.5027260261719388e-17
303.99999999999994	0.	1.0347896545708128e-19	7.623665423509126e-15	1.5367280517153418e-17
305.	0.	9.877379743990022e-20	7.779542816621417e-15	1.5723306597309664e-17
306.	0.	9.432511087866296e-20	7.942341510594038e-15	1.609517188619672e-17
307.	0.	9.01124937189876e-20	8.111915470333726e-15	1.6482700502477066e-17
308.	0.	8.611760628592655e-20	8.288115418078244e-15	1.688570754490237e-17
309.	0.	8.232398673472176e-20	8.470789008680762e-15	1.7303999340360544e-17
310.	0.	7.871684122674052e-20	8.65978100373836e-15	1.7737373694315527e-17
310.99999999999994	0.	7.528286213744183e-20	8.854933444377659e-15	1.818562014326841e-17
312.	0.	7.201008462555529e-20	9.056085822640484e-15	1.864852020912918e-17
312.99999999999994	0.	6.88877394857185e-20	9.263075251278963e-15	1.9125847655109105e-17
314.	0.	6.590610207749717e-20	9.475736631878956e-15	1.9617368742961827e-17
314.99999999999994	0.	6.305641126116289e-20	9.693902821189214e-15	2.0122842491311665e-17
316.	0.	6.033073457843049e-20	9.91740479552605e-15	2.06420209347855e-17
317.	0.	5.772189446364461e-20	1.0146071813193132e-14	2.1174649383804296e-17
318.	0.	5.522337568135858e-20	1.0379731574780387e-14	2.1720466684728833e-17
319.	0.	5.2829262474985975e-20	1.0618210381252888e-14	2.2279205480145848e-17
320.	0.	5.0534141768855494e-20	1.0861333289771134e-14	2.2850592469140485e-17
321.	0.	4.8333092015925636e-20	1.1108924267133339e-14	2.3434348667290673e-17
321.99999999999994	0.	4.6221581890729235e-20	1.1360806340750276e-14	2.4030189666155145e-17
323.	0.	4.419545003753722e-20	1.1616801747104702e-14	2.4637825892110233e-17
323.99999999999994	0.	4.225086757153229e-20	1.187673207762626e-14	2.5256962864342538e-17
325.	0.	4.0384284683005695e-20	1.2140418421905854e-14	2.5887301451786046e-17
326.	0.	3.8592411368526547e-20	1.2407681508163685e-14	2.65285381287665e-17
327.	0.	3.68721620831955e-20	1.2678341840993969e-14	2.718036522934469e-17
328.	0.	3.5220678225105503e-20	1.2952219836243355e-14	2.784247119999328e-17
329.	0.	3.3635266723683214e-20	1.3229135953026493e-14	2.8514540850549873e-17
330.	0.	3.2113396147594214e-20	1.3508910822850914e-14	2.919625560332064e-17
330.99999999999994	0.	3.0652652740175685e-20	1.3791365375762092e-14	2.9887293740073206e-17
332.	0.	2.925079269583905e-20	1.4076320963500103e-14	3.058733064682793e-17
332.99999999999994	0.	2.7905636808411504e-20	1.43635994796733e-14	3.129603905638477e-17
334.	0.	2.661514092658486e-20	1.4653023476841774e-14	3.2013089288276613e-17
335.	0.	2.5377337135644436e-20	1.4944416280565027e-14	3.273814948618776e-17
336.	0.	2.4190343562150266e-20	1.523760210035073e-14	3.347088585261884e-17
337.	0.	2.3052355367146245e-20	1.5532406137492694e-14	3.421096288068843e-17
338.	0.	2.1961622458153835e-20	1.582865468980947e-14	3.49580435830118e-17
339.	0.	2.0916479523569272e-20	1.6126175253234004e-14	3.571178971745996e-17
339.99999999999994	0.	1.991528877636435e-20	1.6424796620289612e-14	3.6471862009788554e-17
341.	0.	1.8956503937831218e-20	1.672434897542308e-14	3.7237920372981553e-17
341.99999999999994	0.	1.8038605589093372e-20	1.702466398719911e-14	3.800962412322762e-17
343.	0.	1.716012043250655e-20	1.7325574897365746e-14	3.8786632192457486e-17
343.99999999999994	0.	1.631963024244473e-20	1.7626916606787248e-14	3.956860333733955e-17
345.	0.	1.551574578226356e-20	1.792852575825851e-14	4.035519634467118e-17
346.	0.	1.4747143744925045e-20	1.8230240816214978e-14	4.114607023309911e-17
347.	0.	1.4012512016063295e-20	1.8531902143338503e-14	4.194088445107379e-17
348.	0.	1.3310581507750799e-20	1.8833352074087973e-14	4.2739299071004144e-17
349.	0.	1.264012332588917e-20	1.9134434985162703e-14	4.354097497953155e-17
350.	0.	1.199996868686215e-20	1.943499736294104e-14	4.434557406392097e-17
350.99999999999994	0.	1.1388938365835828e-20	1.973488786786377e-14	4.515275939439909e-17
352.	0.	1.0805906469208398e-20	2.0033957395860413e-14	4.5962195402562793e-17
352.99999999999994	0.	1.0249789775858899e-20	2.033205913678619e-14	4.677354805568492e-17
354.	0.	9.719533511221874e-21	2.0629048629916443e-14	4.758648502692131e-17
355.	0.	9.214107520041497e-21	2.0924783816542373e-14	4.8400675861421567e-17
356.	0.	8.732500242884505e-21	2.1219125089670756e-14	4.9215792138245665e-17
357.	0.	8.273769651481598e-21	2.1511935340898995e-14	5.00315076281526e-17
358.	0.	7.836962898937809e-21	2.180308000446376e-14	5.0847498447154527e-17
359.	0.	7.421163100592066e-21	2.2092427098512662e-14	5.166344320585061e-17
359.99999999999994	0.	7.0255251293273e-21	2.2379847263644813e-14	5.247902315454728e-17
361.	0.	6.6491694231373545e-21	2.2665213798773293e-14	5.3293922324187484e-17
361.99999999999994	0.	6.291291204977125e-21	2.2948402694273662e-14	5.410782766290622e-17
363.	0.	5.951081093811844e-21	2.32292926625788e-14	5.492042916848744e-17
363.99999999999994	0.	5.6278055587614306e-21	2.350776516616585e-14	5.573142001649825e-17
365.	0.	5.3206695547779695e-21	2.3783704443000583e-14	5.654049668415356e-17
366.	0.	5.0290168344358635e-21	2.4056997529542066e-14	5.734735907005877e-17
367.	0.	4.7521188061533684e-21	2.432753428123552e-14	5.81517106095619e-17
368.	0.	4.4893062106409686e-21	2.4595207390680683e-14	5.895325838606423e-17
368.99999999999994	0.	4.23998403685932e-21	2.4859912403397073e-14	5.97517132380071e-17
370.	0.	4.003494113226938e-21	2.5121547731319533e-14	6.054678986175924e-17
370.99999999999994	0.	3.779253371013034e-21	2.5380014664009946e-14	6.133820691027691e-17
372.	0.	3.566708922227384e-21	2.5635217377695653e-14	6.212568708771055e-17
372.99999999999994	0.	3.3652872991603424e-21	2.588706294211651e-14	6.290895723982252e-17
374.	0.	3.1744811192063205e-21	2.613546132529921e-14	6.368774844041244e-17
375.	0.	2.9937776856135594e-21	2.6380325396225454e-14	6.446179607357953e-17
376.	0.	2.8227065629437863e-21	2.662157092553905e-14	6.523083991208618e-17
377.	0.	2.6607623556807445e-21	2.6859116584258044e-14	6.599462419165409e-17
378.	0.	2.5075599952014066e-21	2.7092883940601743e-14	6.675289768137441e-17
379.	0.	2.3626046816342298e-21	2.7322797454934975e-14	6.750541375015338e-17
379.99999999999994	0.	2.2255357505048595e-21	2.7548784472926112e-14	6.825193042934887e-17
381.	0.	2.0959579932867343e-21	2.7770775216928624e-14	6.899221047153697e-17
381.99999999999994	0.	1.973465837304052e-21	2.7988702775672053e-14	6.972602140554402e-17
383.	0.	1.8577407499557954e-21	2.8202503092273214e-14	7.045313558768778e-17
384.	0.	1.7484170929025887e-21	2.8412114950665507e-14	7.117333024939686e-17
385.	0.	1.6451546272801753e-21	2.8617479960445626e-14	7.188638754112609e-17
386.	0.	1.5476680578016953e-21	2.881854254023635e-14	7.259209457274425e-17
387.	0.	1.455658412324487e-21	2.9015249899574544e-14	7.329024345034003e-17
388.	0.	1.368814400667288e-21	2.920755201939617e-14	7.398063130955437e-17
388.99999999999994	0.	1.2868912809493217e-21	2.939540163116766e-14	7.466306034549618e-17
390.	0.	1.2096130040762296e-21	2.9578754194703464e-14	7.533733783927059e-17
390.99999999999994	0.	1.136751536648773e-21	2.975756787471202e-14	7.600327618115921e-17
392.	0.	1.068051312459127e-21	2.993180351615647e-14	7.666069289060672e-17
392.99999999999994	0.	1.003310787817062e-21	3.0101424618410614e-14	7.730941063290021e-17
394.	0.	9.423324166776909e-22	3.026639730833409e-14	7.794925723279318e-17
395.	0.	8.848403619352685e-22	3.042669031225443e-14	7.858006568498411e-17
396.	0.	8.3073178533232e-22	3.058227492692464e-14	7.920167416156312e-17
397.	0.	7.797736718187937e-22	3.073312498951021e-14	7.981392601651098e-17
397.99999999999994	0.	7.317698740393078e-22	3.087921684664486e-14	8.041666978729203e-17
399.	0.	6.866234370574133e-22	3.102052932257644e-14	8.100975919354479e-17
399.99999999999994	0.	6.441353326925574e-22	3.115704368649752e-14	8.159305313306025e-17
401.	0.	6.041496631722677e-22	3.128874361905428e-14	8.216641567498046e-17
401.99999999999994	0.	5.665571904661409e-22	3.141561517809155e-14	8.272971605031842e-17
403.	0.	5.31206376515446e-22	3.153764676371229e-14	8.328282863995498e-17
404.	0.	4.979639597653622e-22	3.165482908262833e-14	8.382563296000704e-17
405.	0.	4.667167175425673e-22	3.1767155111909336e-14	8.435801364480015e-17
406.	0.	4.373732253260733e-22	3.1874620062099044e-14	8.487986042732302e-17
407.	0.	4.0976892082229378e-22	3.197722133982322e-14	8.539106811744935e-17
408.	0.	3.83858099031729e-22	3.2074958509854005e-14	8.589153657779373e-17
408.99999999999994	0.	3.595233395065513e-22	3.216783325671094e-14	8.638117069737582e-17
410.	0.	3.366718622303429e-22	3.2255849345814623e-14	8.685988036309677e-17
410.99999999999994	0.	3.152372789661393e-22	3.2339012584249274e-14	8.732758042914562e-17
412.	0.	2.9507947236874062e-22	3.2417330781156615e-14	8.778419068435699e-17
412.99999999999994	0.	2.761869714263461e-22	3.249081370779528e-14	8.822963581758316e-17
414.	0.	2.584759917539355e-22	3.2559473057304954e-14	8.866384538115378e-17
415.	0.	2.4185700438577716e-22	3.262332240423307e-14	8.908675375254683e-17
416.	0.	2.2623477491956e-22	3.268237716377994e-14	8.949830009412798e-17
417.	0.	2.1161530327109593e-22	3.27366545509159e-14	8.989842831134368e-17
417.99999999999994	0.	1.9789505479313864e-22	3.278617353928347e-14	9.028708700911045e-17
419.	0.	1.850374826536394e-22	3.28309548199813e-14	9.066422944663511e-17
419.99999999999994	0.	1.7300311470560106e-22	3.287102076025566e-14	9.102981349071956e-17
421.	0.	1.617126370962618e-22	3.2906395362107894e-14	9.138380156754741e-17
421.99999999999994	0.	1.511570896160442e-22	3.2937104220855564e-14	9.172616061303976e-17
423.	0.	1.412507939739632e-22	3.2963174483686715e-14	9.205686202186897e-17
424.	0.	1.3197977132256098e-22	3.2984634808209966e-14	9.237588159511982e-17
425.	0.	1.2329031637127314e-22	3.3001515321052116e-14	9.268319948672906e-17
426.	0.	1.1516448741488532e-22	3.301384757651449e-14	9.29788001487157e-17
426.99999999999994	0.	1.0754403595677823e-22	3.3021664515314114e-14	9.3262672275266e-17
428.	0.	1.0040715403632568e-22	3.3025000423439206e-14	9.353480874573926e-17
428.99999999999994	0.	9.377003006443958e-23	3.302389089113018e-14	9.379520656661962e-17
430.	0.	8.752943671026357e-23	3.301837277203364e-14	9.404386681253436e-17
430.99999999999994	0.	8.169844187447401e-23	3.300848414251459e-14	9.428079456628907e-17
432.	0.	7.62496043283923e-23	3.299426426118588e-14	9.450599885808321e-17
432.99999999999994	0.	7.115412511879345e-23	3.297575352864757e-14	9.471949260387433e-17
434.	0.	6.638187042853627e-23	3.295299344746682e-14	9.492129254297448e-17
435.	0.	6.190139569271276e-23	3.2926026582427303e-14	9.511141917496147e-17
436.	0.	5.776290403513419e-23	3.289489652103947e-14	9.528989669587122e-17
437.	0.	5.385058585159936e-23	3.2859647834351534e-14	9.545675293378925e-17
437.99999999999994	0.	5.02132402582485e-23	3.282032603808554e-14	9.561201928390838e-17
439.	0.	4.6816053511402597e-23	3.277697755407642e-14	9.575573064298795e-17
439.99999999999994	0.	4.366555739399168e-23	3.272964967207571e-14	9.588792534339886e-17
441.	0.	4.0682511475387985e-23	3.26783905119041e-14	9.600864508670427e-17
441.99999999999994	0.	3.791471189049775e-23	3.262324898597731e-14	9.611793487685749e-17
443.	0.	3.532421044560771e-23	3.2564274762218973e-14	9.621584295305573e-17
444.	0.	3.2915525292396676e-23	3.250151822737583e-14	9.630242072230199e-17
445.	0.	3.064923214019748e-23	3.2435030450732576e-14	9.637772269167328e-17
446.	0.	2.8573009809645635e-23	3.236486314826947e-14	9.644180640042785e-17
446.99999999999994	0.	2.660242000330165e-23	3.229106864723561e-14	9.649473235187982e-17
448.	0.	2.4784736972043228e-23	3.2213699851180764e-14	9.653656394517659e-17
448.99999999999994	0.	2.3078493539458676e-23	3.213281020543525e-14	9.656736740695608e-17
450.	0.	2.1486255976559965e-23	3.2048453663047405e-14	9.658721172292392e-17
450.99999999999994	0.	2.0010528534015067e-23	3.196068465121637e-14	9.659616856947133e-17
452.	0.	1.8608255219539552e-23	3.1869558038176045e-14	9.659431224521619e-17
453.	0.	1.7326868702044493e-23	3.177512910059996e-14	9.658171960268542e-17
454.	0.	1.6122757767632608e-23	3.167745349147161e-14	9.655846997998651e-17
455.	0.	1.4997540838221463e-23	3.1576587208482626e-14	9.652464513267079e-17
455.99999999999994	0.	1.3952792513894178e-23	3.147258656292285e-14	9.648032916568929e-17
457.	0.	1.299004283837304e-23	3.136550814910071e-14	9.64256084655792e-17
457.99999999999994	0.	1.2064016843409117e-23	3.1255408814264256e-14	9.636057163279846e-17
459.	0.	1.1222520354321191e-23	3.1142345629065505e-14	9.628530941436125e-17
459.99999999999994	0.	1.0419809489908151e-23	3.102637585854435e-14	9.619991463671185e-17
461.	0.	9.704013841440824e-24	3.090755693363907e-14	9.610448213888151e-17
461.99999999999994	0.	9.02893499733958e-24	3.078594642325253e-14	9.599910870602801e-17
463.	0.	8.395307477397998e-24	3.066160200683503e-14	9.588389300326293e-17
464.	0.	7.803842281802031e-24	3.053458144751958e-14	9.575893550988907e-17
465.	0.	7.255226609250229e-24	3.0404942565799776e-14	9.562433845404059e-17
466.	0.	6.750123592007761e-24	3.0272743213753145e-14	9.548020574774978e-17
466.99999999999994	0.	6.2407938013053355e-24	3.013804124980855e-14	9.532664292246162e-17
468.	0.	5.824449172223418e-24	3.0000894514060106e-14	9.516375706501585e-17
468.99999999999994	0.	5.404772419233268e-24	2.986136080412849e-14	9.499165675412606e-17
470.	0.	5.030719172124454e-24	2.9719497851578977e-14	9.481045199740292e-17
470.99999999999994	0.	4.653853790416753e-24	2.957536329887195e-14	9.462025416886507e-17
472.	0.	4.3234078434682725e-24	2.9429014676870205e-14	9.44211759470377e-17
473.	0.	3.990628863813818e-24	2.9280509382894245e-14	9.42133312536317e-17
474.	0.	3.705006781576549e-24	2.9129904659313274e-14	9.39968351927845e-17
475.	0.	3.4670179863323e-24	2.8977257572687965e-14	9.377180399093678e-17
475.99999999999994	0.	3.227459915893227e-24	2.882262499345583e-14	9.353835493734052e-17
477.	0.	2.986397241103047e-24	2.8666063576144885e-14	9.32966063251696e-17
477.99999999999994	0.	2.74389481654747e-24	2.850762974013886e-14	9.304667739333302e-17
479.	0.	2.550018007591554e-24	2.8347379650966803e-14	9.278868826892759e-17
479.99999999999994	0.	2.4051529590554745e-24	2.818536920213498e-14	9.252275991040784e-17
481.	0.	2.209239780922124e-24	2.8021653997470703e-14	9.22490140513993e-17
481.99999999999994	0.	2.0626393524437065e-24	2.785628933401251e-14	9.196757314528886e-17
483.	0.	1.91528354590926e-24	2.768933018540445e-14	9.167856031048008e-17
484.	0.	1.7672116250637066e-24	2.7520831185820614e-14	9.138209927641912e-17
484.99999999999994	0.	1.6184628768956495e-24	2.735084661439326e-14	9.107831433033033e-17
486.	0.	1.5197344105915995e-24	2.7179430380160554e-14	9.076733026473593e-17
486.99999999999994	0.	1.420560695659881e-24	2.7006636007513477e-14	9.04492723257151e-17
488.	0.	1.3209679586582536e-24	2.6832516622145515e-14	9.012426616194057e-17
488.99999999999994	0.	1.2209824128946345e-24	2.665712493749806e-14	8.979243777448938e-17
490.	0.	1.1206302489631873e-24	2.6480513241695947e-14	8.945391346743872e-17
491.	0.	1.019937625402195e-24	2.6302733384972903e-14	8.910881979925969e-17
491.99999999999994	0.	9.699823627799728e-25	2.6123836767572024e-14	8.875728353499534e-17
492.99999999999994	0.	8.687376317119759e-25	2.5943874328123372e-14	8.839943159924218e-17
494.	0.	8.183747529017122e-25	2.576289653249835e-14	8.803539102996479e-17
495.	0.	7.6785508875368815e-25	2.5580953363115094e-14	8.76652889330782e-17
496.	0.	7.171916741726904e-25	2.5398094308712776e-14	8.728925243787857e-17
496.99999999999994	0.	6.663975088738999e-25	2.5214368354576796e-14	8.690740865329113e-17
497.99999999999994	0.	6.154855530640054e-25	2.5029823973205114e-14	8.651988462491903e-17
499.	0.	5.644687231903357e-25	2.484450911542126e-14	8.612680729293851e-17
500.	0.	5.133598877585453e-25	2.4658471201916774e-14	8.572830345080387e-17
500.99999999999994	0.	4.621718632198846e-25	2.4471757115226837e-14	8.532449970479715e-17
501.99999999999994	0.	4.622820861695837e-25	2.4284413192119484e-14	8.491552243438008e-17
503.	0.	4.1098197505137763e-25	2.4096485216410154e-14	8.450149775340927e-17
504.	0.	3.5963661330433057e-25	2.3908018412176178e-14	8.408255147214854e-17
505.	0.	3.596350194095281e-25	2.371905743737571e-14	8.365880906012095e-17
505.99999999999994	0.	3.082324987779184e-25	2.3529646377868144e-14	8.323039560980877e-17
506.99999999999994	0.	3.081818067748152e-25	2.333982874181213e-14	8.279743580113827e-17
508.	0.	2.5675553054841383e-25	2.314964745445769e-14	8.236005386683507e-17
509.	0.	2.566725976509731e-25	2.295914485330147e-14	8.191837355855893e-17
509.99999999999994	0.	2.565694843116289e-25	2.276836268362474e-14	8.147251811390628e-17
510.99999999999994	0.	2.051570436451022e-25	2.2577342094377598e-14	8.102261022418153e-17
512.	0.	2.0504254054626277e-25	2.238612363443216e-14	8.056877200302742e-17
513.	0.	2.0491217455772822e-25	2.2194747249175574e-14	8.011112495584217e-17
514.	0.	1.5357453345055868e-25	2.2003252277445686e-14	7.96497899500065e-17
514.9999999999999	0.	1.534531890466658e-25	2.1811677448802866e-14	7.918488718592479e-17
516.	0.	1.5332017555798564e-25	2.162006088112798e-14	7.871653616885822e-17
517.	0.	1.5317557260897223e-25	2.1428440078542958e-14	7.824485568156036e-17
518.	0.	1.5301946155900873e-25	2.1236851929641942e-14	7.776996375769493e-17
518.9999999999999	0.	1.0190128364282488e-25	2.104533270603198e-14	7.729197765604467e-17
520.	0.	1.0178203269291489e-25	2.0853918061173303e-14	7.681101383549927e-17
521.	0.	1.0165527907968368e-25	2.066264302951383e-14	7.632718793082326e-17
522.	0.	1.0152108141467371e-25	2.0471542025906694e-14	7.584061472917662e-17
523.	0.	1.0137949933880717e-25	2.028064884531165e-14	7.53514081474149e-17
524.	0.	1.0123059349698351e-25	2.008999666276884e-14	7.485968121014296e-17
525.	0.	5.0537212756347835e-26	1.9899618033635746e-14	7.436554602850647e-17
526.	0.	5.045552898134648e-26	1.970954489408513e-14	7.386911377973096e-17
527.	0.	5.037027717586403e-26	1.951980856186266e-14	7.337049468742261e-17
527.9999999999999	0.	5.028148954363669e-26	1.9330439737274007e-14	7.286979800253412e-17
529.	0.	5.0189198727210873e-26	1.9141468504435072e-14	7.236713198514009e-17
530.	0.	5.0093437795375113e-26	1.895292433273509e-14	7.186260388684775e-17
531.	0.	4.999424023065899e-26	1.876483607853658e-14	7.135631993395442e-17
532.	0.	4.989163991686417e-26	1.8577231987092612e-14	7.084838531128879e-17
533.	0.	4.9785671126653437e-26	1.8390139694682015e-14	7.033890414675974e-17
534.	0.	4.9676368509174867e-26	1.8203586230947394e-14	6.982797949656652e-17
535.	0.	4.9563767077744375e-26	1.8017598021436432e-14	6.931571333109244e-17
536.	0.	4.944790219758631e-26	1.783220089034023e-14	6.880220652146752e-17
536.9999999999999	0.	4.9328809573627086e-26	1.764742006341751e-14	6.828755882677937e-17
538.	0.	4.9206525238356776e-26	1.7463280171105443e-14	6.777186888194189e-17
539.	0.	0.	1.727980525180503e-14	6.725523418619905e-17
540.	0.	0.	1.7097018755339206e-14	6.673775109226078e-17
540.9999999999999	0.	0.	1.6914943546573888e-14	6.621951479605471e-17
542.	0.	0.	1.6733601909200305e-14	6.570061932709816e-17
543.	0.	0.	1.6553015549674085e-14	6.518115753948326e-17
544.	0.	0.	1.6373205601296128e-14	6.466122110343572e-17
545.	0.	0.	1.619419262843882e-14	6.414090049746772e-17
545.9999999999999	0.	0.	1.6015996630913574e-14	6.3620285001126e-17
547.	0.	0.	1.583863704845922e-14	6.309946268826256e-17
548.	0.	0.	1.5662132765372326e-14	6.257852042092764e-17
549.	0.	0.	1.5486502115241402e-14	6.20575438437439e-17
549.9999999999999	0.	0.	1.531176288581068e-14	6.153661737887032e-17
551.	0.	0.	1.5137932323945575e-14	6.101582422146471e-17
552.	0.	0.	1.4965027140710954e-14	6.049524633569425e-17
553.	0.	0.	1.4793063516540823e-14	5.997496445121704e-17
554.	0.	0.	1.4622057106516058e-14	5.94550580602177e-17
554.9999999999999	0.	0.	1.4452023045720175e-14	5.893560541488044e-17
556.	0.	0.	1.4282975954691488e-14	5.841668352538626e-17
557.	0.	0.	1.411492994495221e-14	5.789836815836369e-17
558.	0.	0.	1.3947898624614741e-14	5.738073383580303e-17
558.9999999999999	0.	0.	1.378189510406234e-14	5.686385383443301e-17
560.	0.	0.	1.36169320016967e-14	5.634780018553436e-17
561.	0.	0.	1.3453021449748487e-14	5.583264367518603e-17
562.	0.	0.	1.3290175100152866e-14	5.531845384495866e-17
563.	0.	0.	1.3128404130471797e-14	5.480529899298719e-17
563.9999999999999	0.	0.	1.2967719249876456e-14	5.429324617548671e-17
565.	0.	0.	1.2808130705172903e-14	5.378236120864785e-17
566.	0.	0.	1.2649648286871602e-14	5.3272708670921643e-17
567.	0.	0.	1.2492281335296747e-14	5.276435190568273e-17
567.9999999999999	0.	0.	1.2336038746735045e-14	5.2257353024277506e-17
569.	0.	0.	1.218092897961212e-14	5.175177290941135e-17
570.	0.	0.	1.2026960060701007e-14	5.1247671218902796e-17
571.	0.	0.	1.187413959135456e-14	5.074510638977287e-17
572.	0.	0.	1.1722474753762941e-14	5.024413564268087e-17
572.9999999999999	0.	0.	1.1571972317224964e-14	4.974481498666643e-17
574.	0.	0.	1.1422638644439585e-14	4.9247199224225173e-17
575.	0.	0.	1.1274479697807943e-14	4.875134195668639e-17
576.	0.	0.	1.1127501045742519e-14	4.825729558987898e-17
576.9999999999999	0.	0.	1.0981707868987178e-14	4.776511134010818e-17
578.	0.	0.	1.0837104966937238e-14	4.72748392404009e-17
579.	0.	0.	1.069369676396165e-14	4.678652814702816e-17
580.	0.	0.	1.0551487315719348e-14	4.630022574628145e-17
581.	0.	0.	1.0410480315478396e-14	4.581597856153647e-17
582.	0.	0.	1.0270679100418785e-14	4.533383196052805e-17
583.	0.	0.	1.01320866579299e-14	4.485383016288812e-17
584.	0.	0.	9.99470563189628e-15	4.437601624791711e-17
585.	0.	0.	9.858538328964962e-15	4.390043216256836e-17
585.9999999999999	0.	0.	9.723586724797129e-15	4.3427118729653255e-17
587.	0.	0.	9.589852470302383e-15	4.295611565626697e-17
588.	0.	0.	9.45733689784583e-15	4.2487461542392153e-17
589.	0.	0.	9.326041027437561e-15	4.2021193889722634e-17
589.9999999999999	0.	0.	9.195965572891199e-15	4.155734911065127e-17
591.	0.	0.	9.067110947958045e-15	4.109596253745495e-17
592.	0.	0.	8.939477272429574e-15	4.063706843164001e-17
593.	0.	0.	8.81306437820676e-15	4.018069999344767e-17
594.	0.	0.	8.687871815340652e-15	3.9726889371536697e-17
594.9999999999999	0.	0.	8.5638988580315e-15	3.9275667672790494e-17
596.	0.	0.	8.441144510597416e-15	3.8827064972293824e-17
597.	0.	0.	8.319607513400214e-15	3.838111032342909e-17
598.	0.	0.	8.199286348731272e-15	3.7937831768100955e-17
598.9999999999999	0.	0.	8.080179246658604e-15	3.7497256347097974e-17
600.	0.	0.	7.962284190829994e-15	3.705941011056595e-17
601.	0.	0.	7.845598924229416e-15	3.6624318128581025e-17
602.	0.	0.	7.730120954892302e-15	3.619200450184627e-17
603.	0.	0.	7.615847561569893e-15	3.576249237247012e-17
603.9999999999999	0.	0.	7.502775799348685e-15	3.533580393484767e-17
605.	0.	0.	7.3909025052181e-15	3.4911960446618786e-17
606.	0.	0.	7.280224303590335e-15	3.44909822397174e-17
607.	0.	0.	7.170737611767229e-15	3.40728887314852e-17
607.9999999999999	0.	0.	7.06243864535633e-15	3.365769843586313e-17
609.	0.	0.	6.955323423631898e-15	3.324542897463689e-17
610.	0.	0.	6.849387774844296e-15	3.283609708875061e-17
611.	0.	0.	6.744627341472511e-15	3.2429718649665495e-17
612.	0.	0.	6.641037585423073e-15	3.202630867077333e-17
612.9999999999999	0.	0.	6.538613793168663e-15	3.162588131883628e-17
614.	0.	0.	6.437351080835543e-15	3.1228449925489e-17
615.	0.	0.	6.337244399227615e-15	3.083402699874891e-17
616.	0.	0.	6.238288538796401e-15	3.04426242345718e-17
616.9999999999999	0.	0.	6.140478134549132e-15	3.005425252841787e-17
618.	0.	0.	6.043807670899767e-15	2.9668921986844835e-17
619.	0.	0.	5.948271486457922e-15	2.928664193910646e-17
620.	0.	0.	5.853863778760232e-15	2.8907420948771343e-17
621.	0.	0.	5.760578608937502e-15	2.8531266825330955e-17
621.9999999999999	0.	0.	5.668409906325395e-15	2.8158186635830104e-17
623.	0.	0.	5.577351473008182e-15	2.778818671646698e-17
624.	0.	0.	5.487396988306915e-15	2.7421272684215578e-17
625.	0.	0.	5.3985400131996864e-15	2.7057449448406788e-17
625.9999999999999	0.	0.	5.310773994685051e-15	2.669672122232181e-17
627.	0.	0.	5.224092270079005e-15	2.633909153474387e-17
628.	0.	0.	5.1384880712532964e-15	2.5984563241508205e-17
629.	0.	0.	5.053954528806778e-15	2.563313853700319e-17
629.9999999999999	0.	0.	4.970484676178746e-15	2.528481896566444e-17
630.9999999999999	0.	0.	4.888071453695771e-15	2.4939605433418607e-17
632.	0.	0.	4.80670771255842e-15	2.459749821910269e-17
633.	0.	0.	4.7263862187638894e-15	2.4258496985837368e-17
634.	0.	0.	4.647099656966048e-15	2.3922600792359333e-17
634.9999999999999	0.	0.	4.568840634274087e-15	2.3589808104313216e-17
636.	0.	0.	4.491601683986269e-15	2.3260116805483844e-17
637.	0.	0.	4.415375269262981e-15	2.2933524208986855e-17
638.	0.	0.	4.34015378673886e-15	2.2610027068411013e-17
638.9999999999999	0.	0.	4.2659295700683425e-15	2.2289621588882067e-17
640.	0.	0.	4.1926948934139894e-15	2.197230343809231e-17
641.	0.	0.	4.120441974870264e-15	2.165806775725313e-17
642.	0.	0.	4.049162979826242e-15	2.134690917198711e-17
643.	0.	0.	3.978850024268422e-15	2.103882180315922e-17
643.9999999999999	0.	0.	3.909495178020211e-15	2.0733799277629817e-17
645.	0.	0.	3.8410904679228056e-15	2.0431834738946435e-17
646.	0.	0.	3.773627880954091e-15	2.0132920857954213e-17
647.	0.	0.	3.7070993672887876e-15	1.9837049843340578e-17
647.9999999999999	0.	0.	3.641496843297788e-15	1.9544213452095106e-17
649.	0.	0.	3.576812194488421e-15	1.92544029998957e-17
650.	0.	0.	3.5130372783857532e-15	1.8967609371410796e-17
651.	0.	0.	3.4501639273548947e-15	1.8683823030521018e-17
652.	0.	0.	3.388183951366547e-15	1.840303403046381e-17
652.9999999999999	0.	0.	3.3270891407020223e-15	1.8125232023877198e-17
654.	0.	0.	3.2668712686035146e-15	1.7850406272772585e-17
655.	0.	0.	3.2075220938655483e-15	1.757854565840833e-17
656.	0.	0.	3.1490333633717552e-15	1.730963869108307e-17
656.9999999999999	0.	0.	3.0913968145731997e-15	1.7043673519826214e-17
658.	0.	0.	3.0346041779140053e-15	1.6780637942010956e-17
659.	0.	0.	2.9786471791990728e-15	1.6520519412857404e-17
660.	0.	0.	2.9235175419096834e-15	1.626330505485693e-17
661.	0.	0.	2.869206989464163e-15	1.6008981667093603e-17
661.9999999999999	0.	0.	2.8157072474233604e-15	1.57575357344618e-17
663.	0.	0.	2.763010045646481e-15	1.5508953436803487e-17
664.	0.	0.	2.711107120391777e-15	1.5263220657933192e-17
665.	0.	0.	2.6599902163663347e-15	1.50203229945691e-17
665.9999999999999	0.	0.	2.609651088724087e-15	1.478024576516202e-17
667.	0.	0.	2.560081505013688e-15	1.4542974018627435e-17
668.	0.	0.	2.5112732470764926e-15	1.430849254297795e-17
669.	0.	0.	2.4632181128919295e-15	1.407678587383778e-17
670.	0.	0.	2.415907918378199e-15	1.384783830287963e-17
670.9999999999999	0.	0.	2.3693344991416237e-15	1.3621633886142629e-17
672.	0.	0.	2.323489712178494e-15	1.3398156452248698e-17
673.	0.	0.	2.2783654375296923e-15	1.3177389610516604e-17
674.	0.	0.	2.2339535798889214e-15	1.2959316758974002e-17
674.9999999999999	0.	0.	2.1902460701645922e-15	1.274392109226257e-17
676.	0.	0.	2.147234866996518e-15	1.2531185609442374e-17
677.	0.	0.	2.1049119582263643e-15	1.2321093121682146e-17
678.	0.	0.	2.0632693623252273e-15	1.2113626259854204e-17
678.9999999999999	0.	0.	2.0222991297772453e-15	1.1908767482021848e-17
679.9999999999999	0.	0.	1.9819933444191825e-15	1.1706499080817144e-17
681.	0.	0.	1.9423441247383928e-15	1.1506803190717548e-17
682.	0.	0.	1.903343625128787e-15	1.1309661795217323e-17
683.	0.	0.	1.864984037104828e-15	1.1115056733889449e-17
683.9999999999999	0.	0.	1.8272575904760974e-15	1.0922969709349303e-17
685.	0.	0.	1.7901565544799996e-15	1.0733382294103229e-17
686.	0.	0.	1.7536732388771103e-15	1.0546275937303616e-17
687.	0.	0.	1.7177999950058749e-15	1.0361631971389252e-17
687.9999999999999	0.	0.	1.6825292168003337e-15	1.0179431618627617e-17
688.9999999999999	0.	0.	1.6478533417693978e-15	9.999655997548785e-18
690.	0.	0.	1.6137648519397324e-15	9.822286129277879e-18
691.	0.	0.	1.580256274761586e-15	9.647302943760406e-18
692.	0.	0.	1.547320183979608e-15	9.474687285888968e-18
692.9999999999999	0.	0.	1.5149492004675774e-15	9.304419921520181e-18
694.	0.	0.	1.4831359930293322e-15	9.136481543395817e-18
695.	0.	0.	1.4518732791653353e-15	8.970852776956584e-18
696.	0.	0.	1.4211538258059515e-15	8.807514186057107e-18
696.9999999999999	0.	0.	1.3909704500115372e-15	8.646446278575323e-18
698.	0.	0.	1.361316019640972e-15	8.487629511926296e-18
699.	0.	0.	1.332183453988088e-15	8.331044298471421e-18
700.	0.	0.	1.3035657243871036e-15	8.176671010828382e-18
701.	0.	0.	1.275455854787886e-15	8.024489987084111e-18
701.9999999999999	0.	0.	1.2478469223011097e-15	7.874481535906739e-18
703.	0.	0.	1.220732057713966e-15	7.72662594155885e-18
704.	0.	0.	1.1941044459774277e-15	7.580903468814598e-18
705.	0.	0.	1.1679573266652233e-15	7.43729436778027e-18
705.9999999999999	0.	0.	1.1422839944051884e-15	7.295778878616739e-18
707.	0.	0.	1.1170777992835776e-15	7.156337236167752e-18
708.	0.	0.	1.0923321472227686e-15	7.018949674492273e-18
709.	0.	0.	1.068040500333401e-15	6.8835964313048355e-18
710.	0.	0.	1.044196377240488e-15	6.750257752318484e-18
710.9999999999999	0.	0.	1.0207933533851151e-15	6.6189138954983074e-18
712.	0.	0.	9.978250613019204e-16	6.489545135223368e-18
713.	0.	0.	9.752851908721137e-16	6.3621317663527366e-18
714.	0.	0.	9.531674895541762e-16	6.236654108208556e-18
714.9999999999999	0.	0.	9.31465762590805e-16	6.113092508461808e-18
716.	0.	0.	9.1017387319422e-16	5.991427346933861e-18
717.	0.	0.	8.892857427097387e-16	5.871639039309612e-18
718.	0.	0.	8.687953507577897e-16	5.75370804076197e-18
719.	0.	0.	8.486967353555312e-16	5.637614849491147e-18
719.9999999999999	0.	0.	8.289839930178968e-16	5.523340010177725e-18
721.	0.	0.	8.096512788392773e-16	5.410864117352191e-18
722.	0.	0.	7.906928065554277e-16	5.300167818678598e-18
723.	0.	0.	7.721028485871691e-16	5.191231818158507e-18
723.9999999999999	0.	0.	7.53875736065159e-16	5.084036879249264e-18
725.	0.	0.	7.36005858837291e-16	4.9785638279041815e-18
726.	0.	0.	7.184876654584967e-16	4.874793555531575e-18
727.	0.	0.	7.013156631635347e-16	4.772707021873789e-18
727.9999999999999	0.	0.	6.844844178231493e-16	4.672285257806754e-18
728.9999999999999	0.	0.	6.679885538847943e-16	4.5735093680670915e-18
730.	0.	0.	6.518227542968865e-16	4.4763605338956756e-18
731.	0.	0.	6.359817604184846e-16	4.3808200156110335e-18
732.	0.	0.	6.204603719138728e-16	4.286869155104699e-18
732.9999999999999	0.	0.	6.052534466328635e-16	4.19448937826436e-18
734.	0.	0.	5.903559004773075e-16	4.10366219732401e-18
735.	0.	0.	5.757627072539095e-16	4.014369213141766e-18
736.	0.	0.	5.614688985139146e-16	3.9265921174068445e-18
736.9999999999999	0.	0.	5.474695633800435e-16	3.8403126947757675e-18
737.9999999999999	0.	0.	5.337598483611666e-16	3.755512824940562e-18
739.	0.	0.	5.20334957154998e-16	3.672174484628494e-18
740.	0.	0.	5.071901504390294e-16	3.5902797495333475e-18
741.	0.	0.	4.943207456504511e-16	3.509810796182039e-18
741.9999999999999	0.	0.	4.817221167550797e-16	3.4307499037347163e-18
743.	0.	0.	4.693896940059187e-16	3.3530794557213374e-18
744.	0.	0.	4.573189636914194e-16	3.2767819417135942e-18
745.	0.	0.	4.455054678739448e-16	3.2018399589344742e-18
745.9999999999999	0.	0.	4.3394480411890827e-16	3.1282362138071526e-18
746.9999999999999	0.	0.	4.2263262521479617e-16	3.055953523442566e-18
748.	0.	0.	4.11564638884174e-16	2.984974817066536e-18
749.	0.	0.	4.007366074865342e-16	2.915283137389451e-18
750.	0.	0.	3.90144347712605e-16	2.8468616419155578e-18
750.9999999999999	0.	0.	3.797837302713553e-16	2.779693604199163e-18
752.	0.	0.	3.6965067956894276e-16	2.7137624150405826e-18
753.	0.	0.	3.5974117338077374e-16	2.6490515836296427e-18
754.	0.	0.	3.5005124251644914e-16	2.5855447386332824e-18
754.9999999999999	0.	0.	3.405769704783442e-16	2.5232256292321492e-18
756.	0.	0.	3.3131449311326415e-16	2.4620781261003206e-18
757.	0.	0.	3.2225999825881476e-16	2.4020862223392155e-18
758.	0.	0.	3.1340972538316005e-16	2.343234034354808e-18
759.	0.	0.	3.047599652200487e-16	2.2855058026913245e-18
759.9999999999999	0.	0.	2.9630705939785415e-16	2.228885892810229e-18
761.	0.	0.	2.880474000640341e-16	2.173358795824701e-18
762.	0.	0.	2.799774295047388e-16	2.118909129186119e-18
763.	0.	0.	2.7209363975985056e-16	2.065521637323712e-18
763.9999999999999	0.	0.	2.643925722338801e-16	2.013181192239888e-18
765.	0.	0.	2.5687081730259305e-16	1.9618727940592114e-18
766.	0.	0.	2.4952501391626855e-16	1.911581571536402e-18
767.	0.	0.	2.423518491987768e-16	1.862292782517495e-18
768.	0.	0.	2.3534805804407187e-16	1.8139918143642116e-18
768.9999999999999	0.	0.	2.2851042270875854e-16	1.7666641843313684e-18
770.	0.	0.	2.2183577240244467e-16	1.7202955399087585e-18
771.	0.	0.	2.153209828749306e-16	1.6748716591206058e-18
772.	0.	0.	2.0896297600108412e-16	1.6303784507871789e-18
772.9999999999999	0.	0.	2.0275871936341945e-16	1.5868019547486698e-18
774.	0.	0.	1.9670522583239466e-16	1.5441283420506926e-18
775.	0.	0.	1.907995531451855e-16	1.5023439150962499e-18
776.	0.	0.	1.8503880348215173e-16	1.461435107757822e-18
776.9999999999999	0.	0.	1.794201230423723e-16	1.4213884854593408e-18
777.9999999999999	0.	0.	1.7394070161727305e-16	1.3821907452201482e-18
779.	0.	0.	1.6859777216338255e-16	1.3438287156680752e-18
780.	0.	0.	1.633886103740189e-16	1.3062893570198856e-18
781.	0.	0.	1.5831053424981961e-16	1.2695597610274712e-18
781.9999999999999	0.	0.	1.533609036690225e-16	1.2336271508970416e-18
783.	0.	0.	1.4853711995684536e-16	1.1984788811748397e-18
784.	0.	0.	1.4383662545435317e-16	1.1641024376027273e-18
785.	0.	0.	1.3925690308769234e-16	1.1304854369497211e-18
785.9999999999999	0.	0.	1.3479547593643703e-16	1.0976156268092018e-18
786.9999999999999	0.	0.	1.3044990680241922e-16	1.0654808853724722e-18
788.	0.	0.	1.2621779777859304e-16	1.0340692211741934e-18
789.	0.	0.	1.2209678981832217e-16	1.0033687728132051e-18
790.	0.	0.	1.1808456230469473e-16	9.733678086443306e-19
790.9999999999999	0.	0.	1.14178832620935e-16	9.440547264502827e-19
792.	0.	0.	1.1037735572102655e-16	9.154180530854363e-19
793.	0.	0.	1.0667792370131146e-16	8.874464440979528e-19
794.	0.	0.	1.0307836537302601e-16	8.601286833293131e-19
794.9999999999999	0.	0.	9.957654583569414e-17	8.334536824905298e-19
795.9999999999999	0.	0.	9.617036605173023e-17	8.074104807175202e-19
797.	0.	0.	9.285776242220054e-17	7.819882441050944e-19
798.	0.	0.	8.963670636403871e-17	7.571762652217584e-19
799.	0.	0.	8.650520388841553e-17	7.329639626025766e-19
799.9999999999999	0.	0.	8.346129518087437e-17	7.093408802251131e-19
801.	0.	0.	8.050305418293629e-17	6.862966869656994e-19
802.	0.	0.	7.76285881753609e-17	6.63821176037458e-19
803.	0.	0.	7.483603736322913e-17	6.419042644113323e-19
803.9999999999999	0.	0.	7.212357446290008e-17	6.205359922205008e-19
804.9999999999999	0.	0.	6.948940429079382e-17	5.997065221475615e-19
806.	0.	0.	6.693176335438762e-17	5.794061387975833e-19
807.	0.	0.	6.444891944488597e-17	5.5962524805268e-19
808.	0.	0.	6.203917123262848e-17	5.403543764167574e-19
808.9999999999999	0.	0.	5.970084786409713e-17	5.215841703407871e-19
810.	0.	0.	5.743230856162665e-17	5.033053955379757e-19
811.	0.	0.	5.5231942225306216e-17	4.855089362845034e-19
812.	0.	0.	5.309816703728959e-17	4.681857947075439e-19
812.9999999999999	0.	0.	5.1029430068561933e-17	4.513270900611133e-19
814.	0.	0.	4.902420688823234e-17	4.349240579900048e-19
815.	0.	0.	4.708100117540221e-17	4.1896804978293184e-19
816.	0.	0.	4.519834433367342e-17	4.0345053161464377e-19
816.9999999999999	0.	0.	4.33747951082117e-17	3.8836308377697363e-19
817.9999999999999	0.	0.	4.1608939205665805e-17	3.736973999010593e-19
819.	0.	0.	3.989938891676571e-17	3.594452861695944e-19
820.	0.	0.	3.824478274166049e-17	3.4559866051932383e-19
821.	0.	0.	3.664378501828186e-17	3.3214955183678425e-19
821.9999999999999	0.	0.	3.5095085553359606e-17	3.1909009914371754e-19
823.	0.	0.	3.359739925645438e-17	3.064125507757872e-19
824.	0.	0.	3.21494657769451e-17	2.9410926355387893e-19
825.	0.	0.	3.075004914392417e-17	2.821727019479481e-19
825.9999999999999	0.	0.	2.939793740917623e-17	2.705954372348771e-19
826.9999999999999	0.	0.	2.809194229309872e-17	2.5937014664931677e-19
828.	0.	0.	2.683089883371796e-17	2.484896125290664e-19
829.	0.	0.	2.5613665038828145e-17	2.379467214552743e-19
830.	0.	0.	2.4439121541159766e-17	2.2773446338687783e-19
830.9999999999999	0.	0.	2.3306171256616382e-17	2.1784593078973346e-19
832.	0.	0.	2.221373904591838e-17	2.0827431776370437e-19
833.	0.	0.	2.1160771379006354e-17	1.9901291916196948e-19
834.	0.	0.	2.0146236003015365e-17	1.9005512971023707e-19
834.9999999999999	0.	0.	1.9169121613092063e-17	1.813944431191999e-19
835.9999999999999	0.	0.	1.8228437526698942e-17	1.730244511965657e-19
837.	0.	0.	1.732321336088926e-17	1.6493884295392937e-19
838.	0.	0.	1.645249871304355e-17	1.5713140371336176e-19
839.	0.	0.	1.5615362844572433e-17	1.4959601420923116e-19
839.9999999999999	0.	0.	1.4810894368142302e-17	1.4232664969077761e-19
841.	0.	0.	1.4038200937846827e-17	1.3531737902012507e-19
842.	0.	0.	1.3296408942906424e-17	1.2856236377161831e-19
843.	0.	0.	1.25846632044171e-17	1.2205585732798252e-19
843.9999999999999	0.	0.	1.1902126675464771e-17	1.1579220397675703e-19
844.9999999999999	0.	0.	1.1247980144443297e-17	1.0976583800555362e-19
846.	0.	0.	1.0621421941631759e-17	1.0397128279700894e-19
847.	0.	0.	1.0021667649078639e-17	9.84031499241274e-20
848.	0.	0.	9.447949813685259e-18	9.305613824518023e-20
848.9999999999999	0.	0.	8.899517663495604e-18	8.792503299860641e-20
850.	0.	0.	8.375636827408886e-18	8.300470490014776e-20
851.	0.	0.	7.87558905788324e-18	7.829010923843117e-20
852.	0.	0.	7.398671957095883e-18	7.377628497367544e-20
852.9999999999999	0.	0.	6.944198706184504e-18	6.945835383623931e-20
853.9999999999999	0.	0.	6.51149779781081e-18	6.533151942761871e-20
855.	0.	0.	6.099912771828489e-18	6.139106632200234e-20
856.	0.	0.	5.708801954237503e-18	5.763235917052749e-20
857.	0.	0.	5.337538199329416e-18	5.4050841807550865e-20
857.9999999999999	0.	0.	4.985508634954328e-18	5.064203635853984e-20
859.	0.	0.	4.652114410983222e-18	4.7401542350638946e-20
860.	0.	0.	4.336770450940268e-18	4.432503582591634e-20
861.	0.	0.	4.03890520679341e-18	4.1408268457534334e-20
861.9999999999999	0.	0.	3.757960416797895e-18	3.86470666680098e-20
863.	0.	0.	3.493390866554573e-18	3.6037330751594975e-20
864.	0.	0.	3.244664153095691e-18	3.3575033999108476e-20
865.	0.	0.	3.011260452071978e-18	3.125622182632426e-20
865.9999999999999	0.	0.	2.7926722880369406e-18	2.907701090618969e-20
866.9999999999999	0.	0.	2.5884043076998923e-18	2.7033588303826956e-20
868.	0.	0.	2.3979730563597448e-18	2.5122210616870977e-20
869.	0.	0.	2.2209067571799443e-18	2.3339203117921997e-20
870.	0.	0.	2.05674509358437e-18	2.168095890232157e-20
870.9999999999999	0.	0.	1.9050389945903587e-18	2.0143938039699508e-20
872.	0.	0.	1.765350423073484e-18	1.8724666729503867e-20
873.	0.	0.	1.6372521670460057e-18	1.741973646174355e-20
874.	0.	0.	1.520327633761386e-18	1.6225803181256833e-20
874.9999999999999	0.	0.	1.4141706467924345e-18	1.513958645741189e-20
875.9999999999999	0.	0.	1.3183852459578543e-18	1.415786865821906e-20
877.	0.	0.	1.2325854900688277e-18	1.3277494128882134e-20
878.	0.	0.	1.1563952626194771e-18	1.2495368376449344e-20
879.	0.	0.	1.0894480801406115e-18	1.1808457257867629e-20
879.9999999999999	0.	0.	1.0313869034863851e-18	1.121378617467292e-20
881.	0.	0.	9.818639517855705e-19	1.0708439271746375e-20
882.	0.	0.	9.405405191951902e-19	1.0289558641956325e-20
883.	0.	0.	9.070867943805704e-19	9.954343536186741e-21
883.9999999999999	0.	0.	8.811816826333358e-19	9.700049578118554e-21
884.9999999999999	0.	0.	8.625126307663526e-19	9.523987985598871e-21
886.	0.	0.	8.507754545305539e-19	9.42352479614347e-21
887.	0.	0.	8.4567416883703e-19	9.396080100001541e-21
888.	0.	0.	8.469208203822109e-19	9.439127276682427e-21
888.9999999999999	0.	0.	8.5423532301746e-19	9.55019223903443e-21
890.	0.	0.	8.673452955963702e-19	9.726852682249623e-21
891.	0.	0.	8.85985902374581e-19	9.966737338953578e-21
892.	0.	0.	9.098996959104838e-19	1.0267525240111458e-20
892.9999999999999	0.	0.	9.38836462451316e-19	1.0626944981913883e-20
893.9999999999999	0.	0.	9.725530698037107e-19	1.1042773998950962e-20
895.	0.	0.	1.010813317598777e-18	1.1512837842975818e-20
896.	0.	0.	1.053387789960976e-18	1.2035009467685373e-20
897.	0.	0.	1.1000537106456331e-18	1.2607208520571606e-20
897.9999999999999	0.	0.	1.1505948004113358e-18	1.3227400639509078e-20
899.	0.	0.	1.2048011368095715e-18	1.3893596756455903e-20
900.	0.	0.	1.2624690162876821e-18	1.460385240741951e-20
901.	0.	0.	1.3234008185241586e-18	1.5356267048052735e-20
901.9999999999999	0.	0.	1.3874048730522255e-18	1.614898337584653e-20
902.9999999999999	0.	0.	1.4542953281124012e-18	1.698018665853536e-20
904.	0.	0.	1.5238920217448036e-18	1.7848104069163936e-20
905.	0.	0.	1.5960203550094846e-18	1.8751004026815703e-20
906.	0.	0.	1.6705111673761975e-18	1.9687195543792578e-20
906.9999999999999	0.	0.	1.7472006143149593e-18	2.0655027579917172e-20
908.	0.	0.	1.8259300468985616e-18	2.1652888402061607e-20
909.	0.	0.	1.9065458935539738e-18	2.2679204950784465e-20
910.	0.	0.	1.9888995438476206e-18	2.373244221305727e-20
910.9999999999999	0.	0.	2.0728472343085334e-18	2.4811102601384597e-20
911.9999999999999	0.	0.	2.1582499362713087e-18	2.59137253394544e-20
913.	0.	0.	2.2449732456687576e-18	2.7038885853713327e-20
914.	0.	0.	2.3328872748325777e-18	2.81851951719055e-20
914.9999999999999	0.	0.	2.4218665461938877e-18	2.93512993275675e-20
915.9999999999999	0.	0.	2.5117898879021365e-18	3.053587877095466e-20
917.	0.	0.	2.60254033133768e-18	3.173764778642778e-20
918.	0.	0.	2.6940050104895516e-18	3.2955353916229713e-20
919.	0.	0.	2.7860750631369367e-18	3.418777739018454e-20
919.9999999999999	0.	0.	2.8786455339058903e-18	3.5433730562458265e-20
921.	0.	0.	2.971615279048153e-18	3.669205735383278e-20
922.	0.	0.	3.064886873045939e-18	3.7961632701007156e-20
923.	0.	0.	3.158366516904917e-18	3.92413620115029e-20
923.9999999999999	0.	0.	3.2519639482086422e-18	4.053018062539423e-20
924.9999999999999	0.	0.	3.345592352855079e-18	4.182705328311707e-20
926.	0.	0.	3.4391682784532887e-18	4.3130973599335827e-20
927.	0.	0.	3.532611549371906e-18	4.444096354310659e-20
928.	0.	0.	3.625845183438397e-18	4.575607292450964e-20
928.9999999999999	0.	0.	3.718795310208861e-18	4.707537888703697e-20
930.	0.	0.	3.8113910908339145e-18	4.839798540636185e-20
931.	0.	0.	3.903564639494539e-18	4.9723022795303466e-20
932.	0.	0.	3.9952509463283506e-18	5.104964721440989e-20
932.9999999999999	0.	0.	4.086387801945038e-18	5.2377040189493046e-20
933.9999999999999	0.	0.	4.17691572334871e-18	5.370440813416307e-20
935.	0.	0.	4.266777881399006e-18	5.503098187923801e-20
936.	0.	0.	4.355920029674378e-18	5.635601620757879e-20
937.	0.	0.	4.44429043478984e-18	5.767878939518733e-20
937.9999999999999	0.	0.	4.5318398080987385e-18	5.899860275801416e-20
939.	0.	0.	4.6185212388084054e-18	6.031478020496792e-20
940.	0.	0.	4.704290128412319e-18	6.162666779624379e-20
941.	0.	0.	4.7891041265151005e-18	6.293363330806109e-20
941.9999999999999	0.	0.	4.872923067940429e-18	6.423506580276703e-20
942.9999999999999	0.	0.	4.9557089111719525e-18	6.553037520502687e-20
944.	0.	0.	5.0374256780414895e-18	6.68189918832992e-20
945.	0.	0.	5.118039394705485e-18	6.810036623741496e-20
946.	0.	0.	5.19751803384807e-18	6.937396829151046e-20
946.9999999999999	0.	0.	5.27583145811862e-18	7.063928729280457e-20
948.	0.	0.	5.352951364755342e-18	7.18958313156863e-20
949.	0.	0.	5.428851231403451e-18	7.314312687151043e-20
950.	0.	0.	5.5035062630923335e-18	7.438071852380241e-20
950.9999999999999	0.	0.	5.576893340356881e-18	7.560816850892452e-20
951.9999999999999	0.	0.	5.648990968483776e-18	7.682505636208744e-20
953.	0.	0.	5.719779227884161e-18	7.803097854899555e-20
954.	0.	0.	5.789239725513956e-18	7.922554810229285e-20
954.9999999999999	0.	0.	5.857355547416587e-18	8.040839426395855e-20
955.9999999999999	0.	0.	5.924111212277564e-18	8.157916213230731e-20
957.	0.	0.	5.9894926260342085e-18	8.27375123145854e-20
958.	0.	0.	6.05348703750384e-18	8.388312058461951e-20
959.	0.	0.	6.116082995013639e-18	8.501567754562928e-20
959.9999999999999	0.	0.	6.1772703039982375e-18	8.613488829791765e-20
960.9999999999999	0.	0.	6.237039985576159e-18	8.724047211165617e-20
962.	0.	0.	6.295384236095609e-18	8.833216210503779e-20
963.	0.	0.	6.3522963875708565e-18	8.940970492667e-20
963.9999999999999	0.	0.	6.407770869073103e-18	9.047286044345908e-20
964.9999999999999	0.	0.	6.4618031690051095e-18	9.152140143299702e-20
966.	0.	0.	6.514389798263851e-18	9.255511328095424e-20
967.	0.	0.	6.565528254277927e-18	9.357379368308307e-20
968.	0.	0.	6.615216985888801e-18	9.457725235201167e-20
968.9999999999999	0.	0.	6.663455359080713e-18	9.556531072870709e-20
969.9999999999999	0.	0.	6.710243623531625e-18	9.653780169856851e-20
971.	0.	0.	6.755582879966104e-18	9.749456931204012e-20
972.	0.	0.	6.799475048307903e-18	9.843546850974871e-20
972.9999999999999	0.	0.	6.841922836614951e-18	9.936036485230872e-20
973.9999999999999	0.	0.	6.8829297107698974e-18	1.0026913425432143e-19
975.	0.	0.	6.922499864928324e-18	1.0116166272290814e-19
976.	0.	0.	6.960638192700051e-18	1.0203784610059117e-19
977.	0.	0.	6.99735025905871e-18	1.028975898124745e-19
977.9999999999999	0.	0.	7.032642272945126e-18	1.0374080861753721e-19
979.	0.	0.	7.066521060595816e-18	1.0456742636451412e-19
980.	0.	0.	7.098994039513821e-18	1.0537737575143549e-19
980.9999999999999	0.	0.	7.130069193148896e-18	1.0617059808976112e-19
982.	0.	0.	7.159755046202785e-18	1.069470430722447e-19
982.9999999999999	0.	0.	7.188060640598645e-18	1.0770666854508444e-19
983.9999999999999	0.	0.	7.214995512069403e-18	1.0844944028383734e-19
985.	0.	0.	7.240569667373282e-18	1.0917533177348087e-19
985.9999999999999	0.	0.	7.264793562113332e-18	1.0988432399227754e-19
987.	0.	0.	7.287678079138293e-18	1.105764051993263e-19
988.	0.	0.	7.309234507551068e-18	1.112515707262944e-19
988.9999999999999	0.	0.	7.32947452227777e-18	1.1190982277263745e-19
990.	0.	0.	7.34841016418167e-18	1.1255117020450582e-19
990.9999999999999	0.	0.	7.366053820742447e-18	1.1317562835749995e-19
992.	0.	0.	7.382418207274522e-18	1.1378321884298547e-19
993.	0.	0.	7.397516348658183e-18	1.1437396935793718e-19
993.9999999999999	0.	0.	7.411361561597293e-18	1.1494791349839265e-19
995.	0.	0.	7.423967437371426e-18	1.1550509057631794e-19
995.9999999999999	0.	0.	7.43534782509326e-18	1.1604554544005576e-19
997.	0.	0.	7.445516815445329e-18	1.165693282980948e-19
998.	0.	0.	7.454488724886362e-18	1.1707649454618469e-19
998.9999999999999	0.	0.	7.46227808032907e-18	1.1756710459786865e-19
1000.	0.	0.	7.468899604263852e-18	1.180412237181437e-19