0.000000000000000000e+00 6.939697265625000000e-02
1.000000000000000000e+00 6.494140625000000000e-02
2.000000000000000000e+00 6.072998046875000000e-02
3.000000000000000000e+00 5.676269531250000000e-02
4.000000000000000000e+00 5.303955078125000000e-02
5.000000000000000000e+00 4.953002929687500000e-02
6.000000000000000000e+00 4.623413085937500000e-02
7.000000000000000000e+00 4.315185546875000000e-02
8.000000000000000000e+00 4.025268554687500000e-02
9.000000000000000000e+00 3.753662109375000000e-02
1.000000000000000000e+01 3.500366210937500000e-02
1.100000000000000000e+01 3.262329101562500000e-02
1.200000000000000000e+01 3.039550781250000000e-02
1.300000000000000000e+01 2.830505371093750000e-02
1.400000000000000000e+01 2.633666992187500000e-02
1.400000000000000000e+01 2.450561523437500000e-02
1.600000000000000000e+01 2.279663085937500000e-02
1.700000000000000000e+01 2.119445800781250000e-02
1.800000000000000000e+01 1.969909667968750000e-02
1.800000000000000000e+01 1.829528808593750000e-02
2.000000000000000000e+01 1.698303222656250000e-02
2.100000000000000000e+01 1.576232910156250000e-02
2.200000000000000000e+01 1.462554931640625000e-02
2.300000000000000000e+01 1.356506347656250000e-02
2.400000000000000000e+01 1.257324218750000000e-02
2.400000000000000000e+01 1.165008544921875000e-02
2.600000000000000000e+01 1.078796386718750000e-02
2.700000000000000000e+01 9.979248046875000000e-03
2.800000000000000000e+01 9.231567382812500000e-03
2.900000000000000000e+01 8.537292480468750000e-03
2.900000000000000000e+01 7.888793945312500000e-03
3.100000000000000000e+01 7.289886474609375000e-03
3.200000000000000000e+01 6.729125976562500000e-03
3.200000000000000000e+01 6.210327148437500000e-03
3.400000000000000000e+01 5.725860595703125000e-03
3.500000000000000000e+01 5.279541015625000000e-03
3.600000000000000000e+01 4.863739013671875000e-03
3.700000000000000000e+01 4.478454589843750000e-03
3.700000000000000000e+01 4.119873046875000000e-03
3.900000000000000000e+01 3.787994384765625000e-03
4.000000000000000000e+01 3.480911254882812500e-03
4.100000000000000000e+01 3.196716308593750000e-03
4.200000000000000000e+01 2.933502197265625000e-03
4.200000000000000000e+01 2.691268920898437500e-03
4.400000000000000000e+01 2.466201782226562500e-03
4.400000000000000000e+01 2.258300781250000000e-03
4.600000000000000000e+01 2.067565917968750000e-03
4.700000000000000000e+01 1.890182495117187500e-03
4.800000000000000000e+01 1.727104187011718750e-03
4.900000000000000000e+01 1.577377319335937500e-03
4.900000000000000000e+01 1.439094543457031250e-03
5.100000000000000000e+01 1.311302185058593750e-03
5.200000000000000000e+01 1.194000244140625000e-03
5.300000000000000000e+01 1.086235046386718750e-03
5.400000000000000000e+01 9.870529174804687500e-04
5.400000000000000000e+01 8.964538574218750000e-04
5.600000000000000000e+01 8.130073547363281250e-04
5.600000000000000000e+01 7.367134094238281250e-04
5.800000000000000000e+01 6.670951843261718750e-04
5.900000000000000000e+01 6.027221679687500000e-04
5.900000000000000000e+01 5.445480346679687500e-04
6.100000000000000000e+01 4.911422729492187500e-04
6.200000000000000000e+01 4.420280456542968750e-04
6.300000000000000000e+01 3.976821899414062500e-04
6.400000000000000000e+01 3.571510314941406250e-04
6.500000000000000000e+01 3.201961517333984375e-04
6.500000000000000000e+01 2.865791320800781250e-04
6.700000000000000000e+01 2.560615539550781250e-04
6.800000000000000000e+01 2.285242080688476562e-04
6.900000000000000000e+01 2.034902572631835938e-04
7.000000000000000000e+01 1.808404922485351562e-04
7.000000000000000000e+01 1.603364944458007812e-04
7.200000000000000000e+01 1.418590545654296875e-04
7.300000000000000000e+01 1.251697540283203125e-04
7.400000000000000000e+01 1.102685928344726562e-04
7.500000000000000000e+01 9.679794311523437500e-05
7.500000000000000000e+01 8.475780487060546875e-05
7.700000000000000000e+01 7.396936416625976562e-05
7.800000000000000000e+01 6.431341171264648438e-05
7.900000000000000000e+01 5.573034286499023438e-05
8.000000000000000000e+01 4.810094833374023438e-05
8.000000000000000000e+01 4.130601882934570312e-05
8.200000000000000000e+01 3.534555435180664062e-05
8.300000000000000000e+01 3.004074096679687500e-05
8.400000000000000000e+01 2.545118331909179688e-05
8.400000000000000000e+01 2.133846282958984375e-05
8.500000000000000000e+01 1.782178878784179688e-05
8.700000000000000000e+01 1.472234725952148438e-05
8.800000000000000000e+01 1.209974288940429688e-05
8.900000000000000000e+01 9.834766387939453125e-06
8.900000000000000000e+01 7.867813110351562500e-06
9.000000000000000000e+01 6.198883056640625000e-06
9.200000000000000000e+01 4.827976226806640625e-06
9.300000000000000000e+01 3.695487976074218750e-06
9.400000000000000000e+01 2.741813659667968750e-06
9.400000000000000000e+01 1.966953277587890625e-06
9.600000000000000000e+01 1.370906829833984375e-06
9.700000000000000000e+01 8.940696716308593750e-07
9.800000000000000000e+01 5.364418029785156250e-07
9.900000000000000000e+01 2.980232238769531250e-07
9.900000000000000000e+01 1.788139343261718750e-07
1.010000000000000000e+02 1.192092895507812500e-07
1.020000000000000000e+02 1.192092895507812500e-07
1.030000000000000000e+02 1.788139343261718750e-07
1.040000000000000000e+02 2.384185791015625000e-07
1.040000000000000000e+02 4.172325134277343750e-07
1.060000000000000000e+02 5.364418029785156250e-07
1.070000000000000000e+02 7.152557373046875000e-07
1.080000000000000000e+02 9.536743164062500000e-07
1.090000000000000000e+02 1.132488250732421875e-06
1.090000000000000000e+02 1.370906829833984375e-06
1.110000000000000000e+02 1.609325408935546875e-06
1.120000000000000000e+02 1.847743988037109375e-06
1.130000000000000000e+02 2.026557922363281250e-06
1.130000000000000000e+02 2.264976501464843750e-06
1.140000000000000000e+02 2.503395080566406250e-06
1.160000000000000000e+02 2.682209014892578125e-06
1.170000000000000000e+02 2.861022949218750000e-06
1.180000000000000000e+02 3.039836883544921875e-06
1.180000000000000000e+02 3.218650817871093750e-06
1.190000000000000000e+02 3.397464752197265625e-06
1.210000000000000000e+02 3.516674041748046875e-06
1.220000000000000000e+02 3.695487976074218750e-06
1.220000000000000000e+02 3.814697265625000000e-06
1.240000000000000000e+02 3.874301910400390625e-06
1.250000000000000000e+02 3.993511199951171875e-06
1.260000000000000000e+02 4.053115844726562500e-06
1.270000000000000000e+02 4.112720489501953125e-06
1.280000000000000000e+02 4.172325134277343750e-06
1.290000000000000000e+02 4.231929779052734375e-06
1.300000000000000000e+02 4.291534423828125000e-06
1.310000000000000000e+02 4.291534423828125000e-06
1.310000000000000000e+02 4.291534423828125000e-06
1.330000000000000000e+02 4.291534423828125000e-06
1.340000000000000000e+02 4.291534423828125000e-06
1.350000000000000000e+02 4.291534423828125000e-06
1.360000000000000000e+02 4.291534423828125000e-06
1.370000000000000000e+02 4.231929779052734375e-06
1.380000000000000000e+02 4.172325134277343750e-06
1.390000000000000000e+02 4.172325134277343750e-06
1.400000000000000000e+02 4.112720489501953125e-06
1.400000000000000000e+02 4.053115844726562500e-06
1.410000000000000000e+02 3.993511199951171875e-06
1.430000000000000000e+02 3.933906555175781250e-06
1.440000000000000000e+02 3.874301910400390625e-06
1.450000000000000000e+02 3.755092620849609375e-06
1.460000000000000000e+02 3.695487976074218750e-06
1.470000000000000000e+02 3.635883331298828125e-06
1.480000000000000000e+02 3.516674041748046875e-06
1.490000000000000000e+02 3.457069396972656250e-06
1.500000000000000000e+02 3.397464752197265625e-06
1.500000000000000000e+02 3.278255462646484375e-06
1.510000000000000000e+02 3.218650817871093750e-06
1.530000000000000000e+02 3.099441528320312500e-06
1.540000000000000000e+02 3.039836883544921875e-06
1.550000000000000000e+02 2.920627593994140625e-06
1.560000000000000000e+02 2.861022949218750000e-06
1.570000000000000000e+02 2.741813659667968750e-06
1.580000000000000000e+02 2.682209014892578125e-06
1.590000000000000000e+02 2.562999725341796875e-06
1.600000000000000000e+02 2.503395080566406250e-06
1.600000000000000000e+02 2.384185791015625000e-06
1.610000000000000000e+02 2.324581146240234375e-06
1.630000000000000000e+02 2.264976501464843750e-06
1.640000000000000000e+02 2.145767211914062500e-06
1.650000000000000000e+02 2.086162567138671875e-06
1.660000000000000000e+02 2.026557922363281250e-06
1.670000000000000000e+02 1.907348632812500000e-06
1.680000000000000000e+02 1.847743988037109375e-06
1.690000000000000000e+02 1.788139343261718750e-06
1.690000000000000000e+02 1.728534698486328125e-06
1.700000000000000000e+02 1.609325408935546875e-06
1.710000000000000000e+02 1.549720764160156250e-06
1.730000000000000000e+02 1.490116119384765625e-06
1.740000000000000000e+02 1.430511474609375000e-06
1.750000000000000000e+02 1.370906829833984375e-06
1.760000000000000000e+02 1.311302185058593750e-06
1.770000000000000000e+02 1.251697540283203125e-06
1.780000000000000000e+02 1.192092895507812500e-06
1.790000000000000000e+02 1.132488250732421875e-06
1.790000000000000000e+02 1.072883605957031250e-06
1.800000000000000000e+02 1.013278961181640625e-06
1.810000000000000000e+02 1.013278961181640625e-06
1.830000000000000000e+02 9.536743164062500000e-07
1.840000000000000000e+02 8.940696716308593750e-07
1.850000000000000000e+02 8.344650268554687500e-07
1.860000000000000000e+02 8.344650268554687500e-07
1.870000000000000000e+02 7.748603820800781250e-07
1.880000000000000000e+02 7.152557373046875000e-07
1.890000000000000000e+02 7.152557373046875000e-07
1.890000000000000000e+02 6.556510925292968750e-07
1.900000000000000000e+02 5.960464477539062500e-07
1.920000000000000000e+02 5.960464477539062500e-07
1.930000000000000000e+02 5.364418029785156250e-07
1.940000000000000000e+02 5.364418029785156250e-07
1.950000000000000000e+02 4.768371582031250000e-07
1.960000000000000000e+02 4.768371582031250000e-07
1.970000000000000000e+02 4.172325134277343750e-07
1.980000000000000000e+02 4.172325134277343750e-07
1.980000000000000000e+02 4.172325134277343750e-07
1.990000000000000000e+02 3.576278686523437500e-07
2.000000000000000000e+02 3.576278686523437500e-07
2.020000000000000000e+02 2.980232238769531250e-07
2.030000000000000000e+02 2.980232238769531250e-07
2.040000000000000000e+02 2.980232238769531250e-07
2.050000000000000000e+02 2.980232238769531250e-07
2.060000000000000000e+02 2.384185791015625000e-07
2.070000000000000000e+02 2.384185791015625000e-07
2.080000000000000000e+02 2.384185791015625000e-07
2.080000000000000000e+02 1.788139343261718750e-07
2.090000000000000000e+02 1.788139343261718750e-07
2.100000000000000000e+02 1.788139343261718750e-07
2.120000000000000000e+02 1.788139343261718750e-07
2.130000000000000000e+02 1.788139343261718750e-07
2.140000000000000000e+02 1.192092895507812500e-07
2.150000000000000000e+02 1.192092895507812500e-07
2.160000000000000000e+02 1.192092895507812500e-07
2.170000000000000000e+02 1.192092895507812500e-07
2.180000000000000000e+02 1.192092895507812500e-07
2.180000000000000000e+02 1.192092895507812500e-07
2.190000000000000000e+02 1.192092895507812500e-07
2.200000000000000000e+02 5.960464477539062500e-08
2.220000000000000000e+02 5.960464477539062500e-08
2.230000000000000000e+02 5.960464477539062500e-08
2.240000000000000000e+02 5.960464477539062500e-08
2.250000000000000000e+02 5.960464477539062500e-08
2.260000000000000000e+02 5.960464477539062500e-08
2.270000000000000000e+02 5.960464477539062500e-08
2.270000000000000000e+02 5.960464477539062500e-08
2.280000000000000000e+02 5.960464477539062500e-08
2.290000000000000000e+02 5.960464477539062500e-08
2.300000000000000000e+02 5.960464477539062500e-08
2.320000000000000000e+02 5.960464477539062500e-08
2.330000000000000000e+02 5.960464477539062500e-08
2.340000000000000000e+02 0.000000000000000000e+00
2.350000000000000000e+02 0.000000000000000000e+00
2.360000000000000000e+02 0.000000000000000000e+00
2.370000000000000000e+02 0.000000000000000000e+00
2.370000000000000000e+02 0.000000000000000000e+00
2.380000000000000000e+02 0.000000000000000000e+00
2.390000000000000000e+02 0.000000000000000000e+00
2.400000000000000000e+02 0.000000000000000000e+00
2.420000000000000000e+02 0.000000000000000000e+00
2.430000000000000000e+02 0.000000000000000000e+00
2.440000000000000000e+02 0.000000000000000000e+00
2.450000000000000000e+02 0.000000000000000000e+00
2.450000000000000000e+02 0.000000000000000000e+00
2.470000000000000000e+02 0.000000000000000000e+00
2.480000000000000000e+02 0.000000000000000000e+00
2.480000000000000000e+02 0.000000000000000000e+00
2.500000000000000000e+02 0.000000000000000000e+00
2.500000000000000000e+02 0.000000000000000000e+00
2.520000000000000000e+02 0.000000000000000000e+00
2.520000000000000000e+02 0.000000000000000000e+00
2.540000000000000000e+02 0.000000000000000000e+00
2.540000000000000000e+02 0.000000000000000000e+00
2.560000000000000000e+02 0.000000000000000000e+00
2.570000000000000000e+02 0.000000000000000000e+00
2.580000000000000000e+02 0.000000000000000000e+00
2.590000000000000000e+02 0.000000000000000000e+00
2.600000000000000000e+02 0.000000000000000000e+00
2.610000000000000000e+02 0.000000000000000000e+00
2.620000000000000000e+02 0.000000000000000000e+00
2.630000000000000000e+02 0.000000000000000000e+00
2.630000000000000000e+02 0.000000000000000000e+00
2.650000000000000000e+02 0.000000000000000000e+00
2.660000000000000000e+02 0.000000000000000000e+00
2.670000000000000000e+02 0.000000000000000000e+00
2.680000000000000000e+02 0.000000000000000000e+00
2.690000000000000000e+02 0.000000000000000000e+00
2.700000000000000000e+02 0.000000000000000000e+00
2.710000000000000000e+02 0.000000000000000000e+00
2.720000000000000000e+02 0.000000000000000000e+00
2.720000000000000000e+02 0.000000000000000000e+00
2.740000000000000000e+02 0.000000000000000000e+00
2.740000000000000000e+02 0.000000000000000000e+00
2.760000000000000000e+02 0.000000000000000000e+00
2.770000000000000000e+02 0.000000000000000000e+00
2.780000000000000000e+02 0.000000000000000000e+00
2.790000000000000000e+02 0.000000000000000000e+00
2.800000000000000000e+02 0.000000000000000000e+00
2.810000000000000000e+02 0.000000000000000000e+00
2.810000000000000000e+02 0.000000000000000000e+00
2.830000000000000000e+02 0.000000000000000000e+00
2.830000000000000000e+02 0.000000000000000000e+00
2.850000000000000000e+02 0.000000000000000000e+00
2.860000000000000000e+02 0.000000000000000000e+00
2.870000000000000000e+02 0.000000000000000000e+00
2.880000000000000000e+02 0.000000000000000000e+00
2.890000000000000000e+02 0.000000000000000000e+00
2.900000000000000000e+02 0.000000000000000000e+00
2.910000000000000000e+02 0.000000000000000000e+00
2.920000000000000000e+02 0.000000000000000000e+00
2.920000000000000000e+02 0.000000000000000000e+00
2.940000000000000000e+02 0.000000000000000000e+00
2.940000000000000000e+02 0.000000000000000000e+00
2.960000000000000000e+02 0.000000000000000000e+00
2.970000000000000000e+02 0.000000000000000000e+00
2.980000000000000000e+02 0.000000000000000000e+00
2.990000000000000000e+02 0.000000000000000000e+00
3.000000000000000000e+02 0.000000000000000000e+00
3.010000000000000000e+02 0.000000000000000000e+00
3.010000000000000000e+02 0.000000000000000000e+00
3.030000000000000000e+02 0.000000000000000000e+00
3.030000000000000000e+02 0.000000000000000000e+00
3.050000000000000000e+02 0.000000000000000000e+00
3.060000000000000000e+02 0.000000000000000000e+00
3.070000000000000000e+02 0.000000000000000000e+00
3.080000000000000000e+02 0.000000000000000000e+00
3.090000000000000000e+02 0.000000000000000000e+00
3.100000000000000000e+02 0.000000000000000000e+00
3.100000000000000000e+02 0.000000000000000000e+00
3.120000000000000000e+02 0.000000000000000000e+00
3.120000000000000000e+02 0.000000000000000000e+00
3.140000000000000000e+02 0.000000000000000000e+00
3.140000000000000000e+02 0.000000000000000000e+00
3.160000000000000000e+02 0.000000000000000000e+00
3.170000000000000000e+02 0.000000000000000000e+00
3.180000000000000000e+02 0.000000000000000000e+00
3.190000000000000000e+02 0.000000000000000000e+00
3.200000000000000000e+02 0.000000000000000000e+00
3.210000000000000000e+02 0.000000000000000000e+00
3.210000000000000000e+02 0.000000000000000000e+00
3.230000000000000000e+02 0.000000000000000000e+00
3.230000000000000000e+02 0.000000000000000000e+00
3.250000000000000000e+02 0.000000000000000000e+00
3.260000000000000000e+02 0.000000000000000000e+00
3.270000000000000000e+02 0.000000000000000000e+00
3.280000000000000000e+02 0.000000000000000000e+00
3.290000000000000000e+02 0.000000000000000000e+00
3.300000000000000000e+02 0.000000000000000000e+00
3.300000000000000000e+02 0.000000000000000000e+00
3.320000000000000000e+02 0.000000000000000000e+00
3.320000000000000000e+02 0.000000000000000000e+00
3.340000000000000000e+02 0.000000000000000000e+00
3.350000000000000000e+02 0.000000000000000000e+00
3.360000000000000000e+02 0.000000000000000000e+00
3.370000000000000000e+02 0.000000000000000000e+00
3.380000000000000000e+02 0.000000000000000000e+00
3.390000000000000000e+02 0.000000000000000000e+00
3.390000000000000000e+02 0.000000000000000000e+00
3.410000000000000000e+02 0.000000000000000000e+00
3.410000000000000000e+02 0.000000000000000000e+00
3.430000000000000000e+02 0.000000000000000000e+00
3.430000000000000000e+02 0.000000000000000000e+00
3.450000000000000000e+02 0.000000000000000000e+00
3.460000000000000000e+02 0.000000000000000000e+00
3.470000000000000000e+02 0.000000000000000000e+00
3.480000000000000000e+02 0.000000000000000000e+00
3.490000000000000000e+02 0.000000000000000000e+00
3.500000000000000000e+02 0.000000000000000000e+00
3.500000000000000000e+02 0.000000000000000000e+00
3.520000000000000000e+02 0.000000000000000000e+00
3.520000000000000000e+02 0.000000000000000000e+00
3.540000000000000000e+02 0.000000000000000000e+00
3.550000000000000000e+02 0.000000000000000000e+00
3.560000000000000000e+02 0.000000000000000000e+00
3.570000000000000000e+02 0.000000000000000000e+00
3.580000000000000000e+02 0.000000000000000000e+00
3.590000000000000000e+02 0.000000000000000000e+00
3.590000000000000000e+02 0.000000000000000000e+00
3.610000000000000000e+02 0.000000000000000000e+00
3.610000000000000000e+02 0.000000000000000000e+00
3.630000000000000000e+02 0.000000000000000000e+00
3.630000000000000000e+02 0.000000000000000000e+00
3.650000000000000000e+02 0.000000000000000000e+00
3.660000000000000000e+02 0.000000000000000000e+00
3.670000000000000000e+02 0.000000000000000000e+00
3.680000000000000000e+02 0.000000000000000000e+00
3.680000000000000000e+02 0.000000000000000000e+00
3.700000000000000000e+02 0.000000000000000000e+00
3.700000000000000000e+02 0.000000000000000000e+00
3.720000000000000000e+02 0.000000000000000000e+00
3.720000000000000000e+02 0.000000000000000000e+00
3.740000000000000000e+02 0.000000000000000000e+00
3.750000000000000000e+02 0.000000000000000000e+00
3.760000000000000000e+02 0.000000000000000000e+00
3.770000000000000000e+02 0.000000000000000000e+00
3.780000000000000000e+02 0.000000000000000000e+00
3.790000000000000000e+02 0.000000000000000000e+00
3.790000000000000000e+02 0.000000000000000000e+00
3.810000000000000000e+02 0.000000000000000000e+00
3.810000000000000000e+02 0.000000000000000000e+00
3.830000000000000000e+02 0.000000000000000000e+00
3.840000000000000000e+02 0.000000000000000000e+00
3.850000000000000000e+02 0.000000000000000000e+00
3.860000000000000000e+02 0.000000000000000000e+00
3.870000000000000000e+02 0.000000000000000000e+00
3.880000000000000000e+02 0.000000000000000000e+00
3.880000000000000000e+02 0.000000000000000000e+00
3.900000000000000000e+02 0.000000000000000000e+00
3.900000000000000000e+02 0.000000000000000000e+00
3.920000000000000000e+02 0.000000000000000000e+00
3.920000000000000000e+02 0.000000000000000000e+00
3.940000000000000000e+02 0.000000000000000000e+00
3.950000000000000000e+02 0.000000000000000000e+00
3.960000000000000000e+02 0.000000000000000000e+00
3.970000000000000000e+02 0.000000000000000000e+00
3.970000000000000000e+02 0.000000000000000000e+00
3.990000000000000000e+02 0.000000000000000000e+00
3.990000000000000000e+02 0.000000000000000000e+00
4.010000000000000000e+02 0.000000000000000000e+00
4.010000000000000000e+02 0.000000000000000000e+00
4.030000000000000000e+02 0.000000000000000000e+00
4.040000000000000000e+02 0.000000000000000000e+00
4.050000000000000000e+02 0.000000000000000000e+00
4.060000000000000000e+02 0.000000000000000000e+00
4.070000000000000000e+02 0.000000000000000000e+00
4.080000000000000000e+02 0.000000000000000000e+00
4.080000000000000000e+02 0.000000000000000000e+00
4.100000000000000000e+02 0.000000000000000000e+00
4.100000000000000000e+02 0.000000000000000000e+00
4.120000000000000000e+02 0.000000000000000000e+00
4.120000000000000000e+02 0.000000000000000000e+00
4.140000000000000000e+02 0.000000000000000000e+00
4.150000000000000000e+02 0.000000000000000000e+00
4.160000000000000000e+02 0.000000000000000000e+00
4.170000000000000000e+02 0.000000000000000000e+00
4.170000000000000000e+02 0.000000000000000000e+00
4.190000000000000000e+02 0.000000000000000000e+00
4.190000000000000000e+02 0.000000000000000000e+00
4.210000000000000000e+02 0.000000000000000000e+00
4.210000000000000000e+02 0.000000000000000000e+00
4.230000000000000000e+02 0.000000000000000000e+00
4.240000000000000000e+02 0.000000000000000000e+00
4.250000000000000000e+02 0.000000000000000000e+00
4.260000000000000000e+02 0.000000000000000000e+00
4.260000000000000000e+02 0.000000000000000000e+00
4.280000000000000000e+02 0.000000000000000000e+00
4.280000000000000000e+02 0.000000000000000000e+00
4.300000000000000000e+02 0.000000000000000000e+00
4.300000000000000000e+02 0.000000000000000000e+00
4.320000000000000000e+02 0.000000000000000000e+00
4.320000000000000000e+02 0.000000000000000000e+00
4.340000000000000000e+02 0.000000000000000000e+00
4.350000000000000000e+02 0.000000000000000000e+00
4.360000000000000000e+02 0.000000000000000000e+00
4.370000000000000000e+02 0.000000000000000000e+00
4.370000000000000000e+02 0.000000000000000000e+00
4.390000000000000000e+02 0.000000000000000000e+00
4.390000000000000000e+02 0.000000000000000000e+00
4.410000000000000000e+02 0.000000000000000000e+00
4.410000000000000000e+02 0.000000000000000000e+00
4.430000000000000000e+02 0.000000000000000000e+00
4.440000000000000000e+02 0.000000000000000000e+00
4.450000000000000000e+02 0.000000000000000000e+00
4.460000000000000000e+02 0.000000000000000000e+00
4.460000000000000000e+02 0.000000000000000000e+00
4.480000000000000000e+02 0.000000000000000000e+00
4.480000000000000000e+02 0.000000000000000000e+00
4.500000000000000000e+02 0.000000000000000000e+00
4.500000000000000000e+02 0.000000000000000000e+00
4.520000000000000000e+02 0.000000000000000000e+00
4.530000000000000000e+02 0.000000000000000000e+00
4.540000000000000000e+02 0.000000000000000000e+00
4.550000000000000000e+02 0.000000000000000000e+00
4.550000000000000000e+02 0.000000000000000000e+00
4.570000000000000000e+02 0.000000000000000000e+00
4.570000000000000000e+02 0.000000000000000000e+00
4.590000000000000000e+02 0.000000000000000000e+00
4.590000000000000000e+02 0.000000000000000000e+00
4.610000000000000000e+02 0.000000000000000000e+00
4.610000000000000000e+02 0.000000000000000000e+00
4.630000000000000000e+02 0.000000000000000000e+00
4.640000000000000000e+02 0.000000000000000000e+00
4.650000000000000000e+02 0.000000000000000000e+00
4.660000000000000000e+02 0.000000000000000000e+00
4.660000000000000000e+02 0.000000000000000000e+00
4.680000000000000000e+02 0.000000000000000000e+00
4.680000000000000000e+02 0.000000000000000000e+00
4.700000000000000000e+02 0.000000000000000000e+00
4.700000000000000000e+02 0.000000000000000000e+00
4.720000000000000000e+02 0.000000000000000000e+00
4.730000000000000000e+02 0.000000000000000000e+00
4.740000000000000000e+02 0.000000000000000000e+00
4.750000000000000000e+02 0.000000000000000000e+00
4.750000000000000000e+02 0.000000000000000000e+00
4.770000000000000000e+02 0.000000000000000000e+00
4.770000000000000000e+02 0.000000000000000000e+00
4.790000000000000000e+02 0.000000000000000000e+00
4.790000000000000000e+02 0.000000000000000000e+00
4.810000000000000000e+02 0.000000000000000000e+00
4.810000000000000000e+02 0.000000000000000000e+00
4.830000000000000000e+02 0.000000000000000000e+00
4.840000000000000000e+02 0.000000000000000000e+00
4.840000000000000000e+02 0.000000000000000000e+00
4.860000000000000000e+02 0.000000000000000000e+00
4.860000000000000000e+02 0.000000000000000000e+00
4.880000000000000000e+02 0.000000000000000000e+00
4.880000000000000000e+02 0.000000000000000000e+00
4.900000000000000000e+02 0.000000000000000000e+00
4.910000000000000000e+02 0.000000000000000000e+00
4.910000000000000000e+02 0.000000000000000000e+00
4.920000000000000000e+02 0.000000000000000000e+00
4.940000000000000000e+02 0.000000000000000000e+00
4.950000000000000000e+02 0.000000000000000000e+00
4.960000000000000000e+02 0.000000000000000000e+00
4.960000000000000000e+02 0.000000000000000000e+00
4.970000000000000000e+02 0.000000000000000000e+00
4.990000000000000000e+02 0.000000000000000000e+00
5.000000000000000000e+02 0.000000000000000000e+00
5.000000000000000000e+02 0.000000000000000000e+00
5.010000000000000000e+02 0.000000000000000000e+00
5.030000000000000000e+02 0.000000000000000000e+00
5.040000000000000000e+02 0.000000000000000000e+00
5.050000000000000000e+02 0.000000000000000000e+00
5.050000000000000000e+02 0.000000000000000000e+00
5.060000000000000000e+02 0.000000000000000000e+00
5.080000000000000000e+02 0.000000000000000000e+00
5.090000000000000000e+02 0.000000000000000000e+00
5.090000000000000000e+02 0.000000000000000000e+00
5.100000000000000000e+02 0.000000000000000000e+00
5.120000000000000000e+02 0.000000000000000000e+00
5.130000000000000000e+02 0.000000000000000000e+00
5.140000000000000000e+02 0.000000000000000000e+00
5.140000000000000000e+02 0.000000000000000000e+00
5.160000000000000000e+02 0.000000000000000000e+00
5.170000000000000000e+02 0.000000000000000000e+00
5.180000000000000000e+02 0.000000000000000000e+00
5.180000000000000000e+02 0.000000000000000000e+00
5.200000000000000000e+02 0.000000000000000000e+00
5.210000000000000000e+02 0.000000000000000000e+00
5.220000000000000000e+02 0.000000000000000000e+00
5.230000000000000000e+02 0.000000000000000000e+00
5.240000000000000000e+02 0.000000000000000000e+00
5.250000000000000000e+02 0.000000000000000000e+00
5.260000000000000000e+02 0.000000000000000000e+00
5.270000000000000000e+02 0.000000000000000000e+00
5.270000000000000000e+02 0.000000000000000000e+00
5.290000000000000000e+02 0.000000000000000000e+00
5.300000000000000000e+02 0.000000000000000000e+00
5.310000000000000000e+02 0.000000000000000000e+00
5.320000000000000000e+02 0.000000000000000000e+00
5.330000000000000000e+02 0.000000000000000000e+00
5.340000000000000000e+02 0.000000000000000000e+00
5.350000000000000000e+02 0.000000000000000000e+00
5.360000000000000000e+02 0.000000000000000000e+00
5.360000000000000000e+02 0.000000000000000000e+00
5.380000000000000000e+02 0.000000000000000000e+00
5.390000000000000000e+02 0.000000000000000000e+00
5.400000000000000000e+02 0.000000000000000000e+00
5.400000000000000000e+02 0.000000000000000000e+00
5.420000000000000000e+02 0.000000000000000000e+00
5.430000000000000000e+02 0.000000000000000000e+00
5.440000000000000000e+02 0.000000000000000000e+00
5.450000000000000000e+02 0.000000000000000000e+00
5.450000000000000000e+02 0.000000000000000000e+00
5.470000000000000000e+02 0.000000000000000000e+00
5.480000000000000000e+02 0.000000000000000000e+00
5.490000000000000000e+02 0.000000000000000000e+00
5.490000000000000000e+02 0.000000000000000000e+00
5.510000000000000000e+02 0.000000000000000000e+00
5.520000000000000000e+02 0.000000000000000000e+00
5.530000000000000000e+02 0.000000000000000000e+00
5.540000000000000000e+02 0.000000000000000000e+00
5.540000000000000000e+02 0.000000000000000000e+00
5.560000000000000000e+02 0.000000000000000000e+00
5.570000000000000000e+02 0.000000000000000000e+00
5.580000000000000000e+02 0.000000000000000000e+00
5.580000000000000000e+02 0.000000000000000000e+00
5.600000000000000000e+02 0.000000000000000000e+00
5.610000000000000000e+02 0.000000000000000000e+00
5.620000000000000000e+02 0.000000000000000000e+00
5.630000000000000000e+02 0.000000000000000000e+00
5.630000000000000000e+02 0.000000000000000000e+00
5.650000000000000000e+02 0.000000000000000000e+00
5.660000000000000000e+02 0.000000000000000000e+00
5.670000000000000000e+02 0.000000000000000000e+00
5.670000000000000000e+02 0.000000000000000000e+00
5.690000000000000000e+02 0.000000000000000000e+00
5.700000000000000000e+02 0.000000000000000000e+00
5.710000000000000000e+02 0.000000000000000000e+00
5.720000000000000000e+02 0.000000000000000000e+00
5.720000000000000000e+02 0.000000000000000000e+00
5.740000000000000000e+02 0.000000000000000000e+00
5.750000000000000000e+02 0.000000000000000000e+00
5.760000000000000000e+02 0.000000000000000000e+00
5.760000000000000000e+02 0.000000000000000000e+00
5.780000000000000000e+02 0.000000000000000000e+00
5.790000000000000000e+02 0.000000000000000000e+00
5.800000000000000000e+02 0.000000000000000000e+00
5.810000000000000000e+02 0.000000000000000000e+00
5.820000000000000000e+02 0.000000000000000000e+00
5.830000000000000000e+02 0.000000000000000000e+00
5.840000000000000000e+02 0.000000000000000000e+00
5.850000000000000000e+02 0.000000000000000000e+00
5.850000000000000000e+02 0.000000000000000000e+00
5.870000000000000000e+02 0.000000000000000000e+00
5.880000000000000000e+02 0.000000000000000000e+00
5.890000000000000000e+02 0.000000000000000000e+00
5.890000000000000000e+02 0.000000000000000000e+00
5.910000000000000000e+02 0.000000000000000000e+00
5.920000000000000000e+02 0.000000000000000000e+00
5.930000000000000000e+02 0.000000000000000000e+00
5.940000000000000000e+02 0.000000000000000000e+00
5.940000000000000000e+02 0.000000000000000000e+00
5.960000000000000000e+02 0.000000000000000000e+00
5.970000000000000000e+02 0.000000000000000000e+00
5.980000000000000000e+02 0.000000000000000000e+00
5.980000000000000000e+02 0.000000000000000000e+00
6.000000000000000000e+02 0.000000000000000000e+00
6.010000000000000000e+02 0.000000000000000000e+00
6.020000000000000000e+02 0.000000000000000000e+00
6.030000000000000000e+02 0.000000000000000000e+00
6.030000000000000000e+02 0.000000000000000000e+00
6.050000000000000000e+02 0.000000000000000000e+00
6.060000000000000000e+02 0.000000000000000000e+00
6.070000000000000000e+02 0.000000000000000000e+00
6.070000000000000000e+02 0.000000000000000000e+00
6.090000000000000000e+02 0.000000000000000000e+00
6.100000000000000000e+02 0.000000000000000000e+00
6.110000000000000000e+02 0.000000000000000000e+00
6.120000000000000000e+02 0.000000000000000000e+00
6.120000000000000000e+02 0.000000000000000000e+00
6.140000000000000000e+02 0.000000000000000000e+00
6.150000000000000000e+02 0.000000000000000000e+00
6.160000000000000000e+02 0.000000000000000000e+00
6.160000000000000000e+02 0.000000000000000000e+00
6.180000000000000000e+02 0.000000000000000000e+00
6.190000000000000000e+02 0.000000000000000000e+00
6.200000000000000000e+02 0.000000000000000000e+00
6.210000000000000000e+02 0.000000000000000000e+00
6.210000000000000000e+02 0.000000000000000000e+00
6.230000000000000000e+02 0.000000000000000000e+00
6.240000000000000000e+02 0.000000000000000000e+00
6.250000000000000000e+02 0.000000000000000000e+00
6.250000000000000000e+02 0.000000000000000000e+00
6.270000000000000000e+02 0.000000000000000000e+00
6.280000000000000000e+02 0.000000000000000000e+00
6.290000000000000000e+02 0.000000000000000000e+00
6.290000000000000000e+02 0.000000000000000000e+00
6.300000000000000000e+02 0.000000000000000000e+00
6.320000000000000000e+02 0.000000000000000000e+00
6.330000000000000000e+02 0.000000000000000000e+00
6.340000000000000000e+02 0.000000000000000000e+00
6.340000000000000000e+02 0.000000000000000000e+00
6.360000000000000000e+02 0.000000000000000000e+00
6.370000000000000000e+02 0.000000000000000000e+00
6.380000000000000000e+02 0.000000000000000000e+00
6.380000000000000000e+02 0.000000000000000000e+00
6.400000000000000000e+02 0.000000000000000000e+00
6.410000000000000000e+02 0.000000000000000000e+00
6.420000000000000000e+02 0.000000000000000000e+00
6.430000000000000000e+02 0.000000000000000000e+00
6.430000000000000000e+02 0.000000000000000000e+00
6.450000000000000000e+02 0.000000000000000000e+00
6.460000000000000000e+02 0.000000000000000000e+00
6.470000000000000000e+02 0.000000000000000000e+00
6.470000000000000000e+02 0.000000000000000000e+00
6.490000000000000000e+02 0.000000000000000000e+00
6.500000000000000000e+02 0.000000000000000000e+00
6.510000000000000000e+02 0.000000000000000000e+00
6.520000000000000000e+02 0.000000000000000000e+00
6.520000000000000000e+02 0.000000000000000000e+00
6.540000000000000000e+02 0.000000000000000000e+00
6.550000000000000000e+02 0.000000000000000000e+00
6.560000000000000000e+02 0.000000000000000000e+00
6.560000000000000000e+02 0.000000000000000000e+00
6.580000000000000000e+02 0.000000000000000000e+00
6.590000000000000000e+02 0.000000000000000000e+00
6.600000000000000000e+02 0.000000000000000000e+00
6.610000000000000000e+02 0.000000000000000000e+00
6.610000000000000000e+02 0.000000000000000000e+00
6.630000000000000000e+02 0.000000000000000000e+00
6.640000000000000000e+02 0.000000000000000000e+00
6.650000000000000000e+02 0.000000000000000000e+00
6.650000000000000000e+02 0.000000000000000000e+00
6.670000000000000000e+02 0.000000000000000000e+00
6.680000000000000000e+02 0.000000000000000000e+00
6.690000000000000000e+02 0.000000000000000000e+00
6.700000000000000000e+02 0.000000000000000000e+00
6.700000000000000000e+02 0.000000000000000000e+00
6.720000000000000000e+02 0.000000000000000000e+00
6.730000000000000000e+02 0.000000000000000000e+00
6.740000000000000000e+02 0.000000000000000000e+00
6.740000000000000000e+02 0.000000000000000000e+00
6.760000000000000000e+02 0.000000000000000000e+00
6.770000000000000000e+02 0.000000000000000000e+00
6.780000000000000000e+02 0.000000000000000000e+00
6.780000000000000000e+02 0.000000000000000000e+00
6.790000000000000000e+02 0.000000000000000000e+00
6.810000000000000000e+02 0.000000000000000000e+00
6.820000000000000000e+02 0.000000000000000000e+00
6.830000000000000000e+02 0.000000000000000000e+00
6.830000000000000000e+02 0.000000000000000000e+00
6.850000000000000000e+02 0.000000000000000000e+00
6.860000000000000000e+02 0.000000000000000000e+00
6.870000000000000000e+02 0.000000000000000000e+00
6.870000000000000000e+02 0.000000000000000000e+00
6.880000000000000000e+02 0.000000000000000000e+00
6.900000000000000000e+02 0.000000000000000000e+00
6.910000000000000000e+02 0.000000000000000000e+00
6.920000000000000000e+02 0.000000000000000000e+00
6.920000000000000000e+02 0.000000000000000000e+00
6.940000000000000000e+02 0.000000000000000000e+00
6.950000000000000000e+02 0.000000000000000000e+00
6.960000000000000000e+02 0.000000000000000000e+00
6.960000000000000000e+02 0.000000000000000000e+00
6.980000000000000000e+02 0.000000000000000000e+00
6.990000000000000000e+02 0.000000000000000000e+00
7.000000000000000000e+02 0.000000000000000000e+00
7.010000000000000000e+02 0.000000000000000000e+00
7.010000000000000000e+02 0.000000000000000000e+00
7.030000000000000000e+02 0.000000000000000000e+00
7.040000000000000000e+02 0.000000000000000000e+00
7.050000000000000000e+02 0.000000000000000000e+00
7.050000000000000000e+02 0.000000000000000000e+00
7.070000000000000000e+02 0.000000000000000000e+00
7.080000000000000000e+02 0.000000000000000000e+00
7.090000000000000000e+02 0.000000000000000000e+00
7.100000000000000000e+02 0.000000000000000000e+00
7.100000000000000000e+02 0.000000000000000000e+00
7.120000000000000000e+02 0.000000000000000000e+00
7.130000000000000000e+02 0.000000000000000000e+00
7.140000000000000000e+02 0.000000000000000000e+00
7.140000000000000000e+02 0.000000000000000000e+00
7.160000000000000000e+02 0.000000000000000000e+00
7.170000000000000000e+02 0.000000000000000000e+00
7.180000000000000000e+02 0.000000000000000000e+00
7.190000000000000000e+02 0.000000000000000000e+00
7.190000000000000000e+02 0.000000000000000000e+00
7.210000000000000000e+02 0.000000000000000000e+00
7.220000000000000000e+02 0.000000000000000000e+00
7.230000000000000000e+02 0.000000000000000000e+00
7.230000000000000000e+02 0.000000000000000000e+00
7.250000000000000000e+02 0.000000000000000000e+00
7.260000000000000000e+02 0.000000000000000000e+00
7.270000000000000000e+02 0.000000000000000000e+00
7.270000000000000000e+02 0.000000000000000000e+00
7.280000000000000000e+02 0.000000000000000000e+00
7.300000000000000000e+02 0.000000000000000000e+00
7.310000000000000000e+02 0.000000000000000000e+00
7.320000000000000000e+02 0.000000000000000000e+00
7.320000000000000000e+02 0.000000000000000000e+00
7.340000000000000000e+02 0.000000000000000000e+00
7.350000000000000000e+02 0.000000000000000000e+00
7.360000000000000000e+02 0.000000000000000000e+00
7.360000000000000000e+02 0.000000000000000000e+00
7.370000000000000000e+02 0.000000000000000000e+00
7.390000000000000000e+02 0.000000000000000000e+00
7.400000000000000000e+02 0.000000000000000000e+00
7.410000000000000000e+02 0.000000000000000000e+00
7.410000000000000000e+02 0.000000000000000000e+00
7.430000000000000000e+02 0.000000000000000000e+00
7.440000000000000000e+02 0.000000000000000000e+00
7.450000000000000000e+02 0.000000000000000000e+00
7.450000000000000000e+02 0.000000000000000000e+00
7.460000000000000000e+02 0.000000000000000000e+00
7.480000000000000000e+02 0.000000000000000000e+00
7.490000000000000000e+02 0.000000000000000000e+00
7.500000000000000000e+02 0.000000000000000000e+00
7.500000000000000000e+02 0.000000000000000000e+00
7.520000000000000000e+02 0.000000000000000000e+00
7.530000000000000000e+02 0.000000000000000000e+00
7.540000000000000000e+02 0.000000000000000000e+00
7.540000000000000000e+02 0.000000000000000000e+00
7.560000000000000000e+02 0.000000000000000000e+00
7.570000000000000000e+02 0.000000000000000000e+00
7.580000000000000000e+02 0.000000000000000000e+00
7.590000000000000000e+02 0.000000000000000000e+00
7.590000000000000000e+02 0.000000000000000000e+00
7.610000000000000000e+02 0.000000000000000000e+00
7.620000000000000000e+02 0.000000000000000000e+00
7.630000000000000000e+02 0.000000000000000000e+00
7.630000000000000000e+02 0.000000000000000000e+00
7.650000000000000000e+02 0.000000000000000000e+00
7.660000000000000000e+02 0.000000000000000000e+00
7.670000000000000000e+02 0.000000000000000000e+00
7.680000000000000000e+02 0.000000000000000000e+00
7.680000000000000000e+02 0.000000000000000000e+00
7.700000000000000000e+02 0.000000000000000000e+00
7.710000000000000000e+02 0.000000000000000000e+00
7.720000000000000000e+02 0.000000000000000000e+00
7.720000000000000000e+02 0.000000000000000000e+00
7.740000000000000000e+02 0.000000000000000000e+00
7.750000000000000000e+02 0.000000000000000000e+00
7.760000000000000000e+02 0.000000000000000000e+00
7.760000000000000000e+02 0.000000000000000000e+00
7.770000000000000000e+02 0.000000000000000000e+00
7.790000000000000000e+02 0.000000000000000000e+00
7.800000000000000000e+02 0.000000000000000000e+00
7.810000000000000000e+02 0.000000000000000000e+00
7.810000000000000000e+02 0.000000000000000000e+00
7.830000000000000000e+02 0.000000000000000000e+00
7.840000000000000000e+02 0.000000000000000000e+00
7.850000000000000000e+02 0.000000000000000000e+00
7.850000000000000000e+02 0.000000000000000000e+00
7.860000000000000000e+02 0.000000000000000000e+00
7.880000000000000000e+02 0.000000000000000000e+00
7.890000000000000000e+02 0.000000000000000000e+00
7.900000000000000000e+02 0.000000000000000000e+00
7.900000000000000000e+02 0.000000000000000000e+00
7.920000000000000000e+02 0.000000000000000000e+00
7.930000000000000000e+02 0.000000000000000000e+00
7.940000000000000000e+02 0.000000000000000000e+00
7.940000000000000000e+02 0.000000000000000000e+00
7.950000000000000000e+02 0.000000000000000000e+00
7.970000000000000000e+02 0.000000000000000000e+00
7.980000000000000000e+02 0.000000000000000000e+00
7.990000000000000000e+02 0.000000000000000000e+00
7.990000000000000000e+02 0.000000000000000000e+00
8.010000000000000000e+02 0.000000000000000000e+00
8.020000000000000000e+02 0.000000000000000000e+00
8.030000000000000000e+02 0.000000000000000000e+00
8.030000000000000000e+02 0.000000000000000000e+00
8.040000000000000000e+02 0.000000000000000000e+00
8.060000000000000000e+02 0.000000000000000000e+00
8.070000000000000000e+02 0.000000000000000000e+00
8.080000000000000000e+02 0.000000000000000000e+00
8.080000000000000000e+02 0.000000000000000000e+00
8.100000000000000000e+02 0.000000000000000000e+00
8.110000000000000000e+02 0.000000000000000000e+00
8.120000000000000000e+02 0.000000000000000000e+00
8.120000000000000000e+02 0.000000000000000000e+00
8.140000000000000000e+02 0.000000000000000000e+00
8.150000000000000000e+02 0.000000000000000000e+00
8.160000000000000000e+02 0.000000000000000000e+00
8.160000000000000000e+02 0.000000000000000000e+00
8.170000000000000000e+02 0.000000000000000000e+00
8.190000000000000000e+02 0.000000000000000000e+00
8.200000000000000000e+02 0.000000000000000000e+00
8.210000000000000000e+02 0.000000000000000000e+00
8.210000000000000000e+02 0.000000000000000000e+00
8.230000000000000000e+02 0.000000000000000000e+00
8.240000000000000000e+02 0.000000000000000000e+00
8.250000000000000000e+02 0.000000000000000000e+00
8.250000000000000000e+02 0.000000000000000000e+00
8.260000000000000000e+02 0.000000000000000000e+00
8.280000000000000000e+02 0.000000000000000000e+00
8.290000000000000000e+02 0.000000000000000000e+00
8.300000000000000000e+02 0.000000000000000000e+00
8.300000000000000000e+02 0.000000000000000000e+00
8.320000000000000000e+02 0.000000000000000000e+00
8.330000000000000000e+02 0.000000000000000000e+00
8.340000000000000000e+02 0.000000000000000000e+00
8.340000000000000000e+02 0.000000000000000000e+00
8.350000000000000000e+02 0.000000000000000000e+00
8.370000000000000000e+02 0.000000000000000000e+00
8.380000000000000000e+02 0.000000000000000000e+00
8.390000000000000000e+02 0.000000000000000000e+00
8.390000000000000000e+02 0.000000000000000000e+00
8.410000000000000000e+02 0.000000000000000000e+00
8.420000000000000000e+02 0.000000000000000000e+00
8.430000000000000000e+02 0.000000000000000000e+00
8.430000000000000000e+02 0.000000000000000000e+00
8.440000000000000000e+02 0.000000000000000000e+00
8.460000000000000000e+02 0.000000000000000000e+00
8.470000000000000000e+02 0.000000000000000000e+00
8.480000000000000000e+02 0.000000000000000000e+00
8.480000000000000000e+02 0.000000000000000000e+00
8.500000000000000000e+02 0.000000000000000000e+00
8.510000000000000000e+02 0.000000000000000000e+00
8.520000000000000000e+02 0.000000000000000000e+00
8.520000000000000000e+02 0.000000000000000000e+00
8.530000000000000000e+02 0.000000000000000000e+00
8.550000000000000000e+02 0.000000000000000000e+00
8.560000000000000000e+02 0.000000000000000000e+00
8.570000000000000000e+02 0.000000000000000000e+00
8.570000000000000000e+02 0.000000000000000000e+00
8.590000000000000000e+02 0.000000000000000000e+00
8.600000000000000000e+02 0.000000000000000000e+00
8.610000000000000000e+02 0.000000000000000000e+00
8.610000000000000000e+02 0.000000000000000000e+00
8.630000000000000000e+02 0.000000000000000000e+00
8.640000000000000000e+02 0.000000000000000000e+00
8.650000000000000000e+02 0.000000000000000000e+00
8.650000000000000000e+02 0.000000000000000000e+00
8.660000000000000000e+02 0.000000000000000000e+00
8.680000000000000000e+02 0.000000000000000000e+00
8.690000000000000000e+02 0.000000000000000000e+00
8.700000000000000000e+02 0.000000000000000000e+00
8.700000000000000000e+02 0.000000000000000000e+00
8.720000000000000000e+02 0.000000000000000000e+00
8.730000000000000000e+02 0.000000000000000000e+00
8.740000000000000000e+02 0.000000000000000000e+00
8.740000000000000000e+02 0.000000000000000000e+00
8.750000000000000000e+02 0.000000000000000000e+00
8.770000000000000000e+02 0.000000000000000000e+00
8.780000000000000000e+02 0.000000000000000000e+00
8.790000000000000000e+02 0.000000000000000000e+00
8.790000000000000000e+02 0.000000000000000000e+00
8.810000000000000000e+02 0.000000000000000000e+00
8.820000000000000000e+02 0.000000000000000000e+00
8.830000000000000000e+02 0.000000000000000000e+00
8.830000000000000000e+02 0.000000000000000000e+00
8.840000000000000000e+02 0.000000000000000000e+00
8.860000000000000000e+02 0.000000000000000000e+00
8.870000000000000000e+02 0.000000000000000000e+00
8.880000000000000000e+02 0.000000000000000000e+00
8.880000000000000000e+02 0.000000000000000000e+00
8.900000000000000000e+02 0.000000000000000000e+00
8.910000000000000000e+02 0.000000000000000000e+00
8.920000000000000000e+02 0.000000000000000000e+00
8.920000000000000000e+02 0.000000000000000000e+00
8.930000000000000000e+02 0.000000000000000000e+00
8.950000000000000000e+02 0.000000000000000000e+00
8.960000000000000000e+02 0.000000000000000000e+00
8.970000000000000000e+02 0.000000000000000000e+00
8.970000000000000000e+02 0.000000000000000000e+00
8.990000000000000000e+02 0.000000000000000000e+00
9.000000000000000000e+02 0.000000000000000000e+00
9.010000000000000000e+02 0.000000000000000000e+00
9.010000000000000000e+02 0.000000000000000000e+00
9.020000000000000000e+02 0.000000000000000000e+00
9.040000000000000000e+02 0.000000000000000000e+00
9.050000000000000000e+02 0.000000000000000000e+00
9.060000000000000000e+02 0.000000000000000000e+00
9.060000000000000000e+02 0.000000000000000000e+00
9.080000000000000000e+02 0.000000000000000000e+00
9.090000000000000000e+02 0.000000000000000000e+00
9.100000000000000000e+02 0.000000000000000000e+00
9.100000000000000000e+02 0.000000000000000000e+00
9.110000000000000000e+02 0.000000000000000000e+00
9.130000000000000000e+02 0.000000000000000000e+00
9.140000000000000000e+02 0.000000000000000000e+00
9.140000000000000000e+02 0.000000000000000000e+00
9.150000000000000000e+02 0.000000000000000000e+00
9.170000000000000000e+02 0.000000000000000000e+00
9.180000000000000000e+02 0.000000000000000000e+00
9.190000000000000000e+02 0.000000000000000000e+00
9.190000000000000000e+02 0.000000000000000000e+00
9.210000000000000000e+02 0.000000000000000000e+00
9.220000000000000000e+02 0.000000000000000000e+00
9.230000000000000000e+02 0.000000000000000000e+00
9.230000000000000000e+02 0.000000000000000000e+00
9.240000000000000000e+02 0.000000000000000000e+00
9.260000000000000000e+02 0.000000000000000000e+00
9.270000000000000000e+02 0.000000000000000000e+00
9.280000000000000000e+02 0.000000000000000000e+00
9.280000000000000000e+02 0.000000000000000000e+00
9.300000000000000000e+02 0.000000000000000000e+00
9.310000000000000000e+02 0.000000000000000000e+00
9.320000000000000000e+02 0.000000000000000000e+00
9.320000000000000000e+02 0.000000000000000000e+00
9.330000000000000000e+02 0.000000000000000000e+00
9.350000000000000000e+02 0.000000000000000000e+00
9.360000000000000000e+02 0.000000000000000000e+00
9.370000000000000000e+02 0.000000000000000000e+00
9.370000000000000000e+02 0.000000000000000000e+00
9.390000000000000000e+02 0.000000000000000000e+00
9.400000000000000000e+02 0.000000000000000000e+00
9.410000000000000000e+02 0.000000000000000000e+00
9.410000000000000000e+02 0.000000000000000000e+00
9.420000000000000000e+02 0.000000000000000000e+00
9.440000000000000000e+02 0.000000000000000000e+00
9.450000000000000000e+02 0.000000000000000000e+00
9.460000000000000000e+02 0.000000000000000000e+00
9.460000000000000000e+02 0.000000000000000000e+00
9.480000000000000000e+02 0.000000000000000000e+00
9.490000000000000000e+02 0.000000000000000000e+00
9.500000000000000000e+02 0.000000000000000000e+00
9.500000000000000000e+02 0.000000000000000000e+00
9.510000000000000000e+02 0.000000000000000000e+00
9.530000000000000000e+02 0.000000000000000000e+00
9.540000000000000000e+02 0.000000000000000000e+00
9.540000000000000000e+02 0.000000000000000000e+00
9.550000000000000000e+02 0.000000000000000000e+00
9.570000000000000000e+02 0.000000000000000000e+00
9.580000000000000000e+02 0.000000000000000000e+00
9.590000000000000000e+02 0.000000000000000000e+00
9.590000000000000000e+02 0.000000000000000000e+00
9.600000000000000000e+02 0.000000000000000000e+00
9.620000000000000000e+02 0.000000000000000000e+00
9.630000000000000000e+02 0.000000000000000000e+00
9.630000000000000000e+02 0.000000000000000000e+00
9.640000000000000000e+02 0.000000000000000000e+00
9.660000000000000000e+02 0.000000000000000000e+00
9.670000000000000000e+02 0.000000000000000000e+00
9.680000000000000000e+02 0.000000000000000000e+00
9.680000000000000000e+02 0.000000000000000000e+00
9.690000000000000000e+02 0.000000000000000000e+00
9.710000000000000000e+02 0.000000000000000000e+00
9.720000000000000000e+02 0.000000000000000000e+00
9.720000000000000000e+02 0.000000000000000000e+00
9.730000000000000000e+02 0.000000000000000000e+00
9.750000000000000000e+02 0.000000000000000000e+00
9.760000000000000000e+02 0.000000000000000000e+00
9.770000000000000000e+02 0.000000000000000000e+00
9.770000000000000000e+02 0.000000000000000000e+00
9.790000000000000000e+02 0.000000000000000000e+00
9.800000000000000000e+02 0.000000000000000000e+00
9.800000000000000000e+02 0.000000000000000000e+00
9.820000000000000000e+02 0.000000000000000000e+00
9.820000000000000000e+02 0.000000000000000000e+00
9.830000000000000000e+02 0.000000000000000000e+00
9.850000000000000000e+02 0.000000000000000000e+00
9.850000000000000000e+02 0.000000000000000000e+00
9.870000000000000000e+02 0.000000000000000000e+00
9.880000000000000000e+02 0.000000000000000000e+00
9.880000000000000000e+02 0.000000000000000000e+00
9.900000000000000000e+02 0.000000000000000000e+00
9.900000000000000000e+02 0.000000000000000000e+00
9.920000000000000000e+02 0.000000000000000000e+00
9.930000000000000000e+02 0.000000000000000000e+00
9.930000000000000000e+02 0.000000000000000000e+00
9.950000000000000000e+02 0.000000000000000000e+00
9.950000000000000000e+02 0.000000000000000000e+00
9.970000000000000000e+02 0.000000000000000000e+00
9.980000000000000000e+02 0.000000000000000000e+00
9.980000000000000000e+02 0.000000000000000000e+00
1.000000000000000000e+03 0.000000000000000000e+00
