0.000000000000000000e+00 2.890625000000000000e-01
1.000000000000000000e+00 2.736816406250000000e-01
3.000000000000000000e+00 2.590332031250000000e-01
3.000000000000000000e+00 2.452392578125000000e-01
5.000000000000000000e+00 2.320556640625000000e-01
6.000000000000000000e+00 2.194824218750000000e-01
7.000000000000000000e+00 2.075195312500000000e-01
7.000000000000000000e+00 1.961669921875000000e-01
9.000000000000000000e+00 1.854248046875000000e-01
1.000000000000000000e+01 1.751708984375000000e-01
1.100000000000000000e+01 1.655273437500000000e-01
1.200000000000000000e+01 1.562500000000000000e-01
1.300000000000000000e+01 1.475830078125000000e-01
1.400000000000000000e+01 1.392822265625000000e-01
1.500000000000000000e+01 1.313476562500000000e-01
1.500000000000000000e+01 1.239013671875000000e-01
1.700000000000000000e+01 1.168212890625000000e-01
1.800000000000000000e+01 1.101074218750000000e-01
1.900000000000000000e+01 1.037597656250000000e-01
2.000000000000000000e+01 9.771728515625000000e-02
2.100000000000000000e+01 9.197998046875000000e-02
2.200000000000000000e+01 8.660888671875000000e-02
2.200000000000000000e+01 8.148193359375000000e-02
2.400000000000000000e+01 7.666015625000000000e-02
2.400000000000000000e+01 7.202148437500000000e-02
2.600000000000000000e+01 6.768798828125000000e-02
2.700000000000000000e+01 6.359863281250000000e-02
2.800000000000000000e+01 5.972290039062500000e-02
2.900000000000000000e+01 5.606079101562500000e-02
3.000000000000000000e+01 5.261230468750000000e-02
3.100000000000000000e+01 4.934692382812500000e-02
3.100000000000000000e+01 4.623413085937500000e-02
3.200000000000000000e+01 4.333496093750000000e-02
3.400000000000000000e+01 4.058837890625000000e-02
3.500000000000000000e+01 3.799438476562500000e-02
3.600000000000000000e+01 3.555297851562500000e-02
3.700000000000000000e+01 3.323364257812500000e-02
3.800000000000000000e+01 3.106689453125000000e-02
3.900000000000000000e+01 2.900695800781250000e-02
4.000000000000000000e+01 2.708435058593750000e-02
4.100000000000000000e+01 2.526855468750000000e-02
4.200000000000000000e+01 2.355957031250000000e-02
4.300000000000000000e+01 2.195739746093750000e-02
4.400000000000000000e+01 2.044677734375000000e-02
4.400000000000000000e+01 1.902770996093750000e-02
4.500000000000000000e+01 1.770019531250000000e-02
4.700000000000000000e+01 1.644897460937500000e-02
4.800000000000000000e+01 1.528167724609375000e-02
4.900000000000000000e+01 1.418304443359375000e-02
4.900000000000000000e+01 1.314544677734375000e-02
5.100000000000000000e+01 1.218414306640625000e-02
5.200000000000000000e+01 1.127624511718750000e-02
5.300000000000000000e+01 1.042938232421875000e-02
5.400000000000000000e+01 9.643554687500000000e-03
5.400000000000000000e+01 8.903503417968750000e-03
5.600000000000000000e+01 8.209228515625000000e-03
5.600000000000000000e+01 7.564544677734375000e-03
5.800000000000000000e+01 6.961822509765625000e-03
5.900000000000000000e+01 6.401062011718750000e-03
6.000000000000000000e+01 5.878448486328125000e-03
6.100000000000000000e+01 5.393981933593750000e-03
6.200000000000000000e+01 4.940032958984375000e-03
6.300000000000000000e+01 4.520416259765625000e-03
6.300000000000000000e+01 4.127502441406250000e-03
6.500000000000000000e+01 3.767013549804687500e-03
6.500000000000000000e+01 3.431320190429687500e-03
6.700000000000000000e+01 3.120422363281250000e-03
6.800000000000000000e+01 2.832412719726562500e-03
6.900000000000000000e+01 2.567291259765625000e-03
7.000000000000000000e+01 2.321243286132812500e-03
7.000000000000000000e+01 2.096176147460937500e-03
7.200000000000000000e+01 1.888275146484375000e-03
7.300000000000000000e+01 1.696586608886718750e-03
7.400000000000000000e+01 1.521110534667968750e-03
7.500000000000000000e+01 1.359939575195312500e-03
7.600000000000000000e+01 1.212120056152343750e-03
7.700000000000000000e+01 1.077651977539062500e-03
7.800000000000000000e+01 9.551048278808593750e-04
7.900000000000000000e+01 8.430480957031250000e-04
8.000000000000000000e+01 7.414817810058593750e-04
8.000000000000000000e+01 6.499290466308593750e-04
8.200000000000000000e+01 5.664825439453125000e-04
8.300000000000000000e+01 4.916191101074218750e-04
8.400000000000000000e+01 4.243850708007812500e-04
8.400000000000000000e+01 3.643035888671875000e-04
8.600000000000000000e+01 3.104209899902343750e-04
8.700000000000000000e+01 2.627372741699218750e-04
8.800000000000000000e+01 2.205371856689453125e-04
8.900000000000000000e+01 1.834630966186523438e-04
8.900000000000000000e+01 1.510381698608398438e-04
9.000000000000000000e+01 1.229047775268554688e-04
9.100000000000000000e+01 9.864568710327148438e-05
9.300000000000000000e+01 7.802248001098632812e-05
9.400000000000000000e+01 6.067752838134765625e-05
9.500000000000000000e+01 4.637241363525390625e-05
9.600000000000000000e+01 3.474950790405273438e-05
9.700000000000000000e+01 2.557039260864257812e-05
9.800000000000000000e+01 1.859664916992187500e-05
9.900000000000000000e+01 1.358985900878906250e-05
9.900000000000000000e+01 1.043081283569335938e-05
1.010000000000000000e+02 8.821487426757812500e-06
1.020000000000000000e+02 8.702278137207031250e-06
1.030000000000000000e+02 9.775161743164062500e-06
1.040000000000000000e+02 1.198053359985351562e-05
1.040000000000000000e+02 1.513957977294921875e-05
1.060000000000000000e+02 1.913309097290039062e-05
1.070000000000000000e+02 2.384185791015625000e-05
1.080000000000000000e+02 2.914667129516601562e-05
1.090000000000000000e+02 3.498792648315429688e-05
1.090000000000000000e+02 4.124641418457031250e-05
1.110000000000000000e+02 4.780292510986328125e-05
1.120000000000000000e+02 5.465745925903320312e-05
1.130000000000000000e+02 6.163120269775390625e-05
1.130000000000000000e+02 6.878376007080078125e-05
1.140000000000000000e+02 7.599592208862304688e-05
1.160000000000000000e+02 8.314847946166992188e-05
1.170000000000000000e+02 9.036064147949218750e-05
1.180000000000000000e+02 9.745359420776367188e-05
1.190000000000000000e+02 1.044273376464843750e-04
1.200000000000000000e+02 1.112222671508789062e-04
1.210000000000000000e+02 1.178979873657226562e-04
1.220000000000000000e+02 1.243352890014648438e-04
1.230000000000000000e+02 1.305341720581054688e-04
1.240000000000000000e+02 1.364946365356445312e-04
1.250000000000000000e+02 1.422166824340820312e-04
1.260000000000000000e+02 1.477003097534179688e-04
1.270000000000000000e+02 1.528263092041015625e-04
1.270000000000000000e+02 1.577138900756835938e-04
1.290000000000000000e+02 1.622438430786132812e-04
1.300000000000000000e+02 1.665353775024414062e-04
1.310000000000000000e+02 1.704692840576171875e-04
1.310000000000000000e+02 1.741647720336914062e-04
1.330000000000000000e+02 1.775026321411132812e-04
1.340000000000000000e+02 1.806020736694335938e-04
1.350000000000000000e+02 1.833438873291015625e-04
1.360000000000000000e+02 1.857280731201171875e-04
1.370000000000000000e+02 1.878738403320312500e-04
1.380000000000000000e+02 1.896619796752929688e-04
1.390000000000000000e+02 1.912117004394531250e-04
1.400000000000000000e+02 1.925230026245117188e-04
1.400000000000000000e+02 1.934766769409179688e-04
1.410000000000000000e+02 1.943111419677734375e-04
1.430000000000000000e+02 1.947879791259765625e-04
1.440000000000000000e+02 1.949071884155273438e-04
1.450000000000000000e+02 1.949071884155273438e-04
1.460000000000000000e+02 1.946687698364257812e-04
1.470000000000000000e+02 1.943111419677734375e-04
1.480000000000000000e+02 1.935958862304687500e-04
1.490000000000000000e+02 1.926422119140625000e-04
1.500000000000000000e+02 1.915693283081054688e-04
1.500000000000000000e+02 1.903772354125976562e-04
1.520000000000000000e+02 1.889467239379882812e-04
1.530000000000000000e+02 1.873970031738281250e-04
1.540000000000000000e+02 1.856088638305664062e-04
1.550000000000000000e+02 1.837015151977539062e-04
1.560000000000000000e+02 1.816749572753906250e-04
1.570000000000000000e+02 1.794099807739257812e-04
1.580000000000000000e+02 1.771450042724609375e-04
1.590000000000000000e+02 1.747608184814453125e-04
1.600000000000000000e+02 1.722574234008789062e-04
1.600000000000000000e+02 1.696348190307617188e-04
1.610000000000000000e+02 1.670122146606445312e-04
1.630000000000000000e+02 1.641511917114257812e-04
1.640000000000000000e+02 1.614093780517578125e-04
1.650000000000000000e+02 1.584291458129882812e-04
1.660000000000000000e+02 1.554489135742187500e-04
1.670000000000000000e+02 1.524686813354492188e-04
1.680000000000000000e+02 1.493692398071289062e-04
1.690000000000000000e+02 1.462697982788085938e-04
1.690000000000000000e+02 1.431703567504882812e-04
1.700000000000000000e+02 1.400709152221679688e-04
1.720000000000000000e+02 1.368522644042968750e-04
1.730000000000000000e+02 1.336336135864257812e-04
1.740000000000000000e+02 1.305341720581054688e-04
1.750000000000000000e+02 1.273155212402343750e-04
1.760000000000000000e+02 1.240968704223632812e-04
1.770000000000000000e+02 1.208782196044921875e-04
1.780000000000000000e+02 1.177191734313964844e-04
1.790000000000000000e+02 1.145005226135253906e-04
1.790000000000000000e+02 1.113414764404296875e-04
1.800000000000000000e+02 1.082420349121093750e-04
1.810000000000000000e+02 1.051425933837890625e-04
1.820000000000000000e+02 1.020431518554687500e-04
1.830000000000000000e+02 9.900331497192382812e-05
1.850000000000000000e+02 9.596347808837890625e-05
1.860000000000000000e+02 9.298324584960937500e-05
1.870000000000000000e+02 9.000301361083984375e-05
1.880000000000000000e+02 8.714199066162109375e-05
1.890000000000000000e+02 8.428096771240234375e-05
1.900000000000000000e+02 8.141994476318359375e-05
1.910000000000000000e+02 7.867813110351562500e-05
1.920000000000000000e+02 7.593631744384765625e-05
1.930000000000000000e+02 7.325410842895507812e-05
1.940000000000000000e+02 7.063150405883789062e-05
1.950000000000000000e+02 6.800889968872070312e-05
1.960000000000000000e+02 6.550550460815429688e-05
1.970000000000000000e+02 6.306171417236328125e-05
1.980000000000000000e+02 6.061792373657226562e-05
1.980000000000000000e+02 5.823373794555664062e-05
1.990000000000000000e+02 5.590915679931640625e-05
2.010000000000000000e+02 5.370378494262695312e-05
2.020000000000000000e+02 5.149841308593750000e-05
2.030000000000000000e+02 4.935264587402343750e-05
2.040000000000000000e+02 4.726648330688476562e-05
2.050000000000000000e+02 4.523992538452148438e-05
2.060000000000000000e+02 4.321336746215820312e-05
2.070000000000000000e+02 4.130601882934570312e-05
2.080000000000000000e+02 3.945827484130859375e-05
2.090000000000000000e+02 3.761053085327148438e-05
2.090000000000000000e+02 3.588199615478515625e-05
2.100000000000000000e+02 3.415346145629882812e-05
2.120000000000000000e+02 3.254413604736328125e-05
2.130000000000000000e+02 3.093481063842773438e-05
2.140000000000000000e+02 2.938508987426757812e-05
2.150000000000000000e+02 2.789497375488281250e-05
2.160000000000000000e+02 2.646446228027343750e-05
2.170000000000000000e+02 2.509355545043945312e-05
2.180000000000000000e+02 2.372264862060546875e-05
2.180000000000000000e+02 2.241134643554687500e-05
2.190000000000000000e+02 2.121925354003906250e-05
2.200000000000000000e+02 2.002716064453125000e-05
2.220000000000000000e+02 1.883506774902343750e-05
2.230000000000000000e+02 1.776218414306640625e-05
2.240000000000000000e+02 1.668930053710937500e-05
2.240000000000000000e+02 1.567602157592773438e-05
2.260000000000000000e+02 1.472234725952148438e-05
2.260000000000000000e+02 1.376867294311523438e-05
2.270000000000000000e+02 1.287460327148437500e-05
2.280000000000000000e+02 1.204013824462890625e-05
2.290000000000000000e+02 1.120567321777343750e-05
2.310000000000000000e+02 1.049041748046875000e-05
2.320000000000000000e+02 9.715557098388671875e-06
2.330000000000000000e+02 9.059906005859375000e-06
2.340000000000000000e+02 8.344650268554687500e-06
2.350000000000000000e+02 7.748603820800781250e-06
2.360000000000000000e+02 7.152557373046875000e-06
2.370000000000000000e+02 6.556510925292968750e-06
2.380000000000000000e+02 6.079673767089843750e-06
2.390000000000000000e+02 5.543231964111328125e-06
2.400000000000000000e+02 5.066394805908203125e-06
2.410000000000000000e+02 4.649162292480468750e-06
2.420000000000000000e+02 4.231929779052734375e-06
2.430000000000000000e+02 3.814697265625000000e-06
2.440000000000000000e+02 3.457069396972656250e-06
2.450000000000000000e+02 3.159046173095703125e-06
2.460000000000000000e+02 2.801418304443359375e-06
2.470000000000000000e+02 2.503395080566406250e-06
2.480000000000000000e+02 2.264976501464843750e-06
2.490000000000000000e+02 2.026557922363281250e-06
2.500000000000000000e+02 1.788139343261718750e-06
2.510000000000000000e+02 1.549720764160156250e-06
2.520000000000000000e+02 1.370906829833984375e-06
2.530000000000000000e+02 1.192092895507812500e-06
2.540000000000000000e+02 1.072883605957031250e-06
2.550000000000000000e+02 8.940696716308593750e-07
2.550000000000000000e+02 7.748603820800781250e-07
2.570000000000000000e+02 6.556510925292968750e-07
2.580000000000000000e+02 5.960464477539062500e-07
2.590000000000000000e+02 4.768371582031250000e-07
2.600000000000000000e+02 4.172325134277343750e-07
2.610000000000000000e+02 3.576278686523437500e-07
2.620000000000000000e+02 3.576278686523437500e-07
2.630000000000000000e+02 2.980232238769531250e-07
2.630000000000000000e+02 2.980232238769531250e-07
2.650000000000000000e+02 2.980232238769531250e-07
2.660000000000000000e+02 2.980232238769531250e-07
2.670000000000000000e+02 2.980232238769531250e-07
2.680000000000000000e+02 2.980232238769531250e-07
2.690000000000000000e+02 2.980232238769531250e-07
2.700000000000000000e+02 3.576278686523437500e-07
2.710000000000000000e+02 3.576278686523437500e-07
2.720000000000000000e+02 4.172325134277343750e-07
2.730000000000000000e+02 4.768371582031250000e-07
2.740000000000000000e+02 5.364418029785156250e-07
2.750000000000000000e+02 5.960464477539062500e-07
2.760000000000000000e+02 6.556510925292968750e-07
2.770000000000000000e+02 7.152557373046875000e-07
2.780000000000000000e+02 7.748603820800781250e-07
2.790000000000000000e+02 8.344650268554687500e-07
2.800000000000000000e+02 8.940696716308593750e-07
2.810000000000000000e+02 1.013278961181640625e-06
2.810000000000000000e+02 1.072883605957031250e-06
2.830000000000000000e+02 1.192092895507812500e-06
2.830000000000000000e+02 1.251697540283203125e-06
2.850000000000000000e+02 1.311302185058593750e-06
2.860000000000000000e+02 1.430511474609375000e-06
2.870000000000000000e+02 1.490116119384765625e-06
2.880000000000000000e+02 1.609325408935546875e-06
2.890000000000000000e+02 1.668930053710937500e-06
2.900000000000000000e+02 1.788139343261718750e-06
2.910000000000000000e+02 1.847743988037109375e-06
2.920000000000000000e+02 1.966953277587890625e-06
2.920000000000000000e+02 2.026557922363281250e-06
2.940000000000000000e+02 2.145767211914062500e-06
2.940000000000000000e+02 2.205371856689453125e-06
2.960000000000000000e+02 2.324581146240234375e-06
2.970000000000000000e+02 2.384185791015625000e-06
2.980000000000000000e+02 2.503395080566406250e-06
2.990000000000000000e+02 2.562999725341796875e-06
3.000000000000000000e+02 2.622604370117187500e-06
3.010000000000000000e+02 2.741813659667968750e-06
3.010000000000000000e+02 2.801418304443359375e-06
3.030000000000000000e+02 2.861022949218750000e-06
3.040000000000000000e+02 2.980232238769531250e-06
3.050000000000000000e+02 3.039836883544921875e-06
3.060000000000000000e+02 3.099441528320312500e-06
3.070000000000000000e+02 3.159046173095703125e-06
3.080000000000000000e+02 3.218650817871093750e-06
3.090000000000000000e+02 3.278255462646484375e-06
3.100000000000000000e+02 3.397464752197265625e-06
3.100000000000000000e+02 3.457069396972656250e-06
3.120000000000000000e+02 3.516674041748046875e-06
3.120000000000000000e+02 3.516674041748046875e-06
3.140000000000000000e+02 3.576278686523437500e-06
3.140000000000000000e+02 3.635883331298828125e-06
3.160000000000000000e+02 3.695487976074218750e-06
3.170000000000000000e+02 3.755092620849609375e-06
3.180000000000000000e+02 3.814697265625000000e-06
3.190000000000000000e+02 3.814697265625000000e-06
3.200000000000000000e+02 3.874301910400390625e-06
3.200000000000000000e+02 3.933906555175781250e-06
3.210000000000000000e+02 3.933906555175781250e-06
3.220000000000000000e+02 3.993511199951171875e-06
3.230000000000000000e+02 3.993511199951171875e-06
3.240000000000000000e+02 4.053115844726562500e-06
3.260000000000000000e+02 4.053115844726562500e-06
3.270000000000000000e+02 4.112720489501953125e-06
3.280000000000000000e+02 4.112720489501953125e-06
3.290000000000000000e+02 4.112720489501953125e-06
3.300000000000000000e+02 4.112720489501953125e-06
3.300000000000000000e+02 4.172325134277343750e-06
3.320000000000000000e+02 4.172325134277343750e-06
3.320000000000000000e+02 4.172325134277343750e-06
3.340000000000000000e+02 4.172325134277343750e-06
3.350000000000000000e+02 4.172325134277343750e-06
3.360000000000000000e+02 4.172325134277343750e-06
3.370000000000000000e+02 4.172325134277343750e-06
3.380000000000000000e+02 4.172325134277343750e-06
3.390000000000000000e+02 4.172325134277343750e-06
3.390000000000000000e+02 4.172325134277343750e-06
3.410000000000000000e+02 4.172325134277343750e-06
3.410000000000000000e+02 4.172325134277343750e-06
3.430000000000000000e+02 4.172325134277343750e-06
3.440000000000000000e+02 4.172325134277343750e-06
3.450000000000000000e+02 4.112720489501953125e-06
3.460000000000000000e+02 4.112720489501953125e-06
3.470000000000000000e+02 4.112720489501953125e-06
3.480000000000000000e+02 4.112720489501953125e-06
3.490000000000000000e+02 4.053115844726562500e-06
3.500000000000000000e+02 4.053115844726562500e-06
3.500000000000000000e+02 4.053115844726562500e-06
3.520000000000000000e+02 3.993511199951171875e-06
3.520000000000000000e+02 3.993511199951171875e-06
3.540000000000000000e+02 3.933906555175781250e-06
3.550000000000000000e+02 3.933906555175781250e-06
3.560000000000000000e+02 3.874301910400390625e-06
3.570000000000000000e+02 3.874301910400390625e-06
3.580000000000000000e+02 3.814697265625000000e-06
3.590000000000000000e+02 3.814697265625000000e-06
3.590000000000000000e+02 3.755092620849609375e-06
3.610000000000000000e+02 3.755092620849609375e-06
3.610000000000000000e+02 3.695487976074218750e-06
3.630000000000000000e+02 3.695487976074218750e-06
3.630000000000000000e+02 3.635883331298828125e-06
3.650000000000000000e+02 3.576278686523437500e-06
3.650000000000000000e+02 3.576278686523437500e-06
3.670000000000000000e+02 3.516674041748046875e-06
3.670000000000000000e+02 3.457069396972656250e-06
3.680000000000000000e+02 3.457069396972656250e-06
3.700000000000000000e+02 3.397464752197265625e-06
3.700000000000000000e+02 3.337860107421875000e-06
3.720000000000000000e+02 3.337860107421875000e-06
3.720000000000000000e+02 3.278255462646484375e-06
3.740000000000000000e+02 3.218650817871093750e-06
3.750000000000000000e+02 3.218650817871093750e-06
3.760000000000000000e+02 3.159046173095703125e-06
3.770000000000000000e+02 3.099441528320312500e-06
3.780000000000000000e+02 3.099441528320312500e-06
3.790000000000000000e+02 3.039836883544921875e-06
3.800000000000000000e+02 2.980232238769531250e-06
3.810000000000000000e+02 2.920627593994140625e-06
3.820000000000000000e+02 2.920627593994140625e-06
3.830000000000000000e+02 2.861022949218750000e-06
3.840000000000000000e+02 2.801418304443359375e-06
3.850000000000000000e+02 2.741813659667968750e-06
3.860000000000000000e+02 2.741813659667968750e-06
3.870000000000000000e+02 2.682209014892578125e-06
3.880000000000000000e+02 2.622604370117187500e-06
3.880000000000000000e+02 2.562999725341796875e-06
3.900000000000000000e+02 2.562999725341796875e-06
3.900000000000000000e+02 2.503395080566406250e-06
3.920000000000000000e+02 2.443790435791015625e-06
3.920000000000000000e+02 2.443790435791015625e-06
3.940000000000000000e+02 2.384185791015625000e-06
3.950000000000000000e+02 2.324581146240234375e-06
3.960000000000000000e+02 2.264976501464843750e-06
3.970000000000000000e+02 2.264976501464843750e-06
3.970000000000000000e+02 2.205371856689453125e-06
3.990000000000000000e+02 2.145767211914062500e-06
3.990000000000000000e+02 2.145767211914062500e-06
4.010000000000000000e+02 2.086162567138671875e-06
4.020000000000000000e+02 2.026557922363281250e-06
4.030000000000000000e+02 1.966953277587890625e-06
4.040000000000000000e+02 1.966953277587890625e-06
4.050000000000000000e+02 1.907348632812500000e-06
4.060000000000000000e+02 1.847743988037109375e-06
4.070000000000000000e+02 1.847743988037109375e-06
4.080000000000000000e+02 1.788139343261718750e-06
4.080000000000000000e+02 1.788139343261718750e-06
4.100000000000000000e+02 1.728534698486328125e-06
4.100000000000000000e+02 1.668930053710937500e-06
4.120000000000000000e+02 1.668930053710937500e-06
4.120000000000000000e+02 1.609325408935546875e-06
4.140000000000000000e+02 1.549720764160156250e-06
4.150000000000000000e+02 1.549720764160156250e-06
4.160000000000000000e+02 1.490116119384765625e-06
4.170000000000000000e+02 1.490116119384765625e-06
4.180000000000000000e+02 1.430511474609375000e-06
4.190000000000000000e+02 1.370906829833984375e-06
4.190000000000000000e+02 1.370906829833984375e-06
4.210000000000000000e+02 1.311302185058593750e-06
4.210000000000000000e+02 1.311302185058593750e-06
4.230000000000000000e+02 1.251697540283203125e-06
4.240000000000000000e+02 1.251697540283203125e-06
4.250000000000000000e+02 1.192092895507812500e-06
4.260000000000000000e+02 1.192092895507812500e-06
4.270000000000000000e+02 1.132488250732421875e-06
4.280000000000000000e+02 1.132488250732421875e-06
4.290000000000000000e+02 1.072883605957031250e-06
4.300000000000000000e+02 1.072883605957031250e-06
4.310000000000000000e+02 1.013278961181640625e-06
4.320000000000000000e+02 1.013278961181640625e-06
4.330000000000000000e+02 9.536743164062500000e-07
4.340000000000000000e+02 9.536743164062500000e-07
4.350000000000000000e+02 8.940696716308593750e-07
4.360000000000000000e+02 8.940696716308593750e-07
4.370000000000000000e+02 8.344650268554687500e-07
4.370000000000000000e+02 8.344650268554687500e-07
4.390000000000000000e+02 8.344650268554687500e-07
4.390000000000000000e+02 7.748603820800781250e-07
4.410000000000000000e+02 7.748603820800781250e-07
4.410000000000000000e+02 7.152557373046875000e-07
4.430000000000000000e+02 7.152557373046875000e-07
4.440000000000000000e+02 7.152557373046875000e-07
4.450000000000000000e+02 6.556510925292968750e-07
4.460000000000000000e+02 6.556510925292968750e-07
4.470000000000000000e+02 6.556510925292968750e-07
4.480000000000000000e+02 5.960464477539062500e-07
4.480000000000000000e+02 5.960464477539062500e-07
4.490000000000000000e+02 5.960464477539062500e-07
4.510000000000000000e+02 5.364418029785156250e-07
4.520000000000000000e+02 5.364418029785156250e-07
4.530000000000000000e+02 5.364418029785156250e-07
4.530000000000000000e+02 4.768371582031250000e-07
4.550000000000000000e+02 4.768371582031250000e-07
4.550000000000000000e+02 4.768371582031250000e-07
4.570000000000000000e+02 4.768371582031250000e-07
4.570000000000000000e+02 4.172325134277343750e-07
4.590000000000000000e+02 4.172325134277343750e-07
4.590000000000000000e+02 4.172325134277343750e-07
4.610000000000000000e+02 3.576278686523437500e-07
4.620000000000000000e+02 3.576278686523437500e-07
4.630000000000000000e+02 3.576278686523437500e-07
4.640000000000000000e+02 3.576278686523437500e-07
4.650000000000000000e+02 3.576278686523437500e-07
4.660000000000000000e+02 2.980232238769531250e-07
4.670000000000000000e+02 2.980232238769531250e-07
4.680000000000000000e+02 2.980232238769531250e-07
4.680000000000000000e+02 2.980232238769531250e-07
4.700000000000000000e+02 2.980232238769531250e-07
4.700000000000000000e+02 2.384185791015625000e-07
4.720000000000000000e+02 2.384185791015625000e-07
4.730000000000000000e+02 2.384185791015625000e-07
4.740000000000000000e+02 2.384185791015625000e-07
4.750000000000000000e+02 2.384185791015625000e-07
4.760000000000000000e+02 1.788139343261718750e-07
4.770000000000000000e+02 1.788139343261718750e-07
4.780000000000000000e+02 1.788139343261718750e-07
4.790000000000000000e+02 1.788139343261718750e-07
4.800000000000000000e+02 1.788139343261718750e-07
4.810000000000000000e+02 1.788139343261718750e-07
4.820000000000000000e+02 1.788139343261718750e-07
4.830000000000000000e+02 1.788139343261718750e-07
4.840000000000000000e+02 1.192092895507812500e-07
4.850000000000000000e+02 1.192092895507812500e-07
4.860000000000000000e+02 1.192092895507812500e-07
4.860000000000000000e+02 1.192092895507812500e-07
4.880000000000000000e+02 1.192092895507812500e-07
4.880000000000000000e+02 1.192092895507812500e-07
4.900000000000000000e+02 1.192092895507812500e-07
4.900000000000000000e+02 1.192092895507812500e-07
4.920000000000000000e+02 1.192092895507812500e-07
4.930000000000000000e+02 5.960464477539062500e-08
4.940000000000000000e+02 5.960464477539062500e-08
4.940000000000000000e+02 5.960464477539062500e-08
4.960000000000000000e+02 5.960464477539062500e-08
4.960000000000000000e+02 5.960464477539062500e-08
4.980000000000000000e+02 5.960464477539062500e-08
4.990000000000000000e+02 5.960464477539062500e-08
5.000000000000000000e+02 5.960464477539062500e-08
5.000000000000000000e+02 5.960464477539062500e-08
5.020000000000000000e+02 5.960464477539062500e-08
5.030000000000000000e+02 5.960464477539062500e-08
5.040000000000000000e+02 5.960464477539062500e-08
5.050000000000000000e+02 5.960464477539062500e-08
5.060000000000000000e+02 5.960464477539062500e-08
5.070000000000000000e+02 5.960464477539062500e-08
5.080000000000000000e+02 5.960464477539062500e-08
5.090000000000000000e+02 0.000000000000000000e+00
5.100000000000000000e+02 0.000000000000000000e+00
5.110000000000000000e+02 0.000000000000000000e+00
5.110000000000000000e+02 0.000000000000000000e+00
5.130000000000000000e+02 0.000000000000000000e+00
5.140000000000000000e+02 0.000000000000000000e+00
5.140000000000000000e+02 0.000000000000000000e+00
5.160000000000000000e+02 0.000000000000000000e+00
5.170000000000000000e+02 0.000000000000000000e+00
5.180000000000000000e+02 0.000000000000000000e+00
5.180000000000000000e+02 0.000000000000000000e+00
5.200000000000000000e+02 0.000000000000000000e+00
5.210000000000000000e+02 0.000000000000000000e+00
5.220000000000000000e+02 0.000000000000000000e+00
5.230000000000000000e+02 0.000000000000000000e+00
5.240000000000000000e+02 0.000000000000000000e+00
5.250000000000000000e+02 0.000000000000000000e+00
5.260000000000000000e+02 0.000000000000000000e+00
5.270000000000000000e+02 0.000000000000000000e+00
5.270000000000000000e+02 0.000000000000000000e+00
5.290000000000000000e+02 0.000000000000000000e+00
5.300000000000000000e+02 0.000000000000000000e+00
5.310000000000000000e+02 0.000000000000000000e+00
5.320000000000000000e+02 0.000000000000000000e+00
5.330000000000000000e+02 0.000000000000000000e+00
5.340000000000000000e+02 0.000000000000000000e+00
5.350000000000000000e+02 0.000000000000000000e+00
5.360000000000000000e+02 0.000000000000000000e+00
5.360000000000000000e+02 0.000000000000000000e+00
5.380000000000000000e+02 0.000000000000000000e+00
5.390000000000000000e+02 0.000000000000000000e+00
5.400000000000000000e+02 0.000000000000000000e+00
5.400000000000000000e+02 0.000000000000000000e+00
5.420000000000000000e+02 0.000000000000000000e+00
5.430000000000000000e+02 0.000000000000000000e+00
5.440000000000000000e+02 0.000000000000000000e+00
5.450000000000000000e+02 0.000000000000000000e+00
5.460000000000000000e+02 0.000000000000000000e+00
5.470000000000000000e+02 0.000000000000000000e+00
5.480000000000000000e+02 0.000000000000000000e+00
5.490000000000000000e+02 0.000000000000000000e+00
5.500000000000000000e+02 0.000000000000000000e+00
5.510000000000000000e+02 0.000000000000000000e+00
5.520000000000000000e+02 0.000000000000000000e+00
5.530000000000000000e+02 0.000000000000000000e+00
5.540000000000000000e+02 0.000000000000000000e+00
5.540000000000000000e+02 0.000000000000000000e+00
5.560000000000000000e+02 0.000000000000000000e+00
5.570000000000000000e+02 0.000000000000000000e+00
5.580000000000000000e+02 0.000000000000000000e+00
5.580000000000000000e+02 0.000000000000000000e+00
5.600000000000000000e+02 0.000000000000000000e+00
5.610000000000000000e+02 0.000000000000000000e+00
5.620000000000000000e+02 0.000000000000000000e+00
5.630000000000000000e+02 0.000000000000000000e+00
5.630000000000000000e+02 0.000000000000000000e+00
5.650000000000000000e+02 0.000000000000000000e+00
5.660000000000000000e+02 0.000000000000000000e+00
5.670000000000000000e+02 0.000000000000000000e+00
5.670000000000000000e+02 0.000000000000000000e+00
5.690000000000000000e+02 0.000000000000000000e+00
5.700000000000000000e+02 0.000000000000000000e+00
5.710000000000000000e+02 0.000000000000000000e+00
5.720000000000000000e+02 0.000000000000000000e+00
5.720000000000000000e+02 0.000000000000000000e+00
5.740000000000000000e+02 0.000000000000000000e+00
5.750000000000000000e+02 0.000000000000000000e+00
5.760000000000000000e+02 0.000000000000000000e+00
5.760000000000000000e+02 0.000000000000000000e+00
5.780000000000000000e+02 0.000000000000000000e+00
5.790000000000000000e+02 0.000000000000000000e+00
5.800000000000000000e+02 0.000000000000000000e+00
5.810000000000000000e+02 0.000000000000000000e+00
5.820000000000000000e+02 5.960464477539062500e-08
5.830000000000000000e+02 5.960464477539062500e-08
5.840000000000000000e+02 5.960464477539062500e-08
5.850000000000000000e+02 5.960464477539062500e-08
5.850000000000000000e+02 5.960464477539062500e-08
5.870000000000000000e+02 5.960464477539062500e-08
5.880000000000000000e+02 5.960464477539062500e-08
5.890000000000000000e+02 5.960464477539062500e-08
5.890000000000000000e+02 5.960464477539062500e-08
5.910000000000000000e+02 5.960464477539062500e-08
5.920000000000000000e+02 5.960464477539062500e-08
5.930000000000000000e+02 5.960464477539062500e-08
5.940000000000000000e+02 5.960464477539062500e-08
5.940000000000000000e+02 5.960464477539062500e-08
5.960000000000000000e+02 5.960464477539062500e-08
5.970000000000000000e+02 5.960464477539062500e-08
5.980000000000000000e+02 5.960464477539062500e-08
5.980000000000000000e+02 5.960464477539062500e-08
6.000000000000000000e+02 5.960464477539062500e-08
6.010000000000000000e+02 5.960464477539062500e-08
6.020000000000000000e+02 5.960464477539062500e-08
6.020000000000000000e+02 5.960464477539062500e-08
6.030000000000000000e+02 5.960464477539062500e-08
6.050000000000000000e+02 5.960464477539062500e-08
6.060000000000000000e+02 5.960464477539062500e-08
6.070000000000000000e+02 5.960464477539062500e-08
6.080000000000000000e+02 5.960464477539062500e-08
6.090000000000000000e+02 5.960464477539062500e-08
6.100000000000000000e+02 5.960464477539062500e-08
6.110000000000000000e+02 5.960464477539062500e-08
6.120000000000000000e+02 5.960464477539062500e-08
6.120000000000000000e+02 5.960464477539062500e-08
6.140000000000000000e+02 5.960464477539062500e-08
6.150000000000000000e+02 5.960464477539062500e-08
6.160000000000000000e+02 5.960464477539062500e-08
6.170000000000000000e+02 5.960464477539062500e-08
6.180000000000000000e+02 5.960464477539062500e-08
6.190000000000000000e+02 5.960464477539062500e-08
6.200000000000000000e+02 5.960464477539062500e-08
6.210000000000000000e+02 5.960464477539062500e-08
6.210000000000000000e+02 5.960464477539062500e-08
6.230000000000000000e+02 5.960464477539062500e-08
6.240000000000000000e+02 5.960464477539062500e-08
6.250000000000000000e+02 5.960464477539062500e-08
6.250000000000000000e+02 5.960464477539062500e-08
6.270000000000000000e+02 5.960464477539062500e-08
6.280000000000000000e+02 5.960464477539062500e-08
6.290000000000000000e+02 5.960464477539062500e-08
6.290000000000000000e+02 5.960464477539062500e-08
6.300000000000000000e+02 5.960464477539062500e-08
6.320000000000000000e+02 5.960464477539062500e-08
6.330000000000000000e+02 5.960464477539062500e-08
6.340000000000000000e+02 5.960464477539062500e-08
6.340000000000000000e+02 5.960464477539062500e-08
6.360000000000000000e+02 5.960464477539062500e-08
6.370000000000000000e+02 5.960464477539062500e-08
6.380000000000000000e+02 5.960464477539062500e-08
6.380000000000000000e+02 5.960464477539062500e-08
6.400000000000000000e+02 5.960464477539062500e-08
6.410000000000000000e+02 5.960464477539062500e-08
6.410000000000000000e+02 5.960464477539062500e-08
6.420000000000000000e+02 5.960464477539062500e-08
6.430000000000000000e+02 5.960464477539062500e-08
6.450000000000000000e+02 5.960464477539062500e-08
6.450000000000000000e+02 5.960464477539062500e-08
6.470000000000000000e+02 5.960464477539062500e-08
6.470000000000000000e+02 5.960464477539062500e-08
6.490000000000000000e+02 5.960464477539062500e-08
6.490000000000000000e+02 5.960464477539062500e-08
6.500000000000000000e+02 5.960464477539062500e-08
6.520000000000000000e+02 5.960464477539062500e-08
6.530000000000000000e+02 5.960464477539062500e-08
6.540000000000000000e+02 5.960464477539062500e-08
6.550000000000000000e+02 5.960464477539062500e-08
6.560000000000000000e+02 5.960464477539062500e-08
6.560000000000000000e+02 5.960464477539062500e-08
6.580000000000000000e+02 5.960464477539062500e-08
6.580000000000000000e+02 5.960464477539062500e-08
6.600000000000000000e+02 5.960464477539062500e-08
6.610000000000000000e+02 5.960464477539062500e-08
6.610000000000000000e+02 5.960464477539062500e-08
6.630000000000000000e+02 5.960464477539062500e-08
6.640000000000000000e+02 5.960464477539062500e-08
6.650000000000000000e+02 5.960464477539062500e-08
6.650000000000000000e+02 5.960464477539062500e-08
6.670000000000000000e+02 5.960464477539062500e-08
6.680000000000000000e+02 5.960464477539062500e-08
6.690000000000000000e+02 5.960464477539062500e-08
6.700000000000000000e+02 5.960464477539062500e-08
6.700000000000000000e+02 5.960464477539062500e-08
6.720000000000000000e+02 5.960464477539062500e-08
6.730000000000000000e+02 5.960464477539062500e-08
6.740000000000000000e+02 5.960464477539062500e-08
6.750000000000000000e+02 5.960464477539062500e-08
6.760000000000000000e+02 5.960464477539062500e-08
6.770000000000000000e+02 5.960464477539062500e-08
6.780000000000000000e+02 5.960464477539062500e-08
6.790000000000000000e+02 5.960464477539062500e-08
6.790000000000000000e+02 5.960464477539062500e-08
6.810000000000000000e+02 5.960464477539062500e-08
6.820000000000000000e+02 5.960464477539062500e-08
6.830000000000000000e+02 5.960464477539062500e-08
6.830000000000000000e+02 5.960464477539062500e-08
6.850000000000000000e+02 5.960464477539062500e-08
6.860000000000000000e+02 5.960464477539062500e-08
6.870000000000000000e+02 5.960464477539062500e-08
6.880000000000000000e+02 5.960464477539062500e-08
6.880000000000000000e+02 5.960464477539062500e-08
6.900000000000000000e+02 5.960464477539062500e-08
6.910000000000000000e+02 5.960464477539062500e-08
6.920000000000000000e+02 5.960464477539062500e-08
6.920000000000000000e+02 5.960464477539062500e-08
6.940000000000000000e+02 5.960464477539062500e-08
6.950000000000000000e+02 5.960464477539062500e-08
6.960000000000000000e+02 5.960464477539062500e-08
6.960000000000000000e+02 5.960464477539062500e-08
6.980000000000000000e+02 5.960464477539062500e-08
6.990000000000000000e+02 5.960464477539062500e-08
7.000000000000000000e+02 5.960464477539062500e-08
7.010000000000000000e+02 5.960464477539062500e-08
7.010000000000000000e+02 5.960464477539062500e-08
7.030000000000000000e+02 5.960464477539062500e-08
7.040000000000000000e+02 5.960464477539062500e-08
7.050000000000000000e+02 5.960464477539062500e-08
7.050000000000000000e+02 5.960464477539062500e-08
7.070000000000000000e+02 0.000000000000000000e+00
7.080000000000000000e+02 0.000000000000000000e+00
7.090000000000000000e+02 0.000000000000000000e+00
7.100000000000000000e+02 0.000000000000000000e+00
7.100000000000000000e+02 0.000000000000000000e+00
7.120000000000000000e+02 0.000000000000000000e+00
7.130000000000000000e+02 0.000000000000000000e+00
7.140000000000000000e+02 0.000000000000000000e+00
7.150000000000000000e+02 0.000000000000000000e+00
7.160000000000000000e+02 0.000000000000000000e+00
7.170000000000000000e+02 0.000000000000000000e+00
7.180000000000000000e+02 0.000000000000000000e+00
7.190000000000000000e+02 0.000000000000000000e+00
7.190000000000000000e+02 0.000000000000000000e+00
7.210000000000000000e+02 0.000000000000000000e+00
7.220000000000000000e+02 0.000000000000000000e+00
7.230000000000000000e+02 0.000000000000000000e+00
7.230000000000000000e+02 0.000000000000000000e+00
7.250000000000000000e+02 0.000000000000000000e+00
7.260000000000000000e+02 0.000000000000000000e+00
7.270000000000000000e+02 0.000000000000000000e+00
7.270000000000000000e+02 0.000000000000000000e+00
7.280000000000000000e+02 0.000000000000000000e+00
7.300000000000000000e+02 0.000000000000000000e+00
7.310000000000000000e+02 0.000000000000000000e+00
7.310000000000000000e+02 0.000000000000000000e+00
7.320000000000000000e+02 0.000000000000000000e+00
7.340000000000000000e+02 0.000000000000000000e+00
7.350000000000000000e+02 0.000000000000000000e+00
7.350000000000000000e+02 0.000000000000000000e+00
7.360000000000000000e+02 0.000000000000000000e+00
7.370000000000000000e+02 0.000000000000000000e+00
7.390000000000000000e+02 0.000000000000000000e+00
7.400000000000000000e+02 0.000000000000000000e+00
7.410000000000000000e+02 0.000000000000000000e+00
7.410000000000000000e+02 0.000000000000000000e+00
7.430000000000000000e+02 0.000000000000000000e+00
7.440000000000000000e+02 0.000000000000000000e+00
7.450000000000000000e+02 0.000000000000000000e+00
7.450000000000000000e+02 0.000000000000000000e+00
7.460000000000000000e+02 0.000000000000000000e+00
7.480000000000000000e+02 0.000000000000000000e+00
7.490000000000000000e+02 0.000000000000000000e+00
7.500000000000000000e+02 0.000000000000000000e+00
7.500000000000000000e+02 0.000000000000000000e+00
7.520000000000000000e+02 0.000000000000000000e+00
7.530000000000000000e+02 0.000000000000000000e+00
7.540000000000000000e+02 0.000000000000000000e+00
7.540000000000000000e+02 0.000000000000000000e+00
7.560000000000000000e+02 0.000000000000000000e+00
7.570000000000000000e+02 0.000000000000000000e+00
7.580000000000000000e+02 0.000000000000000000e+00
7.590000000000000000e+02 0.000000000000000000e+00
7.600000000000000000e+02 0.000000000000000000e+00
7.610000000000000000e+02 0.000000000000000000e+00
7.620000000000000000e+02 0.000000000000000000e+00
7.630000000000000000e+02 0.000000000000000000e+00
7.640000000000000000e+02 0.000000000000000000e+00
7.650000000000000000e+02 0.000000000000000000e+00
7.660000000000000000e+02 0.000000000000000000e+00
7.670000000000000000e+02 0.000000000000000000e+00
7.680000000000000000e+02 0.000000000000000000e+00
7.690000000000000000e+02 0.000000000000000000e+00
7.700000000000000000e+02 0.000000000000000000e+00
7.700000000000000000e+02 0.000000000000000000e+00
7.720000000000000000e+02 0.000000000000000000e+00
7.730000000000000000e+02 0.000000000000000000e+00
7.740000000000000000e+02 0.000000000000000000e+00
7.740000000000000000e+02 0.000000000000000000e+00
7.760000000000000000e+02 0.000000000000000000e+00
7.770000000000000000e+02 0.000000000000000000e+00
7.770000000000000000e+02 0.000000000000000000e+00
7.780000000000000000e+02 0.000000000000000000e+00
7.800000000000000000e+02 0.000000000000000000e+00
7.810000000000000000e+02 0.000000000000000000e+00
7.810000000000000000e+02 0.000000000000000000e+00
7.830000000000000000e+02 0.000000000000000000e+00
7.840000000000000000e+02 0.000000000000000000e+00
7.850000000000000000e+02 0.000000000000000000e+00
7.850000000000000000e+02 0.000000000000000000e+00
7.860000000000000000e+02 0.000000000000000000e+00
7.880000000000000000e+02 0.000000000000000000e+00
7.890000000000000000e+02 0.000000000000000000e+00
7.900000000000000000e+02 0.000000000000000000e+00
7.910000000000000000e+02 0.000000000000000000e+00
7.920000000000000000e+02 0.000000000000000000e+00
7.930000000000000000e+02 0.000000000000000000e+00
7.940000000000000000e+02 0.000000000000000000e+00
7.940000000000000000e+02 0.000000000000000000e+00
7.950000000000000000e+02 0.000000000000000000e+00
7.970000000000000000e+02 0.000000000000000000e+00
7.980000000000000000e+02 0.000000000000000000e+00
7.990000000000000000e+02 0.000000000000000000e+00
7.990000000000000000e+02 0.000000000000000000e+00
8.010000000000000000e+02 0.000000000000000000e+00
8.020000000000000000e+02 0.000000000000000000e+00
8.030000000000000000e+02 0.000000000000000000e+00
8.040000000000000000e+02 0.000000000000000000e+00
8.050000000000000000e+02 0.000000000000000000e+00
8.060000000000000000e+02 0.000000000000000000e+00
8.070000000000000000e+02 0.000000000000000000e+00
8.080000000000000000e+02 0.000000000000000000e+00
8.080000000000000000e+02 0.000000000000000000e+00
8.100000000000000000e+02 0.000000000000000000e+00
8.110000000000000000e+02 0.000000000000000000e+00
8.120000000000000000e+02 0.000000000000000000e+00
8.130000000000000000e+02 0.000000000000000000e+00
8.140000000000000000e+02 0.000000000000000000e+00
8.150000000000000000e+02 0.000000000000000000e+00
8.160000000000000000e+02 0.000000000000000000e+00
8.160000000000000000e+02 0.000000000000000000e+00
8.170000000000000000e+02 0.000000000000000000e+00
8.190000000000000000e+02 0.000000000000000000e+00
8.200000000000000000e+02 0.000000000000000000e+00
8.210000000000000000e+02 0.000000000000000000e+00
8.210000000000000000e+02 0.000000000000000000e+00
8.230000000000000000e+02 0.000000000000000000e+00
8.240000000000000000e+02 0.000000000000000000e+00
8.250000000000000000e+02 0.000000000000000000e+00
8.250000000000000000e+02 0.000000000000000000e+00
8.260000000000000000e+02 0.000000000000000000e+00
8.280000000000000000e+02 0.000000000000000000e+00
8.290000000000000000e+02 0.000000000000000000e+00
8.300000000000000000e+02 0.000000000000000000e+00
8.300000000000000000e+02 0.000000000000000000e+00
8.320000000000000000e+02 0.000000000000000000e+00
8.330000000000000000e+02 0.000000000000000000e+00
8.340000000000000000e+02 0.000000000000000000e+00
8.340000000000000000e+02 0.000000000000000000e+00
8.360000000000000000e+02 0.000000000000000000e+00
8.370000000000000000e+02 0.000000000000000000e+00
8.380000000000000000e+02 0.000000000000000000e+00
8.390000000000000000e+02 0.000000000000000000e+00
8.390000000000000000e+02 0.000000000000000000e+00
8.410000000000000000e+02 0.000000000000000000e+00
8.420000000000000000e+02 0.000000000000000000e+00
8.430000000000000000e+02 0.000000000000000000e+00
8.430000000000000000e+02 0.000000000000000000e+00
8.440000000000000000e+02 0.000000000000000000e+00
8.460000000000000000e+02 0.000000000000000000e+00
8.470000000000000000e+02 0.000000000000000000e+00
8.480000000000000000e+02 0.000000000000000000e+00
8.480000000000000000e+02 0.000000000000000000e+00
8.500000000000000000e+02 0.000000000000000000e+00
8.510000000000000000e+02 0.000000000000000000e+00
8.520000000000000000e+02 0.000000000000000000e+00
8.520000000000000000e+02 0.000000000000000000e+00
8.540000000000000000e+02 0.000000000000000000e+00
8.550000000000000000e+02 0.000000000000000000e+00
8.560000000000000000e+02 0.000000000000000000e+00
8.570000000000000000e+02 0.000000000000000000e+00
8.580000000000000000e+02 0.000000000000000000e+00
8.590000000000000000e+02 0.000000000000000000e+00
8.600000000000000000e+02 0.000000000000000000e+00
8.610000000000000000e+02 0.000000000000000000e+00
8.620000000000000000e+02 0.000000000000000000e+00
8.630000000000000000e+02 0.000000000000000000e+00
8.640000000000000000e+02 0.000000000000000000e+00
8.650000000000000000e+02 0.000000000000000000e+00
8.660000000000000000e+02 0.000000000000000000e+00
8.670000000000000000e+02 0.000000000000000000e+00
8.680000000000000000e+02 0.000000000000000000e+00
8.690000000000000000e+02 0.000000000000000000e+00
8.700000000000000000e+02 0.000000000000000000e+00
8.710000000000000000e+02 0.000000000000000000e+00
8.720000000000000000e+02 0.000000000000000000e+00
8.730000000000000000e+02 0.000000000000000000e+00
8.740000000000000000e+02 0.000000000000000000e+00
8.750000000000000000e+02 0.000000000000000000e+00
8.750000000000000000e+02 0.000000000000000000e+00
8.770000000000000000e+02 0.000000000000000000e+00
8.780000000000000000e+02 0.000000000000000000e+00
8.790000000000000000e+02 0.000000000000000000e+00
8.790000000000000000e+02 0.000000000000000000e+00
8.810000000000000000e+02 0.000000000000000000e+00
8.820000000000000000e+02 0.000000000000000000e+00
8.830000000000000000e+02 0.000000000000000000e+00
8.830000000000000000e+02 0.000000000000000000e+00
8.840000000000000000e+02 0.000000000000000000e+00
8.860000000000000000e+02 0.000000000000000000e+00
8.870000000000000000e+02 0.000000000000000000e+00
8.880000000000000000e+02 0.000000000000000000e+00
8.880000000000000000e+02 0.000000000000000000e+00
8.900000000000000000e+02 0.000000000000000000e+00
8.910000000000000000e+02 0.000000000000000000e+00
8.920000000000000000e+02 0.000000000000000000e+00
8.920000000000000000e+02 0.000000000000000000e+00
8.940000000000000000e+02 0.000000000000000000e+00
8.950000000000000000e+02 0.000000000000000000e+00
8.960000000000000000e+02 0.000000000000000000e+00
8.970000000000000000e+02 0.000000000000000000e+00
8.970000000000000000e+02 0.000000000000000000e+00
8.990000000000000000e+02 0.000000000000000000e+00
8.990000000000000000e+02 0.000000000000000000e+00
9.010000000000000000e+02 0.000000000000000000e+00
9.020000000000000000e+02 0.000000000000000000e+00
9.020000000000000000e+02 0.000000000000000000e+00
9.040000000000000000e+02 0.000000000000000000e+00
9.050000000000000000e+02 0.000000000000000000e+00
9.060000000000000000e+02 0.000000000000000000e+00
9.070000000000000000e+02 0.000000000000000000e+00
9.070000000000000000e+02 0.000000000000000000e+00
9.090000000000000000e+02 0.000000000000000000e+00
9.100000000000000000e+02 0.000000000000000000e+00
9.100000000000000000e+02 0.000000000000000000e+00
9.110000000000000000e+02 0.000000000000000000e+00
9.130000000000000000e+02 0.000000000000000000e+00
9.140000000000000000e+02 0.000000000000000000e+00
9.140000000000000000e+02 0.000000000000000000e+00
9.150000000000000000e+02 0.000000000000000000e+00
9.170000000000000000e+02 0.000000000000000000e+00
9.180000000000000000e+02 0.000000000000000000e+00
9.190000000000000000e+02 0.000000000000000000e+00
9.190000000000000000e+02 0.000000000000000000e+00
9.210000000000000000e+02 0.000000000000000000e+00
9.220000000000000000e+02 0.000000000000000000e+00
9.230000000000000000e+02 0.000000000000000000e+00
9.240000000000000000e+02 0.000000000000000000e+00
9.240000000000000000e+02 0.000000000000000000e+00
9.260000000000000000e+02 0.000000000000000000e+00
9.270000000000000000e+02 0.000000000000000000e+00
9.280000000000000000e+02 0.000000000000000000e+00
9.280000000000000000e+02 0.000000000000000000e+00
9.300000000000000000e+02 0.000000000000000000e+00
9.310000000000000000e+02 0.000000000000000000e+00
9.320000000000000000e+02 0.000000000000000000e+00
9.320000000000000000e+02 0.000000000000000000e+00
9.340000000000000000e+02 0.000000000000000000e+00
9.350000000000000000e+02 0.000000000000000000e+00
9.360000000000000000e+02 0.000000000000000000e+00
9.370000000000000000e+02 0.000000000000000000e+00
9.370000000000000000e+02 0.000000000000000000e+00
9.390000000000000000e+02 0.000000000000000000e+00
9.400000000000000000e+02 0.000000000000000000e+00
9.410000000000000000e+02 0.000000000000000000e+00
9.410000000000000000e+02 0.000000000000000000e+00
9.420000000000000000e+02 0.000000000000000000e+00
9.440000000000000000e+02 0.000000000000000000e+00
9.450000000000000000e+02 0.000000000000000000e+00
9.460000000000000000e+02 0.000000000000000000e+00
9.460000000000000000e+02 0.000000000000000000e+00
9.480000000000000000e+02 0.000000000000000000e+00
9.490000000000000000e+02 0.000000000000000000e+00
9.500000000000000000e+02 0.000000000000000000e+00
9.500000000000000000e+02 0.000000000000000000e+00
9.520000000000000000e+02 0.000000000000000000e+00
9.530000000000000000e+02 0.000000000000000000e+00
9.540000000000000000e+02 0.000000000000000000e+00
9.550000000000000000e+02 0.000000000000000000e+00
9.560000000000000000e+02 0.000000000000000000e+00
9.570000000000000000e+02 0.000000000000000000e+00
9.580000000000000000e+02 0.000000000000000000e+00
9.580000000000000000e+02 0.000000000000000000e+00
9.600000000000000000e+02 0.000000000000000000e+00
9.610000000000000000e+02 0.000000000000000000e+00
9.620000000000000000e+02 0.000000000000000000e+00
9.630000000000000000e+02 0.000000000000000000e+00
9.640000000000000000e+02 0.000000000000000000e+00
9.640000000000000000e+02 0.000000000000000000e+00
9.660000000000000000e+02 0.000000000000000000e+00
9.670000000000000000e+02 0.000000000000000000e+00
9.680000000000000000e+02 0.000000000000000000e+00
9.690000000000000000e+02 0.000000000000000000e+00
9.700000000000000000e+02 0.000000000000000000e+00
9.710000000000000000e+02 0.000000000000000000e+00
9.720000000000000000e+02 0.000000000000000000e+00
9.720000000000000000e+02 0.000000000000000000e+00
9.730000000000000000e+02 0.000000000000000000e+00
9.750000000000000000e+02 0.000000000000000000e+00
9.760000000000000000e+02 0.000000000000000000e+00
9.770000000000000000e+02 0.000000000000000000e+00
9.770000000000000000e+02 0.000000000000000000e+00
9.790000000000000000e+02 0.000000000000000000e+00
9.800000000000000000e+02 0.000000000000000000e+00
9.800000000000000000e+02 0.000000000000000000e+00
9.810000000000000000e+02 0.000000000000000000e+00
9.820000000000000000e+02 0.000000000000000000e+00
9.840000000000000000e+02 0.000000000000000000e+00
9.850000000000000000e+02 0.000000000000000000e+00
9.860000000000000000e+02 0.000000000000000000e+00
9.870000000000000000e+02 0.000000000000000000e+00
9.880000000000000000e+02 0.000000000000000000e+00
9.880000000000000000e+02 0.000000000000000000e+00
9.890000000000000000e+02 0.000000000000000000e+00
9.900000000000000000e+02 0.000000000000000000e+00
9.920000000000000000e+02 0.000000000000000000e+00
9.930000000000000000e+02 0.000000000000000000e+00
9.930000000000000000e+02 0.000000000000000000e+00
9.950000000000000000e+02 0.000000000000000000e+00
9.960000000000000000e+02 0.000000000000000000e+00
9.970000000000000000e+02 0.000000000000000000e+00
9.980000000000000000e+02 0.000000000000000000e+00
9.980000000000000000e+02 0.000000000000000000e+00
1.000000000000000000e+03 0.000000000000000000e+00
