0.000000000000000000e+00 5.662441253662109375e-06
1.000000000000000000e+00 2.187490463256835938e-05
3.000000000000000000e+00 4.750490188598632812e-05
3.000000000000000000e+00 8.136034011840820312e-05
5.000000000000000000e+00 1.225471496582031250e-04
6.000000000000000000e+00 1.702308654785156250e-04
7.000000000000000000e+00 2.235174179077148438e-04
7.000000000000000000e+00 2.818107604980468750e-04
9.000000000000000000e+00 3.442764282226562500e-04
1.000000000000000000e+01 4.103183746337890625e-04
1.100000000000000000e+01 4.794597625732421875e-04
1.200000000000000000e+01 5.512237548828125000e-04
1.300000000000000000e+01 6.246566772460937500e-04
1.400000000000000000e+01 7.004737854003906250e-04
1.500000000000000000e+01 7.772445678710937500e-04
1.500000000000000000e+01 8.549690246582031250e-04
1.700000000000000000e+01 9.331703186035156250e-04
1.800000000000000000e+01 1.011848449707031250e-03
1.900000000000000000e+01 1.091003417968750000e-03
2.000000000000000000e+01 1.170158386230468750e-03
2.100000000000000000e+01 1.248359680175781250e-03
2.200000000000000000e+01 1.326560974121093750e-03
2.200000000000000000e+01 1.404762268066406250e-03
2.400000000000000000e+01 1.481056213378906250e-03
2.400000000000000000e+01 1.556396484375000000e-03
2.600000000000000000e+01 1.631736755371093750e-03
2.700000000000000000e+01 1.705169677734375000e-03
2.800000000000000000e+01 1.777648925781250000e-03
2.900000000000000000e+01 1.849174499511718750e-03
3.000000000000000000e+01 1.918792724609375000e-03
3.100000000000000000e+01 1.987457275390625000e-03
3.100000000000000000e+01 2.054214477539062500e-03
3.200000000000000000e+01 2.119064331054687500e-03
3.400000000000000000e+01 2.183914184570312500e-03
3.500000000000000000e+01 2.246856689453125000e-03
3.600000000000000000e+01 2.305984497070312500e-03
3.700000000000000000e+01 2.367019653320312500e-03
3.800000000000000000e+01 2.424240112304687500e-03
3.900000000000000000e+01 2.479553222656250000e-03
4.000000000000000000e+01 2.534866333007812500e-03
4.100000000000000000e+01 2.586364746093750000e-03
4.200000000000000000e+01 2.637863159179687500e-03
4.300000000000000000e+01 2.687454223632812500e-03
4.400000000000000000e+01 2.737045288085937500e-03
4.400000000000000000e+01 2.782821655273437500e-03
4.500000000000000000e+01 2.828598022460937500e-03
4.700000000000000000e+01 2.870559692382812500e-03
4.800000000000000000e+01 2.914428710937500000e-03
4.900000000000000000e+01 2.954483032226562500e-03
4.900000000000000000e+01 2.992630004882812500e-03
5.100000000000000000e+01 3.030776977539062500e-03
5.200000000000000000e+01 3.067016601562500000e-03
5.300000000000000000e+01 3.101348876953125000e-03
5.400000000000000000e+01 3.135681152343750000e-03
5.400000000000000000e+01 3.168106079101562500e-03
5.600000000000000000e+01 3.198623657226562500e-03
5.600000000000000000e+01 3.229141235351562500e-03
5.800000000000000000e+01 3.257751464843750000e-03
5.900000000000000000e+01 3.284454345703125000e-03
6.000000000000000000e+01 3.311157226562500000e-03
6.100000000000000000e+01 3.335952758789062500e-03
6.200000000000000000e+01 3.360748291015625000e-03
6.300000000000000000e+01 3.383636474609375000e-03
6.300000000000000000e+01 3.404617309570312500e-03
6.500000000000000000e+01 3.425598144531250000e-03
6.500000000000000000e+01 3.446578979492187500e-03
6.700000000000000000e+01 3.465652465820312500e-03
6.800000000000000000e+01 3.482818603515625000e-03
6.900000000000000000e+01 3.501892089843750000e-03
7.000000000000000000e+01 3.517150878906250000e-03
7.000000000000000000e+01 3.532409667968750000e-03
7.200000000000000000e+01 3.547668457031250000e-03
7.300000000000000000e+01 3.562927246093750000e-03
7.400000000000000000e+01 3.576278686523437500e-03
7.500000000000000000e+01 3.587722778320312500e-03
7.600000000000000000e+01 3.601074218750000000e-03
7.700000000000000000e+01 3.612518310546875000e-03
7.800000000000000000e+01 3.622055053710937500e-03
7.900000000000000000e+01 3.631591796875000000e-03
8.000000000000000000e+01 3.641128540039062500e-03
8.000000000000000000e+01 3.650665283203125000e-03
8.200000000000000000e+01 3.660202026367187500e-03
8.300000000000000000e+01 3.667831420898437500e-03
8.400000000000000000e+01 3.675460815429687500e-03
8.400000000000000000e+01 3.681182861328125000e-03
8.600000000000000000e+01 3.686904907226562500e-03
8.700000000000000000e+01 3.694534301757812500e-03
8.800000000000000000e+01 3.698348999023437500e-03
8.900000000000000000e+01 3.704071044921875000e-03
8.900000000000000000e+01 3.709793090820312500e-03
9.000000000000000000e+01 3.713607788085937500e-03
9.100000000000000000e+01 3.717422485351562500e-03
9.300000000000000000e+01 3.721237182617187500e-03
9.400000000000000000e+01 3.723144531250000000e-03
9.500000000000000000e+01 3.726959228515625000e-03
9.600000000000000000e+01 3.728866577148437500e-03
9.700000000000000000e+01 3.730773925781250000e-03
9.800000000000000000e+01 3.732681274414062500e-03
9.900000000000000000e+01 3.734588623046875000e-03
9.900000000000000000e+01 3.736495971679687500e-03
1.010000000000000000e+02 3.736495971679687500e-03
1.020000000000000000e+02 3.736495971679687500e-03
1.030000000000000000e+02 3.738403320312500000e-03
1.040000000000000000e+02 3.738403320312500000e-03
1.040000000000000000e+02 3.736495971679687500e-03
1.060000000000000000e+02 3.736495971679687500e-03
1.070000000000000000e+02 3.736495971679687500e-03
1.080000000000000000e+02 3.734588623046875000e-03
1.090000000000000000e+02 3.732681274414062500e-03
1.090000000000000000e+02 3.732681274414062500e-03
1.110000000000000000e+02 3.730773925781250000e-03
1.120000000000000000e+02 3.728866577148437500e-03
1.130000000000000000e+02 3.725051879882812500e-03
1.130000000000000000e+02 3.723144531250000000e-03
1.140000000000000000e+02 3.719329833984375000e-03
1.160000000000000000e+02 3.717422485351562500e-03
1.170000000000000000e+02 3.713607788085937500e-03
1.180000000000000000e+02 3.709793090820312500e-03
1.190000000000000000e+02 3.705978393554687500e-03
1.200000000000000000e+02 3.702163696289062500e-03
1.210000000000000000e+02 3.698348999023437500e-03
1.220000000000000000e+02 3.692626953125000000e-03
1.230000000000000000e+02 3.688812255859375000e-03
1.240000000000000000e+02 3.683090209960937500e-03
1.250000000000000000e+02 3.677368164062500000e-03
1.260000000000000000e+02 3.671646118164062500e-03
1.270000000000000000e+02 3.665924072265625000e-03
1.270000000000000000e+02 3.660202026367187500e-03
1.290000000000000000e+02 3.652572631835937500e-03
1.300000000000000000e+02 3.646850585937500000e-03
1.310000000000000000e+02 3.639221191406250000e-03
1.310000000000000000e+02 3.631591796875000000e-03
1.330000000000000000e+02 3.623962402343750000e-03
1.340000000000000000e+02 3.616333007812500000e-03
1.350000000000000000e+02 3.608703613281250000e-03
1.360000000000000000e+02 3.601074218750000000e-03
1.370000000000000000e+02 3.591537475585937500e-03
1.380000000000000000e+02 3.583908081054687500e-03
1.390000000000000000e+02 3.574371337890625000e-03
1.400000000000000000e+02 3.564834594726562500e-03
1.400000000000000000e+02 3.555297851562500000e-03
1.410000000000000000e+02 3.545761108398437500e-03
1.430000000000000000e+02 3.536224365234375000e-03
1.440000000000000000e+02 3.524780273437500000e-03
1.450000000000000000e+02 3.515243530273437500e-03
1.460000000000000000e+02 3.503799438476562500e-03
1.470000000000000000e+02 3.492355346679687500e-03
1.480000000000000000e+02 3.480911254882812500e-03
1.490000000000000000e+02 3.469467163085937500e-03
1.500000000000000000e+02 3.458023071289062500e-03
1.500000000000000000e+02 3.446578979492187500e-03
1.520000000000000000e+02 3.433227539062500000e-03
1.530000000000000000e+02 3.419876098632812500e-03
1.540000000000000000e+02 3.408432006835937500e-03
1.550000000000000000e+02 3.395080566406250000e-03
1.560000000000000000e+02 3.381729125976562500e-03
1.570000000000000000e+02 3.368377685546875000e-03
1.580000000000000000e+02 3.353118896484375000e-03
1.590000000000000000e+02 3.339767456054687500e-03
1.600000000000000000e+02 3.326416015625000000e-03
1.600000000000000000e+02 3.311157226562500000e-03
1.610000000000000000e+02 3.295898437500000000e-03
1.630000000000000000e+02 3.280639648437500000e-03
1.640000000000000000e+02 3.267288208007812500e-03
1.650000000000000000e+02 3.252029418945312500e-03
1.660000000000000000e+02 3.234863281250000000e-03
1.670000000000000000e+02 3.219604492187500000e-03
1.680000000000000000e+02 3.204345703125000000e-03
1.690000000000000000e+02 3.187179565429687500e-03
1.690000000000000000e+02 3.171920776367187500e-03
1.700000000000000000e+02 3.154754638671875000e-03
1.720000000000000000e+02 3.137588500976562500e-03
1.730000000000000000e+02 3.122329711914062500e-03
1.740000000000000000e+02 3.105163574218750000e-03
1.750000000000000000e+02 3.087997436523437500e-03
1.760000000000000000e+02 3.070831298828125000e-03
1.770000000000000000e+02 3.053665161132812500e-03
1.780000000000000000e+02 3.036499023437500000e-03
1.790000000000000000e+02 3.017425537109375000e-03
1.790000000000000000e+02 3.000259399414062500e-03
1.800000000000000000e+02 2.983093261718750000e-03
1.810000000000000000e+02 2.964019775390625000e-03
1.820000000000000000e+02 2.946853637695312500e-03
1.830000000000000000e+02 2.927780151367187500e-03
1.850000000000000000e+02 2.910614013671875000e-03
1.860000000000000000e+02 2.891540527343750000e-03
1.870000000000000000e+02 2.872467041015625000e-03
1.880000000000000000e+02 2.853393554687500000e-03
1.890000000000000000e+02 2.836227416992187500e-03
1.900000000000000000e+02 2.817153930664062500e-03
1.910000000000000000e+02 2.798080444335937500e-03
1.920000000000000000e+02 2.779006958007812500e-03
1.930000000000000000e+02 2.759933471679687500e-03
1.940000000000000000e+02 2.742767333984375000e-03
1.950000000000000000e+02 2.723693847656250000e-03
1.960000000000000000e+02 2.704620361328125000e-03
1.970000000000000000e+02 2.685546875000000000e-03
1.980000000000000000e+02 2.666473388671875000e-03
1.980000000000000000e+02 2.647399902343750000e-03
1.990000000000000000e+02 2.628326416015625000e-03
2.010000000000000000e+02 2.609252929687500000e-03
2.020000000000000000e+02 2.590179443359375000e-03
2.030000000000000000e+02 2.571105957031250000e-03
2.040000000000000000e+02 2.552032470703125000e-03
2.050000000000000000e+02 2.532958984375000000e-03
2.060000000000000000e+02 2.513885498046875000e-03
2.070000000000000000e+02 2.496719360351562500e-03
2.080000000000000000e+02 2.477645874023437500e-03
2.090000000000000000e+02 2.458572387695312500e-03
2.090000000000000000e+02 2.439498901367187500e-03
2.100000000000000000e+02 2.420425415039062500e-03
2.120000000000000000e+02 2.403259277343750000e-03
2.130000000000000000e+02 2.384185791015625000e-03
2.140000000000000000e+02 2.365112304687500000e-03
2.150000000000000000e+02 2.347946166992187500e-03
2.160000000000000000e+02 2.328872680664062500e-03
2.170000000000000000e+02 2.311706542968750000e-03
2.180000000000000000e+02 2.292633056640625000e-03
2.180000000000000000e+02 2.275466918945312500e-03
2.190000000000000000e+02 2.256393432617187500e-03
2.200000000000000000e+02 2.239227294921875000e-03
2.220000000000000000e+02 2.222061157226562500e-03
2.230000000000000000e+02 2.204895019531250000e-03
2.240000000000000000e+02 2.185821533203125000e-03
2.240000000000000000e+02 2.168655395507812500e-03
2.260000000000000000e+02 2.151489257812500000e-03
2.260000000000000000e+02 2.134323120117187500e-03
2.270000000000000000e+02 2.117156982421875000e-03
2.280000000000000000e+02 2.101898193359375000e-03
2.290000000000000000e+02 2.084732055664062500e-03
2.310000000000000000e+02 2.067565917968750000e-03
2.320000000000000000e+02 2.052307128906250000e-03
2.330000000000000000e+02 2.035140991210937500e-03
2.340000000000000000e+02 2.017974853515625000e-03
2.350000000000000000e+02 2.002716064453125000e-03
2.360000000000000000e+02 1.987457275390625000e-03
2.370000000000000000e+02 1.970291137695312500e-03
2.380000000000000000e+02 1.955032348632812500e-03
2.390000000000000000e+02 1.939773559570312500e-03
2.400000000000000000e+02 1.924514770507812500e-03
2.410000000000000000e+02 1.909255981445312500e-03
2.420000000000000000e+02 1.894950866699218750e-03
2.430000000000000000e+02 1.879692077636718750e-03
2.440000000000000000e+02 1.864433288574218750e-03
2.450000000000000000e+02 1.850128173828125000e-03
2.460000000000000000e+02 1.835823059082031250e-03
2.470000000000000000e+02 1.821517944335937500e-03
2.480000000000000000e+02 1.807212829589843750e-03
2.490000000000000000e+02 1.793861389160156250e-03
2.500000000000000000e+02 1.779556274414062500e-03
2.510000000000000000e+02 1.766204833984375000e-03
2.520000000000000000e+02 1.752853393554687500e-03
2.530000000000000000e+02 1.739501953125000000e-03
2.540000000000000000e+02 1.726150512695312500e-03
2.550000000000000000e+02 1.712799072265625000e-03
2.550000000000000000e+02 1.699447631835937500e-03
2.570000000000000000e+02 1.687049865722656250e-03
2.580000000000000000e+02 1.674652099609375000e-03
2.590000000000000000e+02 1.662254333496093750e-03
2.600000000000000000e+02 1.649856567382812500e-03
2.610000000000000000e+02 1.637458801269531250e-03
2.620000000000000000e+02 1.626014709472656250e-03
2.630000000000000000e+02 1.613616943359375000e-03
2.630000000000000000e+02 1.602172851562500000e-03
2.650000000000000000e+02 1.590728759765625000e-03
2.660000000000000000e+02 1.579284667968750000e-03
2.670000000000000000e+02 1.567840576171875000e-03
2.680000000000000000e+02 1.556396484375000000e-03
2.690000000000000000e+02 1.545906066894531250e-03
2.700000000000000000e+02 1.534461975097656250e-03
2.710000000000000000e+02 1.523971557617187500e-03
2.720000000000000000e+02 1.513481140136718750e-03
2.730000000000000000e+02 1.502990722656250000e-03
2.740000000000000000e+02 1.492500305175781250e-03
2.750000000000000000e+02 1.482009887695312500e-03
2.760000000000000000e+02 1.472473144531250000e-03
2.770000000000000000e+02 1.461982727050781250e-03
2.780000000000000000e+02 1.452445983886718750e-03
2.790000000000000000e+02 1.442909240722656250e-03
2.800000000000000000e+02 1.433372497558593750e-03
2.810000000000000000e+02 1.423835754394531250e-03
2.810000000000000000e+02 1.414299011230468750e-03
2.830000000000000000e+02 1.404762268066406250e-03
2.830000000000000000e+02 1.396179199218750000e-03
2.850000000000000000e+02 1.386642456054687500e-03
2.860000000000000000e+02 1.378059387207031250e-03
2.870000000000000000e+02 1.369476318359375000e-03
2.880000000000000000e+02 1.359939575195312500e-03
2.890000000000000000e+02 1.351356506347656250e-03
2.900000000000000000e+02 1.342773437500000000e-03
2.910000000000000000e+02 1.335144042968750000e-03
2.920000000000000000e+02 1.326560974121093750e-03
2.920000000000000000e+02 1.317977905273437500e-03
2.940000000000000000e+02 1.310348510742187500e-03
2.940000000000000000e+02 1.301765441894531250e-03
2.960000000000000000e+02 1.294136047363281250e-03
2.970000000000000000e+02 1.286506652832031250e-03
2.980000000000000000e+02 1.278877258300781250e-03
2.990000000000000000e+02 1.271247863769531250e-03
3.000000000000000000e+02 1.263618469238281250e-03
3.010000000000000000e+02 1.255989074707031250e-03
3.010000000000000000e+02 1.248359680175781250e-03
3.030000000000000000e+02 1.240730285644531250e-03
3.040000000000000000e+02 1.234054565429687500e-03
3.050000000000000000e+02 1.226425170898437500e-03
3.060000000000000000e+02 1.219749450683593750e-03
3.070000000000000000e+02 1.212120056152343750e-03
3.080000000000000000e+02 1.205444335937500000e-03
3.090000000000000000e+02 1.198768615722656250e-03
3.100000000000000000e+02 1.192092895507812500e-03
3.100000000000000000e+02 1.184463500976562500e-03
3.120000000000000000e+02 1.177787780761718750e-03
3.120000000000000000e+02 1.171112060546875000e-03
3.140000000000000000e+02 1.164436340332031250e-03
3.140000000000000000e+02 1.157760620117187500e-03
3.160000000000000000e+02 1.152038574218750000e-03
3.170000000000000000e+02 1.145362854003906250e-03
3.180000000000000000e+02 1.138687133789062500e-03
3.190000000000000000e+02 1.132011413574218750e-03
3.200000000000000000e+02 1.126289367675781250e-03
3.200000000000000000e+02 1.119613647460937500e-03
3.210000000000000000e+02 1.113891601562500000e-03
3.220000000000000000e+02 1.107215881347656250e-03
3.230000000000000000e+02 1.101493835449218750e-03
3.240000000000000000e+02 1.094818115234375000e-03
3.260000000000000000e+02 1.089096069335937500e-03
3.270000000000000000e+02 1.083374023437500000e-03
3.280000000000000000e+02 1.076698303222656250e-03
3.290000000000000000e+02 1.070976257324218750e-03
3.300000000000000000e+02 1.065254211425781250e-03
3.300000000000000000e+02 1.059532165527343750e-03
3.320000000000000000e+02 1.053810119628906250e-03
3.320000000000000000e+02 1.047134399414062500e-03
3.340000000000000000e+02 1.041412353515625000e-03
3.350000000000000000e+02 1.035690307617187500e-03
3.360000000000000000e+02 1.029968261718750000e-03
3.370000000000000000e+02 1.024246215820312500e-03
3.380000000000000000e+02 1.018524169921875000e-03
3.390000000000000000e+02 1.012802124023437500e-03
3.390000000000000000e+02 1.008033752441406250e-03
3.410000000000000000e+02 1.002311706542968750e-03
3.410000000000000000e+02 9.965896606445312500e-04
3.430000000000000000e+02 9.908676147460937500e-04
3.440000000000000000e+02 9.851455688476562500e-04
3.450000000000000000e+02 9.794235229492187500e-04
3.460000000000000000e+02 9.741783142089843750e-04
3.470000000000000000e+02 9.689331054687500000e-04
3.480000000000000000e+02 9.632110595703125000e-04
3.490000000000000000e+02 9.579658508300781250e-04
3.500000000000000000e+02 9.527206420898437500e-04
3.500000000000000000e+02 9.469985961914062500e-04
3.520000000000000000e+02 9.417533874511718750e-04
3.520000000000000000e+02 9.365081787109375000e-04
3.540000000000000000e+02 9.312629699707031250e-04
3.550000000000000000e+02 9.260177612304687500e-04
3.560000000000000000e+02 9.207725524902343750e-04
3.570000000000000000e+02 9.155273437500000000e-04
3.580000000000000000e+02 9.102821350097656250e-04
3.590000000000000000e+02 9.050369262695312500e-04
3.590000000000000000e+02 8.997917175292968750e-04
3.610000000000000000e+02 8.945465087890625000e-04
3.610000000000000000e+02 8.893013000488281250e-04
3.630000000000000000e+02 8.840560913085937500e-04
3.630000000000000000e+02 8.788108825683593750e-04
3.650000000000000000e+02 8.735656738281250000e-04
3.650000000000000000e+02 8.687973022460937500e-04
3.670000000000000000e+02 8.635520935058593750e-04
3.670000000000000000e+02 8.583068847656250000e-04
3.680000000000000000e+02 8.535385131835937500e-04
3.700000000000000000e+02 8.482933044433593750e-04
3.700000000000000000e+02 8.430480957031250000e-04
3.720000000000000000e+02 8.382797241210937500e-04
3.720000000000000000e+02 8.330345153808593750e-04
3.740000000000000000e+02 8.282661437988281250e-04
3.750000000000000000e+02 8.230209350585937500e-04
3.760000000000000000e+02 8.182525634765625000e-04
3.770000000000000000e+02 8.134841918945312500e-04
3.780000000000000000e+02 8.082389831542968750e-04
3.790000000000000000e+02 8.034706115722656250e-04
3.800000000000000000e+02 7.987022399902343750e-04
3.810000000000000000e+02 7.934570312500000000e-04
3.820000000000000000e+02 7.886886596679687500e-04
3.830000000000000000e+02 7.839202880859375000e-04
3.840000000000000000e+02 7.791519165039062500e-04
3.850000000000000000e+02 7.743835449218750000e-04
3.860000000000000000e+02 7.696151733398437500e-04
3.870000000000000000e+02 7.648468017578125000e-04
3.880000000000000000e+02 7.600784301757812500e-04
3.880000000000000000e+02 7.553100585937500000e-04
3.900000000000000000e+02 7.505416870117187500e-04
3.900000000000000000e+02 7.457733154296875000e-04
3.920000000000000000e+02 7.410049438476562500e-04
3.920000000000000000e+02 7.367134094238281250e-04
3.940000000000000000e+02 7.319450378417968750e-04
3.950000000000000000e+02 7.271766662597656250e-04
3.960000000000000000e+02 7.228851318359375000e-04
3.970000000000000000e+02 7.181167602539062500e-04
3.970000000000000000e+02 7.138252258300781250e-04
3.990000000000000000e+02 7.090568542480468750e-04
3.990000000000000000e+02 7.047653198242187500e-04
4.010000000000000000e+02 6.999969482421875000e-04
4.020000000000000000e+02 6.957054138183593750e-04
4.030000000000000000e+02 6.914138793945312500e-04
4.040000000000000000e+02 6.866455078125000000e-04
4.050000000000000000e+02 6.823539733886718750e-04
4.060000000000000000e+02 6.780624389648437500e-04
4.070000000000000000e+02 6.737709045410156250e-04
4.080000000000000000e+02 6.694793701171875000e-04
4.080000000000000000e+02 6.651878356933593750e-04
4.100000000000000000e+02 6.608963012695312500e-04
4.100000000000000000e+02 6.566047668457031250e-04
4.120000000000000000e+02 6.523132324218750000e-04
4.120000000000000000e+02 6.484985351562500000e-04
4.140000000000000000e+02 6.442070007324218750e-04
4.150000000000000000e+02 6.399154663085937500e-04
4.160000000000000000e+02 6.361007690429687500e-04
4.170000000000000000e+02 6.318092346191406250e-04
4.180000000000000000e+02 6.279945373535156250e-04
4.190000000000000000e+02 6.237030029296875000e-04
4.190000000000000000e+02 6.198883056640625000e-04
4.210000000000000000e+02 6.155967712402343750e-04
4.210000000000000000e+02 6.117820739746093750e-04
4.230000000000000000e+02 6.079673767089843750e-04
4.240000000000000000e+02 6.041526794433593750e-04
4.250000000000000000e+02 6.003379821777343750e-04
4.260000000000000000e+02 5.965232849121093750e-04
4.270000000000000000e+02 5.927085876464843750e-04
4.280000000000000000e+02 5.888938903808593750e-04
4.290000000000000000e+02 5.850791931152343750e-04
4.300000000000000000e+02 5.812644958496093750e-04
4.310000000000000000e+02 5.779266357421875000e-04
4.320000000000000000e+02 5.741119384765625000e-04
4.330000000000000000e+02 5.702972412109375000e-04
4.340000000000000000e+02 5.669593811035156250e-04
4.350000000000000000e+02 5.631446838378906250e-04
4.360000000000000000e+02 5.598068237304687500e-04
4.370000000000000000e+02 5.564689636230468750e-04
4.370000000000000000e+02 5.531311035156250000e-04
4.390000000000000000e+02 5.493164062500000000e-04
4.390000000000000000e+02 5.459785461425781250e-04
4.410000000000000000e+02 5.426406860351562500e-04
4.410000000000000000e+02 5.393028259277343750e-04
4.430000000000000000e+02 5.359649658203125000e-04
4.440000000000000000e+02 5.326271057128906250e-04
4.450000000000000000e+02 5.297660827636718750e-04
4.460000000000000000e+02 5.264282226562500000e-04
4.470000000000000000e+02 5.230903625488281250e-04
4.480000000000000000e+02 5.202293395996093750e-04
4.480000000000000000e+02 5.168914794921875000e-04
4.490000000000000000e+02 5.140304565429687500e-04
4.510000000000000000e+02 5.106925964355468750e-04
4.520000000000000000e+02 5.078315734863281250e-04
4.530000000000000000e+02 5.049705505371093750e-04
4.530000000000000000e+02 5.021095275878906250e-04
4.550000000000000000e+02 4.992485046386718750e-04
4.550000000000000000e+02 4.959106445312500000e-04
4.570000000000000000e+02 4.935264587402343750e-04
4.570000000000000000e+02 4.906654357910156250e-04
4.590000000000000000e+02 4.875659942626953125e-04
4.590000000000000000e+02 4.849433898925781250e-04
4.610000000000000000e+02 4.820823669433593750e-04
4.620000000000000000e+02 4.794597625732421875e-04
4.630000000000000000e+02 4.768371582031250000e-04
4.640000000000000000e+02 4.742145538330078125e-04
4.650000000000000000e+02 4.715919494628906250e-04
4.660000000000000000e+02 4.689693450927734375e-04
4.670000000000000000e+02 4.663467407226562500e-04
4.680000000000000000e+02 4.639625549316406250e-04
4.680000000000000000e+02 4.615783691406250000e-04
4.700000000000000000e+02 4.589557647705078125e-04
4.700000000000000000e+02 4.565715789794921875e-04
4.720000000000000000e+02 4.541873931884765625e-04
4.730000000000000000e+02 4.518032073974609375e-04
4.740000000000000000e+02 4.494190216064453125e-04
4.750000000000000000e+02 4.472732543945312500e-04
4.760000000000000000e+02 4.448890686035156250e-04
4.770000000000000000e+02 4.427433013916015625e-04
4.780000000000000000e+02 4.403591156005859375e-04
4.790000000000000000e+02 4.382133483886718750e-04
4.800000000000000000e+02 4.360675811767578125e-04
4.810000000000000000e+02 4.339218139648437500e-04
4.820000000000000000e+02 4.317760467529296875e-04
4.830000000000000000e+02 4.296302795410156250e-04
4.840000000000000000e+02 4.277229309082031250e-04
4.850000000000000000e+02 4.255771636962890625e-04
4.860000000000000000e+02 4.236698150634765625e-04
4.860000000000000000e+02 4.217624664306640625e-04
4.880000000000000000e+02 4.196166992187500000e-04
4.880000000000000000e+02 4.177093505859375000e-04
4.900000000000000000e+02 4.158020019531250000e-04
4.900000000000000000e+02 4.141330718994140625e-04
4.920000000000000000e+02 4.122257232666015625e-04
4.930000000000000000e+02 4.103183746337890625e-04
4.940000000000000000e+02 4.086494445800781250e-04
4.940000000000000000e+02 4.067420959472656250e-04
4.960000000000000000e+02 4.050731658935546875e-04
4.960000000000000000e+02 4.034042358398437500e-04
4.980000000000000000e+02 4.014968872070312500e-04
4.990000000000000000e+02 3.998279571533203125e-04
5.000000000000000000e+02 3.981590270996093750e-04
5.000000000000000000e+02 3.964900970458984375e-04
5.020000000000000000e+02 3.950595855712890625e-04
5.030000000000000000e+02 3.933906555175781250e-04
5.040000000000000000e+02 3.917217254638671875e-04
5.050000000000000000e+02 3.902912139892578125e-04
5.060000000000000000e+02 3.886222839355468750e-04
5.070000000000000000e+02 3.871917724609375000e-04
5.080000000000000000e+02 3.857612609863281250e-04
5.090000000000000000e+02 3.843307495117187500e-04
5.100000000000000000e+02 3.829002380371093750e-04
5.110000000000000000e+02 3.814697265625000000e-04
5.110000000000000000e+02 3.800392150878906250e-04
5.130000000000000000e+02 3.786087036132812500e-04
5.140000000000000000e+02 3.771781921386718750e-04
5.140000000000000000e+02 3.757476806640625000e-04
5.160000000000000000e+02 3.745555877685546875e-04
5.170000000000000000e+02 3.731250762939453125e-04
5.180000000000000000e+02 3.719329833984375000e-04
5.180000000000000000e+02 3.705024719238281250e-04
5.200000000000000000e+02 3.693103790283203125e-04
5.210000000000000000e+02 3.678798675537109375e-04
5.220000000000000000e+02 3.666877746582031250e-04
5.230000000000000000e+02 3.654956817626953125e-04
5.240000000000000000e+02 3.643035888671875000e-04
5.250000000000000000e+02 3.631114959716796875e-04
5.260000000000000000e+02 3.619194030761718750e-04
5.270000000000000000e+02 3.607273101806640625e-04
5.270000000000000000e+02 3.595352172851562500e-04
5.290000000000000000e+02 3.583431243896484375e-04
5.300000000000000000e+02 3.573894500732421875e-04
5.310000000000000000e+02 3.561973571777343750e-04
5.320000000000000000e+02 3.550052642822265625e-04
5.330000000000000000e+02 3.540515899658203125e-04
5.340000000000000000e+02 3.528594970703125000e-04
5.350000000000000000e+02 3.516674041748046875e-04
5.360000000000000000e+02 3.507137298583984375e-04
5.360000000000000000e+02 3.497600555419921875e-04
5.380000000000000000e+02 3.485679626464843750e-04
5.390000000000000000e+02 3.476142883300781250e-04
5.400000000000000000e+02 3.466606140136718750e-04
5.400000000000000000e+02 3.454685211181640625e-04
5.420000000000000000e+02 3.445148468017578125e-04
5.430000000000000000e+02 3.435611724853515625e-04
5.440000000000000000e+02 3.426074981689453125e-04
5.450000000000000000e+02 3.416538238525390625e-04
5.460000000000000000e+02 3.407001495361328125e-04
5.470000000000000000e+02 3.395080566406250000e-04
5.480000000000000000e+02 3.385543823242187500e-04
5.490000000000000000e+02 3.376007080078125000e-04
5.500000000000000000e+02 3.368854522705078125e-04
5.510000000000000000e+02 3.359317779541015625e-04
5.520000000000000000e+02 3.349781036376953125e-04
5.530000000000000000e+02 3.340244293212890625e-04
5.540000000000000000e+02 3.330707550048828125e-04
5.540000000000000000e+02 3.321170806884765625e-04
5.560000000000000000e+02 3.311634063720703125e-04
5.570000000000000000e+02 3.304481506347656250e-04
5.580000000000000000e+02 3.294944763183593750e-04
5.580000000000000000e+02 3.285408020019531250e-04
5.600000000000000000e+02 3.275871276855468750e-04
5.610000000000000000e+02 3.268718719482421875e-04
5.620000000000000000e+02 3.259181976318359375e-04
5.630000000000000000e+02 3.249645233154296875e-04
5.630000000000000000e+02 3.240108489990234375e-04
5.650000000000000000e+02 3.232955932617187500e-04
5.660000000000000000e+02 3.223419189453125000e-04
5.670000000000000000e+02 3.216266632080078125e-04
5.670000000000000000e+02 3.206729888916015625e-04
5.690000000000000000e+02 3.197193145751953125e-04
5.700000000000000000e+02 3.190040588378906250e-04
5.710000000000000000e+02 3.180503845214843750e-04
5.720000000000000000e+02 3.170967102050781250e-04
5.720000000000000000e+02 3.163814544677734375e-04
5.740000000000000000e+02 3.154277801513671875e-04
5.750000000000000000e+02 3.147125244140625000e-04
5.760000000000000000e+02 3.137588500976562500e-04
5.760000000000000000e+02 3.130435943603515625e-04
5.780000000000000000e+02 3.120899200439453125e-04
5.790000000000000000e+02 3.111362457275390625e-04
5.800000000000000000e+02 3.104209899902343750e-04
5.810000000000000000e+02 3.094673156738281250e-04
5.820000000000000000e+02 3.087520599365234375e-04
5.830000000000000000e+02 3.077983856201171875e-04
5.840000000000000000e+02 3.070831298828125000e-04
5.850000000000000000e+02 3.061294555664062500e-04
5.850000000000000000e+02 3.054141998291015625e-04
5.870000000000000000e+02 3.044605255126953125e-04
5.880000000000000000e+02 3.035068511962890625e-04
5.890000000000000000e+02 3.027915954589843750e-04
5.890000000000000000e+02 3.018379211425781250e-04
5.910000000000000000e+02 3.011226654052734375e-04
5.920000000000000000e+02 3.001689910888671875e-04
5.930000000000000000e+02 2.992153167724609375e-04
5.940000000000000000e+02 2.985000610351562500e-04
5.940000000000000000e+02 2.975463867187500000e-04
5.960000000000000000e+02 2.968311309814453125e-04
5.970000000000000000e+02 2.958774566650390625e-04
5.980000000000000000e+02 2.949237823486328125e-04
5.980000000000000000e+02 2.942085266113281250e-04
6.000000000000000000e+02 2.932548522949218750e-04
6.010000000000000000e+02 2.923011779785156250e-04
6.020000000000000000e+02 2.915859222412109375e-04
6.020000000000000000e+02 2.906322479248046875e-04
6.030000000000000000e+02 2.896785736083984375e-04
6.050000000000000000e+02 2.889633178710937500e-04
6.060000000000000000e+02 2.880096435546875000e-04
6.070000000000000000e+02 2.870559692382812500e-04
6.080000000000000000e+02 2.861022949218750000e-04
6.090000000000000000e+02 2.853870391845703125e-04
6.100000000000000000e+02 2.844333648681640625e-04
6.110000000000000000e+02 2.834796905517578125e-04
6.120000000000000000e+02 2.825260162353515625e-04
6.120000000000000000e+02 2.818107604980468750e-04
6.140000000000000000e+02 2.808570861816406250e-04
6.150000000000000000e+02 2.799034118652343750e-04
6.160000000000000000e+02 2.789497375488281250e-04
6.170000000000000000e+02 2.779960632324218750e-04
6.180000000000000000e+02 2.770423889160156250e-04
6.190000000000000000e+02 2.760887145996093750e-04
6.200000000000000000e+02 2.753734588623046875e-04
6.210000000000000000e+02 2.744197845458984375e-04
6.210000000000000000e+02 2.734661102294921875e-04
6.230000000000000000e+02 2.725124359130859375e-04
6.240000000000000000e+02 2.715587615966796875e-04
6.250000000000000000e+02 2.706050872802734375e-04
6.250000000000000000e+02 2.696514129638671875e-04
6.270000000000000000e+02 2.686977386474609375e-04
6.280000000000000000e+02 2.677440643310546875e-04
6.290000000000000000e+02 2.667903900146484375e-04
6.290000000000000000e+02 2.658367156982421875e-04
6.300000000000000000e+02 2.648830413818359375e-04
6.320000000000000000e+02 2.639293670654296875e-04
6.330000000000000000e+02 2.629756927490234375e-04
6.340000000000000000e+02 2.617835998535156250e-04
6.340000000000000000e+02 2.608299255371093750e-04
6.360000000000000000e+02 2.598762512207031250e-04
6.370000000000000000e+02 2.589225769042968750e-04
6.380000000000000000e+02 2.579689025878906250e-04
6.380000000000000000e+02 2.570152282714843750e-04
6.400000000000000000e+02 2.560615539550781250e-04
6.410000000000000000e+02 2.548694610595703125e-04
6.410000000000000000e+02 2.539157867431640625e-04
6.420000000000000000e+02 2.529621124267578125e-04
6.430000000000000000e+02 2.520084381103515625e-04
6.450000000000000000e+02 2.508163452148437500e-04
6.450000000000000000e+02 2.498626708984375000e-04
6.470000000000000000e+02 2.489089965820312500e-04
6.470000000000000000e+02 2.479553222656250000e-04
6.490000000000000000e+02 2.467632293701171875e-04
6.490000000000000000e+02 2.458095550537109375e-04
6.500000000000000000e+02 2.448558807373046875e-04
6.520000000000000000e+02 2.437829971313476562e-04
6.530000000000000000e+02 2.427101135253906250e-04
6.540000000000000000e+02 2.416372299194335938e-04
6.550000000000000000e+02 2.405643463134765625e-04
6.560000000000000000e+02 2.396106719970703125e-04
6.560000000000000000e+02 2.385377883911132812e-04
6.580000000000000000e+02 2.374649047851562500e-04
6.580000000000000000e+02 2.363920211791992188e-04
6.600000000000000000e+02 2.353191375732421875e-04
6.610000000000000000e+02 2.343654632568359375e-04
6.610000000000000000e+02 2.332925796508789062e-04
6.630000000000000000e+02 2.322196960449218750e-04
6.640000000000000000e+02 2.311468124389648438e-04
6.650000000000000000e+02 2.300739288330078125e-04
6.650000000000000000e+02 2.290010452270507812e-04
6.670000000000000000e+02 2.279281616210937500e-04
6.680000000000000000e+02 2.268552780151367188e-04
6.690000000000000000e+02 2.257823944091796875e-04
6.700000000000000000e+02 2.247095108032226562e-04
6.700000000000000000e+02 2.236366271972656250e-04
6.720000000000000000e+02 2.225637435913085938e-04
6.730000000000000000e+02 2.214908599853515625e-04
6.740000000000000000e+02 2.202987670898437500e-04
6.750000000000000000e+02 2.192258834838867188e-04
6.760000000000000000e+02 2.181529998779296875e-04
6.770000000000000000e+02 2.170801162719726562e-04
6.780000000000000000e+02 2.160072326660156250e-04
6.790000000000000000e+02 2.149343490600585938e-04
6.790000000000000000e+02 2.138614654541015625e-04
6.810000000000000000e+02 2.126693725585937500e-04
6.820000000000000000e+02 2.115964889526367188e-04
6.830000000000000000e+02 2.105236053466796875e-04
6.830000000000000000e+02 2.094507217407226562e-04
6.850000000000000000e+02 2.083778381347656250e-04
6.860000000000000000e+02 2.071857452392578125e-04
6.870000000000000000e+02 2.061128616333007812e-04
6.880000000000000000e+02 2.050399780273437500e-04
6.880000000000000000e+02 2.039670944213867188e-04
6.900000000000000000e+02 2.027750015258789062e-04
6.910000000000000000e+02 2.017021179199218750e-04
6.920000000000000000e+02 2.006292343139648438e-04
6.920000000000000000e+02 1.995563507080078125e-04
6.940000000000000000e+02 1.983642578125000000e-04
6.950000000000000000e+02 1.972913742065429688e-04
6.960000000000000000e+02 1.962184906005859375e-04
6.960000000000000000e+02 1.951456069946289062e-04
6.980000000000000000e+02 1.939535140991210938e-04
6.990000000000000000e+02 1.928806304931640625e-04
7.000000000000000000e+02 1.918077468872070312e-04
7.010000000000000000e+02 1.907348632812500000e-04
7.010000000000000000e+02 1.895427703857421875e-04
7.030000000000000000e+02 1.884698867797851562e-04
7.040000000000000000e+02 1.873970031738281250e-04
7.050000000000000000e+02 1.863241195678710938e-04
7.050000000000000000e+02 1.851320266723632812e-04
7.070000000000000000e+02 1.840591430664062500e-04
7.080000000000000000e+02 1.829862594604492188e-04
7.090000000000000000e+02 1.819133758544921875e-04
7.100000000000000000e+02 1.808404922485351562e-04
7.100000000000000000e+02 1.796483993530273438e-04
7.120000000000000000e+02 1.785755157470703125e-04
7.130000000000000000e+02 1.775026321411132812e-04
7.140000000000000000e+02 1.764297485351562500e-04
7.150000000000000000e+02 1.753568649291992188e-04
7.160000000000000000e+02 1.741647720336914062e-04
7.170000000000000000e+02 1.730918884277343750e-04
7.180000000000000000e+02 1.720190048217773438e-04
7.190000000000000000e+02 1.709461212158203125e-04
7.190000000000000000e+02 1.698732376098632812e-04
7.210000000000000000e+02 1.688003540039062500e-04
7.220000000000000000e+02 1.677274703979492188e-04
7.230000000000000000e+02 1.666545867919921875e-04
7.230000000000000000e+02 1.655817031860351562e-04
7.250000000000000000e+02 1.645088195800781250e-04
7.260000000000000000e+02 1.634359359741210938e-04
7.270000000000000000e+02 1.623630523681640625e-04
7.270000000000000000e+02 1.612901687622070312e-04
7.280000000000000000e+02 1.602172851562500000e-04
7.300000000000000000e+02 1.591444015502929688e-04
7.310000000000000000e+02 1.580715179443359375e-04
7.310000000000000000e+02 1.569986343383789062e-04
7.320000000000000000e+02 1.559257507324218750e-04
7.340000000000000000e+02 1.548528671264648438e-04
7.350000000000000000e+02 1.537799835205078125e-04
7.350000000000000000e+02 1.527070999145507812e-04
7.360000000000000000e+02 1.517534255981445312e-04
7.370000000000000000e+02 1.506805419921875000e-04
7.390000000000000000e+02 1.496076583862304688e-04
7.400000000000000000e+02 1.485347747802734375e-04
7.410000000000000000e+02 1.475811004638671875e-04
7.410000000000000000e+02 1.465082168579101562e-04
7.430000000000000000e+02 1.454353332519531250e-04
7.440000000000000000e+02 1.444816589355468750e-04
7.450000000000000000e+02 1.434087753295898438e-04
7.450000000000000000e+02 1.423358917236328125e-04
7.460000000000000000e+02 1.413822174072265625e-04
7.480000000000000000e+02 1.403093338012695312e-04
7.490000000000000000e+02 1.393556594848632812e-04
7.500000000000000000e+02 1.382827758789062500e-04
7.500000000000000000e+02 1.373291015625000000e-04
7.520000000000000000e+02 1.362562179565429688e-04
7.530000000000000000e+02 1.353025436401367188e-04
7.540000000000000000e+02 1.342296600341796875e-04
7.540000000000000000e+02 1.332759857177734375e-04
7.560000000000000000e+02 1.323223114013671875e-04
7.570000000000000000e+02 1.312494277954101562e-04
7.580000000000000000e+02 1.302957534790039062e-04
7.590000000000000000e+02 1.293420791625976562e-04
7.600000000000000000e+02 1.283884048461914062e-04
7.610000000000000000e+02 1.274347305297851562e-04
7.620000000000000000e+02 1.263618469238281250e-04
7.630000000000000000e+02 1.254081726074218750e-04
7.640000000000000000e+02 1.244544982910156250e-04
7.650000000000000000e+02 1.235008239746093750e-04
7.660000000000000000e+02 1.225471496582031250e-04
7.670000000000000000e+02 1.215934753417968750e-04
7.680000000000000000e+02 1.206398010253906250e-04
7.690000000000000000e+02 1.197457313537597656e-04
7.700000000000000000e+02 1.187920570373535156e-04
7.700000000000000000e+02 1.178383827209472656e-04
7.720000000000000000e+02 1.168847084045410156e-04
7.730000000000000000e+02 1.159906387329101562e-04
7.740000000000000000e+02 1.150369644165039062e-04
7.740000000000000000e+02 1.141428947448730469e-04
7.760000000000000000e+02 1.131892204284667969e-04
7.770000000000000000e+02 1.122951507568359375e-04
7.770000000000000000e+02 1.114010810852050781e-04
7.780000000000000000e+02 1.105070114135742188e-04
7.800000000000000000e+02 1.096129417419433594e-04
7.810000000000000000e+02 1.087188720703125000e-04
7.810000000000000000e+02 1.078248023986816406e-04
7.830000000000000000e+02 1.069307327270507812e-04
7.840000000000000000e+02 1.060366630554199219e-04
7.850000000000000000e+02 1.051425933837890625e-04
7.850000000000000000e+02 1.043081283569335938e-04
7.860000000000000000e+02 1.034140586853027344e-04
7.880000000000000000e+02 1.025795936584472656e-04
7.890000000000000000e+02 1.016855239868164062e-04
7.900000000000000000e+02 1.008510589599609375e-04
7.910000000000000000e+02 9.995698928833007812e-05
7.920000000000000000e+02 9.912252426147460938e-05
7.930000000000000000e+02 9.828805923461914062e-05
7.940000000000000000e+02 9.745359420776367188e-05
7.940000000000000000e+02 9.661912918090820312e-05
7.950000000000000000e+02 9.578466415405273438e-05
7.970000000000000000e+02 9.495019912719726562e-05
7.980000000000000000e+02 9.417533874511718750e-05
7.990000000000000000e+02 9.334087371826171875e-05
7.990000000000000000e+02 9.250640869140625000e-05
8.010000000000000000e+02 9.173154830932617188e-05
8.020000000000000000e+02 9.089708328247070312e-05
8.030000000000000000e+02 9.012222290039062500e-05
8.040000000000000000e+02 8.934736251831054688e-05
8.050000000000000000e+02 8.851289749145507812e-05
8.060000000000000000e+02 8.773803710937500000e-05
8.070000000000000000e+02 8.696317672729492188e-05
8.080000000000000000e+02 8.618831634521484375e-05
8.080000000000000000e+02 8.541345596313476562e-05
8.100000000000000000e+02 8.463859558105468750e-05
8.110000000000000000e+02 8.392333984375000000e-05
8.120000000000000000e+02 8.314847946166992188e-05
8.130000000000000000e+02 8.237361907958984375e-05
8.140000000000000000e+02 8.165836334228515625e-05
8.150000000000000000e+02 8.088350296020507812e-05
8.160000000000000000e+02 8.016824722290039062e-05
8.160000000000000000e+02 7.945299148559570312e-05
8.170000000000000000e+02 7.873773574829101562e-05
8.190000000000000000e+02 7.796287536621093750e-05
8.200000000000000000e+02 7.724761962890625000e-05
8.210000000000000000e+02 7.653236389160156250e-05
8.210000000000000000e+02 7.581710815429687500e-05
8.230000000000000000e+02 7.516145706176757812e-05
8.240000000000000000e+02 7.444620132446289062e-05
8.250000000000000000e+02 7.373094558715820312e-05
8.250000000000000000e+02 7.307529449462890625e-05
8.260000000000000000e+02 7.236003875732421875e-05
8.280000000000000000e+02 7.170438766479492188e-05
8.290000000000000000e+02 7.098913192749023438e-05
8.300000000000000000e+02 7.033348083496093750e-05
8.300000000000000000e+02 6.967782974243164062e-05
8.320000000000000000e+02 6.902217864990234375e-05
8.330000000000000000e+02 6.836652755737304688e-05
8.340000000000000000e+02 6.771087646484375000e-05
8.340000000000000000e+02 6.705522537231445312e-05
8.360000000000000000e+02 6.639957427978515625e-05
8.370000000000000000e+02 6.574392318725585938e-05
8.380000000000000000e+02 6.514787673950195312e-05
8.390000000000000000e+02 6.449222564697265625e-05
8.390000000000000000e+02 6.383657455444335938e-05
8.410000000000000000e+02 6.324052810668945312e-05
8.420000000000000000e+02 6.264448165893554688e-05
8.430000000000000000e+02 6.198883056640625000e-05
8.430000000000000000e+02 6.139278411865234375e-05
8.440000000000000000e+02 6.079673767089843750e-05
8.460000000000000000e+02 6.020069122314453125e-05
8.470000000000000000e+02 5.960464477539062500e-05
8.480000000000000000e+02 5.900859832763671875e-05
8.480000000000000000e+02 5.841255187988281250e-05
8.500000000000000000e+02 5.787611007690429688e-05
8.510000000000000000e+02 5.728006362915039062e-05
8.520000000000000000e+02 5.668401718139648438e-05
8.520000000000000000e+02 5.614757537841796875e-05
8.540000000000000000e+02 5.555152893066406250e-05
8.550000000000000000e+02 5.501508712768554688e-05
8.560000000000000000e+02 5.447864532470703125e-05
8.570000000000000000e+02 5.388259887695312500e-05
8.580000000000000000e+02 5.334615707397460938e-05
8.590000000000000000e+02 5.280971527099609375e-05
8.600000000000000000e+02 5.227327346801757812e-05
8.610000000000000000e+02 5.173683166503906250e-05
8.620000000000000000e+02 5.120038986206054688e-05
8.630000000000000000e+02 5.066394805908203125e-05
8.640000000000000000e+02 5.018711090087890625e-05
8.650000000000000000e+02 4.965066909790039062e-05
8.660000000000000000e+02 4.911422729492187500e-05
8.670000000000000000e+02 4.863739013671875000e-05
8.680000000000000000e+02 4.810094833374023438e-05
8.690000000000000000e+02 4.762411117553710938e-05
8.700000000000000000e+02 4.714727401733398438e-05
8.710000000000000000e+02 4.661083221435546875e-05
8.720000000000000000e+02 4.613399505615234375e-05
8.730000000000000000e+02 4.565715789794921875e-05
8.740000000000000000e+02 4.518032073974609375e-05
8.750000000000000000e+02 4.470348358154296875e-05
8.750000000000000000e+02 4.422664642333984375e-05
8.770000000000000000e+02 4.374980926513671875e-05
8.780000000000000000e+02 4.333257675170898438e-05
8.790000000000000000e+02 4.285573959350585938e-05
8.790000000000000000e+02 4.237890243530273438e-05
8.810000000000000000e+02 4.196166992187500000e-05
8.820000000000000000e+02 4.148483276367187500e-05
8.830000000000000000e+02 4.106760025024414062e-05
8.830000000000000000e+02 4.059076309204101562e-05
8.840000000000000000e+02 4.017353057861328125e-05
8.860000000000000000e+02 3.975629806518554688e-05
8.870000000000000000e+02 3.933906555175781250e-05
8.880000000000000000e+02 3.886222839355468750e-05
8.880000000000000000e+02 3.844499588012695312e-05
8.900000000000000000e+02 3.802776336669921875e-05
8.910000000000000000e+02 3.761053085327148438e-05
8.920000000000000000e+02 3.719329833984375000e-05
8.920000000000000000e+02 3.683567047119140625e-05
8.940000000000000000e+02 3.641843795776367188e-05
8.950000000000000000e+02 3.600120544433593750e-05
8.960000000000000000e+02 3.564357757568359375e-05
8.970000000000000000e+02 3.522634506225585938e-05
8.970000000000000000e+02 3.486871719360351562e-05
8.990000000000000000e+02 3.445148468017578125e-05
8.990000000000000000e+02 3.409385681152343750e-05
9.010000000000000000e+02 3.367662429809570312e-05
9.020000000000000000e+02 3.331899642944335938e-05
9.020000000000000000e+02 3.296136856079101562e-05
9.040000000000000000e+02 3.260374069213867188e-05
9.050000000000000000e+02 3.224611282348632812e-05
9.060000000000000000e+02 3.188848495483398438e-05
9.070000000000000000e+02 3.153085708618164062e-05
9.070000000000000000e+02 3.117322921752929688e-05
9.090000000000000000e+02 3.081560134887695312e-05
9.100000000000000000e+02 3.045797348022460938e-05
9.100000000000000000e+02 3.010034561157226562e-05
9.110000000000000000e+02 2.974271774291992188e-05
9.130000000000000000e+02 2.944469451904296875e-05
9.140000000000000000e+02 2.908706665039062500e-05
9.140000000000000000e+02 2.878904342651367188e-05
9.150000000000000000e+02 2.843141555786132812e-05
9.170000000000000000e+02 2.813339233398437500e-05
9.180000000000000000e+02 2.777576446533203125e-05
9.190000000000000000e+02 2.747774124145507812e-05
9.190000000000000000e+02 2.717971801757812500e-05
9.210000000000000000e+02 2.682209014892578125e-05
9.220000000000000000e+02 2.652406692504882812e-05
9.230000000000000000e+02 2.622604370117187500e-05
9.240000000000000000e+02 2.592802047729492188e-05
9.240000000000000000e+02 2.562999725341796875e-05
9.260000000000000000e+02 2.533197402954101562e-05
9.270000000000000000e+02 2.503395080566406250e-05
9.280000000000000000e+02 2.473592758178710938e-05
9.280000000000000000e+02 2.443790435791015625e-05
9.300000000000000000e+02 2.419948577880859375e-05
9.310000000000000000e+02 2.390146255493164062e-05
9.320000000000000000e+02 2.360343933105468750e-05
9.320000000000000000e+02 2.330541610717773438e-05
9.340000000000000000e+02 2.306699752807617188e-05
9.350000000000000000e+02 2.276897430419921875e-05
9.360000000000000000e+02 2.253055572509765625e-05
9.370000000000000000e+02 2.223253250122070312e-05
9.370000000000000000e+02 2.199411392211914062e-05
9.390000000000000000e+02 2.175569534301757812e-05
9.400000000000000000e+02 2.145767211914062500e-05
9.410000000000000000e+02 2.121925354003906250e-05
9.410000000000000000e+02 2.098083496093750000e-05
9.420000000000000000e+02 2.074241638183593750e-05
9.440000000000000000e+02 2.044439315795898438e-05
9.450000000000000000e+02 2.020597457885742188e-05
9.460000000000000000e+02 1.996755599975585938e-05
9.460000000000000000e+02 1.972913742065429688e-05
9.480000000000000000e+02 1.949071884155273438e-05
9.490000000000000000e+02 1.925230026245117188e-05
9.500000000000000000e+02 1.901388168334960938e-05
9.500000000000000000e+02 1.883506774902343750e-05
9.520000000000000000e+02 1.859664916992187500e-05
9.530000000000000000e+02 1.835823059082031250e-05
9.540000000000000000e+02 1.811981201171875000e-05
9.550000000000000000e+02 1.794099807739257812e-05
9.560000000000000000e+02 1.770257949829101562e-05
9.570000000000000000e+02 1.746416091918945312e-05
9.580000000000000000e+02 1.728534698486328125e-05
9.580000000000000000e+02 1.704692840576171875e-05
9.600000000000000000e+02 1.686811447143554688e-05
9.610000000000000000e+02 1.662969589233398438e-05
9.620000000000000000e+02 1.645088195800781250e-05
9.630000000000000000e+02 1.621246337890625000e-05
9.640000000000000000e+02 1.603364944458007812e-05
9.640000000000000000e+02 1.585483551025390625e-05
9.660000000000000000e+02 1.561641693115234375e-05
9.670000000000000000e+02 1.543760299682617188e-05
9.680000000000000000e+02 1.525878906250000000e-05
9.690000000000000000e+02 1.507997512817382812e-05
9.700000000000000000e+02 1.490116119384765625e-05
9.710000000000000000e+02 1.472234725952148438e-05
9.720000000000000000e+02 1.454353332519531250e-05
9.720000000000000000e+02 1.436471939086914062e-05
9.730000000000000000e+02 1.418590545654296875e-05
9.750000000000000000e+02 1.400709152221679688e-05
9.760000000000000000e+02 1.382827758789062500e-05
9.770000000000000000e+02 1.364946365356445312e-05
9.770000000000000000e+02 1.347064971923828125e-05
9.790000000000000000e+02 1.329183578491210938e-05
9.800000000000000000e+02 1.311302185058593750e-05
9.800000000000000000e+02 1.293420791625976562e-05
9.810000000000000000e+02 1.281499862670898438e-05
9.820000000000000000e+02 1.263618469238281250e-05
9.840000000000000000e+02 1.245737075805664062e-05
9.850000000000000000e+02 1.233816146850585938e-05
9.860000000000000000e+02 1.215934753417968750e-05
9.870000000000000000e+02 1.198053359985351562e-05
9.880000000000000000e+02 1.186132431030273438e-05
9.880000000000000000e+02 1.168251037597656250e-05
9.890000000000000000e+02 1.156330108642578125e-05
9.900000000000000000e+02 1.138448715209960938e-05
9.920000000000000000e+02 1.126527786254882812e-05
9.930000000000000000e+02 1.114606857299804688e-05
9.930000000000000000e+02 1.096725463867187500e-05
9.950000000000000000e+02 1.084804534912109375e-05
9.960000000000000000e+02 1.066923141479492188e-05
9.970000000000000000e+02 1.055002212524414062e-05
9.980000000000000000e+02 1.043081283569335938e-05
9.980000000000000000e+02 1.031160354614257812e-05
1.000000000000000000e+03 1.013278961181640625e-05
