0.000000000000000000e+00 2.937011718750000000e-01
1.000000000000000000e+00 2.778320312500000000e-01
3.000000000000000000e+00 2.626953125000000000e-01
3.000000000000000000e+00 2.484130859375000000e-01
5.000000000000000000e+00 2.347412109375000000e-01
6.000000000000000000e+00 2.218017578125000000e-01
7.000000000000000000e+00 2.095947265625000000e-01
7.000000000000000000e+00 1.978759765625000000e-01
9.000000000000000000e+00 1.868896484375000000e-01
1.000000000000000000e+01 1.763916015625000000e-01
1.100000000000000000e+01 1.663818359375000000e-01
1.200000000000000000e+01 1.569824218750000000e-01
1.300000000000000000e+01 1.480712890625000000e-01
1.400000000000000000e+01 1.396484375000000000e-01
1.500000000000000000e+01 1.315917968750000000e-01
1.500000000000000000e+01 1.239624023437500000e-01
1.700000000000000000e+01 1.167602539062500000e-01
1.800000000000000000e+01 1.099243164062500000e-01
1.900000000000000000e+01 1.034545898437500000e-01
2.000000000000000000e+01 9.735107421875000000e-02
2.100000000000000000e+01 9.155273437500000000e-02
2.200000000000000000e+01 8.605957031250000000e-02
2.200000000000000000e+01 8.093261718750000000e-02
2.400000000000000000e+01 7.598876953125000000e-02
2.400000000000000000e+01 7.141113281250000000e-02
2.600000000000000000e+01 6.701660156250000000e-02
2.700000000000000000e+01 6.286621093750000000e-02
2.800000000000000000e+01 5.899047851562500000e-02
2.900000000000000000e+01 5.529785156250000000e-02
3.000000000000000000e+01 5.184936523437500000e-02
3.100000000000000000e+01 4.855346679687500000e-02
3.100000000000000000e+01 4.547119140625000000e-02
3.200000000000000000e+01 4.257202148437500000e-02
3.400000000000000000e+01 3.982543945312500000e-02
3.500000000000000000e+01 3.723144531250000000e-02
3.600000000000000000e+01 3.479003906250000000e-02
3.700000000000000000e+01 3.250122070312500000e-02
3.800000000000000000e+01 3.033447265625000000e-02
3.900000000000000000e+01 2.830505371093750000e-02
4.000000000000000000e+01 2.639770507812500000e-02
4.100000000000000000e+01 2.459716796875000000e-02
4.200000000000000000e+01 2.290344238281250000e-02
4.300000000000000000e+01 2.133178710937500000e-02
4.400000000000000000e+01 1.983642578125000000e-02
4.400000000000000000e+01 1.844787597656250000e-02
4.500000000000000000e+01 1.713562011718750000e-02
4.700000000000000000e+01 1.589965820312500000e-02
4.800000000000000000e+01 1.475524902343750000e-02
4.900000000000000000e+01 1.367187500000000000e-02
4.900000000000000000e+01 1.266479492187500000e-02
5.100000000000000000e+01 1.171875000000000000e-02
5.200000000000000000e+01 1.084136962890625000e-02
5.300000000000000000e+01 1.000976562500000000e-02
5.400000000000000000e+01 9.239196777343750000e-03
5.400000000000000000e+01 8.522033691406250000e-03
5.600000000000000000e+01 7.850646972656250000e-03
5.600000000000000000e+01 7.225036621093750000e-03
5.800000000000000000e+01 6.645202636718750000e-03
5.900000000000000000e+01 6.099700927734375000e-03
6.000000000000000000e+01 5.596160888671875000e-03
6.100000000000000000e+01 5.126953125000000000e-03
6.200000000000000000e+01 4.692077636718750000e-03
6.300000000000000000e+01 4.287719726562500000e-03
6.300000000000000000e+01 3.910064697265625000e-03
6.500000000000000000e+01 3.564834594726562500e-03
6.500000000000000000e+01 3.242492675781250000e-03
6.700000000000000000e+01 2.944946289062500000e-03
6.800000000000000000e+01 2.670288085937500000e-03
6.900000000000000000e+01 2.416610717773437500e-03
7.000000000000000000e+01 2.183914184570312500e-03
7.000000000000000000e+01 1.968383789062500000e-03
7.200000000000000000e+01 1.770973205566406250e-03
7.300000000000000000e+01 1.589775085449218750e-03
7.400000000000000000e+01 1.422882080078125000e-03
7.500000000000000000e+01 1.271247863769531250e-03
7.600000000000000000e+01 1.132011413574218750e-03
7.700000000000000000e+01 1.005172729492187500e-03
7.800000000000000000e+01 8.893013000488281250e-04
7.900000000000000000e+01 7.843971252441406250e-04
8.000000000000000000e+01 6.890296936035156250e-04
8.000000000000000000e+01 6.027221679687500000e-04
8.200000000000000000e+01 5.249977111816406250e-04
8.300000000000000000e+01 4.551410675048828125e-04
8.400000000000000000e+01 3.924369812011718750e-04
8.400000000000000000e+01 3.361701965332031250e-04
8.600000000000000000e+01 2.863407135009765625e-04
8.700000000000000000e+01 2.419948577880859375e-04
8.800000000000000000e+01 2.027750015258789062e-04
8.900000000000000000e+01 1.684427261352539062e-04
8.900000000000000000e+01 1.385211944580078125e-04
9.000000000000000000e+01 1.125931739807128906e-04
9.100000000000000000e+01 9.024143218994140625e-05
9.300000000000000000e+01 7.134675979614257812e-05
9.400000000000000000e+01 5.543231964111328125e-05
9.500000000000000000e+01 4.225969314575195312e-05
9.600000000000000000e+01 3.159046173095703125e-05
9.700000000000000000e+01 2.324581146240234375e-05
9.800000000000000000e+01 1.686811447143554688e-05
9.900000000000000000e+01 1.233816146850585938e-05
9.900000000000000000e+01 9.417533874511718750e-06
1.010000000000000000e+02 7.987022399902343750e-06
1.020000000000000000e+02 7.808208465576171875e-06
1.030000000000000000e+02 8.821487426757812500e-06
1.040000000000000000e+02 1.078844070434570312e-05
1.040000000000000000e+02 1.358985900878906250e-05
1.060000000000000000e+02 1.716613769531250000e-05
1.070000000000000000e+02 2.139806747436523438e-05
1.080000000000000000e+02 2.616643905639648438e-05
1.090000000000000000e+02 3.135204315185546875e-05
1.090000000000000000e+02 3.683567047119140625e-05
1.110000000000000000e+02 4.267692565917968750e-05
1.120000000000000000e+02 4.869699478149414062e-05
1.130000000000000000e+02 5.489587783813476562e-05
1.130000000000000000e+02 6.115436553955078125e-05
1.140000000000000000e+02 6.747245788574218750e-05
1.160000000000000000e+02 7.373094558715820312e-05
1.170000000000000000e+02 7.998943328857421875e-05
1.180000000000000000e+02 8.618831634521484375e-05
1.190000000000000000e+02 9.220838546752929688e-05
1.200000000000000000e+02 9.810924530029296875e-05
1.210000000000000000e+02 1.038312911987304688e-04
1.220000000000000000e+02 1.093745231628417969e-04
1.230000000000000000e+02 1.146793365478515625e-04
1.240000000000000000e+02 1.198053359985351562e-04
1.250000000000000000e+02 1.246929168701171875e-04
1.260000000000000000e+02 1.292228698730468750e-04
1.270000000000000000e+02 1.336336135864257812e-04
1.270000000000000000e+02 1.376867294311523438e-04
1.290000000000000000e+02 1.415014266967773438e-04
1.300000000000000000e+02 1.449584960937500000e-04
1.310000000000000000e+02 1.481771469116210938e-04
1.310000000000000000e+02 1.511573791503906250e-04
1.330000000000000000e+02 1.538991928100585938e-04
1.340000000000000000e+02 1.562833786010742188e-04
1.350000000000000000e+02 1.584291458129882812e-04
1.360000000000000000e+02 1.603364944458007812e-04
1.370000000000000000e+02 1.620054244995117188e-04
1.380000000000000000e+02 1.633167266845703125e-04
1.390000000000000000e+02 1.643896102905273438e-04
1.400000000000000000e+02 1.653432846069335938e-04
1.400000000000000000e+02 1.659393310546875000e-04
1.410000000000000000e+02 1.662969589233398438e-04
1.430000000000000000e+02 1.665353775024414062e-04
1.440000000000000000e+02 1.665353775024414062e-04
1.450000000000000000e+02 1.662969589233398438e-04
1.460000000000000000e+02 1.658201217651367188e-04
1.470000000000000000e+02 1.652240753173828125e-04
1.480000000000000000e+02 1.643896102905273438e-04
1.490000000000000000e+02 1.634359359741210938e-04
1.500000000000000000e+02 1.622438430786132812e-04
1.500000000000000000e+02 1.610517501831054688e-04
1.520000000000000000e+02 1.596212387084960938e-04
1.530000000000000000e+02 1.579523086547851562e-04
1.540000000000000000e+02 1.562833786010742188e-04
1.550000000000000000e+02 1.544952392578125000e-04
1.560000000000000000e+02 1.525878906250000000e-04
1.570000000000000000e+02 1.505613327026367188e-04
1.580000000000000000e+02 1.484155654907226562e-04
1.590000000000000000e+02 1.461505889892578125e-04
1.600000000000000000e+02 1.438856124877929688e-04
1.600000000000000000e+02 1.415014266967773438e-04
1.610000000000000000e+02 1.391172409057617188e-04
1.630000000000000000e+02 1.366138458251953125e-04
1.640000000000000000e+02 1.339912414550781250e-04
1.650000000000000000e+02 1.313686370849609375e-04
1.660000000000000000e+02 1.287460327148437500e-04
1.670000000000000000e+02 1.261234283447265625e-04
1.680000000000000000e+02 1.233816146850585938e-04
1.690000000000000000e+02 1.206994056701660156e-04
1.690000000000000000e+02 1.179575920104980469e-04
1.700000000000000000e+02 1.151561737060546875e-04
1.720000000000000000e+02 1.124143600463867188e-04
1.730000000000000000e+02 1.096129417419433594e-04
1.740000000000000000e+02 1.068711280822753906e-04
1.750000000000000000e+02 1.040697097778320312e-04
1.760000000000000000e+02 1.013278961181640625e-04
1.770000000000000000e+02 9.858608245849609375e-05
1.780000000000000000e+02 9.584426879882812500e-05
1.790000000000000000e+02 9.310245513916015625e-05
1.790000000000000000e+02 9.042024612426757812e-05
1.800000000000000000e+02 8.773803710937500000e-05
1.810000000000000000e+02 8.511543273925781250e-05
1.820000000000000000e+02 8.249282836914062500e-05
1.830000000000000000e+02 7.992982864379882812e-05
1.850000000000000000e+02 7.736682891845703125e-05
1.860000000000000000e+02 7.486343383789062500e-05
1.870000000000000000e+02 7.236003875732421875e-05
1.880000000000000000e+02 6.991624832153320312e-05
1.890000000000000000e+02 6.753206253051757812e-05
1.900000000000000000e+02 6.514787673950195312e-05
1.910000000000000000e+02 6.288290023803710938e-05
1.920000000000000000e+02 6.061792373657226562e-05
1.930000000000000000e+02 5.835294723510742188e-05
1.940000000000000000e+02 5.620718002319335938e-05
1.950000000000000000e+02 5.406141281127929688e-05
1.960000000000000000e+02 5.197525024414062500e-05
1.970000000000000000e+02 4.994869232177734375e-05
1.980000000000000000e+02 4.798173904418945312e-05
1.980000000000000000e+02 4.601478576660156250e-05
1.990000000000000000e+02 4.410743713378906250e-05
2.010000000000000000e+02 4.225969314575195312e-05
2.020000000000000000e+02 4.047155380249023438e-05
2.030000000000000000e+02 3.874301910400390625e-05
2.040000000000000000e+02 3.707408905029296875e-05
2.050000000000000000e+02 3.540515899658203125e-05
2.060000000000000000e+02 3.379583358764648438e-05
2.070000000000000000e+02 3.224611282348632812e-05
2.080000000000000000e+02 3.075599670410156250e-05
2.090000000000000000e+02 2.932548522949218750e-05
2.090000000000000000e+02 2.789497375488281250e-05
2.100000000000000000e+02 2.652406692504882812e-05
2.120000000000000000e+02 2.521276473999023438e-05
2.130000000000000000e+02 2.396106719970703125e-05
2.140000000000000000e+02 2.270936965942382812e-05
2.150000000000000000e+02 2.151727676391601562e-05
2.160000000000000000e+02 2.038478851318359375e-05
2.170000000000000000e+02 1.931190490722656250e-05
2.180000000000000000e+02 1.823902130126953125e-05
2.180000000000000000e+02 1.722574234008789062e-05
2.190000000000000000e+02 1.621246337890625000e-05
2.200000000000000000e+02 1.531839370727539062e-05
2.220000000000000000e+02 1.442432403564453125e-05
2.230000000000000000e+02 1.353025436401367188e-05
2.240000000000000000e+02 1.269578933715820312e-05
2.240000000000000000e+02 1.192092895507812500e-05
2.260000000000000000e+02 1.114606857299804688e-05
2.260000000000000000e+02 1.043081283569335938e-05
2.270000000000000000e+02 9.775161743164062500e-06
2.280000000000000000e+02 9.119510650634765625e-06
2.290000000000000000e+02 8.463859558105468750e-06
2.310000000000000000e+02 7.867813110351562500e-06
2.320000000000000000e+02 7.331371307373046875e-06
2.330000000000000000e+02 6.794929504394531250e-06
2.340000000000000000e+02 6.258487701416015625e-06
2.350000000000000000e+02 5.781650543212890625e-06
2.360000000000000000e+02 5.364418029785156250e-06
2.370000000000000000e+02 4.947185516357421875e-06
2.380000000000000000e+02 4.529953002929687500e-06
2.390000000000000000e+02 4.112720489501953125e-06
2.400000000000000000e+02 3.755092620849609375e-06
2.410000000000000000e+02 3.457069396972656250e-06
2.420000000000000000e+02 3.159046173095703125e-06
2.430000000000000000e+02 2.861022949218750000e-06
2.440000000000000000e+02 2.562999725341796875e-06
2.450000000000000000e+02 2.324581146240234375e-06
2.460000000000000000e+02 2.086162567138671875e-06
2.470000000000000000e+02 1.847743988037109375e-06
2.480000000000000000e+02 1.668930053710937500e-06
2.490000000000000000e+02 1.490116119384765625e-06
2.500000000000000000e+02 1.311302185058593750e-06
2.510000000000000000e+02 1.132488250732421875e-06
2.520000000000000000e+02 1.013278961181640625e-06
2.530000000000000000e+02 8.940696716308593750e-07
2.540000000000000000e+02 7.748603820800781250e-07
2.550000000000000000e+02 6.556510925292968750e-07
2.550000000000000000e+02 5.960464477539062500e-07
2.570000000000000000e+02 4.768371582031250000e-07
2.580000000000000000e+02 4.172325134277343750e-07
2.590000000000000000e+02 3.576278686523437500e-07
2.600000000000000000e+02 2.980232238769531250e-07
2.610000000000000000e+02 2.980232238769531250e-07
2.620000000000000000e+02 2.384185791015625000e-07
2.630000000000000000e+02 2.384185791015625000e-07
2.630000000000000000e+02 1.788139343261718750e-07
2.650000000000000000e+02 1.788139343261718750e-07
2.660000000000000000e+02 1.788139343261718750e-07
2.670000000000000000e+02 1.788139343261718750e-07
2.680000000000000000e+02 1.788139343261718750e-07
2.690000000000000000e+02 2.384185791015625000e-07
2.700000000000000000e+02 2.384185791015625000e-07
2.710000000000000000e+02 2.384185791015625000e-07
2.720000000000000000e+02 2.980232238769531250e-07
2.730000000000000000e+02 3.576278686523437500e-07
2.740000000000000000e+02 3.576278686523437500e-07
2.750000000000000000e+02 4.172325134277343750e-07
2.760000000000000000e+02 4.768371582031250000e-07
2.770000000000000000e+02 4.768371582031250000e-07
2.780000000000000000e+02 5.364418029785156250e-07
2.790000000000000000e+02 5.960464477539062500e-07
2.800000000000000000e+02 6.556510925292968750e-07
2.810000000000000000e+02 7.152557373046875000e-07
2.810000000000000000e+02 7.748603820800781250e-07
2.830000000000000000e+02 8.344650268554687500e-07
2.830000000000000000e+02 8.940696716308593750e-07
2.850000000000000000e+02 9.536743164062500000e-07
2.860000000000000000e+02 1.013278961181640625e-06
2.870000000000000000e+02 1.072883605957031250e-06
2.880000000000000000e+02 1.132488250732421875e-06
2.890000000000000000e+02 1.192092895507812500e-06
2.900000000000000000e+02 1.251697540283203125e-06
2.910000000000000000e+02 1.311302185058593750e-06
2.920000000000000000e+02 1.370906829833984375e-06
2.920000000000000000e+02 1.430511474609375000e-06
2.940000000000000000e+02 1.490116119384765625e-06
2.940000000000000000e+02 1.490116119384765625e-06
2.960000000000000000e+02 1.549720764160156250e-06
2.970000000000000000e+02 1.609325408935546875e-06
2.980000000000000000e+02 1.668930053710937500e-06
2.990000000000000000e+02 1.728534698486328125e-06
3.000000000000000000e+02 1.788139343261718750e-06
3.010000000000000000e+02 1.847743988037109375e-06
3.010000000000000000e+02 1.907348632812500000e-06
3.030000000000000000e+02 1.966953277587890625e-06
3.040000000000000000e+02 1.966953277587890625e-06
3.050000000000000000e+02 2.026557922363281250e-06
3.060000000000000000e+02 2.086162567138671875e-06
3.070000000000000000e+02 2.145767211914062500e-06
3.080000000000000000e+02 2.145767211914062500e-06
3.090000000000000000e+02 2.205371856689453125e-06
3.100000000000000000e+02 2.264976501464843750e-06
3.100000000000000000e+02 2.264976501464843750e-06
3.120000000000000000e+02 2.324581146240234375e-06
3.120000000000000000e+02 2.384185791015625000e-06
3.140000000000000000e+02 2.384185791015625000e-06
3.140000000000000000e+02 2.443790435791015625e-06
3.160000000000000000e+02 2.443790435791015625e-06
3.170000000000000000e+02 2.503395080566406250e-06
3.180000000000000000e+02 2.503395080566406250e-06
3.190000000000000000e+02 2.503395080566406250e-06
3.200000000000000000e+02 2.562999725341796875e-06
3.200000000000000000e+02 2.562999725341796875e-06
3.210000000000000000e+02 2.562999725341796875e-06
3.220000000000000000e+02 2.622604370117187500e-06
3.230000000000000000e+02 2.622604370117187500e-06
3.240000000000000000e+02 2.622604370117187500e-06
3.260000000000000000e+02 2.622604370117187500e-06
3.270000000000000000e+02 2.682209014892578125e-06
3.280000000000000000e+02 2.682209014892578125e-06
3.290000000000000000e+02 2.682209014892578125e-06
3.300000000000000000e+02 2.682209014892578125e-06
3.300000000000000000e+02 2.682209014892578125e-06
3.320000000000000000e+02 2.682209014892578125e-06
3.320000000000000000e+02 2.682209014892578125e-06
3.340000000000000000e+02 2.682209014892578125e-06
3.350000000000000000e+02 2.682209014892578125e-06
3.360000000000000000e+02 2.682209014892578125e-06
3.370000000000000000e+02 2.682209014892578125e-06
3.380000000000000000e+02 2.682209014892578125e-06
3.390000000000000000e+02 2.682209014892578125e-06
3.390000000000000000e+02 2.682209014892578125e-06
3.410000000000000000e+02 2.682209014892578125e-06
3.410000000000000000e+02 2.622604370117187500e-06
3.430000000000000000e+02 2.622604370117187500e-06
3.440000000000000000e+02 2.622604370117187500e-06
3.450000000000000000e+02 2.622604370117187500e-06
3.460000000000000000e+02 2.622604370117187500e-06
3.470000000000000000e+02 2.562999725341796875e-06
3.480000000000000000e+02 2.562999725341796875e-06
3.490000000000000000e+02 2.562999725341796875e-06
3.500000000000000000e+02 2.562999725341796875e-06
3.500000000000000000e+02 2.503395080566406250e-06
3.520000000000000000e+02 2.503395080566406250e-06
3.520000000000000000e+02 2.503395080566406250e-06
3.540000000000000000e+02 2.443790435791015625e-06
3.550000000000000000e+02 2.443790435791015625e-06
3.560000000000000000e+02 2.443790435791015625e-06
3.570000000000000000e+02 2.384185791015625000e-06
3.580000000000000000e+02 2.384185791015625000e-06
3.590000000000000000e+02 2.324581146240234375e-06
3.590000000000000000e+02 2.324581146240234375e-06
3.610000000000000000e+02 2.324581146240234375e-06
3.610000000000000000e+02 2.264976501464843750e-06
3.630000000000000000e+02 2.264976501464843750e-06
3.630000000000000000e+02 2.205371856689453125e-06
3.650000000000000000e+02 2.205371856689453125e-06
3.650000000000000000e+02 2.145767211914062500e-06
3.670000000000000000e+02 2.145767211914062500e-06
3.670000000000000000e+02 2.145767211914062500e-06
3.680000000000000000e+02 2.086162567138671875e-06
3.700000000000000000e+02 2.086162567138671875e-06
3.700000000000000000e+02 2.026557922363281250e-06
3.720000000000000000e+02 2.026557922363281250e-06
3.720000000000000000e+02 1.966953277587890625e-06
3.740000000000000000e+02 1.966953277587890625e-06
3.750000000000000000e+02 1.907348632812500000e-06
3.760000000000000000e+02 1.907348632812500000e-06
3.770000000000000000e+02 1.847743988037109375e-06
3.780000000000000000e+02 1.847743988037109375e-06
3.790000000000000000e+02 1.788139343261718750e-06
3.800000000000000000e+02 1.788139343261718750e-06
3.810000000000000000e+02 1.728534698486328125e-06
3.820000000000000000e+02 1.728534698486328125e-06
3.830000000000000000e+02 1.668930053710937500e-06
3.840000000000000000e+02 1.668930053710937500e-06
3.850000000000000000e+02 1.609325408935546875e-06
3.860000000000000000e+02 1.609325408935546875e-06
3.870000000000000000e+02 1.609325408935546875e-06
3.880000000000000000e+02 1.549720764160156250e-06
3.880000000000000000e+02 1.549720764160156250e-06
3.900000000000000000e+02 1.490116119384765625e-06
3.900000000000000000e+02 1.490116119384765625e-06
3.920000000000000000e+02 1.430511474609375000e-06
3.920000000000000000e+02 1.430511474609375000e-06
3.940000000000000000e+02 1.370906829833984375e-06
3.950000000000000000e+02 1.370906829833984375e-06
3.960000000000000000e+02 1.311302185058593750e-06
3.970000000000000000e+02 1.311302185058593750e-06
3.970000000000000000e+02 1.251697540283203125e-06
3.990000000000000000e+02 1.251697540283203125e-06
3.990000000000000000e+02 1.251697540283203125e-06
4.010000000000000000e+02 1.192092895507812500e-06
4.020000000000000000e+02 1.192092895507812500e-06
4.030000000000000000e+02 1.132488250732421875e-06
4.040000000000000000e+02 1.132488250732421875e-06
4.050000000000000000e+02 1.072883605957031250e-06
4.060000000000000000e+02 1.072883605957031250e-06
4.070000000000000000e+02 1.072883605957031250e-06
4.080000000000000000e+02 1.013278961181640625e-06
4.080000000000000000e+02 1.013278961181640625e-06
4.100000000000000000e+02 9.536743164062500000e-07
4.100000000000000000e+02 9.536743164062500000e-07
4.120000000000000000e+02 9.536743164062500000e-07
4.120000000000000000e+02 8.940696716308593750e-07
4.140000000000000000e+02 8.940696716308593750e-07
4.150000000000000000e+02 8.940696716308593750e-07
4.160000000000000000e+02 8.344650268554687500e-07
4.170000000000000000e+02 8.344650268554687500e-07
4.180000000000000000e+02 7.748603820800781250e-07
4.190000000000000000e+02 7.748603820800781250e-07
4.190000000000000000e+02 7.748603820800781250e-07
4.210000000000000000e+02 7.152557373046875000e-07
4.210000000000000000e+02 7.152557373046875000e-07
4.230000000000000000e+02 7.152557373046875000e-07
4.240000000000000000e+02 6.556510925292968750e-07
4.250000000000000000e+02 6.556510925292968750e-07
4.260000000000000000e+02 6.556510925292968750e-07
4.270000000000000000e+02 6.556510925292968750e-07
4.280000000000000000e+02 5.960464477539062500e-07
4.290000000000000000e+02 5.960464477539062500e-07
4.300000000000000000e+02 5.960464477539062500e-07
4.310000000000000000e+02 5.364418029785156250e-07
4.320000000000000000e+02 5.364418029785156250e-07
4.330000000000000000e+02 5.364418029785156250e-07
4.340000000000000000e+02 5.364418029785156250e-07
4.350000000000000000e+02 4.768371582031250000e-07
4.360000000000000000e+02 4.768371582031250000e-07
4.370000000000000000e+02 4.768371582031250000e-07
4.370000000000000000e+02 4.768371582031250000e-07
4.390000000000000000e+02 4.172325134277343750e-07
4.390000000000000000e+02 4.172325134277343750e-07
4.410000000000000000e+02 4.172325134277343750e-07
4.410000000000000000e+02 4.172325134277343750e-07
4.430000000000000000e+02 3.576278686523437500e-07
4.440000000000000000e+02 3.576278686523437500e-07
4.450000000000000000e+02 3.576278686523437500e-07
4.460000000000000000e+02 3.576278686523437500e-07
4.470000000000000000e+02 3.576278686523437500e-07
4.480000000000000000e+02 2.980232238769531250e-07
4.480000000000000000e+02 2.980232238769531250e-07
4.490000000000000000e+02 2.980232238769531250e-07
4.510000000000000000e+02 2.980232238769531250e-07
4.520000000000000000e+02 2.980232238769531250e-07
4.530000000000000000e+02 2.980232238769531250e-07
4.530000000000000000e+02 2.384185791015625000e-07
4.550000000000000000e+02 2.384185791015625000e-07
4.550000000000000000e+02 2.384185791015625000e-07
4.570000000000000000e+02 2.384185791015625000e-07
4.570000000000000000e+02 2.384185791015625000e-07
4.590000000000000000e+02 2.384185791015625000e-07
4.590000000000000000e+02 2.384185791015625000e-07
4.610000000000000000e+02 1.788139343261718750e-07
4.620000000000000000e+02 1.788139343261718750e-07
4.630000000000000000e+02 1.788139343261718750e-07
4.640000000000000000e+02 1.788139343261718750e-07
4.650000000000000000e+02 1.788139343261718750e-07
4.660000000000000000e+02 1.788139343261718750e-07
4.670000000000000000e+02 1.788139343261718750e-07
4.680000000000000000e+02 1.788139343261718750e-07
4.680000000000000000e+02 1.192092895507812500e-07
4.700000000000000000e+02 1.192092895507812500e-07
4.700000000000000000e+02 1.192092895507812500e-07
4.720000000000000000e+02 1.192092895507812500e-07
4.730000000000000000e+02 1.192092895507812500e-07
4.740000000000000000e+02 1.192092895507812500e-07
4.750000000000000000e+02 1.192092895507812500e-07
4.760000000000000000e+02 1.192092895507812500e-07
4.770000000000000000e+02 1.192092895507812500e-07
4.780000000000000000e+02 1.192092895507812500e-07
4.790000000000000000e+02 1.192092895507812500e-07
4.800000000000000000e+02 5.960464477539062500e-08
4.810000000000000000e+02 5.960464477539062500e-08
4.820000000000000000e+02 5.960464477539062500e-08
4.830000000000000000e+02 5.960464477539062500e-08
4.840000000000000000e+02 5.960464477539062500e-08
4.850000000000000000e+02 5.960464477539062500e-08
4.860000000000000000e+02 5.960464477539062500e-08
4.860000000000000000e+02 5.960464477539062500e-08
4.880000000000000000e+02 5.960464477539062500e-08
4.880000000000000000e+02 5.960464477539062500e-08
4.900000000000000000e+02 5.960464477539062500e-08
4.900000000000000000e+02 5.960464477539062500e-08
4.920000000000000000e+02 5.960464477539062500e-08
4.930000000000000000e+02 5.960464477539062500e-08
4.940000000000000000e+02 5.960464477539062500e-08
4.940000000000000000e+02 5.960464477539062500e-08
4.960000000000000000e+02 5.960464477539062500e-08
4.960000000000000000e+02 5.960464477539062500e-08
4.980000000000000000e+02 5.960464477539062500e-08
4.990000000000000000e+02 0.000000000000000000e+00
5.000000000000000000e+02 0.000000000000000000e+00
5.000000000000000000e+02 0.000000000000000000e+00
5.020000000000000000e+02 0.000000000000000000e+00
5.030000000000000000e+02 0.000000000000000000e+00
5.040000000000000000e+02 0.000000000000000000e+00
5.050000000000000000e+02 0.000000000000000000e+00
5.060000000000000000e+02 0.000000000000000000e+00
5.070000000000000000e+02 0.000000000000000000e+00
5.080000000000000000e+02 0.000000000000000000e+00
5.090000000000000000e+02 0.000000000000000000e+00
5.100000000000000000e+02 0.000000000000000000e+00
5.110000000000000000e+02 0.000000000000000000e+00
5.110000000000000000e+02 0.000000000000000000e+00
5.130000000000000000e+02 0.000000000000000000e+00
5.140000000000000000e+02 0.000000000000000000e+00
5.140000000000000000e+02 0.000000000000000000e+00
5.160000000000000000e+02 0.000000000000000000e+00
5.170000000000000000e+02 0.000000000000000000e+00
5.180000000000000000e+02 0.000000000000000000e+00
5.180000000000000000e+02 0.000000000000000000e+00
5.200000000000000000e+02 0.000000000000000000e+00
5.210000000000000000e+02 0.000000000000000000e+00
5.220000000000000000e+02 0.000000000000000000e+00
5.230000000000000000e+02 0.000000000000000000e+00
5.240000000000000000e+02 0.000000000000000000e+00
5.250000000000000000e+02 0.000000000000000000e+00
5.260000000000000000e+02 0.000000000000000000e+00
5.270000000000000000e+02 0.000000000000000000e+00
5.270000000000000000e+02 0.000000000000000000e+00
5.290000000000000000e+02 0.000000000000000000e+00
5.300000000000000000e+02 0.000000000000000000e+00
5.310000000000000000e+02 0.000000000000000000e+00
5.320000000000000000e+02 0.000000000000000000e+00
5.330000000000000000e+02 0.000000000000000000e+00
5.340000000000000000e+02 0.000000000000000000e+00
5.350000000000000000e+02 0.000000000000000000e+00
5.360000000000000000e+02 0.000000000000000000e+00
5.360000000000000000e+02 0.000000000000000000e+00
5.380000000000000000e+02 0.000000000000000000e+00
5.390000000000000000e+02 0.000000000000000000e+00
5.400000000000000000e+02 0.000000000000000000e+00
5.400000000000000000e+02 0.000000000000000000e+00
5.420000000000000000e+02 0.000000000000000000e+00
5.430000000000000000e+02 0.000000000000000000e+00
5.440000000000000000e+02 0.000000000000000000e+00
5.450000000000000000e+02 0.000000000000000000e+00
5.460000000000000000e+02 0.000000000000000000e+00
5.470000000000000000e+02 0.000000000000000000e+00
5.480000000000000000e+02 0.000000000000000000e+00
5.490000000000000000e+02 0.000000000000000000e+00
5.500000000000000000e+02 0.000000000000000000e+00
5.510000000000000000e+02 0.000000000000000000e+00
5.520000000000000000e+02 0.000000000000000000e+00
5.530000000000000000e+02 0.000000000000000000e+00
5.540000000000000000e+02 0.000000000000000000e+00
5.540000000000000000e+02 0.000000000000000000e+00
5.560000000000000000e+02 0.000000000000000000e+00
5.570000000000000000e+02 0.000000000000000000e+00
5.580000000000000000e+02 0.000000000000000000e+00
5.580000000000000000e+02 0.000000000000000000e+00
5.600000000000000000e+02 0.000000000000000000e+00
5.610000000000000000e+02 0.000000000000000000e+00
5.620000000000000000e+02 0.000000000000000000e+00
5.630000000000000000e+02 0.000000000000000000e+00
5.630000000000000000e+02 0.000000000000000000e+00
5.650000000000000000e+02 0.000000000000000000e+00
5.660000000000000000e+02 0.000000000000000000e+00
5.670000000000000000e+02 0.000000000000000000e+00
5.670000000000000000e+02 0.000000000000000000e+00
5.690000000000000000e+02 0.000000000000000000e+00
5.700000000000000000e+02 0.000000000000000000e+00
5.710000000000000000e+02 0.000000000000000000e+00
5.720000000000000000e+02 0.000000000000000000e+00
5.720000000000000000e+02 0.000000000000000000e+00
5.740000000000000000e+02 0.000000000000000000e+00
5.750000000000000000e+02 0.000000000000000000e+00
5.760000000000000000e+02 0.000000000000000000e+00
5.760000000000000000e+02 0.000000000000000000e+00
5.780000000000000000e+02 0.000000000000000000e+00
5.790000000000000000e+02 0.000000000000000000e+00
5.800000000000000000e+02 0.000000000000000000e+00
5.810000000000000000e+02 0.000000000000000000e+00
5.820000000000000000e+02 0.000000000000000000e+00
5.830000000000000000e+02 0.000000000000000000e+00
5.840000000000000000e+02 0.000000000000000000e+00
5.850000000000000000e+02 0.000000000000000000e+00
5.850000000000000000e+02 0.000000000000000000e+00
5.870000000000000000e+02 0.000000000000000000e+00
5.880000000000000000e+02 0.000000000000000000e+00
5.890000000000000000e+02 0.000000000000000000e+00
5.890000000000000000e+02 0.000000000000000000e+00
5.910000000000000000e+02 0.000000000000000000e+00
5.920000000000000000e+02 0.000000000000000000e+00
5.930000000000000000e+02 0.000000000000000000e+00
5.940000000000000000e+02 0.000000000000000000e+00
5.940000000000000000e+02 0.000000000000000000e+00
5.960000000000000000e+02 0.000000000000000000e+00
5.970000000000000000e+02 0.000000000000000000e+00
5.980000000000000000e+02 0.000000000000000000e+00
5.980000000000000000e+02 0.000000000000000000e+00
6.000000000000000000e+02 0.000000000000000000e+00
6.010000000000000000e+02 0.000000000000000000e+00
6.020000000000000000e+02 0.000000000000000000e+00
6.020000000000000000e+02 0.000000000000000000e+00
6.030000000000000000e+02 0.000000000000000000e+00
6.050000000000000000e+02 0.000000000000000000e+00
6.060000000000000000e+02 0.000000000000000000e+00
6.070000000000000000e+02 0.000000000000000000e+00
6.080000000000000000e+02 0.000000000000000000e+00
6.090000000000000000e+02 0.000000000000000000e+00
6.100000000000000000e+02 0.000000000000000000e+00
6.110000000000000000e+02 0.000000000000000000e+00
6.120000000000000000e+02 0.000000000000000000e+00
6.120000000000000000e+02 0.000000000000000000e+00
6.140000000000000000e+02 0.000000000000000000e+00
6.150000000000000000e+02 0.000000000000000000e+00
6.160000000000000000e+02 0.000000000000000000e+00
6.170000000000000000e+02 0.000000000000000000e+00
6.180000000000000000e+02 0.000000000000000000e+00
6.190000000000000000e+02 0.000000000000000000e+00
6.200000000000000000e+02 0.000000000000000000e+00
6.210000000000000000e+02 0.000000000000000000e+00
6.210000000000000000e+02 0.000000000000000000e+00
6.230000000000000000e+02 0.000000000000000000e+00
6.240000000000000000e+02 0.000000000000000000e+00
6.250000000000000000e+02 0.000000000000000000e+00
6.250000000000000000e+02 0.000000000000000000e+00
6.270000000000000000e+02 0.000000000000000000e+00
6.280000000000000000e+02 0.000000000000000000e+00
6.290000000000000000e+02 0.000000000000000000e+00
6.290000000000000000e+02 0.000000000000000000e+00
6.300000000000000000e+02 0.000000000000000000e+00
6.320000000000000000e+02 0.000000000000000000e+00
6.330000000000000000e+02 0.000000000000000000e+00
6.340000000000000000e+02 0.000000000000000000e+00
6.340000000000000000e+02 0.000000000000000000e+00
6.360000000000000000e+02 0.000000000000000000e+00
6.370000000000000000e+02 0.000000000000000000e+00
6.380000000000000000e+02 0.000000000000000000e+00
6.380000000000000000e+02 0.000000000000000000e+00
6.400000000000000000e+02 0.000000000000000000e+00
6.410000000000000000e+02 0.000000000000000000e+00
6.410000000000000000e+02 0.000000000000000000e+00
6.420000000000000000e+02 0.000000000000000000e+00
6.430000000000000000e+02 0.000000000000000000e+00
6.450000000000000000e+02 0.000000000000000000e+00
6.450000000000000000e+02 0.000000000000000000e+00
6.470000000000000000e+02 0.000000000000000000e+00
6.470000000000000000e+02 0.000000000000000000e+00
6.490000000000000000e+02 0.000000000000000000e+00
6.490000000000000000e+02 0.000000000000000000e+00
6.500000000000000000e+02 0.000000000000000000e+00
6.520000000000000000e+02 0.000000000000000000e+00
6.530000000000000000e+02 0.000000000000000000e+00
6.540000000000000000e+02 0.000000000000000000e+00
6.550000000000000000e+02 0.000000000000000000e+00
6.560000000000000000e+02 0.000000000000000000e+00
6.560000000000000000e+02 0.000000000000000000e+00
6.580000000000000000e+02 0.000000000000000000e+00
6.580000000000000000e+02 0.000000000000000000e+00
6.600000000000000000e+02 0.000000000000000000e+00
6.610000000000000000e+02 0.000000000000000000e+00
6.610000000000000000e+02 0.000000000000000000e+00
6.630000000000000000e+02 0.000000000000000000e+00
6.640000000000000000e+02 0.000000000000000000e+00
6.650000000000000000e+02 0.000000000000000000e+00
6.650000000000000000e+02 0.000000000000000000e+00
6.670000000000000000e+02 0.000000000000000000e+00
6.680000000000000000e+02 0.000000000000000000e+00
6.690000000000000000e+02 0.000000000000000000e+00
6.700000000000000000e+02 0.000000000000000000e+00
6.700000000000000000e+02 0.000000000000000000e+00
6.720000000000000000e+02 0.000000000000000000e+00
6.730000000000000000e+02 0.000000000000000000e+00
6.740000000000000000e+02 0.000000000000000000e+00
6.750000000000000000e+02 0.000000000000000000e+00
6.760000000000000000e+02 0.000000000000000000e+00
6.770000000000000000e+02 0.000000000000000000e+00
6.780000000000000000e+02 0.000000000000000000e+00
6.790000000000000000e+02 0.000000000000000000e+00
6.790000000000000000e+02 0.000000000000000000e+00
6.810000000000000000e+02 0.000000000000000000e+00
6.820000000000000000e+02 0.000000000000000000e+00
6.830000000000000000e+02 0.000000000000000000e+00
6.830000000000000000e+02 0.000000000000000000e+00
6.850000000000000000e+02 0.000000000000000000e+00
6.860000000000000000e+02 0.000000000000000000e+00
6.870000000000000000e+02 0.000000000000000000e+00
6.880000000000000000e+02 0.000000000000000000e+00
6.880000000000000000e+02 0.000000000000000000e+00
6.900000000000000000e+02 0.000000000000000000e+00
6.910000000000000000e+02 0.000000000000000000e+00
6.920000000000000000e+02 0.000000000000000000e+00
6.920000000000000000e+02 0.000000000000000000e+00
6.940000000000000000e+02 0.000000000000000000e+00
6.950000000000000000e+02 0.000000000000000000e+00
6.960000000000000000e+02 0.000000000000000000e+00
6.960000000000000000e+02 0.000000000000000000e+00
6.980000000000000000e+02 0.000000000000000000e+00
6.990000000000000000e+02 0.000000000000000000e+00
7.000000000000000000e+02 0.000000000000000000e+00
7.010000000000000000e+02 0.000000000000000000e+00
7.010000000000000000e+02 0.000000000000000000e+00
7.030000000000000000e+02 0.000000000000000000e+00
7.040000000000000000e+02 0.000000000000000000e+00
7.050000000000000000e+02 0.000000000000000000e+00
7.050000000000000000e+02 0.000000000000000000e+00
7.070000000000000000e+02 0.000000000000000000e+00
7.080000000000000000e+02 0.000000000000000000e+00
7.090000000000000000e+02 0.000000000000000000e+00
7.100000000000000000e+02 0.000000000000000000e+00
7.100000000000000000e+02 0.000000000000000000e+00
7.120000000000000000e+02 0.000000000000000000e+00
7.130000000000000000e+02 0.000000000000000000e+00
7.140000000000000000e+02 0.000000000000000000e+00
7.150000000000000000e+02 0.000000000000000000e+00
7.160000000000000000e+02 0.000000000000000000e+00
7.170000000000000000e+02 0.000000000000000000e+00
7.180000000000000000e+02 0.000000000000000000e+00
7.190000000000000000e+02 0.000000000000000000e+00
7.190000000000000000e+02 0.000000000000000000e+00
7.210000000000000000e+02 0.000000000000000000e+00
7.220000000000000000e+02 0.000000000000000000e+00
7.230000000000000000e+02 0.000000000000000000e+00
7.230000000000000000e+02 0.000000000000000000e+00
7.250000000000000000e+02 0.000000000000000000e+00
7.260000000000000000e+02 0.000000000000000000e+00
7.270000000000000000e+02 0.000000000000000000e+00
7.270000000000000000e+02 0.000000000000000000e+00
7.280000000000000000e+02 0.000000000000000000e+00
7.300000000000000000e+02 0.000000000000000000e+00
7.310000000000000000e+02 0.000000000000000000e+00
7.310000000000000000e+02 0.000000000000000000e+00
7.320000000000000000e+02 0.000000000000000000e+00
7.340000000000000000e+02 0.000000000000000000e+00
7.350000000000000000e+02 0.000000000000000000e+00
7.350000000000000000e+02 0.000000000000000000e+00
7.360000000000000000e+02 0.000000000000000000e+00
7.370000000000000000e+02 0.000000000000000000e+00
7.390000000000000000e+02 0.000000000000000000e+00
7.400000000000000000e+02 0.000000000000000000e+00
7.410000000000000000e+02 0.000000000000000000e+00
7.410000000000000000e+02 0.000000000000000000e+00
7.430000000000000000e+02 0.000000000000000000e+00
7.440000000000000000e+02 0.000000000000000000e+00
7.450000000000000000e+02 0.000000000000000000e+00
7.450000000000000000e+02 0.000000000000000000e+00
7.460000000000000000e+02 0.000000000000000000e+00
7.480000000000000000e+02 0.000000000000000000e+00
7.490000000000000000e+02 0.000000000000000000e+00
7.500000000000000000e+02 0.000000000000000000e+00
7.500000000000000000e+02 0.000000000000000000e+00
7.520000000000000000e+02 0.000000000000000000e+00
7.530000000000000000e+02 0.000000000000000000e+00
7.540000000000000000e+02 0.000000000000000000e+00
7.540000000000000000e+02 0.000000000000000000e+00
7.560000000000000000e+02 0.000000000000000000e+00
7.570000000000000000e+02 0.000000000000000000e+00
7.580000000000000000e+02 0.000000000000000000e+00
7.590000000000000000e+02 0.000000000000000000e+00
7.600000000000000000e+02 0.000000000000000000e+00
7.610000000000000000e+02 0.000000000000000000e+00
7.620000000000000000e+02 0.000000000000000000e+00
7.630000000000000000e+02 0.000000000000000000e+00
7.640000000000000000e+02 0.000000000000000000e+00
7.650000000000000000e+02 0.000000000000000000e+00
7.660000000000000000e+02 0.000000000000000000e+00
7.670000000000000000e+02 0.000000000000000000e+00
7.680000000000000000e+02 0.000000000000000000e+00
7.690000000000000000e+02 0.000000000000000000e+00
7.700000000000000000e+02 0.000000000000000000e+00
7.700000000000000000e+02 0.000000000000000000e+00
7.720000000000000000e+02 0.000000000000000000e+00
7.730000000000000000e+02 0.000000000000000000e+00
7.740000000000000000e+02 0.000000000000000000e+00
7.740000000000000000e+02 0.000000000000000000e+00
7.760000000000000000e+02 0.000000000000000000e+00
7.770000000000000000e+02 0.000000000000000000e+00
7.770000000000000000e+02 0.000000000000000000e+00
7.780000000000000000e+02 0.000000000000000000e+00
7.800000000000000000e+02 0.000000000000000000e+00
7.810000000000000000e+02 0.000000000000000000e+00
7.810000000000000000e+02 0.000000000000000000e+00
7.830000000000000000e+02 0.000000000000000000e+00
7.840000000000000000e+02 0.000000000000000000e+00
7.850000000000000000e+02 0.000000000000000000e+00
7.850000000000000000e+02 0.000000000000000000e+00
7.860000000000000000e+02 0.000000000000000000e+00
7.880000000000000000e+02 0.000000000000000000e+00
7.890000000000000000e+02 0.000000000000000000e+00
7.900000000000000000e+02 0.000000000000000000e+00
7.910000000000000000e+02 0.000000000000000000e+00
7.920000000000000000e+02 0.000000000000000000e+00
7.930000000000000000e+02 0.000000000000000000e+00
7.940000000000000000e+02 0.000000000000000000e+00
7.940000000000000000e+02 0.000000000000000000e+00
7.950000000000000000e+02 0.000000000000000000e+00
7.970000000000000000e+02 0.000000000000000000e+00
7.980000000000000000e+02 0.000000000000000000e+00
7.990000000000000000e+02 0.000000000000000000e+00
7.990000000000000000e+02 0.000000000000000000e+00
8.010000000000000000e+02 0.000000000000000000e+00
8.020000000000000000e+02 0.000000000000000000e+00
8.030000000000000000e+02 0.000000000000000000e+00
8.040000000000000000e+02 0.000000000000000000e+00
8.050000000000000000e+02 0.000000000000000000e+00
8.060000000000000000e+02 0.000000000000000000e+00
8.070000000000000000e+02 0.000000000000000000e+00
8.080000000000000000e+02 0.000000000000000000e+00
8.080000000000000000e+02 0.000000000000000000e+00
8.100000000000000000e+02 0.000000000000000000e+00
8.110000000000000000e+02 0.000000000000000000e+00
8.120000000000000000e+02 0.000000000000000000e+00
8.130000000000000000e+02 0.000000000000000000e+00
8.140000000000000000e+02 0.000000000000000000e+00
8.150000000000000000e+02 0.000000000000000000e+00
8.160000000000000000e+02 0.000000000000000000e+00
8.160000000000000000e+02 0.000000000000000000e+00
8.170000000000000000e+02 0.000000000000000000e+00
8.190000000000000000e+02 0.000000000000000000e+00
8.200000000000000000e+02 0.000000000000000000e+00
8.210000000000000000e+02 0.000000000000000000e+00
8.210000000000000000e+02 0.000000000000000000e+00
8.230000000000000000e+02 0.000000000000000000e+00
8.240000000000000000e+02 0.000000000000000000e+00
8.250000000000000000e+02 0.000000000000000000e+00
8.250000000000000000e+02 0.000000000000000000e+00
8.260000000000000000e+02 0.000000000000000000e+00
8.280000000000000000e+02 0.000000000000000000e+00
8.290000000000000000e+02 0.000000000000000000e+00
8.300000000000000000e+02 0.000000000000000000e+00
8.300000000000000000e+02 0.000000000000000000e+00
8.320000000000000000e+02 0.000000000000000000e+00
8.330000000000000000e+02 0.000000000000000000e+00
8.340000000000000000e+02 0.000000000000000000e+00
8.340000000000000000e+02 0.000000000000000000e+00
8.360000000000000000e+02 0.000000000000000000e+00
8.370000000000000000e+02 0.000000000000000000e+00
8.380000000000000000e+02 0.000000000000000000e+00
8.390000000000000000e+02 0.000000000000000000e+00
8.390000000000000000e+02 0.000000000000000000e+00
8.410000000000000000e+02 0.000000000000000000e+00
8.420000000000000000e+02 0.000000000000000000e+00
8.430000000000000000e+02 0.000000000000000000e+00
8.430000000000000000e+02 0.000000000000000000e+00
8.440000000000000000e+02 0.000000000000000000e+00
8.460000000000000000e+02 0.000000000000000000e+00
8.470000000000000000e+02 0.000000000000000000e+00
8.480000000000000000e+02 0.000000000000000000e+00
8.480000000000000000e+02 0.000000000000000000e+00
8.500000000000000000e+02 0.000000000000000000e+00
8.510000000000000000e+02 0.000000000000000000e+00
8.520000000000000000e+02 0.000000000000000000e+00
8.520000000000000000e+02 0.000000000000000000e+00
8.540000000000000000e+02 0.000000000000000000e+00
8.550000000000000000e+02 0.000000000000000000e+00
8.560000000000000000e+02 0.000000000000000000e+00
8.570000000000000000e+02 0.000000000000000000e+00
8.580000000000000000e+02 0.000000000000000000e+00
8.590000000000000000e+02 0.000000000000000000e+00
8.600000000000000000e+02 0.000000000000000000e+00
8.610000000000000000e+02 0.000000000000000000e+00
8.620000000000000000e+02 0.000000000000000000e+00
8.630000000000000000e+02 0.000000000000000000e+00
8.640000000000000000e+02 0.000000000000000000e+00
8.650000000000000000e+02 0.000000000000000000e+00
8.660000000000000000e+02 0.000000000000000000e+00
8.670000000000000000e+02 0.000000000000000000e+00
8.680000000000000000e+02 0.000000000000000000e+00
8.690000000000000000e+02 0.000000000000000000e+00
8.700000000000000000e+02 0.000000000000000000e+00
8.710000000000000000e+02 0.000000000000000000e+00
8.720000000000000000e+02 0.000000000000000000e+00
8.730000000000000000e+02 0.000000000000000000e+00
8.740000000000000000e+02 0.000000000000000000e+00
8.750000000000000000e+02 0.000000000000000000e+00
8.750000000000000000e+02 0.000000000000000000e+00
8.770000000000000000e+02 0.000000000000000000e+00
8.780000000000000000e+02 0.000000000000000000e+00
8.790000000000000000e+02 0.000000000000000000e+00
8.790000000000000000e+02 0.000000000000000000e+00
8.810000000000000000e+02 0.000000000000000000e+00
8.820000000000000000e+02 0.000000000000000000e+00
8.830000000000000000e+02 0.000000000000000000e+00
8.830000000000000000e+02 0.000000000000000000e+00
8.840000000000000000e+02 0.000000000000000000e+00
8.860000000000000000e+02 0.000000000000000000e+00
8.870000000000000000e+02 0.000000000000000000e+00
8.880000000000000000e+02 0.000000000000000000e+00
8.880000000000000000e+02 0.000000000000000000e+00
8.900000000000000000e+02 0.000000000000000000e+00
8.910000000000000000e+02 0.000000000000000000e+00
8.920000000000000000e+02 0.000000000000000000e+00
8.920000000000000000e+02 0.000000000000000000e+00
8.940000000000000000e+02 0.000000000000000000e+00
8.950000000000000000e+02 0.000000000000000000e+00
8.960000000000000000e+02 0.000000000000000000e+00
8.970000000000000000e+02 0.000000000000000000e+00
8.970000000000000000e+02 0.000000000000000000e+00
8.990000000000000000e+02 0.000000000000000000e+00
8.990000000000000000e+02 0.000000000000000000e+00
9.010000000000000000e+02 0.000000000000000000e+00
9.020000000000000000e+02 0.000000000000000000e+00
9.020000000000000000e+02 0.000000000000000000e+00
9.040000000000000000e+02 0.000000000000000000e+00
9.050000000000000000e+02 0.000000000000000000e+00
9.060000000000000000e+02 0.000000000000000000e+00
9.070000000000000000e+02 0.000000000000000000e+00
9.070000000000000000e+02 0.000000000000000000e+00
9.090000000000000000e+02 0.000000000000000000e+00
9.100000000000000000e+02 0.000000000000000000e+00
9.100000000000000000e+02 0.000000000000000000e+00
9.110000000000000000e+02 0.000000000000000000e+00
9.130000000000000000e+02 0.000000000000000000e+00
9.140000000000000000e+02 0.000000000000000000e+00
9.140000000000000000e+02 0.000000000000000000e+00
9.150000000000000000e+02 0.000000000000000000e+00
9.170000000000000000e+02 0.000000000000000000e+00
9.180000000000000000e+02 0.000000000000000000e+00
9.190000000000000000e+02 0.000000000000000000e+00
9.190000000000000000e+02 0.000000000000000000e+00
9.210000000000000000e+02 0.000000000000000000e+00
9.220000000000000000e+02 0.000000000000000000e+00
9.230000000000000000e+02 0.000000000000000000e+00
9.240000000000000000e+02 0.000000000000000000e+00
9.240000000000000000e+02 0.000000000000000000e+00
9.260000000000000000e+02 0.000000000000000000e+00
9.270000000000000000e+02 0.000000000000000000e+00
9.280000000000000000e+02 0.000000000000000000e+00
9.280000000000000000e+02 0.000000000000000000e+00
9.300000000000000000e+02 0.000000000000000000e+00
9.310000000000000000e+02 0.000000000000000000e+00
9.320000000000000000e+02 0.000000000000000000e+00
9.320000000000000000e+02 0.000000000000000000e+00
9.340000000000000000e+02 0.000000000000000000e+00
9.350000000000000000e+02 0.000000000000000000e+00
9.360000000000000000e+02 0.000000000000000000e+00
9.370000000000000000e+02 0.000000000000000000e+00
9.370000000000000000e+02 0.000000000000000000e+00
9.390000000000000000e+02 0.000000000000000000e+00
9.400000000000000000e+02 0.000000000000000000e+00
9.410000000000000000e+02 0.000000000000000000e+00
9.410000000000000000e+02 0.000000000000000000e+00
9.420000000000000000e+02 0.000000000000000000e+00
9.440000000000000000e+02 0.000000000000000000e+00
9.450000000000000000e+02 0.000000000000000000e+00
9.460000000000000000e+02 0.000000000000000000e+00
9.460000000000000000e+02 0.000000000000000000e+00
9.480000000000000000e+02 0.000000000000000000e+00
9.490000000000000000e+02 0.000000000000000000e+00
9.500000000000000000e+02 0.000000000000000000e+00
9.500000000000000000e+02 0.000000000000000000e+00
9.520000000000000000e+02 0.000000000000000000e+00
9.530000000000000000e+02 0.000000000000000000e+00
9.540000000000000000e+02 0.000000000000000000e+00
9.550000000000000000e+02 0.000000000000000000e+00
9.560000000000000000e+02 0.000000000000000000e+00
9.570000000000000000e+02 0.000000000000000000e+00
9.580000000000000000e+02 0.000000000000000000e+00
9.580000000000000000e+02 0.000000000000000000e+00
9.600000000000000000e+02 0.000000000000000000e+00
9.610000000000000000e+02 0.000000000000000000e+00
9.620000000000000000e+02 0.000000000000000000e+00
9.630000000000000000e+02 0.000000000000000000e+00
9.640000000000000000e+02 0.000000000000000000e+00
9.640000000000000000e+02 0.000000000000000000e+00
9.660000000000000000e+02 0.000000000000000000e+00
9.670000000000000000e+02 0.000000000000000000e+00
9.680000000000000000e+02 0.000000000000000000e+00
9.690000000000000000e+02 0.000000000000000000e+00
9.700000000000000000e+02 0.000000000000000000e+00
9.710000000000000000e+02 0.000000000000000000e+00
9.720000000000000000e+02 0.000000000000000000e+00
9.720000000000000000e+02 0.000000000000000000e+00
9.730000000000000000e+02 0.000000000000000000e+00
9.750000000000000000e+02 0.000000000000000000e+00
9.760000000000000000e+02 0.000000000000000000e+00
9.770000000000000000e+02 0.000000000000000000e+00
9.770000000000000000e+02 0.000000000000000000e+00
9.790000000000000000e+02 0.000000000000000000e+00
9.800000000000000000e+02 0.000000000000000000e+00
9.800000000000000000e+02 0.000000000000000000e+00
9.810000000000000000e+02 0.000000000000000000e+00
9.820000000000000000e+02 0.000000000000000000e+00
9.840000000000000000e+02 0.000000000000000000e+00
9.850000000000000000e+02 0.000000000000000000e+00
9.860000000000000000e+02 0.000000000000000000e+00
9.870000000000000000e+02 0.000000000000000000e+00
9.880000000000000000e+02 0.000000000000000000e+00
9.880000000000000000e+02 0.000000000000000000e+00
9.890000000000000000e+02 0.000000000000000000e+00
9.900000000000000000e+02 0.000000000000000000e+00
9.920000000000000000e+02 0.000000000000000000e+00
9.930000000000000000e+02 0.000000000000000000e+00
9.930000000000000000e+02 0.000000000000000000e+00
9.950000000000000000e+02 0.000000000000000000e+00
9.960000000000000000e+02 0.000000000000000000e+00
9.970000000000000000e+02 0.000000000000000000e+00
9.980000000000000000e+02 0.000000000000000000e+00
9.980000000000000000e+02 0.000000000000000000e+00
1.000000000000000000e+03 0.000000000000000000e+00
