0.000000000000000000e+00 1.899719238281250000e-03
1.000000000000000000e+00 3.616333007812500000e-03
3.000000000000000000e+00 5.165100097656250000e-03
3.000000000000000000e+00 6.561279296875000000e-03
5.000000000000000000e+00 7.808685302734375000e-03
6.000000000000000000e+00 8.926391601562500000e-03
7.000000000000000000e+00 9.925842285156250000e-03
7.000000000000000000e+00 1.080322265625000000e-02
9.000000000000000000e+00 1.158905029296875000e-02
1.000000000000000000e+01 1.227569580078125000e-02
1.100000000000000000e+01 1.287078857421875000e-02
1.200000000000000000e+01 1.338958740234375000e-02
1.300000000000000000e+01 1.383209228515625000e-02
1.400000000000000000e+01 1.420593261718750000e-02
1.500000000000000000e+01 1.451873779296875000e-02
1.500000000000000000e+01 1.477813720703125000e-02
1.700000000000000000e+01 1.498413085937500000e-02
1.800000000000000000e+01 1.513671875000000000e-02
1.900000000000000000e+01 1.525115966796875000e-02
2.000000000000000000e+01 1.532745361328125000e-02
2.100000000000000000e+01 1.536560058593750000e-02
2.200000000000000000e+01 1.537322998046875000e-02
2.200000000000000000e+01 1.535034179687500000e-02
2.400000000000000000e+01 1.529693603515625000e-02
2.400000000000000000e+01 1.522064208984375000e-02
2.600000000000000000e+01 1.512908935546875000e-02
2.700000000000000000e+01 1.500701904296875000e-02
2.800000000000000000e+01 1.487731933593750000e-02
2.900000000000000000e+01 1.472473144531250000e-02
3.000000000000000000e+01 1.456451416015625000e-02
3.100000000000000000e+01 1.438903808593750000e-02
3.100000000000000000e+01 1.419830322265625000e-02
3.200000000000000000e+01 1.399993896484375000e-02
3.400000000000000000e+01 1.379394531250000000e-02
3.500000000000000000e+01 1.358795166015625000e-02
3.600000000000000000e+01 1.336669921875000000e-02
3.700000000000000000e+01 1.314544677734375000e-02
3.800000000000000000e+01 1.291656494140625000e-02
3.900000000000000000e+01 1.268768310546875000e-02
4.000000000000000000e+01 1.245117187500000000e-02
4.100000000000000000e+01 1.221466064453125000e-02
4.200000000000000000e+01 1.197814941406250000e-02
4.300000000000000000e+01 1.174163818359375000e-02
4.400000000000000000e+01 1.150512695312500000e-02
4.400000000000000000e+01 1.126861572265625000e-02
4.500000000000000000e+01 1.103210449218750000e-02
4.700000000000000000e+01 1.079559326171875000e-02
4.800000000000000000e+01 1.055908203125000000e-02
4.900000000000000000e+01 1.033020019531250000e-02
4.900000000000000000e+01 1.010131835937500000e-02
5.100000000000000000e+01 9.872436523437500000e-03
5.200000000000000000e+01 9.643554687500000000e-03
5.300000000000000000e+01 9.422302246093750000e-03
5.400000000000000000e+01 9.201049804687500000e-03
5.400000000000000000e+01 8.987426757812500000e-03
5.600000000000000000e+01 8.773803710937500000e-03
5.600000000000000000e+01 8.560180664062500000e-03
5.800000000000000000e+01 8.354187011718750000e-03
5.900000000000000000e+01 8.148193359375000000e-03
6.000000000000000000e+01 7.949829101562500000e-03
6.100000000000000000e+01 7.755279541015625000e-03
6.200000000000000000e+01 7.560729980468750000e-03
6.300000000000000000e+01 7.373809814453125000e-03
6.300000000000000000e+01 7.186889648437500000e-03
6.500000000000000000e+01 7.007598876953125000e-03
6.500000000000000000e+01 6.828308105468750000e-03
6.700000000000000000e+01 6.652832031250000000e-03
6.800000000000000000e+01 6.484985351562500000e-03
6.900000000000000000e+01 6.317138671875000000e-03
7.000000000000000000e+01 6.156921386718750000e-03
7.000000000000000000e+01 5.996704101562500000e-03
7.200000000000000000e+01 5.840301513671875000e-03
7.300000000000000000e+01 5.687713623046875000e-03
7.400000000000000000e+01 5.542755126953125000e-03
7.500000000000000000e+01 5.397796630859375000e-03
7.600000000000000000e+01 5.256652832031250000e-03
7.700000000000000000e+01 5.115509033203125000e-03
7.800000000000000000e+01 4.981994628906250000e-03
7.900000000000000000e+01 4.852294921875000000e-03
8.000000000000000000e+01 4.722595214843750000e-03
8.000000000000000000e+01 4.600524902343750000e-03
8.200000000000000000e+01 4.478454589843750000e-03
8.300000000000000000e+01 4.360198974609375000e-03
8.400000000000000000e+01 4.241943359375000000e-03
8.400000000000000000e+01 4.131317138671875000e-03
8.600000000000000000e+01 4.020690917968750000e-03
8.700000000000000000e+01 3.913879394531250000e-03
8.800000000000000000e+01 3.808975219726562500e-03
8.900000000000000000e+01 3.707885742187500000e-03
8.900000000000000000e+01 3.608703613281250000e-03
9.000000000000000000e+01 3.513336181640625000e-03
9.100000000000000000e+01 3.419876098632812500e-03
9.300000000000000000e+01 3.328323364257812500e-03
9.400000000000000000e+01 3.238677978515625000e-03
9.500000000000000000e+01 3.152847290039062500e-03
9.600000000000000000e+01 3.068923950195312500e-03
9.700000000000000000e+01 2.986907958984375000e-03
9.800000000000000000e+01 2.906799316406250000e-03
9.900000000000000000e+01 2.828598022460937500e-03
9.900000000000000000e+01 2.754211425781250000e-03
1.010000000000000000e+02 2.679824829101562500e-03
1.020000000000000000e+02 2.607345581054687500e-03
1.030000000000000000e+02 2.538681030273437500e-03
1.040000000000000000e+02 2.470016479492187500e-03
1.040000000000000000e+02 2.403259277343750000e-03
1.060000000000000000e+02 2.340316772460937500e-03
1.070000000000000000e+02 2.277374267578125000e-03
1.080000000000000000e+02 2.216339111328125000e-03
1.090000000000000000e+02 2.155303955078125000e-03
1.090000000000000000e+02 2.098083496093750000e-03
1.110000000000000000e+02 2.042770385742187500e-03
1.120000000000000000e+02 1.987457275390625000e-03
1.130000000000000000e+02 1.933097839355468750e-03
1.130000000000000000e+02 1.881599426269531250e-03
1.140000000000000000e+02 1.831054687500000000e-03
1.160000000000000000e+02 1.781463623046875000e-03
1.170000000000000000e+02 1.733779907226562500e-03
1.180000000000000000e+02 1.687049865722656250e-03
1.190000000000000000e+02 1.641273498535156250e-03
1.200000000000000000e+02 1.596450805664062500e-03
1.210000000000000000e+02 1.553535461425781250e-03
1.220000000000000000e+02 1.511573791503906250e-03
1.230000000000000000e+02 1.470565795898437500e-03
1.240000000000000000e+02 1.430511474609375000e-03
1.250000000000000000e+02 1.392364501953125000e-03
1.260000000000000000e+02 1.354217529296875000e-03
1.270000000000000000e+02 1.317024230957031250e-03
1.270000000000000000e+02 1.281738281250000000e-03
1.290000000000000000e+02 1.246452331542968750e-03
1.300000000000000000e+02 1.212120056152343750e-03
1.310000000000000000e+02 1.178741455078125000e-03
1.310000000000000000e+02 1.147270202636718750e-03
1.330000000000000000e+02 1.115798950195312500e-03
1.340000000000000000e+02 1.085281372070312500e-03
1.350000000000000000e+02 1.054763793945312500e-03
1.360000000000000000e+02 1.026153564453125000e-03
1.370000000000000000e+02 9.975433349609375000e-04
1.380000000000000000e+02 9.698867797851562500e-04
1.390000000000000000e+02 9.431838989257812500e-04
1.400000000000000000e+02 9.169578552246093750e-04
1.400000000000000000e+02 8.916854858398437500e-04
1.410000000000000000e+02 8.668899536132812500e-04
1.430000000000000000e+02 8.425712585449218750e-04
1.440000000000000000e+02 8.192062377929687500e-04
1.450000000000000000e+02 7.963180541992187500e-04
1.460000000000000000e+02 7.739067077636718750e-04
1.470000000000000000e+02 7.519721984863281250e-04
1.480000000000000000e+02 7.309913635253906250e-04
1.490000000000000000e+02 7.104873657226562500e-04
1.500000000000000000e+02 6.904602050781250000e-04
1.500000000000000000e+02 6.709098815917968750e-04
1.520000000000000000e+02 6.518363952636718750e-04
1.530000000000000000e+02 6.332397460937500000e-04
1.540000000000000000e+02 6.151199340820312500e-04
1.550000000000000000e+02 5.974769592285156250e-04
1.560000000000000000e+02 5.803108215332031250e-04
1.570000000000000000e+02 5.640983581542968750e-04
1.580000000000000000e+02 5.478858947753906250e-04
1.590000000000000000e+02 5.321502685546875000e-04
1.600000000000000000e+02 5.164146423339843750e-04
1.600000000000000000e+02 5.016326904296875000e-04
1.610000000000000000e+02 4.870891571044921875e-04
1.630000000000000000e+02 4.730224609375000000e-04
1.640000000000000000e+02 4.591941833496093750e-04
1.650000000000000000e+02 4.458427429199218750e-04
1.660000000000000000e+02 4.327297210693359375e-04
1.670000000000000000e+02 4.200935363769531250e-04
1.680000000000000000e+02 4.079341888427734375e-04
1.690000000000000000e+02 3.957748413085937500e-04
1.690000000000000000e+02 3.840923309326171875e-04
1.700000000000000000e+02 3.728866577148437500e-04
1.720000000000000000e+02 3.619194030761718750e-04
1.730000000000000000e+02 3.511905670166015625e-04
1.740000000000000000e+02 3.407001495361328125e-04
1.750000000000000000e+02 3.304481506347656250e-04
1.760000000000000000e+02 3.206729888916015625e-04
1.770000000000000000e+02 3.111362457275390625e-04
1.780000000000000000e+02 3.018379211425781250e-04
1.790000000000000000e+02 2.927780151367187500e-04
1.790000000000000000e+02 2.839565277099609375e-04
1.800000000000000000e+02 2.753734588623046875e-04
1.810000000000000000e+02 2.670288085937500000e-04
1.820000000000000000e+02 2.589225769042968750e-04
1.830000000000000000e+02 2.512931823730468750e-04
1.850000000000000000e+02 2.435445785522460938e-04
1.860000000000000000e+02 2.361536026000976562e-04
1.870000000000000000e+02 2.290010452270507812e-04
1.880000000000000000e+02 2.219676971435546875e-04
1.890000000000000000e+02 2.152919769287109375e-04
1.900000000000000000e+02 2.086162567138671875e-04
1.910000000000000000e+02 2.022981643676757812e-04
1.920000000000000000e+02 1.960992813110351562e-04
1.930000000000000000e+02 1.900196075439453125e-04
1.940000000000000000e+02 1.841783523559570312e-04
1.950000000000000000e+02 1.784563064575195312e-04
1.960000000000000000e+02 1.729726791381835938e-04
1.970000000000000000e+02 1.676082611083984375e-04
1.980000000000000000e+02 1.624822616577148438e-04
1.980000000000000000e+02 1.574754714965820312e-04
1.990000000000000000e+02 1.525878906250000000e-04
2.010000000000000000e+02 1.478195190429687500e-04
2.020000000000000000e+02 1.431703567504882812e-04
2.030000000000000000e+02 1.387596130371093750e-04
2.040000000000000000e+02 1.344680786132812500e-04
2.050000000000000000e+02 1.302957534790039062e-04
2.060000000000000000e+02 1.262426376342773438e-04
2.070000000000000000e+02 1.221895217895507812e-04
2.080000000000000000e+02 1.184344291687011719e-04
2.090000000000000000e+02 1.147389411926269531e-04
2.090000000000000000e+02 1.111030578613281250e-04
2.100000000000000000e+02 1.076459884643554688e-04
2.120000000000000000e+02 1.042485237121582031e-04
2.130000000000000000e+02 1.009702682495117188e-04
2.140000000000000000e+02 9.781122207641601562e-05
2.150000000000000000e+02 9.471178054809570312e-05
2.160000000000000000e+02 9.173154830932617188e-05
2.170000000000000000e+02 8.887052536010742188e-05
2.180000000000000000e+02 8.606910705566406250e-05
2.180000000000000000e+02 8.338689804077148438e-05
2.190000000000000000e+02 8.076429367065429688e-05
2.200000000000000000e+02 7.820129394531250000e-05
2.220000000000000000e+02 7.575750350952148438e-05
2.230000000000000000e+02 7.331371307373046875e-05
2.240000000000000000e+02 7.104873657226562500e-05
2.240000000000000000e+02 6.878376007080078125e-05
2.260000000000000000e+02 6.663799285888671875e-05
2.260000000000000000e+02 6.449222564697265625e-05
2.270000000000000000e+02 6.246566772460937500e-05
2.280000000000000000e+02 6.049871444702148438e-05
2.290000000000000000e+02 5.859136581420898438e-05
2.310000000000000000e+02 5.674362182617187500e-05
2.320000000000000000e+02 5.495548248291015625e-05
2.330000000000000000e+02 5.322694778442382812e-05
2.340000000000000000e+02 5.155801773071289062e-05
2.350000000000000000e+02 4.994869232177734375e-05
2.360000000000000000e+02 4.833936691284179688e-05
2.370000000000000000e+02 4.684925079345703125e-05
2.380000000000000000e+02 4.535913467407226562e-05
2.390000000000000000e+02 4.392862319946289062e-05
2.400000000000000000e+02 4.255771636962890625e-05
2.410000000000000000e+02 4.124641418457031250e-05
2.420000000000000000e+02 3.993511199951171875e-05
2.430000000000000000e+02 3.868341445922851562e-05
2.440000000000000000e+02 3.749132156372070312e-05
2.450000000000000000e+02 3.629922866821289062e-05
2.460000000000000000e+02 3.516674041748046875e-05
2.470000000000000000e+02 3.409385681152343750e-05
2.480000000000000000e+02 3.302097320556640625e-05
2.490000000000000000e+02 3.194808959960937500e-05
2.500000000000000000e+02 3.099441528320312500e-05
2.510000000000000000e+02 2.998113632202148438e-05
2.520000000000000000e+02 2.908706665039062500e-05
2.530000000000000000e+02 2.819299697875976562e-05
2.540000000000000000e+02 2.729892730712890625e-05
2.550000000000000000e+02 2.646446228027343750e-05
2.550000000000000000e+02 2.562999725341796875e-05
2.570000000000000000e+02 2.485513687133789062e-05
2.580000000000000000e+02 2.408027648925781250e-05
2.590000000000000000e+02 2.330541610717773438e-05
2.600000000000000000e+02 2.259016036987304688e-05
2.610000000000000000e+02 2.193450927734375000e-05
2.620000000000000000e+02 2.121925354003906250e-05
2.630000000000000000e+02 2.056360244750976562e-05
2.630000000000000000e+02 1.996755599975585938e-05
2.650000000000000000e+02 1.931190490722656250e-05
2.660000000000000000e+02 1.877546310424804688e-05
2.670000000000000000e+02 1.817941665649414062e-05
2.680000000000000000e+02 1.764297485351562500e-05
2.690000000000000000e+02 1.710653305053710938e-05
2.700000000000000000e+02 1.657009124755859375e-05
2.710000000000000000e+02 1.603364944458007812e-05
2.720000000000000000e+02 1.555681228637695312e-05
2.730000000000000000e+02 1.507997512817382812e-05
2.740000000000000000e+02 1.466274261474609375e-05
2.750000000000000000e+02 1.418590545654296875e-05
2.760000000000000000e+02 1.376867294311523438e-05
2.770000000000000000e+02 1.335144042968750000e-05
2.780000000000000000e+02 1.293420791625976562e-05
2.790000000000000000e+02 1.257658004760742188e-05
2.800000000000000000e+02 1.215934753417968750e-05
2.810000000000000000e+02 1.180171966552734375e-05
2.810000000000000000e+02 1.144409179687500000e-05
2.830000000000000000e+02 1.114606857299804688e-05
2.830000000000000000e+02 1.078844070434570312e-05
2.850000000000000000e+02 1.049041748046875000e-05
2.860000000000000000e+02 1.013278961181640625e-05
2.870000000000000000e+02 9.834766387939453125e-06
2.880000000000000000e+02 9.536743164062500000e-06
2.890000000000000000e+02 9.298324584960937500e-06
2.900000000000000000e+02 9.000301361083984375e-06
2.910000000000000000e+02 8.702278137207031250e-06
2.920000000000000000e+02 8.463859558105468750e-06
2.920000000000000000e+02 8.225440979003906250e-06
2.940000000000000000e+02 7.987022399902343750e-06
2.940000000000000000e+02 7.748603820800781250e-06
2.960000000000000000e+02 7.510185241699218750e-06
2.970000000000000000e+02 7.271766662597656250e-06
2.980000000000000000e+02 7.092952728271484375e-06
2.990000000000000000e+02 6.854534149169921875e-06
3.000000000000000000e+02 6.675720214843750000e-06
3.010000000000000000e+02 6.496906280517578125e-06
3.010000000000000000e+02 6.258487701416015625e-06
3.030000000000000000e+02 6.079673767089843750e-06
3.040000000000000000e+02 5.900859832763671875e-06
3.050000000000000000e+02 5.722045898437500000e-06
3.060000000000000000e+02 5.602836608886718750e-06
3.070000000000000000e+02 5.424022674560546875e-06
3.080000000000000000e+02 5.245208740234375000e-06
3.090000000000000000e+02 5.125999450683593750e-06
3.100000000000000000e+02 4.947185516357421875e-06
3.100000000000000000e+02 4.827976226806640625e-06
3.120000000000000000e+02 4.649162292480468750e-06
3.120000000000000000e+02 4.529953002929687500e-06
3.140000000000000000e+02 4.410743713378906250e-06
3.140000000000000000e+02 4.291534423828125000e-06
3.160000000000000000e+02 4.172325134277343750e-06
3.170000000000000000e+02 4.053115844726562500e-06
3.180000000000000000e+02 3.933906555175781250e-06
3.190000000000000000e+02 3.814697265625000000e-06
3.200000000000000000e+02 3.695487976074218750e-06
3.200000000000000000e+02 3.576278686523437500e-06
3.210000000000000000e+02 3.457069396972656250e-06
3.220000000000000000e+02 3.397464752197265625e-06
3.230000000000000000e+02 3.278255462646484375e-06
3.240000000000000000e+02 3.159046173095703125e-06
3.260000000000000000e+02 3.099441528320312500e-06
3.270000000000000000e+02 2.980232238769531250e-06
3.280000000000000000e+02 2.920627593994140625e-06
3.290000000000000000e+02 2.861022949218750000e-06
3.300000000000000000e+02 2.741813659667968750e-06
3.300000000000000000e+02 2.682209014892578125e-06
3.320000000000000000e+02 2.622604370117187500e-06
3.320000000000000000e+02 2.503395080566406250e-06
3.340000000000000000e+02 2.443790435791015625e-06
3.350000000000000000e+02 2.384185791015625000e-06
3.360000000000000000e+02 2.324581146240234375e-06
3.370000000000000000e+02 2.264976501464843750e-06
3.380000000000000000e+02 2.205371856689453125e-06
3.390000000000000000e+02 2.086162567138671875e-06
3.390000000000000000e+02 2.026557922363281250e-06
3.410000000000000000e+02 1.966953277587890625e-06
3.410000000000000000e+02 1.907348632812500000e-06
3.430000000000000000e+02 1.907348632812500000e-06
3.440000000000000000e+02 1.847743988037109375e-06
3.450000000000000000e+02 1.788139343261718750e-06
3.460000000000000000e+02 1.728534698486328125e-06
3.470000000000000000e+02 1.668930053710937500e-06
3.480000000000000000e+02 1.609325408935546875e-06
3.490000000000000000e+02 1.549720764160156250e-06
3.500000000000000000e+02 1.549720764160156250e-06
3.500000000000000000e+02 1.490116119384765625e-06
3.520000000000000000e+02 1.430511474609375000e-06
3.520000000000000000e+02 1.370906829833984375e-06
3.540000000000000000e+02 1.370906829833984375e-06
3.550000000000000000e+02 1.311302185058593750e-06
3.560000000000000000e+02 1.311302185058593750e-06
3.570000000000000000e+02 1.251697540283203125e-06
3.580000000000000000e+02 1.192092895507812500e-06
3.590000000000000000e+02 1.192092895507812500e-06
3.590000000000000000e+02 1.132488250732421875e-06
3.610000000000000000e+02 1.132488250732421875e-06
3.610000000000000000e+02 1.072883605957031250e-06
3.630000000000000000e+02 1.013278961181640625e-06
3.630000000000000000e+02 1.013278961181640625e-06
3.650000000000000000e+02 9.536743164062500000e-07
3.650000000000000000e+02 9.536743164062500000e-07
3.670000000000000000e+02 9.536743164062500000e-07
3.670000000000000000e+02 8.940696716308593750e-07
3.680000000000000000e+02 8.940696716308593750e-07
3.700000000000000000e+02 8.344650268554687500e-07
3.700000000000000000e+02 8.344650268554687500e-07
3.720000000000000000e+02 7.748603820800781250e-07
3.720000000000000000e+02 7.748603820800781250e-07
3.740000000000000000e+02 7.748603820800781250e-07
3.750000000000000000e+02 7.152557373046875000e-07
3.760000000000000000e+02 7.152557373046875000e-07
3.770000000000000000e+02 7.152557373046875000e-07
3.780000000000000000e+02 6.556510925292968750e-07
3.790000000000000000e+02 6.556510925292968750e-07
3.800000000000000000e+02 6.556510925292968750e-07
3.810000000000000000e+02 5.960464477539062500e-07
3.820000000000000000e+02 5.960464477539062500e-07
3.830000000000000000e+02 5.960464477539062500e-07
3.840000000000000000e+02 5.364418029785156250e-07
3.850000000000000000e+02 5.364418029785156250e-07
3.860000000000000000e+02 5.364418029785156250e-07
3.870000000000000000e+02 5.364418029785156250e-07
3.880000000000000000e+02 4.768371582031250000e-07
3.880000000000000000e+02 4.768371582031250000e-07
3.900000000000000000e+02 4.768371582031250000e-07
3.900000000000000000e+02 4.768371582031250000e-07
3.920000000000000000e+02 4.172325134277343750e-07
3.920000000000000000e+02 4.172325134277343750e-07
3.940000000000000000e+02 4.172325134277343750e-07
3.950000000000000000e+02 4.172325134277343750e-07
3.960000000000000000e+02 4.172325134277343750e-07
3.970000000000000000e+02 3.576278686523437500e-07
3.970000000000000000e+02 3.576278686523437500e-07
3.990000000000000000e+02 3.576278686523437500e-07
3.990000000000000000e+02 3.576278686523437500e-07
4.010000000000000000e+02 3.576278686523437500e-07
4.020000000000000000e+02 2.980232238769531250e-07
4.030000000000000000e+02 2.980232238769531250e-07
4.040000000000000000e+02 2.980232238769531250e-07
4.050000000000000000e+02 2.980232238769531250e-07
4.060000000000000000e+02 2.980232238769531250e-07
4.070000000000000000e+02 2.980232238769531250e-07
4.080000000000000000e+02 2.980232238769531250e-07
4.080000000000000000e+02 2.384185791015625000e-07
4.100000000000000000e+02 2.384185791015625000e-07
4.100000000000000000e+02 2.384185791015625000e-07
4.120000000000000000e+02 2.384185791015625000e-07
4.120000000000000000e+02 2.384185791015625000e-07
4.140000000000000000e+02 2.384185791015625000e-07
4.150000000000000000e+02 2.384185791015625000e-07
4.160000000000000000e+02 2.384185791015625000e-07
4.170000000000000000e+02 1.788139343261718750e-07
4.180000000000000000e+02 1.788139343261718750e-07
4.190000000000000000e+02 1.788139343261718750e-07
4.190000000000000000e+02 1.788139343261718750e-07
4.210000000000000000e+02 1.788139343261718750e-07
4.210000000000000000e+02 1.788139343261718750e-07
4.230000000000000000e+02 1.788139343261718750e-07
4.240000000000000000e+02 1.788139343261718750e-07
4.250000000000000000e+02 1.788139343261718750e-07
4.260000000000000000e+02 1.788139343261718750e-07
4.270000000000000000e+02 1.788139343261718750e-07
4.280000000000000000e+02 1.192092895507812500e-07
4.290000000000000000e+02 1.192092895507812500e-07
4.300000000000000000e+02 1.192092895507812500e-07
4.310000000000000000e+02 1.192092895507812500e-07
4.320000000000000000e+02 1.192092895507812500e-07
4.330000000000000000e+02 1.192092895507812500e-07
4.340000000000000000e+02 1.192092895507812500e-07
4.350000000000000000e+02 1.192092895507812500e-07
4.360000000000000000e+02 1.192092895507812500e-07
4.370000000000000000e+02 1.192092895507812500e-07
4.370000000000000000e+02 1.192092895507812500e-07
4.390000000000000000e+02 1.192092895507812500e-07
4.390000000000000000e+02 1.192092895507812500e-07
4.410000000000000000e+02 1.192092895507812500e-07
4.410000000000000000e+02 1.192092895507812500e-07
4.430000000000000000e+02 1.192092895507812500e-07
4.440000000000000000e+02 1.192092895507812500e-07
4.450000000000000000e+02 5.960464477539062500e-08
4.460000000000000000e+02 5.960464477539062500e-08
4.470000000000000000e+02 5.960464477539062500e-08
4.480000000000000000e+02 5.960464477539062500e-08
4.480000000000000000e+02 5.960464477539062500e-08
4.490000000000000000e+02 5.960464477539062500e-08
4.510000000000000000e+02 5.960464477539062500e-08
4.520000000000000000e+02 5.960464477539062500e-08
4.530000000000000000e+02 5.960464477539062500e-08
4.530000000000000000e+02 5.960464477539062500e-08
4.550000000000000000e+02 5.960464477539062500e-08
4.550000000000000000e+02 5.960464477539062500e-08
4.570000000000000000e+02 5.960464477539062500e-08
4.570000000000000000e+02 5.960464477539062500e-08
4.590000000000000000e+02 5.960464477539062500e-08
4.590000000000000000e+02 5.960464477539062500e-08
4.610000000000000000e+02 5.960464477539062500e-08
4.620000000000000000e+02 5.960464477539062500e-08
4.630000000000000000e+02 5.960464477539062500e-08
4.640000000000000000e+02 5.960464477539062500e-08
4.650000000000000000e+02 5.960464477539062500e-08
4.660000000000000000e+02 5.960464477539062500e-08
4.670000000000000000e+02 5.960464477539062500e-08
4.680000000000000000e+02 5.960464477539062500e-08
4.680000000000000000e+02 5.960464477539062500e-08
4.700000000000000000e+02 5.960464477539062500e-08
4.700000000000000000e+02 5.960464477539062500e-08
4.720000000000000000e+02 5.960464477539062500e-08
4.730000000000000000e+02 5.960464477539062500e-08
4.740000000000000000e+02 5.960464477539062500e-08
4.750000000000000000e+02 5.960464477539062500e-08
4.760000000000000000e+02 5.960464477539062500e-08
4.770000000000000000e+02 5.960464477539062500e-08
4.780000000000000000e+02 5.960464477539062500e-08
4.790000000000000000e+02 5.960464477539062500e-08
4.800000000000000000e+02 5.960464477539062500e-08
4.810000000000000000e+02 5.960464477539062500e-08
4.820000000000000000e+02 5.960464477539062500e-08
4.830000000000000000e+02 0.000000000000000000e+00
4.840000000000000000e+02 0.000000000000000000e+00
4.850000000000000000e+02 0.000000000000000000e+00
4.860000000000000000e+02 0.000000000000000000e+00
4.860000000000000000e+02 0.000000000000000000e+00
4.880000000000000000e+02 0.000000000000000000e+00
4.880000000000000000e+02 0.000000000000000000e+00
4.900000000000000000e+02 0.000000000000000000e+00
4.900000000000000000e+02 0.000000000000000000e+00
4.920000000000000000e+02 0.000000000000000000e+00
4.930000000000000000e+02 0.000000000000000000e+00
4.940000000000000000e+02 0.000000000000000000e+00
4.940000000000000000e+02 0.000000000000000000e+00
4.960000000000000000e+02 0.000000000000000000e+00
4.960000000000000000e+02 0.000000000000000000e+00
4.980000000000000000e+02 0.000000000000000000e+00
4.990000000000000000e+02 0.000000000000000000e+00
5.000000000000000000e+02 0.000000000000000000e+00
5.000000000000000000e+02 0.000000000000000000e+00
5.020000000000000000e+02 0.000000000000000000e+00
5.030000000000000000e+02 0.000000000000000000e+00
5.040000000000000000e+02 0.000000000000000000e+00
5.050000000000000000e+02 0.000000000000000000e+00
5.060000000000000000e+02 0.000000000000000000e+00
5.070000000000000000e+02 0.000000000000000000e+00
5.080000000000000000e+02 0.000000000000000000e+00
5.090000000000000000e+02 0.000000000000000000e+00
5.100000000000000000e+02 0.000000000000000000e+00
5.110000000000000000e+02 0.000000000000000000e+00
5.110000000000000000e+02 0.000000000000000000e+00
5.130000000000000000e+02 0.000000000000000000e+00
5.140000000000000000e+02 0.000000000000000000e+00
5.140000000000000000e+02 0.000000000000000000e+00
5.160000000000000000e+02 0.000000000000000000e+00
5.170000000000000000e+02 0.000000000000000000e+00
5.180000000000000000e+02 0.000000000000000000e+00
5.180000000000000000e+02 0.000000000000000000e+00
5.200000000000000000e+02 0.000000000000000000e+00
5.210000000000000000e+02 0.000000000000000000e+00
5.220000000000000000e+02 0.000000000000000000e+00
5.230000000000000000e+02 0.000000000000000000e+00
5.240000000000000000e+02 0.000000000000000000e+00
5.250000000000000000e+02 0.000000000000000000e+00
5.260000000000000000e+02 0.000000000000000000e+00
5.270000000000000000e+02 0.000000000000000000e+00
5.270000000000000000e+02 0.000000000000000000e+00
5.290000000000000000e+02 0.000000000000000000e+00
5.300000000000000000e+02 0.000000000000000000e+00
5.310000000000000000e+02 0.000000000000000000e+00
5.320000000000000000e+02 0.000000000000000000e+00
5.330000000000000000e+02 0.000000000000000000e+00
5.340000000000000000e+02 0.000000000000000000e+00
5.350000000000000000e+02 0.000000000000000000e+00
5.360000000000000000e+02 0.000000000000000000e+00
5.360000000000000000e+02 0.000000000000000000e+00
5.380000000000000000e+02 0.000000000000000000e+00
5.390000000000000000e+02 0.000000000000000000e+00
5.400000000000000000e+02 0.000000000000000000e+00
5.400000000000000000e+02 0.000000000000000000e+00
5.420000000000000000e+02 0.000000000000000000e+00
5.430000000000000000e+02 0.000000000000000000e+00
5.440000000000000000e+02 0.000000000000000000e+00
5.450000000000000000e+02 0.000000000000000000e+00
5.460000000000000000e+02 0.000000000000000000e+00
5.470000000000000000e+02 0.000000000000000000e+00
5.480000000000000000e+02 0.000000000000000000e+00
5.490000000000000000e+02 0.000000000000000000e+00
5.500000000000000000e+02 0.000000000000000000e+00
5.510000000000000000e+02 0.000000000000000000e+00
5.520000000000000000e+02 0.000000000000000000e+00
5.530000000000000000e+02 0.000000000000000000e+00
5.540000000000000000e+02 0.000000000000000000e+00
5.540000000000000000e+02 0.000000000000000000e+00
5.560000000000000000e+02 0.000000000000000000e+00
5.570000000000000000e+02 0.000000000000000000e+00
5.580000000000000000e+02 0.000000000000000000e+00
5.580000000000000000e+02 0.000000000000000000e+00
5.600000000000000000e+02 0.000000000000000000e+00
5.610000000000000000e+02 0.000000000000000000e+00
5.620000000000000000e+02 0.000000000000000000e+00
5.630000000000000000e+02 0.000000000000000000e+00
5.630000000000000000e+02 0.000000000000000000e+00
5.650000000000000000e+02 0.000000000000000000e+00
5.660000000000000000e+02 0.000000000000000000e+00
5.670000000000000000e+02 0.000000000000000000e+00
5.670000000000000000e+02 0.000000000000000000e+00
5.690000000000000000e+02 0.000000000000000000e+00
5.700000000000000000e+02 0.000000000000000000e+00
5.710000000000000000e+02 0.000000000000000000e+00
5.720000000000000000e+02 0.000000000000000000e+00
5.720000000000000000e+02 0.000000000000000000e+00
5.740000000000000000e+02 0.000000000000000000e+00
5.750000000000000000e+02 0.000000000000000000e+00
5.760000000000000000e+02 0.000000000000000000e+00
5.760000000000000000e+02 0.000000000000000000e+00
5.780000000000000000e+02 0.000000000000000000e+00
5.790000000000000000e+02 0.000000000000000000e+00
5.800000000000000000e+02 0.000000000000000000e+00
5.810000000000000000e+02 0.000000000000000000e+00
5.820000000000000000e+02 0.000000000000000000e+00
5.830000000000000000e+02 0.000000000000000000e+00
5.840000000000000000e+02 0.000000000000000000e+00
5.850000000000000000e+02 0.000000000000000000e+00
5.850000000000000000e+02 0.000000000000000000e+00
5.870000000000000000e+02 0.000000000000000000e+00
5.880000000000000000e+02 0.000000000000000000e+00
5.890000000000000000e+02 0.000000000000000000e+00
5.890000000000000000e+02 0.000000000000000000e+00
5.910000000000000000e+02 0.000000000000000000e+00
5.920000000000000000e+02 0.000000000000000000e+00
5.930000000000000000e+02 0.000000000000000000e+00
5.940000000000000000e+02 0.000000000000000000e+00
5.940000000000000000e+02 0.000000000000000000e+00
5.960000000000000000e+02 0.000000000000000000e+00
5.970000000000000000e+02 0.000000000000000000e+00
5.980000000000000000e+02 0.000000000000000000e+00
5.980000000000000000e+02 0.000000000000000000e+00
6.000000000000000000e+02 0.000000000000000000e+00
6.010000000000000000e+02 0.000000000000000000e+00
6.020000000000000000e+02 0.000000000000000000e+00
6.020000000000000000e+02 0.000000000000000000e+00
6.030000000000000000e+02 0.000000000000000000e+00
6.050000000000000000e+02 0.000000000000000000e+00
6.060000000000000000e+02 0.000000000000000000e+00
6.070000000000000000e+02 0.000000000000000000e+00
6.080000000000000000e+02 0.000000000000000000e+00
6.090000000000000000e+02 0.000000000000000000e+00
6.100000000000000000e+02 0.000000000000000000e+00
6.110000000000000000e+02 0.000000000000000000e+00
6.120000000000000000e+02 0.000000000000000000e+00
6.120000000000000000e+02 0.000000000000000000e+00
6.140000000000000000e+02 0.000000000000000000e+00
6.150000000000000000e+02 0.000000000000000000e+00
6.160000000000000000e+02 0.000000000000000000e+00
6.170000000000000000e+02 0.000000000000000000e+00
6.180000000000000000e+02 0.000000000000000000e+00
6.190000000000000000e+02 0.000000000000000000e+00
6.200000000000000000e+02 0.000000000000000000e+00
6.210000000000000000e+02 0.000000000000000000e+00
6.210000000000000000e+02 0.000000000000000000e+00
6.230000000000000000e+02 0.000000000000000000e+00
6.240000000000000000e+02 0.000000000000000000e+00
6.250000000000000000e+02 0.000000000000000000e+00
6.250000000000000000e+02 0.000000000000000000e+00
6.270000000000000000e+02 0.000000000000000000e+00
6.280000000000000000e+02 0.000000000000000000e+00
6.290000000000000000e+02 0.000000000000000000e+00
6.290000000000000000e+02 0.000000000000000000e+00
6.300000000000000000e+02 0.000000000000000000e+00
6.320000000000000000e+02 0.000000000000000000e+00
6.330000000000000000e+02 0.000000000000000000e+00
6.340000000000000000e+02 0.000000000000000000e+00
6.340000000000000000e+02 0.000000000000000000e+00
6.360000000000000000e+02 0.000000000000000000e+00
6.370000000000000000e+02 0.000000000000000000e+00
6.380000000000000000e+02 0.000000000000000000e+00
6.380000000000000000e+02 0.000000000000000000e+00
6.400000000000000000e+02 0.000000000000000000e+00
6.410000000000000000e+02 0.000000000000000000e+00
6.410000000000000000e+02 0.000000000000000000e+00
6.420000000000000000e+02 0.000000000000000000e+00
6.430000000000000000e+02 0.000000000000000000e+00
6.450000000000000000e+02 0.000000000000000000e+00
6.450000000000000000e+02 0.000000000000000000e+00
6.470000000000000000e+02 0.000000000000000000e+00
6.470000000000000000e+02 0.000000000000000000e+00
6.490000000000000000e+02 0.000000000000000000e+00
6.490000000000000000e+02 0.000000000000000000e+00
6.500000000000000000e+02 0.000000000000000000e+00
6.520000000000000000e+02 0.000000000000000000e+00
6.530000000000000000e+02 0.000000000000000000e+00
6.540000000000000000e+02 0.000000000000000000e+00
6.550000000000000000e+02 0.000000000000000000e+00
6.560000000000000000e+02 0.000000000000000000e+00
6.560000000000000000e+02 0.000000000000000000e+00
6.580000000000000000e+02 0.000000000000000000e+00
6.580000000000000000e+02 0.000000000000000000e+00
6.600000000000000000e+02 0.000000000000000000e+00
6.610000000000000000e+02 0.000000000000000000e+00
6.610000000000000000e+02 0.000000000000000000e+00
6.630000000000000000e+02 0.000000000000000000e+00
6.640000000000000000e+02 0.000000000000000000e+00
6.650000000000000000e+02 0.000000000000000000e+00
6.650000000000000000e+02 0.000000000000000000e+00
6.670000000000000000e+02 0.000000000000000000e+00
6.680000000000000000e+02 0.000000000000000000e+00
6.690000000000000000e+02 0.000000000000000000e+00
6.700000000000000000e+02 0.000000000000000000e+00
6.700000000000000000e+02 0.000000000000000000e+00
6.720000000000000000e+02 0.000000000000000000e+00
6.730000000000000000e+02 0.000000000000000000e+00
6.740000000000000000e+02 0.000000000000000000e+00
6.750000000000000000e+02 0.000000000000000000e+00
6.760000000000000000e+02 0.000000000000000000e+00
6.770000000000000000e+02 0.000000000000000000e+00
6.780000000000000000e+02 0.000000000000000000e+00
6.790000000000000000e+02 0.000000000000000000e+00
6.790000000000000000e+02 0.000000000000000000e+00
6.810000000000000000e+02 0.000000000000000000e+00
6.820000000000000000e+02 0.000000000000000000e+00
6.830000000000000000e+02 0.000000000000000000e+00
6.830000000000000000e+02 0.000000000000000000e+00
6.850000000000000000e+02 0.000000000000000000e+00
6.860000000000000000e+02 0.000000000000000000e+00
6.870000000000000000e+02 0.000000000000000000e+00
6.880000000000000000e+02 0.000000000000000000e+00
6.880000000000000000e+02 0.000000000000000000e+00
6.900000000000000000e+02 0.000000000000000000e+00
6.910000000000000000e+02 0.000000000000000000e+00
6.920000000000000000e+02 0.000000000000000000e+00
6.920000000000000000e+02 0.000000000000000000e+00
6.940000000000000000e+02 0.000000000000000000e+00
6.950000000000000000e+02 0.000000000000000000e+00
6.960000000000000000e+02 0.000000000000000000e+00
6.960000000000000000e+02 0.000000000000000000e+00
6.980000000000000000e+02 0.000000000000000000e+00
6.990000000000000000e+02 0.000000000000000000e+00
7.000000000000000000e+02 0.000000000000000000e+00
7.010000000000000000e+02 0.000000000000000000e+00
7.010000000000000000e+02 0.000000000000000000e+00
7.030000000000000000e+02 0.000000000000000000e+00
7.040000000000000000e+02 0.000000000000000000e+00
7.050000000000000000e+02 0.000000000000000000e+00
7.050000000000000000e+02 0.000000000000000000e+00
7.070000000000000000e+02 0.000000000000000000e+00
7.080000000000000000e+02 0.000000000000000000e+00
7.090000000000000000e+02 0.000000000000000000e+00
7.100000000000000000e+02 0.000000000000000000e+00
7.100000000000000000e+02 0.000000000000000000e+00
7.120000000000000000e+02 0.000000000000000000e+00
7.130000000000000000e+02 0.000000000000000000e+00
7.140000000000000000e+02 0.000000000000000000e+00
7.150000000000000000e+02 0.000000000000000000e+00
7.160000000000000000e+02 0.000000000000000000e+00
7.170000000000000000e+02 0.000000000000000000e+00
7.180000000000000000e+02 0.000000000000000000e+00
7.190000000000000000e+02 0.000000000000000000e+00
7.190000000000000000e+02 0.000000000000000000e+00
7.210000000000000000e+02 0.000000000000000000e+00
7.220000000000000000e+02 0.000000000000000000e+00
7.230000000000000000e+02 0.000000000000000000e+00
7.230000000000000000e+02 0.000000000000000000e+00
7.250000000000000000e+02 0.000000000000000000e+00
7.260000000000000000e+02 0.000000000000000000e+00
7.270000000000000000e+02 0.000000000000000000e+00
7.270000000000000000e+02 0.000000000000000000e+00
7.280000000000000000e+02 0.000000000000000000e+00
7.300000000000000000e+02 0.000000000000000000e+00
7.310000000000000000e+02 0.000000000000000000e+00
7.310000000000000000e+02 0.000000000000000000e+00
7.320000000000000000e+02 0.000000000000000000e+00
7.340000000000000000e+02 0.000000000000000000e+00
7.350000000000000000e+02 0.000000000000000000e+00
7.350000000000000000e+02 0.000000000000000000e+00
7.360000000000000000e+02 0.000000000000000000e+00
7.370000000000000000e+02 0.000000000000000000e+00
7.390000000000000000e+02 0.000000000000000000e+00
7.400000000000000000e+02 0.000000000000000000e+00
7.410000000000000000e+02 0.000000000000000000e+00
7.410000000000000000e+02 0.000000000000000000e+00
7.430000000000000000e+02 0.000000000000000000e+00
7.440000000000000000e+02 0.000000000000000000e+00
7.450000000000000000e+02 0.000000000000000000e+00
7.450000000000000000e+02 0.000000000000000000e+00
7.460000000000000000e+02 0.000000000000000000e+00
7.480000000000000000e+02 0.000000000000000000e+00
7.490000000000000000e+02 0.000000000000000000e+00
7.500000000000000000e+02 0.000000000000000000e+00
7.500000000000000000e+02 0.000000000000000000e+00
7.520000000000000000e+02 0.000000000000000000e+00
7.530000000000000000e+02 0.000000000000000000e+00
7.540000000000000000e+02 0.000000000000000000e+00
7.540000000000000000e+02 0.000000000000000000e+00
7.560000000000000000e+02 0.000000000000000000e+00
7.570000000000000000e+02 0.000000000000000000e+00
7.580000000000000000e+02 0.000000000000000000e+00
7.590000000000000000e+02 0.000000000000000000e+00
7.600000000000000000e+02 0.000000000000000000e+00
7.610000000000000000e+02 0.000000000000000000e+00
7.620000000000000000e+02 0.000000000000000000e+00
7.630000000000000000e+02 0.000000000000000000e+00
7.640000000000000000e+02 0.000000000000000000e+00
7.650000000000000000e+02 0.000000000000000000e+00
7.660000000000000000e+02 0.000000000000000000e+00
7.670000000000000000e+02 0.000000000000000000e+00
7.680000000000000000e+02 0.000000000000000000e+00
7.690000000000000000e+02 0.000000000000000000e+00
7.700000000000000000e+02 0.000000000000000000e+00
7.700000000000000000e+02 0.000000000000000000e+00
7.720000000000000000e+02 0.000000000000000000e+00
7.730000000000000000e+02 0.000000000000000000e+00
7.740000000000000000e+02 0.000000000000000000e+00
7.740000000000000000e+02 0.000000000000000000e+00
7.760000000000000000e+02 0.000000000000000000e+00
7.770000000000000000e+02 0.000000000000000000e+00
7.770000000000000000e+02 0.000000000000000000e+00
7.780000000000000000e+02 0.000000000000000000e+00
7.800000000000000000e+02 0.000000000000000000e+00
7.810000000000000000e+02 0.000000000000000000e+00
7.810000000000000000e+02 0.000000000000000000e+00
7.830000000000000000e+02 0.000000000000000000e+00
7.840000000000000000e+02 0.000000000000000000e+00
7.850000000000000000e+02 0.000000000000000000e+00
7.850000000000000000e+02 0.000000000000000000e+00
7.860000000000000000e+02 0.000000000000000000e+00
7.880000000000000000e+02 0.000000000000000000e+00
7.890000000000000000e+02 0.000000000000000000e+00
7.900000000000000000e+02 0.000000000000000000e+00
7.910000000000000000e+02 0.000000000000000000e+00
7.920000000000000000e+02 0.000000000000000000e+00
7.930000000000000000e+02 0.000000000000000000e+00
7.940000000000000000e+02 0.000000000000000000e+00
7.940000000000000000e+02 0.000000000000000000e+00
7.950000000000000000e+02 0.000000000000000000e+00
7.970000000000000000e+02 0.000000000000000000e+00
7.980000000000000000e+02 0.000000000000000000e+00
7.990000000000000000e+02 0.000000000000000000e+00
7.990000000000000000e+02 0.000000000000000000e+00
8.010000000000000000e+02 0.000000000000000000e+00
8.020000000000000000e+02 0.000000000000000000e+00
8.030000000000000000e+02 0.000000000000000000e+00
8.040000000000000000e+02 0.000000000000000000e+00
8.050000000000000000e+02 0.000000000000000000e+00
8.060000000000000000e+02 0.000000000000000000e+00
8.070000000000000000e+02 0.000000000000000000e+00
8.080000000000000000e+02 0.000000000000000000e+00
8.080000000000000000e+02 0.000000000000000000e+00
8.100000000000000000e+02 0.000000000000000000e+00
8.110000000000000000e+02 0.000000000000000000e+00
8.120000000000000000e+02 0.000000000000000000e+00
8.130000000000000000e+02 0.000000000000000000e+00
8.140000000000000000e+02 0.000000000000000000e+00
8.150000000000000000e+02 0.000000000000000000e+00
8.160000000000000000e+02 0.000000000000000000e+00
8.160000000000000000e+02 0.000000000000000000e+00
8.170000000000000000e+02 0.000000000000000000e+00
8.190000000000000000e+02 0.000000000000000000e+00
8.200000000000000000e+02 0.000000000000000000e+00
8.210000000000000000e+02 0.000000000000000000e+00
8.210000000000000000e+02 0.000000000000000000e+00
8.230000000000000000e+02 0.000000000000000000e+00
8.240000000000000000e+02 0.000000000000000000e+00
8.250000000000000000e+02 0.000000000000000000e+00
8.250000000000000000e+02 0.000000000000000000e+00
8.260000000000000000e+02 0.000000000000000000e+00
8.280000000000000000e+02 0.000000000000000000e+00
8.290000000000000000e+02 0.000000000000000000e+00
8.300000000000000000e+02 0.000000000000000000e+00
8.300000000000000000e+02 0.000000000000000000e+00
8.320000000000000000e+02 0.000000000000000000e+00
8.330000000000000000e+02 0.000000000000000000e+00
8.340000000000000000e+02 0.000000000000000000e+00
8.340000000000000000e+02 0.000000000000000000e+00
8.360000000000000000e+02 0.000000000000000000e+00
8.370000000000000000e+02 0.000000000000000000e+00
8.380000000000000000e+02 0.000000000000000000e+00
8.390000000000000000e+02 0.000000000000000000e+00
8.390000000000000000e+02 0.000000000000000000e+00
8.410000000000000000e+02 0.000000000000000000e+00
8.420000000000000000e+02 0.000000000000000000e+00
8.430000000000000000e+02 0.000000000000000000e+00
8.430000000000000000e+02 0.000000000000000000e+00
8.440000000000000000e+02 0.000000000000000000e+00
8.460000000000000000e+02 0.000000000000000000e+00
8.470000000000000000e+02 0.000000000000000000e+00
8.480000000000000000e+02 0.000000000000000000e+00
8.480000000000000000e+02 0.000000000000000000e+00
8.500000000000000000e+02 0.000000000000000000e+00
8.510000000000000000e+02 0.000000000000000000e+00
8.520000000000000000e+02 0.000000000000000000e+00
8.520000000000000000e+02 0.000000000000000000e+00
8.540000000000000000e+02 0.000000000000000000e+00
8.550000000000000000e+02 0.000000000000000000e+00
8.560000000000000000e+02 0.000000000000000000e+00
8.570000000000000000e+02 0.000000000000000000e+00
8.580000000000000000e+02 0.000000000000000000e+00
8.590000000000000000e+02 0.000000000000000000e+00
8.600000000000000000e+02 0.000000000000000000e+00
8.610000000000000000e+02 0.000000000000000000e+00
8.620000000000000000e+02 0.000000000000000000e+00
8.630000000000000000e+02 0.000000000000000000e+00
8.640000000000000000e+02 0.000000000000000000e+00
8.650000000000000000e+02 0.000000000000000000e+00
8.660000000000000000e+02 0.000000000000000000e+00
8.670000000000000000e+02 0.000000000000000000e+00
8.680000000000000000e+02 0.000000000000000000e+00
8.690000000000000000e+02 0.000000000000000000e+00
8.700000000000000000e+02 0.000000000000000000e+00
8.710000000000000000e+02 0.000000000000000000e+00
8.720000000000000000e+02 0.000000000000000000e+00
8.730000000000000000e+02 0.000000000000000000e+00
8.740000000000000000e+02 0.000000000000000000e+00
8.750000000000000000e+02 0.000000000000000000e+00
8.750000000000000000e+02 0.000000000000000000e+00
8.770000000000000000e+02 0.000000000000000000e+00
8.780000000000000000e+02 0.000000000000000000e+00
8.790000000000000000e+02 0.000000000000000000e+00
8.790000000000000000e+02 0.000000000000000000e+00
8.810000000000000000e+02 0.000000000000000000e+00
8.820000000000000000e+02 0.000000000000000000e+00
8.830000000000000000e+02 0.000000000000000000e+00
8.830000000000000000e+02 0.000000000000000000e+00
8.840000000000000000e+02 0.000000000000000000e+00
8.860000000000000000e+02 0.000000000000000000e+00
8.870000000000000000e+02 0.000000000000000000e+00
8.880000000000000000e+02 0.000000000000000000e+00
8.880000000000000000e+02 0.000000000000000000e+00
8.900000000000000000e+02 0.000000000000000000e+00
8.910000000000000000e+02 0.000000000000000000e+00
8.920000000000000000e+02 0.000000000000000000e+00
8.920000000000000000e+02 0.000000000000000000e+00
8.940000000000000000e+02 0.000000000000000000e+00
8.950000000000000000e+02 0.000000000000000000e+00
8.960000000000000000e+02 0.000000000000000000e+00
8.970000000000000000e+02 0.000000000000000000e+00
8.970000000000000000e+02 0.000000000000000000e+00
8.990000000000000000e+02 0.000000000000000000e+00
8.990000000000000000e+02 0.000000000000000000e+00
9.010000000000000000e+02 0.000000000000000000e+00
9.020000000000000000e+02 0.000000000000000000e+00
9.020000000000000000e+02 0.000000000000000000e+00
9.040000000000000000e+02 0.000000000000000000e+00
9.050000000000000000e+02 0.000000000000000000e+00
9.060000000000000000e+02 0.000000000000000000e+00
9.070000000000000000e+02 0.000000000000000000e+00
9.070000000000000000e+02 0.000000000000000000e+00
9.090000000000000000e+02 0.000000000000000000e+00
9.100000000000000000e+02 0.000000000000000000e+00
9.100000000000000000e+02 0.000000000000000000e+00
9.110000000000000000e+02 0.000000000000000000e+00
9.130000000000000000e+02 0.000000000000000000e+00
9.140000000000000000e+02 0.000000000000000000e+00
9.140000000000000000e+02 0.000000000000000000e+00
9.150000000000000000e+02 0.000000000000000000e+00
9.170000000000000000e+02 0.000000000000000000e+00
9.180000000000000000e+02 0.000000000000000000e+00
9.190000000000000000e+02 0.000000000000000000e+00
9.190000000000000000e+02 0.000000000000000000e+00
9.210000000000000000e+02 0.000000000000000000e+00
9.220000000000000000e+02 0.000000000000000000e+00
9.230000000000000000e+02 0.000000000000000000e+00
9.240000000000000000e+02 0.000000000000000000e+00
9.240000000000000000e+02 0.000000000000000000e+00
9.260000000000000000e+02 0.000000000000000000e+00
9.270000000000000000e+02 0.000000000000000000e+00
9.280000000000000000e+02 0.000000000000000000e+00
9.280000000000000000e+02 0.000000000000000000e+00
9.300000000000000000e+02 0.000000000000000000e+00
9.310000000000000000e+02 0.000000000000000000e+00
9.320000000000000000e+02 0.000000000000000000e+00
9.320000000000000000e+02 0.000000000000000000e+00
9.340000000000000000e+02 0.000000000000000000e+00
9.350000000000000000e+02 0.000000000000000000e+00
9.360000000000000000e+02 0.000000000000000000e+00
9.370000000000000000e+02 0.000000000000000000e+00
9.370000000000000000e+02 0.000000000000000000e+00
9.390000000000000000e+02 0.000000000000000000e+00
9.400000000000000000e+02 0.000000000000000000e+00
9.410000000000000000e+02 0.000000000000000000e+00
9.410000000000000000e+02 0.000000000000000000e+00
9.420000000000000000e+02 0.000000000000000000e+00
9.440000000000000000e+02 0.000000000000000000e+00
9.450000000000000000e+02 0.000000000000000000e+00
9.460000000000000000e+02 0.000000000000000000e+00
9.460000000000000000e+02 0.000000000000000000e+00
9.480000000000000000e+02 0.000000000000000000e+00
9.490000000000000000e+02 0.000000000000000000e+00
9.500000000000000000e+02 0.000000000000000000e+00
9.500000000000000000e+02 0.000000000000000000e+00
9.520000000000000000e+02 0.000000000000000000e+00
9.530000000000000000e+02 0.000000000000000000e+00
9.540000000000000000e+02 0.000000000000000000e+00
9.550000000000000000e+02 0.000000000000000000e+00
9.560000000000000000e+02 0.000000000000000000e+00
9.570000000000000000e+02 0.000000000000000000e+00
9.580000000000000000e+02 0.000000000000000000e+00
9.580000000000000000e+02 0.000000000000000000e+00
9.600000000000000000e+02 0.000000000000000000e+00
9.610000000000000000e+02 0.000000000000000000e+00
9.620000000000000000e+02 0.000000000000000000e+00
9.630000000000000000e+02 0.000000000000000000e+00
9.640000000000000000e+02 0.000000000000000000e+00
9.640000000000000000e+02 0.000000000000000000e+00
9.660000000000000000e+02 0.000000000000000000e+00
9.670000000000000000e+02 0.000000000000000000e+00
9.680000000000000000e+02 0.000000000000000000e+00
9.690000000000000000e+02 0.000000000000000000e+00
9.700000000000000000e+02 0.000000000000000000e+00
9.710000000000000000e+02 0.000000000000000000e+00
9.720000000000000000e+02 0.000000000000000000e+00
9.720000000000000000e+02 0.000000000000000000e+00
9.730000000000000000e+02 0.000000000000000000e+00
9.750000000000000000e+02 0.000000000000000000e+00
9.760000000000000000e+02 0.000000000000000000e+00
9.770000000000000000e+02 0.000000000000000000e+00
9.770000000000000000e+02 0.000000000000000000e+00
9.790000000000000000e+02 0.000000000000000000e+00
9.800000000000000000e+02 0.000000000000000000e+00
9.800000000000000000e+02 0.000000000000000000e+00
9.810000000000000000e+02 0.000000000000000000e+00
9.820000000000000000e+02 0.000000000000000000e+00
9.840000000000000000e+02 0.000000000000000000e+00
9.850000000000000000e+02 0.000000000000000000e+00
9.860000000000000000e+02 0.000000000000000000e+00
9.870000000000000000e+02 0.000000000000000000e+00
9.880000000000000000e+02 0.000000000000000000e+00
9.880000000000000000e+02 0.000000000000000000e+00
9.890000000000000000e+02 0.000000000000000000e+00
9.900000000000000000e+02 0.000000000000000000e+00
9.920000000000000000e+02 0.000000000000000000e+00
9.930000000000000000e+02 0.000000000000000000e+00
9.930000000000000000e+02 0.000000000000000000e+00
9.950000000000000000e+02 0.000000000000000000e+00
9.960000000000000000e+02 0.000000000000000000e+00
9.970000000000000000e+02 0.000000000000000000e+00
9.980000000000000000e+02 0.000000000000000000e+00
9.980000000000000000e+02 0.000000000000000000e+00
1.000000000000000000e+03 0.000000000000000000e+00
