0.000000000000000000e+00 3.159046173095703125e-04
1.000000000000000000e+00 1.208305358886718750e-03
3.000000000000000000e+00 2.597808837890625000e-03
3.000000000000000000e+00 4.413604736328125000e-03
5.000000000000000000e+00 6.591796875000000000e-03
6.000000000000000000e+00 9.071350097656250000e-03
7.000000000000000000e+00 1.179504394531250000e-02
7.000000000000000000e+00 1.470947265625000000e-02
9.000000000000000000e+00 1.777648925781250000e-02
1.000000000000000000e+01 2.096557617187500000e-02
1.100000000000000000e+01 2.421569824218750000e-02
1.200000000000000000e+01 2.751159667968750000e-02
1.300000000000000000e+01 3.080749511718750000e-02
1.400000000000000000e+01 3.408813476562500000e-02
1.500000000000000000e+01 3.735351562500000000e-02
1.500000000000000000e+01 4.052734375000000000e-02
1.700000000000000000e+01 4.364013671875000000e-02
1.800000000000000000e+01 4.666137695312500000e-02
1.900000000000000000e+01 4.959106445312500000e-02
2.000000000000000000e+01 5.236816406250000000e-02
2.100000000000000000e+01 5.502319335937500000e-02
2.200000000000000000e+01 5.755615234375000000e-02
2.200000000000000000e+01 5.993652343750000000e-02
2.400000000000000000e+01 6.216430664062500000e-02
2.400000000000000000e+01 6.427001953125000000e-02
2.600000000000000000e+01 6.616210937500000000e-02
2.700000000000000000e+01 6.793212890625000000e-02
2.800000000000000000e+01 6.958007812500000000e-02
2.900000000000000000e+01 7.104492187500000000e-02
3.000000000000000000e+01 7.232666015625000000e-02
3.100000000000000000e+01 7.348632812500000000e-02
3.100000000000000000e+01 7.446289062500000000e-02
3.200000000000000000e+01 7.525634765625000000e-02
3.400000000000000000e+01 7.598876953125000000e-02
3.500000000000000000e+01 7.653808593750000000e-02
3.600000000000000000e+01 7.696533203125000000e-02
3.700000000000000000e+01 7.720947265625000000e-02
3.800000000000000000e+01 7.739257812500000000e-02
3.900000000000000000e+01 7.739257812500000000e-02
4.000000000000000000e+01 7.727050781250000000e-02
4.100000000000000000e+01 7.708740234375000000e-02
4.200000000000000000e+01 7.672119140625000000e-02
4.300000000000000000e+01 7.629394531250000000e-02
4.400000000000000000e+01 7.580566406250000000e-02
4.400000000000000000e+01 7.519531250000000000e-02
4.500000000000000000e+01 7.446289062500000000e-02
4.700000000000000000e+01 7.366943359375000000e-02
4.800000000000000000e+01 7.281494140625000000e-02
4.900000000000000000e+01 7.183837890625000000e-02
4.900000000000000000e+01 7.086181640625000000e-02
5.100000000000000000e+01 6.976318359375000000e-02
5.200000000000000000e+01 6.860351562500000000e-02
5.300000000000000000e+01 6.744384765625000000e-02
5.400000000000000000e+01 6.622314453125000000e-02
5.400000000000000000e+01 6.494140625000000000e-02
5.600000000000000000e+01 6.359863281250000000e-02
5.600000000000000000e+01 6.228637695312500000e-02
5.800000000000000000e+01 6.088256835937500000e-02
5.900000000000000000e+01 5.947875976562500000e-02
6.000000000000000000e+01 5.807495117187500000e-02
6.100000000000000000e+01 5.661010742187500000e-02
6.200000000000000000e+01 5.517578125000000000e-02
6.300000000000000000e+01 5.368041992187500000e-02
6.300000000000000000e+01 5.221557617187500000e-02
6.500000000000000000e+01 5.072021484375000000e-02
6.500000000000000000e+01 4.925537109375000000e-02
6.700000000000000000e+01 4.776000976562500000e-02
6.800000000000000000e+01 4.626464843750000000e-02
6.900000000000000000e+01 4.479980468750000000e-02
7.000000000000000000e+01 4.333496093750000000e-02
7.000000000000000000e+01 4.187011718750000000e-02
7.200000000000000000e+01 4.043579101562500000e-02
7.300000000000000000e+01 3.900146484375000000e-02
7.400000000000000000e+01 3.759765625000000000e-02
7.500000000000000000e+01 3.619384765625000000e-02
7.600000000000000000e+01 3.482055664062500000e-02
7.700000000000000000e+01 3.347778320312500000e-02
7.800000000000000000e+01 3.216552734375000000e-02
7.900000000000000000e+01 3.085327148437500000e-02
8.000000000000000000e+01 2.957153320312500000e-02
8.000000000000000000e+01 2.832031250000000000e-02
8.200000000000000000e+01 2.708435058593750000e-02
8.300000000000000000e+01 2.589416503906250000e-02
8.400000000000000000e+01 2.471923828125000000e-02
8.400000000000000000e+01 2.357482910156250000e-02
8.600000000000000000e+01 2.246093750000000000e-02
8.700000000000000000e+01 2.137756347656250000e-02
8.800000000000000000e+01 2.032470703125000000e-02
8.900000000000000000e+01 1.930236816406250000e-02
8.900000000000000000e+01 1.831054687500000000e-02
9.000000000000000000e+01 1.734924316406250000e-02
9.100000000000000000e+01 1.641845703125000000e-02
9.300000000000000000e+01 1.551818847656250000e-02
9.400000000000000000e+01 1.464843750000000000e-02
9.500000000000000000e+01 1.380920410156250000e-02
9.600000000000000000e+01 1.300811767578125000e-02
9.700000000000000000e+01 1.222991943359375000e-02
9.800000000000000000e+01 1.148223876953125000e-02
9.900000000000000000e+01 1.076507568359375000e-02
9.900000000000000000e+01 1.007080078125000000e-02
1.010000000000000000e+02 9.414672851562500000e-03
1.020000000000000000e+02 8.781433105468750000e-03
1.030000000000000000e+02 8.178710937500000000e-03
1.040000000000000000e+02 7.606506347656250000e-03
1.040000000000000000e+02 7.057189941406250000e-03
1.060000000000000000e+02 6.534576416015625000e-03
1.070000000000000000e+02 6.042480468750000000e-03
1.080000000000000000e+02 5.573272705078125000e-03
1.090000000000000000e+02 5.126953125000000000e-03
1.090000000000000000e+02 4.707336425781250000e-03
1.110000000000000000e+02 4.310607910156250000e-03
1.120000000000000000e+02 3.936767578125000000e-03
1.130000000000000000e+02 3.585815429687500000e-03
1.130000000000000000e+02 3.257751464843750000e-03
1.140000000000000000e+02 2.950668334960937500e-03
1.160000000000000000e+02 2.662658691406250000e-03
1.170000000000000000e+02 2.395629882812500000e-03
1.180000000000000000e+02 2.149581909179687500e-03
1.190000000000000000e+02 1.919746398925781250e-03
1.200000000000000000e+02 1.708984375000000000e-03
1.210000000000000000e+02 1.516342163085937500e-03
1.220000000000000000e+02 1.339912414550781250e-03
1.230000000000000000e+02 1.179695129394531250e-03
1.240000000000000000e+02 1.035690307617187500e-03
1.250000000000000000e+02 9.059906005859375000e-04
1.260000000000000000e+02 7.905960083007812500e-04
1.270000000000000000e+02 6.895065307617187500e-04
1.270000000000000000e+02 6.008148193359375000e-04
1.290000000000000000e+02 5.254745483398437500e-04
1.300000000000000000e+02 4.613399505615234375e-04
1.310000000000000000e+02 4.091262817382812500e-04
1.310000000000000000e+02 3.674030303955078125e-04
1.330000000000000000e+02 3.361701965332031250e-04
1.340000000000000000e+02 3.144741058349609375e-04
1.350000000000000000e+02 3.023147583007812500e-04
1.360000000000000000e+02 2.985000610351562500e-04
1.370000000000000000e+02 3.032684326171875000e-04
1.380000000000000000e+02 3.154277801513671875e-04
1.390000000000000000e+02 3.349781036376953125e-04
1.400000000000000000e+02 3.612041473388671875e-04
1.400000000000000000e+02 3.938674926757812500e-04
1.410000000000000000e+02 4.322528839111328125e-04
1.430000000000000000e+02 4.763603210449218750e-04
1.440000000000000000e+02 5.249977111816406250e-04
1.450000000000000000e+02 5.788803100585937500e-04
1.460000000000000000e+02 6.365776062011718750e-04
1.470000000000000000e+02 6.985664367675781250e-04
1.480000000000000000e+02 7.634162902832031250e-04
1.490000000000000000e+02 8.320808410644531250e-04
1.500000000000000000e+02 9.031295776367187500e-04
1.500000000000000000e+02 9.765625000000000000e-04
1.520000000000000000e+02 1.052856445312500000e-03
1.530000000000000000e+02 1.130104064941406250e-03
1.540000000000000000e+02 1.209259033203125000e-03
1.550000000000000000e+02 1.290321350097656250e-03
1.560000000000000000e+02 1.372337341308593750e-03
1.570000000000000000e+02 1.454353332519531250e-03
1.580000000000000000e+02 1.537322998046875000e-03
1.590000000000000000e+02 1.621246337890625000e-03
1.600000000000000000e+02 1.705169677734375000e-03
1.600000000000000000e+02 1.788139343261718750e-03
1.610000000000000000e+02 1.871109008789062500e-03
1.630000000000000000e+02 1.955032348632812500e-03
1.640000000000000000e+02 2.037048339843750000e-03
1.650000000000000000e+02 2.117156982421875000e-03
1.660000000000000000e+02 2.197265625000000000e-03
1.670000000000000000e+02 2.277374267578125000e-03
1.680000000000000000e+02 2.355575561523437500e-03
1.690000000000000000e+02 2.431869506835937500e-03
1.690000000000000000e+02 2.506256103515625000e-03
1.700000000000000000e+02 2.580642700195312500e-03
1.720000000000000000e+02 2.651214599609375000e-03
1.730000000000000000e+02 2.721786499023437500e-03
1.740000000000000000e+02 2.790451049804687500e-03
1.750000000000000000e+02 2.855300903320312500e-03
1.760000000000000000e+02 2.920150756835937500e-03
1.770000000000000000e+02 2.983093261718750000e-03
1.780000000000000000e+02 3.042221069335937500e-03
1.790000000000000000e+02 3.099441528320312500e-03
1.790000000000000000e+02 3.154754638671875000e-03
1.800000000000000000e+02 3.208160400390625000e-03
1.810000000000000000e+02 3.257751464843750000e-03
1.820000000000000000e+02 3.307342529296875000e-03
1.830000000000000000e+02 3.353118896484375000e-03
1.850000000000000000e+02 3.396987915039062500e-03
1.860000000000000000e+02 3.437042236328125000e-03
1.870000000000000000e+02 3.477096557617187500e-03
1.880000000000000000e+02 3.513336181640625000e-03
1.890000000000000000e+02 3.545761108398437500e-03
1.900000000000000000e+02 3.578186035156250000e-03
1.910000000000000000e+02 3.606796264648437500e-03
1.920000000000000000e+02 3.633499145507812500e-03
1.930000000000000000e+02 3.658294677734375000e-03
1.940000000000000000e+02 3.679275512695312500e-03
1.950000000000000000e+02 3.698348999023437500e-03
1.960000000000000000e+02 3.715515136718750000e-03
1.970000000000000000e+02 3.730773925781250000e-03
1.980000000000000000e+02 3.742218017578125000e-03
1.980000000000000000e+02 3.753662109375000000e-03
1.990000000000000000e+02 3.761291503906250000e-03
2.010000000000000000e+02 3.767013549804687500e-03
2.020000000000000000e+02 3.770828247070312500e-03
2.030000000000000000e+02 3.772735595703125000e-03
2.040000000000000000e+02 3.772735595703125000e-03
2.050000000000000000e+02 3.768920898437500000e-03
2.060000000000000000e+02 3.765106201171875000e-03
2.070000000000000000e+02 3.759384155273437500e-03
2.080000000000000000e+02 3.751754760742187500e-03
2.090000000000000000e+02 3.740310668945312500e-03
2.090000000000000000e+02 3.728866577148437500e-03
2.100000000000000000e+02 3.715515136718750000e-03
2.120000000000000000e+02 3.700256347656250000e-03
2.130000000000000000e+02 3.683090209960937500e-03
2.140000000000000000e+02 3.664016723632812500e-03
2.150000000000000000e+02 3.644943237304687500e-03
2.160000000000000000e+02 3.623962402343750000e-03
2.170000000000000000e+02 3.601074218750000000e-03
2.180000000000000000e+02 3.576278686523437500e-03
2.180000000000000000e+02 3.551483154296875000e-03
2.190000000000000000e+02 3.522872924804687500e-03
2.200000000000000000e+02 3.496170043945312500e-03
2.220000000000000000e+02 3.465652465820312500e-03
2.230000000000000000e+02 3.435134887695312500e-03
2.240000000000000000e+02 3.404617309570312500e-03
2.240000000000000000e+02 3.372192382812500000e-03
2.260000000000000000e+02 3.337860107421875000e-03
2.260000000000000000e+02 3.303527832031250000e-03
2.270000000000000000e+02 3.269195556640625000e-03
2.280000000000000000e+02 3.232955932617187500e-03
2.290000000000000000e+02 3.194808959960937500e-03
2.310000000000000000e+02 3.158569335937500000e-03
2.320000000000000000e+02 3.118515014648437500e-03
2.330000000000000000e+02 3.080368041992187500e-03
2.340000000000000000e+02 3.040313720703125000e-03
2.350000000000000000e+02 3.000259399414062500e-03
2.360000000000000000e+02 2.960205078125000000e-03
2.370000000000000000e+02 2.918243408203125000e-03
2.380000000000000000e+02 2.878189086914062500e-03
2.390000000000000000e+02 2.836227416992187500e-03
2.400000000000000000e+02 2.792358398437500000e-03
2.410000000000000000e+02 2.750396728515625000e-03
2.420000000000000000e+02 2.708435058593750000e-03
2.430000000000000000e+02 2.664566040039062500e-03
2.440000000000000000e+02 2.620697021484375000e-03
2.450000000000000000e+02 2.578735351562500000e-03
2.460000000000000000e+02 2.534866333007812500e-03
2.470000000000000000e+02 2.490997314453125000e-03
2.480000000000000000e+02 2.447128295898437500e-03
2.490000000000000000e+02 2.403259277343750000e-03
2.500000000000000000e+02 2.359390258789062500e-03
2.510000000000000000e+02 2.315521240234375000e-03
2.520000000000000000e+02 2.273559570312500000e-03
2.530000000000000000e+02 2.229690551757812500e-03
2.540000000000000000e+02 2.185821533203125000e-03
2.550000000000000000e+02 2.141952514648437500e-03
2.550000000000000000e+02 2.099990844726562500e-03
2.570000000000000000e+02 2.056121826171875000e-03
2.580000000000000000e+02 2.014160156250000000e-03
2.590000000000000000e+02 1.972198486328125000e-03
2.600000000000000000e+02 1.929283142089843750e-03
2.610000000000000000e+02 1.887321472167968750e-03
2.620000000000000000e+02 1.846313476562500000e-03
2.630000000000000000e+02 1.805305480957031250e-03
2.630000000000000000e+02 1.764297485351562500e-03
2.650000000000000000e+02 1.723289489746093750e-03
2.660000000000000000e+02 1.683235168457031250e-03
2.670000000000000000e+02 1.643180847167968750e-03
2.680000000000000000e+02 1.604080200195312500e-03
2.690000000000000000e+02 1.564979553222656250e-03
2.700000000000000000e+02 1.526832580566406250e-03
2.710000000000000000e+02 1.488685607910156250e-03
2.720000000000000000e+02 1.451492309570312500e-03
2.730000000000000000e+02 1.414299011230468750e-03
2.740000000000000000e+02 1.377105712890625000e-03
2.750000000000000000e+02 1.340866088867187500e-03
2.760000000000000000e+02 1.305580139160156250e-03
2.770000000000000000e+02 1.270294189453125000e-03
2.780000000000000000e+02 1.235961914062500000e-03
2.790000000000000000e+02 1.201629638671875000e-03
2.800000000000000000e+02 1.168251037597656250e-03
2.810000000000000000e+02 1.134872436523437500e-03
2.810000000000000000e+02 1.102447509765625000e-03
2.830000000000000000e+02 1.070022583007812500e-03
2.830000000000000000e+02 1.038551330566406250e-03
2.850000000000000000e+02 1.008033752441406250e-03
2.860000000000000000e+02 9.775161743164062500e-04
2.870000000000000000e+02 9.474754333496093750e-04
2.880000000000000000e+02 9.183883666992187500e-04
2.890000000000000000e+02 8.893013000488281250e-04
2.900000000000000000e+02 8.611679077148437500e-04
2.910000000000000000e+02 8.335113525390625000e-04
2.920000000000000000e+02 8.068084716796875000e-04
2.920000000000000000e+02 7.801055908203125000e-04
2.940000000000000000e+02 7.538795471191406250e-04
2.940000000000000000e+02 7.286071777343750000e-04
2.960000000000000000e+02 7.038116455078125000e-04
2.970000000000000000e+02 6.794929504394531250e-04
2.980000000000000000e+02 6.556510925292968750e-04
2.990000000000000000e+02 6.322860717773437500e-04
3.000000000000000000e+02 6.098747253417968750e-04
3.010000000000000000e+02 5.874633789062500000e-04
3.010000000000000000e+02 5.660057067871093750e-04
3.030000000000000000e+02 5.450248718261718750e-04
3.040000000000000000e+02 5.240440368652343750e-04
3.050000000000000000e+02 5.040168762207031250e-04
3.060000000000000000e+02 4.847049713134765625e-04
3.070000000000000000e+02 4.656314849853515625e-04
3.080000000000000000e+02 4.470348358154296875e-04
3.090000000000000000e+02 4.291534423828125000e-04
3.100000000000000000e+02 4.115104675292968750e-04
3.100000000000000000e+02 3.945827484130859375e-04
3.120000000000000000e+02 3.778934478759765625e-04
3.120000000000000000e+02 3.619194030761718750e-04
3.140000000000000000e+02 3.461837768554687500e-04
3.140000000000000000e+02 3.309249877929687500e-04
3.160000000000000000e+02 3.163814544677734375e-04
3.170000000000000000e+02 3.020763397216796875e-04
3.180000000000000000e+02 2.882480621337890625e-04
3.190000000000000000e+02 2.748966217041015625e-04
3.200000000000000000e+02 2.620220184326171875e-04
3.200000000000000000e+02 2.493858337402343750e-04
3.210000000000000000e+02 2.373456954956054688e-04
3.220000000000000000e+02 2.256631851196289062e-04
3.230000000000000000e+02 2.143383026123046875e-04
3.240000000000000000e+02 2.034902572631835938e-04
3.260000000000000000e+02 1.929998397827148438e-04
3.270000000000000000e+02 1.828670501708984375e-04
3.280000000000000000e+02 1.730918884277343750e-04
3.290000000000000000e+02 1.636743545532226562e-04
3.300000000000000000e+02 1.547336578369140625e-04
3.300000000000000000e+02 1.460313796997070312e-04
3.320000000000000000e+02 1.376867294311523438e-04
3.320000000000000000e+02 1.296997070312500000e-04
3.340000000000000000e+02 1.220703125000000000e-04
3.350000000000000000e+02 1.147389411926269531e-04
3.360000000000000000e+02 1.077055931091308594e-04
3.370000000000000000e+02 1.009702682495117188e-04
3.380000000000000000e+02 9.459257125854492188e-05
3.390000000000000000e+02 8.845329284667968750e-05
3.390000000000000000e+02 8.261203765869140625e-05
3.410000000000000000e+02 7.706880569458007812e-05
3.410000000000000000e+02 7.182359695434570312e-05
3.430000000000000000e+02 6.681680679321289062e-05
3.440000000000000000e+02 6.204843521118164062e-05
3.450000000000000000e+02 5.751848220825195312e-05
3.460000000000000000e+02 5.328655242919921875e-05
3.470000000000000000e+02 4.929304122924804688e-05
3.480000000000000000e+02 4.547834396362304688e-05
3.490000000000000000e+02 4.190206527709960938e-05
3.500000000000000000e+02 3.856420516967773438e-05
3.500000000000000000e+02 3.546476364135742188e-05
3.520000000000000000e+02 3.254413604736328125e-05
3.520000000000000000e+02 2.980232238769531250e-05
3.540000000000000000e+02 2.729892730712890625e-05
3.550000000000000000e+02 2.491474151611328125e-05
3.560000000000000000e+02 2.276897430419921875e-05
3.570000000000000000e+02 2.080202102661132812e-05
3.580000000000000000e+02 1.895427703857421875e-05
3.590000000000000000e+02 1.734495162963867188e-05
3.590000000000000000e+02 1.585483551025390625e-05
3.610000000000000000e+02 1.448392868041992188e-05
3.610000000000000000e+02 1.329183578491210938e-05
3.630000000000000000e+02 1.221895217895507812e-05
3.630000000000000000e+02 1.132488250732421875e-05
3.650000000000000000e+02 1.055002212524414062e-05
3.650000000000000000e+02 9.894371032714843750e-06
3.670000000000000000e+02 9.357929229736328125e-06
3.670000000000000000e+02 8.940696716308593750e-06
3.680000000000000000e+02 8.642673492431640625e-06
3.700000000000000000e+02 8.404254913330078125e-06
3.700000000000000000e+02 8.344650268554687500e-06
3.720000000000000000e+02 8.344650268554687500e-06
3.720000000000000000e+02 8.404254913330078125e-06
3.740000000000000000e+02 8.583068847656250000e-06
3.750000000000000000e+02 8.881092071533203125e-06
3.760000000000000000e+02 9.179115295410156250e-06
3.770000000000000000e+02 9.655952453613281250e-06
3.780000000000000000e+02 1.013278961181640625e-05
3.790000000000000000e+02 1.066923141479492188e-05
3.800000000000000000e+02 1.132488250732421875e-05
3.810000000000000000e+02 1.204013824462890625e-05
3.820000000000000000e+02 1.275539398193359375e-05
3.830000000000000000e+02 1.358985900878906250e-05
3.840000000000000000e+02 1.442432403564453125e-05
3.850000000000000000e+02 1.531839370727539062e-05
3.860000000000000000e+02 1.627206802368164062e-05
3.870000000000000000e+02 1.722574234008789062e-05
3.880000000000000000e+02 1.829862594604492188e-05
3.880000000000000000e+02 1.931190490722656250e-05
3.900000000000000000e+02 2.044439315795898438e-05
3.900000000000000000e+02 2.157688140869140625e-05
3.920000000000000000e+02 2.270936965942382812e-05
3.920000000000000000e+02 2.390146255493164062e-05
3.940000000000000000e+02 2.509355545043945312e-05
3.950000000000000000e+02 2.628564834594726562e-05
3.960000000000000000e+02 2.753734588623046875e-05
3.970000000000000000e+02 2.878904342651367188e-05
3.970000000000000000e+02 3.004074096679687500e-05
3.990000000000000000e+02 3.129243850708007812e-05
3.990000000000000000e+02 3.260374069213867188e-05
4.010000000000000000e+02 3.385543823242187500e-05
4.020000000000000000e+02 3.516674041748046875e-05
4.030000000000000000e+02 3.647804260253906250e-05
4.040000000000000000e+02 3.778934478759765625e-05
4.050000000000000000e+02 3.904104232788085938e-05
4.060000000000000000e+02 4.035234451293945312e-05
4.070000000000000000e+02 4.166364669799804688e-05
4.080000000000000000e+02 4.291534423828125000e-05
4.080000000000000000e+02 4.422664642333984375e-05
4.100000000000000000e+02 4.547834396362304688e-05
4.100000000000000000e+02 4.673004150390625000e-05
4.120000000000000000e+02 4.798173904418945312e-05
4.120000000000000000e+02 4.923343658447265625e-05
4.140000000000000000e+02 5.042552947998046875e-05
4.150000000000000000e+02 5.161762237548828125e-05
4.160000000000000000e+02 5.280971527099609375e-05
4.170000000000000000e+02 5.400180816650390625e-05
4.180000000000000000e+02 5.519390106201171875e-05
4.190000000000000000e+02 5.632638931274414062e-05
4.190000000000000000e+02 5.745887756347656250e-05
4.210000000000000000e+02 5.853176116943359375e-05
4.210000000000000000e+02 5.960464477539062500e-05
4.230000000000000000e+02 6.067752838134765625e-05
4.240000000000000000e+02 6.175041198730468750e-05
4.250000000000000000e+02 6.276369094848632812e-05
4.260000000000000000e+02 6.377696990966796875e-05
4.270000000000000000e+02 6.473064422607421875e-05
4.280000000000000000e+02 6.568431854248046875e-05
4.290000000000000000e+02 6.657838821411132812e-05
4.300000000000000000e+02 6.747245788574218750e-05
4.310000000000000000e+02 6.836652755737304688e-05
4.320000000000000000e+02 6.920099258422851562e-05
4.330000000000000000e+02 7.003545761108398438e-05
4.340000000000000000e+02 7.086992263793945312e-05
4.350000000000000000e+02 7.164478302001953125e-05
4.360000000000000000e+02 7.236003875732421875e-05
4.370000000000000000e+02 7.307529449462890625e-05
4.370000000000000000e+02 7.379055023193359375e-05
4.390000000000000000e+02 7.444620132446289062e-05
4.390000000000000000e+02 7.510185241699218750e-05
4.410000000000000000e+02 7.569789886474609375e-05
4.410000000000000000e+02 7.629394531250000000e-05
4.430000000000000000e+02 7.683038711547851562e-05
4.440000000000000000e+02 7.736682891845703125e-05
4.450000000000000000e+02 7.790327072143554688e-05
4.460000000000000000e+02 7.838010787963867188e-05
4.470000000000000000e+02 7.885694503784179688e-05
4.480000000000000000e+02 7.927417755126953125e-05
4.480000000000000000e+02 7.963180541992187500e-05
4.490000000000000000e+02 8.004903793334960938e-05
4.510000000000000000e+02 8.040666580200195312e-05
4.520000000000000000e+02 8.070468902587890625e-05
4.530000000000000000e+02 8.100271224975585938e-05
4.530000000000000000e+02 8.130073547363281250e-05
4.550000000000000000e+02 8.153915405273437500e-05
4.550000000000000000e+02 8.171796798706054688e-05
4.570000000000000000e+02 8.195638656616210938e-05
4.570000000000000000e+02 8.213520050048828125e-05
4.590000000000000000e+02 8.225440979003906250e-05
4.590000000000000000e+02 8.237361907958984375e-05
4.610000000000000000e+02 8.249282836914062500e-05
4.620000000000000000e+02 8.255243301391601562e-05
4.630000000000000000e+02 8.261203765869140625e-05
4.640000000000000000e+02 8.267164230346679688e-05
4.650000000000000000e+02 8.267164230346679688e-05
4.660000000000000000e+02 8.267164230346679688e-05
4.670000000000000000e+02 8.261203765869140625e-05
4.680000000000000000e+02 8.255243301391601562e-05
4.680000000000000000e+02 8.249282836914062500e-05
4.700000000000000000e+02 8.237361907958984375e-05
4.700000000000000000e+02 8.225440979003906250e-05
4.720000000000000000e+02 8.213520050048828125e-05
4.730000000000000000e+02 8.201599121093750000e-05
4.740000000000000000e+02 8.183717727661132812e-05
4.750000000000000000e+02 8.159875869750976562e-05
4.760000000000000000e+02 8.141994476318359375e-05
4.770000000000000000e+02 8.118152618408203125e-05
4.780000000000000000e+02 8.094310760498046875e-05
4.790000000000000000e+02 8.064508438110351562e-05
4.800000000000000000e+02 8.040666580200195312e-05
4.810000000000000000e+02 8.010864257812500000e-05
4.820000000000000000e+02 7.981061935424804688e-05
4.830000000000000000e+02 7.945299148559570312e-05
4.840000000000000000e+02 7.909536361694335938e-05
4.850000000000000000e+02 7.873773574829101562e-05
4.860000000000000000e+02 7.838010787963867188e-05
4.860000000000000000e+02 7.802248001098632812e-05
4.880000000000000000e+02 7.760524749755859375e-05
4.880000000000000000e+02 7.718801498413085938e-05
4.900000000000000000e+02 7.677078247070312500e-05
4.900000000000000000e+02 7.635354995727539062e-05
4.920000000000000000e+02 7.587671279907226562e-05
4.930000000000000000e+02 7.539987564086914062e-05
4.940000000000000000e+02 7.492303848266601562e-05
4.940000000000000000e+02 7.444620132446289062e-05
4.960000000000000000e+02 7.396936416625976562e-05
4.960000000000000000e+02 7.349252700805664062e-05
4.980000000000000000e+02 7.295608520507812500e-05
4.990000000000000000e+02 7.241964340209960938e-05
5.000000000000000000e+02 7.194280624389648438e-05
5.000000000000000000e+02 7.140636444091796875e-05
5.020000000000000000e+02 7.081031799316406250e-05
5.030000000000000000e+02 7.027387619018554688e-05
5.040000000000000000e+02 6.973743438720703125e-05
5.050000000000000000e+02 6.914138793945312500e-05
5.060000000000000000e+02 6.854534149169921875e-05
5.070000000000000000e+02 6.800889968872070312e-05
5.080000000000000000e+02 6.741285324096679688e-05
5.090000000000000000e+02 6.681680679321289062e-05
5.100000000000000000e+02 6.622076034545898438e-05
5.110000000000000000e+02 6.562471389770507812e-05
5.110000000000000000e+02 6.502866744995117188e-05
5.130000000000000000e+02 6.437301635742187500e-05
5.140000000000000000e+02 6.377696990966796875e-05
5.140000000000000000e+02 6.318092346191406250e-05
5.160000000000000000e+02 6.252527236938476562e-05
5.170000000000000000e+02 6.192922592163085938e-05
5.180000000000000000e+02 6.127357482910156250e-05
5.180000000000000000e+02 6.061792373657226562e-05
5.200000000000000000e+02 6.002187728881835938e-05
5.210000000000000000e+02 5.936622619628906250e-05
5.220000000000000000e+02 5.871057510375976562e-05
5.230000000000000000e+02 5.811452865600585938e-05
5.240000000000000000e+02 5.745887756347656250e-05
5.250000000000000000e+02 5.680322647094726562e-05
5.260000000000000000e+02 5.614757537841796875e-05
5.270000000000000000e+02 5.549192428588867188e-05
5.270000000000000000e+02 5.483627319335937500e-05
5.290000000000000000e+02 5.424022674560546875e-05
5.300000000000000000e+02 5.358457565307617188e-05
5.310000000000000000e+02 5.292892456054687500e-05
5.320000000000000000e+02 5.227327346801757812e-05
5.330000000000000000e+02 5.161762237548828125e-05
5.340000000000000000e+02 5.102157592773437500e-05
5.350000000000000000e+02 5.036592483520507812e-05
5.360000000000000000e+02 4.971027374267578125e-05
5.360000000000000000e+02 4.905462265014648438e-05
5.380000000000000000e+02 4.845857620239257812e-05
5.390000000000000000e+02 4.780292510986328125e-05
5.400000000000000000e+02 4.714727401733398438e-05
5.400000000000000000e+02 4.655122756958007812e-05
5.420000000000000000e+02 4.589557647705078125e-05
5.430000000000000000e+02 4.529953002929687500e-05
5.440000000000000000e+02 4.464387893676757812e-05
5.450000000000000000e+02 4.404783248901367188e-05
5.460000000000000000e+02 4.339218139648437500e-05
5.470000000000000000e+02 4.279613494873046875e-05
5.480000000000000000e+02 4.220008850097656250e-05
5.490000000000000000e+02 4.160404205322265625e-05
5.500000000000000000e+02 4.094839096069335938e-05
5.510000000000000000e+02 4.035234451293945312e-05
5.520000000000000000e+02 3.975629806518554688e-05
5.530000000000000000e+02 3.916025161743164062e-05
5.540000000000000000e+02 3.856420516967773438e-05
5.540000000000000000e+02 3.796815872192382812e-05
5.560000000000000000e+02 3.743171691894531250e-05
5.570000000000000000e+02 3.683567047119140625e-05
5.580000000000000000e+02 3.623962402343750000e-05
5.580000000000000000e+02 3.570318222045898438e-05
5.600000000000000000e+02 3.510713577270507812e-05
5.610000000000000000e+02 3.457069396972656250e-05
5.620000000000000000e+02 3.403425216674804688e-05
5.630000000000000000e+02 3.343820571899414062e-05
5.630000000000000000e+02 3.290176391601562500e-05
5.650000000000000000e+02 3.236532211303710938e-05
5.660000000000000000e+02 3.182888031005859375e-05
5.670000000000000000e+02 3.129243850708007812e-05
5.670000000000000000e+02 3.075599670410156250e-05
5.690000000000000000e+02 3.021955490112304688e-05
5.700000000000000000e+02 2.974271774291992188e-05
5.710000000000000000e+02 2.920627593994140625e-05
5.720000000000000000e+02 2.872943878173828125e-05
5.720000000000000000e+02 2.819299697875976562e-05
5.740000000000000000e+02 2.771615982055664062e-05
5.750000000000000000e+02 2.723932266235351562e-05
5.760000000000000000e+02 2.670288085937500000e-05
5.760000000000000000e+02 2.622604370117187500e-05
5.780000000000000000e+02 2.574920654296875000e-05
5.790000000000000000e+02 2.527236938476562500e-05
5.800000000000000000e+02 2.485513687133789062e-05
5.810000000000000000e+02 2.437829971313476562e-05
5.820000000000000000e+02 2.390146255493164062e-05
5.830000000000000000e+02 2.348423004150390625e-05
5.840000000000000000e+02 2.300739288330078125e-05
5.850000000000000000e+02 2.259016036987304688e-05
5.850000000000000000e+02 2.217292785644531250e-05
5.870000000000000000e+02 2.175569534301757812e-05
5.880000000000000000e+02 2.127885818481445312e-05
5.890000000000000000e+02 2.086162567138671875e-05
5.890000000000000000e+02 2.050399780273437500e-05
5.910000000000000000e+02 2.008676528930664062e-05
5.920000000000000000e+02 1.966953277587890625e-05
5.930000000000000000e+02 1.925230026245117188e-05
5.940000000000000000e+02 1.889467239379882812e-05
5.940000000000000000e+02 1.847743988037109375e-05
5.960000000000000000e+02 1.811981201171875000e-05
5.970000000000000000e+02 1.776218414306640625e-05
5.980000000000000000e+02 1.740455627441406250e-05
5.980000000000000000e+02 1.698732376098632812e-05
6.000000000000000000e+02 1.662969589233398438e-05
6.010000000000000000e+02 1.633167266845703125e-05
6.020000000000000000e+02 1.597404479980468750e-05
6.020000000000000000e+02 1.561641693115234375e-05
6.030000000000000000e+02 1.525878906250000000e-05
6.050000000000000000e+02 1.496076583862304688e-05
6.060000000000000000e+02 1.460313796997070312e-05
6.070000000000000000e+02 1.430511474609375000e-05
6.080000000000000000e+02 1.400709152221679688e-05
6.090000000000000000e+02 1.364946365356445312e-05
6.100000000000000000e+02 1.335144042968750000e-05
6.110000000000000000e+02 1.305341720581054688e-05
6.120000000000000000e+02 1.275539398193359375e-05
6.120000000000000000e+02 1.245737075805664062e-05
6.140000000000000000e+02 1.215934753417968750e-05
6.150000000000000000e+02 1.192092895507812500e-05
6.160000000000000000e+02 1.162290573120117188e-05
6.170000000000000000e+02 1.132488250732421875e-05
6.180000000000000000e+02 1.108646392822265625e-05
6.190000000000000000e+02 1.084804534912109375e-05
6.200000000000000000e+02 1.055002212524414062e-05
6.210000000000000000e+02 1.031160354614257812e-05
6.210000000000000000e+02 1.007318496704101562e-05
6.230000000000000000e+02 9.834766387939453125e-06
6.240000000000000000e+02 9.596347808837890625e-06
6.250000000000000000e+02 9.357929229736328125e-06
6.250000000000000000e+02 9.119510650634765625e-06
6.270000000000000000e+02 8.881092071533203125e-06
6.280000000000000000e+02 8.642673492431640625e-06
6.290000000000000000e+02 8.404254913330078125e-06
6.290000000000000000e+02 8.225440979003906250e-06
6.300000000000000000e+02 7.987022399902343750e-06
6.320000000000000000e+02 7.808208465576171875e-06
6.330000000000000000e+02 7.569789886474609375e-06
6.340000000000000000e+02 7.390975952148437500e-06
6.340000000000000000e+02 7.212162017822265625e-06
6.360000000000000000e+02 7.033348083496093750e-06
6.370000000000000000e+02 6.794929504394531250e-06
6.380000000000000000e+02 6.616115570068359375e-06
6.380000000000000000e+02 6.437301635742187500e-06
6.400000000000000000e+02 6.258487701416015625e-06
6.410000000000000000e+02 6.139278411865234375e-06
6.410000000000000000e+02 5.960464477539062500e-06
6.420000000000000000e+02 5.781650543212890625e-06
6.430000000000000000e+02 5.602836608886718750e-06
6.450000000000000000e+02 5.483627319335937500e-06
6.450000000000000000e+02 5.304813385009765625e-06
6.470000000000000000e+02 5.125999450683593750e-06
6.470000000000000000e+02 5.006790161132812500e-06
6.490000000000000000e+02 4.827976226806640625e-06
6.490000000000000000e+02 4.708766937255859375e-06
6.500000000000000000e+02 4.589557647705078125e-06
6.520000000000000000e+02 4.410743713378906250e-06
6.530000000000000000e+02 4.291534423828125000e-06
6.540000000000000000e+02 4.172325134277343750e-06
6.550000000000000000e+02 4.053115844726562500e-06
6.560000000000000000e+02 3.933906555175781250e-06
6.560000000000000000e+02 3.814697265625000000e-06
6.580000000000000000e+02 3.695487976074218750e-06
6.580000000000000000e+02 3.576278686523437500e-06
6.600000000000000000e+02 3.457069396972656250e-06
6.610000000000000000e+02 3.337860107421875000e-06
6.610000000000000000e+02 3.218650817871093750e-06
6.630000000000000000e+02 3.159046173095703125e-06
6.640000000000000000e+02 3.039836883544921875e-06
6.650000000000000000e+02 2.920627593994140625e-06
6.650000000000000000e+02 2.861022949218750000e-06
6.670000000000000000e+02 2.741813659667968750e-06
6.680000000000000000e+02 2.682209014892578125e-06
6.690000000000000000e+02 2.562999725341796875e-06
6.700000000000000000e+02 2.503395080566406250e-06
6.700000000000000000e+02 2.384185791015625000e-06
6.720000000000000000e+02 2.324581146240234375e-06
6.730000000000000000e+02 2.205371856689453125e-06
6.740000000000000000e+02 2.145767211914062500e-06
6.750000000000000000e+02 2.086162567138671875e-06
6.760000000000000000e+02 2.026557922363281250e-06
6.770000000000000000e+02 1.907348632812500000e-06
6.780000000000000000e+02 1.847743988037109375e-06
6.790000000000000000e+02 1.788139343261718750e-06
6.790000000000000000e+02 1.728534698486328125e-06
6.810000000000000000e+02 1.668930053710937500e-06
6.820000000000000000e+02 1.609325408935546875e-06
6.830000000000000000e+02 1.549720764160156250e-06
6.830000000000000000e+02 1.490116119384765625e-06
6.850000000000000000e+02 1.430511474609375000e-06
6.860000000000000000e+02 1.370906829833984375e-06
6.870000000000000000e+02 1.311302185058593750e-06
6.880000000000000000e+02 1.251697540283203125e-06
6.880000000000000000e+02 1.192092895507812500e-06
6.900000000000000000e+02 1.192092895507812500e-06
6.910000000000000000e+02 1.132488250732421875e-06
6.920000000000000000e+02 1.072883605957031250e-06
6.920000000000000000e+02 1.013278961181640625e-06
6.940000000000000000e+02 1.013278961181640625e-06
6.950000000000000000e+02 9.536743164062500000e-07
6.960000000000000000e+02 8.940696716308593750e-07
6.960000000000000000e+02 8.940696716308593750e-07
6.980000000000000000e+02 8.344650268554687500e-07
6.990000000000000000e+02 7.748603820800781250e-07
7.000000000000000000e+02 7.748603820800781250e-07
7.010000000000000000e+02 7.152557373046875000e-07
7.010000000000000000e+02 7.152557373046875000e-07
7.030000000000000000e+02 6.556510925292968750e-07
7.040000000000000000e+02 6.556510925292968750e-07
7.050000000000000000e+02 5.960464477539062500e-07
7.050000000000000000e+02 5.960464477539062500e-07
7.070000000000000000e+02 5.364418029785156250e-07
7.080000000000000000e+02 5.364418029785156250e-07
7.090000000000000000e+02 4.768371582031250000e-07
7.100000000000000000e+02 4.768371582031250000e-07
7.100000000000000000e+02 4.768371582031250000e-07
7.120000000000000000e+02 4.172325134277343750e-07
7.130000000000000000e+02 4.172325134277343750e-07
7.140000000000000000e+02 4.172325134277343750e-07
7.150000000000000000e+02 3.576278686523437500e-07
7.160000000000000000e+02 3.576278686523437500e-07
7.170000000000000000e+02 3.576278686523437500e-07
7.180000000000000000e+02 2.980232238769531250e-07
7.190000000000000000e+02 2.980232238769531250e-07
7.190000000000000000e+02 2.980232238769531250e-07
7.210000000000000000e+02 2.980232238769531250e-07
7.220000000000000000e+02 2.384185791015625000e-07
7.230000000000000000e+02 2.384185791015625000e-07
7.230000000000000000e+02 2.384185791015625000e-07
7.250000000000000000e+02 2.384185791015625000e-07
7.260000000000000000e+02 2.384185791015625000e-07
7.270000000000000000e+02 1.788139343261718750e-07
7.270000000000000000e+02 1.788139343261718750e-07
7.280000000000000000e+02 1.788139343261718750e-07
7.300000000000000000e+02 1.788139343261718750e-07
7.310000000000000000e+02 1.788139343261718750e-07
7.310000000000000000e+02 1.788139343261718750e-07
7.320000000000000000e+02 1.788139343261718750e-07
7.340000000000000000e+02 1.788139343261718750e-07
7.350000000000000000e+02 1.192092895507812500e-07
7.350000000000000000e+02 1.192092895507812500e-07
7.360000000000000000e+02 1.192092895507812500e-07
7.370000000000000000e+02 1.192092895507812500e-07
7.390000000000000000e+02 1.192092895507812500e-07
7.400000000000000000e+02 1.192092895507812500e-07
7.410000000000000000e+02 1.192092895507812500e-07
7.410000000000000000e+02 1.192092895507812500e-07
7.430000000000000000e+02 1.192092895507812500e-07
7.440000000000000000e+02 1.192092895507812500e-07
7.450000000000000000e+02 1.192092895507812500e-07
7.450000000000000000e+02 1.192092895507812500e-07
7.460000000000000000e+02 1.192092895507812500e-07
7.480000000000000000e+02 1.192092895507812500e-07
7.490000000000000000e+02 1.192092895507812500e-07
7.500000000000000000e+02 1.192092895507812500e-07
7.500000000000000000e+02 1.192092895507812500e-07
7.520000000000000000e+02 1.192092895507812500e-07
7.530000000000000000e+02 1.192092895507812500e-07
7.540000000000000000e+02 1.192092895507812500e-07
7.540000000000000000e+02 1.192092895507812500e-07
7.560000000000000000e+02 1.192092895507812500e-07
7.570000000000000000e+02 1.192092895507812500e-07
7.580000000000000000e+02 1.192092895507812500e-07
7.590000000000000000e+02 1.192092895507812500e-07
7.600000000000000000e+02 1.192092895507812500e-07
7.610000000000000000e+02 1.192092895507812500e-07
7.620000000000000000e+02 1.192092895507812500e-07
7.630000000000000000e+02 1.192092895507812500e-07
7.640000000000000000e+02 1.192092895507812500e-07
7.650000000000000000e+02 1.192092895507812500e-07
7.660000000000000000e+02 1.192092895507812500e-07
7.670000000000000000e+02 1.192092895507812500e-07
7.680000000000000000e+02 1.192092895507812500e-07
7.690000000000000000e+02 1.192092895507812500e-07
7.700000000000000000e+02 1.192092895507812500e-07
7.700000000000000000e+02 1.192092895507812500e-07
7.720000000000000000e+02 1.788139343261718750e-07
7.730000000000000000e+02 1.788139343261718750e-07
7.740000000000000000e+02 1.788139343261718750e-07
7.740000000000000000e+02 1.788139343261718750e-07
7.760000000000000000e+02 1.788139343261718750e-07
7.770000000000000000e+02 1.788139343261718750e-07
7.770000000000000000e+02 1.788139343261718750e-07
7.780000000000000000e+02 1.788139343261718750e-07
7.800000000000000000e+02 1.788139343261718750e-07
7.810000000000000000e+02 1.788139343261718750e-07
7.810000000000000000e+02 1.788139343261718750e-07
7.830000000000000000e+02 1.788139343261718750e-07
7.840000000000000000e+02 1.788139343261718750e-07
7.850000000000000000e+02 1.788139343261718750e-07
7.850000000000000000e+02 1.788139343261718750e-07
7.860000000000000000e+02 2.384185791015625000e-07
7.880000000000000000e+02 2.384185791015625000e-07
7.890000000000000000e+02 2.384185791015625000e-07
7.900000000000000000e+02 2.384185791015625000e-07
7.910000000000000000e+02 2.384185791015625000e-07
7.920000000000000000e+02 2.384185791015625000e-07
7.930000000000000000e+02 2.384185791015625000e-07
7.940000000000000000e+02 2.384185791015625000e-07
7.940000000000000000e+02 2.384185791015625000e-07
7.950000000000000000e+02 2.384185791015625000e-07
7.970000000000000000e+02 2.384185791015625000e-07
7.980000000000000000e+02 2.384185791015625000e-07
7.990000000000000000e+02 2.384185791015625000e-07
7.990000000000000000e+02 2.384185791015625000e-07
8.010000000000000000e+02 2.980232238769531250e-07
8.020000000000000000e+02 2.980232238769531250e-07
8.030000000000000000e+02 2.980232238769531250e-07
8.040000000000000000e+02 2.980232238769531250e-07
8.050000000000000000e+02 2.980232238769531250e-07
8.060000000000000000e+02 2.980232238769531250e-07
8.070000000000000000e+02 2.980232238769531250e-07
8.080000000000000000e+02 2.980232238769531250e-07
8.080000000000000000e+02 2.980232238769531250e-07
8.100000000000000000e+02 2.980232238769531250e-07
8.110000000000000000e+02 2.980232238769531250e-07
8.120000000000000000e+02 2.980232238769531250e-07
8.130000000000000000e+02 2.980232238769531250e-07
8.140000000000000000e+02 2.980232238769531250e-07
8.150000000000000000e+02 2.980232238769531250e-07
8.160000000000000000e+02 2.980232238769531250e-07
8.160000000000000000e+02 2.980232238769531250e-07
8.170000000000000000e+02 3.576278686523437500e-07
8.190000000000000000e+02 3.576278686523437500e-07
8.200000000000000000e+02 3.576278686523437500e-07
8.210000000000000000e+02 3.576278686523437500e-07
8.210000000000000000e+02 3.576278686523437500e-07
8.230000000000000000e+02 3.576278686523437500e-07
8.240000000000000000e+02 3.576278686523437500e-07
8.250000000000000000e+02 3.576278686523437500e-07
8.250000000000000000e+02 3.576278686523437500e-07
8.260000000000000000e+02 3.576278686523437500e-07
8.280000000000000000e+02 3.576278686523437500e-07
8.290000000000000000e+02 3.576278686523437500e-07
8.300000000000000000e+02 3.576278686523437500e-07
8.300000000000000000e+02 3.576278686523437500e-07
8.320000000000000000e+02 3.576278686523437500e-07
8.330000000000000000e+02 3.576278686523437500e-07
8.340000000000000000e+02 3.576278686523437500e-07
8.340000000000000000e+02 3.576278686523437500e-07
8.360000000000000000e+02 3.576278686523437500e-07
8.370000000000000000e+02 3.576278686523437500e-07
8.380000000000000000e+02 3.576278686523437500e-07
8.390000000000000000e+02 3.576278686523437500e-07
8.390000000000000000e+02 3.576278686523437500e-07
8.410000000000000000e+02 3.576278686523437500e-07
8.420000000000000000e+02 3.576278686523437500e-07
8.430000000000000000e+02 3.576278686523437500e-07
8.430000000000000000e+02 3.576278686523437500e-07
8.440000000000000000e+02 4.172325134277343750e-07
8.460000000000000000e+02 4.172325134277343750e-07
8.470000000000000000e+02 4.172325134277343750e-07
8.480000000000000000e+02 4.172325134277343750e-07
8.480000000000000000e+02 4.172325134277343750e-07
8.500000000000000000e+02 4.172325134277343750e-07
8.510000000000000000e+02 4.172325134277343750e-07
8.520000000000000000e+02 4.172325134277343750e-07
8.520000000000000000e+02 4.172325134277343750e-07
8.540000000000000000e+02 4.172325134277343750e-07
8.550000000000000000e+02 4.172325134277343750e-07
8.560000000000000000e+02 4.172325134277343750e-07
8.570000000000000000e+02 4.172325134277343750e-07
8.580000000000000000e+02 4.172325134277343750e-07
8.590000000000000000e+02 4.172325134277343750e-07
8.600000000000000000e+02 4.172325134277343750e-07
8.610000000000000000e+02 4.172325134277343750e-07
8.620000000000000000e+02 4.172325134277343750e-07
8.630000000000000000e+02 4.172325134277343750e-07
8.640000000000000000e+02 4.172325134277343750e-07
8.650000000000000000e+02 4.172325134277343750e-07
8.660000000000000000e+02 4.172325134277343750e-07
8.670000000000000000e+02 4.172325134277343750e-07
8.680000000000000000e+02 4.172325134277343750e-07
8.690000000000000000e+02 4.172325134277343750e-07
8.700000000000000000e+02 4.172325134277343750e-07
8.710000000000000000e+02 4.172325134277343750e-07
8.720000000000000000e+02 4.172325134277343750e-07
8.730000000000000000e+02 4.172325134277343750e-07
8.740000000000000000e+02 4.172325134277343750e-07
8.750000000000000000e+02 4.172325134277343750e-07
8.750000000000000000e+02 4.172325134277343750e-07
8.770000000000000000e+02 4.172325134277343750e-07
8.780000000000000000e+02 4.172325134277343750e-07
8.790000000000000000e+02 4.172325134277343750e-07
8.790000000000000000e+02 4.172325134277343750e-07
8.810000000000000000e+02 4.172325134277343750e-07
8.820000000000000000e+02 4.172325134277343750e-07
8.830000000000000000e+02 4.172325134277343750e-07
8.830000000000000000e+02 4.172325134277343750e-07
8.840000000000000000e+02 4.172325134277343750e-07
8.860000000000000000e+02 4.172325134277343750e-07
8.870000000000000000e+02 4.172325134277343750e-07
8.880000000000000000e+02 4.172325134277343750e-07
8.880000000000000000e+02 4.172325134277343750e-07
8.900000000000000000e+02 3.576278686523437500e-07
8.910000000000000000e+02 3.576278686523437500e-07
8.920000000000000000e+02 3.576278686523437500e-07
8.920000000000000000e+02 3.576278686523437500e-07
8.940000000000000000e+02 3.576278686523437500e-07
8.950000000000000000e+02 3.576278686523437500e-07
8.960000000000000000e+02 3.576278686523437500e-07
8.970000000000000000e+02 3.576278686523437500e-07
8.970000000000000000e+02 3.576278686523437500e-07
8.990000000000000000e+02 3.576278686523437500e-07
8.990000000000000000e+02 3.576278686523437500e-07
9.010000000000000000e+02 3.576278686523437500e-07
9.020000000000000000e+02 3.576278686523437500e-07
9.020000000000000000e+02 3.576278686523437500e-07
9.040000000000000000e+02 3.576278686523437500e-07
9.050000000000000000e+02 3.576278686523437500e-07
9.060000000000000000e+02 3.576278686523437500e-07
9.070000000000000000e+02 3.576278686523437500e-07
9.070000000000000000e+02 3.576278686523437500e-07
9.090000000000000000e+02 3.576278686523437500e-07
9.100000000000000000e+02 3.576278686523437500e-07
9.100000000000000000e+02 3.576278686523437500e-07
9.110000000000000000e+02 3.576278686523437500e-07
9.130000000000000000e+02 3.576278686523437500e-07
9.140000000000000000e+02 3.576278686523437500e-07
9.140000000000000000e+02 3.576278686523437500e-07
9.150000000000000000e+02 3.576278686523437500e-07
9.170000000000000000e+02 3.576278686523437500e-07
9.180000000000000000e+02 3.576278686523437500e-07
9.190000000000000000e+02 3.576278686523437500e-07
9.190000000000000000e+02 3.576278686523437500e-07
9.210000000000000000e+02 3.576278686523437500e-07
9.220000000000000000e+02 3.576278686523437500e-07
9.230000000000000000e+02 3.576278686523437500e-07
9.240000000000000000e+02 3.576278686523437500e-07
9.240000000000000000e+02 3.576278686523437500e-07
9.260000000000000000e+02 3.576278686523437500e-07
9.270000000000000000e+02 3.576278686523437500e-07
9.280000000000000000e+02 2.980232238769531250e-07
9.280000000000000000e+02 2.980232238769531250e-07
9.300000000000000000e+02 2.980232238769531250e-07
9.310000000000000000e+02 2.980232238769531250e-07
9.320000000000000000e+02 2.980232238769531250e-07
9.320000000000000000e+02 2.980232238769531250e-07
9.340000000000000000e+02 2.980232238769531250e-07
9.350000000000000000e+02 2.980232238769531250e-07
9.360000000000000000e+02 2.980232238769531250e-07
9.370000000000000000e+02 2.980232238769531250e-07
9.370000000000000000e+02 2.980232238769531250e-07
9.390000000000000000e+02 2.980232238769531250e-07
9.400000000000000000e+02 2.980232238769531250e-07
9.410000000000000000e+02 2.980232238769531250e-07
9.410000000000000000e+02 2.980232238769531250e-07
9.420000000000000000e+02 2.980232238769531250e-07
9.440000000000000000e+02 2.980232238769531250e-07
9.450000000000000000e+02 2.980232238769531250e-07
9.460000000000000000e+02 2.980232238769531250e-07
9.460000000000000000e+02 2.980232238769531250e-07
9.480000000000000000e+02 2.980232238769531250e-07
9.490000000000000000e+02 2.980232238769531250e-07
9.500000000000000000e+02 2.980232238769531250e-07
9.500000000000000000e+02 2.980232238769531250e-07
9.520000000000000000e+02 2.980232238769531250e-07
9.530000000000000000e+02 2.980232238769531250e-07
9.540000000000000000e+02 2.980232238769531250e-07
9.550000000000000000e+02 2.980232238769531250e-07
9.560000000000000000e+02 2.980232238769531250e-07
9.570000000000000000e+02 2.384185791015625000e-07
9.580000000000000000e+02 2.384185791015625000e-07
9.580000000000000000e+02 2.384185791015625000e-07
9.600000000000000000e+02 2.384185791015625000e-07
9.610000000000000000e+02 2.384185791015625000e-07
9.620000000000000000e+02 2.384185791015625000e-07
9.630000000000000000e+02 2.384185791015625000e-07
9.640000000000000000e+02 2.384185791015625000e-07
9.640000000000000000e+02 2.384185791015625000e-07
9.660000000000000000e+02 2.384185791015625000e-07
9.670000000000000000e+02 2.384185791015625000e-07
9.680000000000000000e+02 2.384185791015625000e-07
9.690000000000000000e+02 2.384185791015625000e-07
9.700000000000000000e+02 2.384185791015625000e-07
9.710000000000000000e+02 2.384185791015625000e-07
9.720000000000000000e+02 2.384185791015625000e-07
9.720000000000000000e+02 2.384185791015625000e-07
9.730000000000000000e+02 2.384185791015625000e-07
9.750000000000000000e+02 2.384185791015625000e-07
9.760000000000000000e+02 2.384185791015625000e-07
9.770000000000000000e+02 2.384185791015625000e-07
9.770000000000000000e+02 2.384185791015625000e-07
9.790000000000000000e+02 2.384185791015625000e-07
9.800000000000000000e+02 2.384185791015625000e-07
9.800000000000000000e+02 2.384185791015625000e-07
9.810000000000000000e+02 2.384185791015625000e-07
9.820000000000000000e+02 2.384185791015625000e-07
9.840000000000000000e+02 2.384185791015625000e-07
9.850000000000000000e+02 2.384185791015625000e-07
9.860000000000000000e+02 1.788139343261718750e-07
9.870000000000000000e+02 1.788139343261718750e-07
9.880000000000000000e+02 1.788139343261718750e-07
9.880000000000000000e+02 1.788139343261718750e-07
9.890000000000000000e+02 1.788139343261718750e-07
9.900000000000000000e+02 1.788139343261718750e-07
9.920000000000000000e+02 1.788139343261718750e-07
9.930000000000000000e+02 1.788139343261718750e-07
9.930000000000000000e+02 1.788139343261718750e-07
9.950000000000000000e+02 1.788139343261718750e-07
9.960000000000000000e+02 1.788139343261718750e-07
9.970000000000000000e+02 1.788139343261718750e-07
9.980000000000000000e+02 1.788139343261718750e-07
9.980000000000000000e+02 1.788139343261718750e-07
1.000000000000000000e+03 1.788139343261718750e-07
