0.000000000000000000e+00 3.398437500000000000e-01
1.000000000000000000e+00 3.176269531250000000e-01
3.000000000000000000e+00 2.968750000000000000e-01
3.000000000000000000e+00 2.770996093750000000e-01
5.000000000000000000e+00 2.587890625000000000e-01
6.000000000000000000e+00 2.416992187500000000e-01
7.000000000000000000e+00 2.255859375000000000e-01
7.000000000000000000e+00 2.105712890625000000e-01
9.000000000000000000e+00 1.964111328125000000e-01
1.000000000000000000e+01 1.832275390625000000e-01
1.100000000000000000e+01 1.708984375000000000e-01
1.200000000000000000e+01 1.593017578125000000e-01
1.300000000000000000e+01 1.485595703125000000e-01
1.400000000000000000e+01 1.384277343750000000e-01
1.500000000000000000e+01 1.290283203125000000e-01
1.500000000000000000e+01 1.201171875000000000e-01
1.700000000000000000e+01 1.118774414062500000e-01
1.800000000000000000e+01 1.041870117187500000e-01
1.900000000000000000e+01 9.698486328125000000e-02
2.000000000000000000e+01 9.027099609375000000e-02
2.100000000000000000e+01 8.398437500000000000e-02
2.200000000000000000e+01 7.812500000000000000e-02
2.200000000000000000e+01 7.269287109375000000e-02
2.400000000000000000e+01 6.756591796875000000e-02
2.400000000000000000e+01 6.280517578125000000e-02
2.600000000000000000e+01 5.838012695312500000e-02
2.700000000000000000e+01 5.426025390625000000e-02
2.800000000000000000e+01 5.041503906250000000e-02
2.900000000000000000e+01 4.681396484375000000e-02
3.000000000000000000e+01 4.348754882812500000e-02
3.100000000000000000e+01 4.037475585937500000e-02
3.100000000000000000e+01 3.747558593750000000e-02
3.200000000000000000e+01 3.479003906250000000e-02
3.400000000000000000e+01 3.228759765625000000e-02
3.500000000000000000e+01 2.993774414062500000e-02
3.600000000000000000e+01 2.777099609375000000e-02
3.700000000000000000e+01 2.575683593750000000e-02
3.800000000000000000e+01 2.388000488281250000e-02
3.900000000000000000e+01 2.214050292968750000e-02
4.000000000000000000e+01 2.052307128906250000e-02
4.100000000000000000e+01 1.901245117187500000e-02
4.200000000000000000e+01 1.762390136718750000e-02
4.300000000000000000e+01 1.632690429687500000e-02
4.400000000000000000e+01 1.512145996093750000e-02
4.400000000000000000e+01 1.400756835937500000e-02
4.500000000000000000e+01 1.297760009765625000e-02
4.700000000000000000e+01 1.201629638671875000e-02
4.800000000000000000e+01 1.112365722656250000e-02
4.900000000000000000e+01 1.029968261718750000e-02
4.900000000000000000e+01 9.536743164062500000e-03
5.100000000000000000e+01 8.827209472656250000e-03
5.200000000000000000e+01 8.171081542968750000e-03
5.300000000000000000e+01 7.568359375000000000e-03
5.400000000000000000e+01 7.003784179687500000e-03
5.400000000000000000e+01 6.484985351562500000e-03
5.600000000000000000e+01 6.004333496093750000e-03
5.600000000000000000e+01 5.561828613281250000e-03
5.800000000000000000e+01 5.149841308593750000e-03
5.900000000000000000e+01 4.768371582031250000e-03
6.000000000000000000e+01 4.417419433593750000e-03
6.100000000000000000e+01 4.093170166015625000e-03
6.200000000000000000e+01 3.793716430664062500e-03
6.300000000000000000e+01 3.515243530273437500e-03
6.300000000000000000e+01 3.259658813476562500e-03
6.500000000000000000e+01 3.023147583007812500e-03
6.500000000000000000e+01 2.805709838867187500e-03
6.700000000000000000e+01 2.603530883789062500e-03
6.800000000000000000e+01 2.418518066406250000e-03
6.900000000000000000e+01 2.246856689453125000e-03
7.000000000000000000e+01 2.088546752929687500e-03
7.000000000000000000e+01 1.942634582519531250e-03
7.200000000000000000e+01 1.808166503906250000e-03
7.300000000000000000e+01 1.684188842773437500e-03
7.400000000000000000e+01 1.569747924804687500e-03
7.500000000000000000e+01 1.463890075683593750e-03
7.600000000000000000e+01 1.366615295410156250e-03
7.700000000000000000e+01 1.276969909667968750e-03
7.800000000000000000e+01 1.194000244140625000e-03
7.900000000000000000e+01 1.117706298828125000e-03
8.000000000000000000e+01 1.047134399414062500e-03
8.000000000000000000e+01 9.813308715820312500e-04
8.200000000000000000e+01 9.212493896484375000e-04
8.300000000000000000e+01 8.659362792968750000e-04
8.400000000000000000e+01 8.144378662109375000e-04
8.400000000000000000e+01 7.672309875488281250e-04
8.600000000000000000e+01 7.233619689941406250e-04
8.700000000000000000e+01 6.828308105468750000e-04
8.800000000000000000e+01 6.451606750488281250e-04
8.900000000000000000e+01 6.103515625000000000e-04
8.900000000000000000e+01 5.784034729003906250e-04
9.000000000000000000e+01 5.483627319335937500e-04
9.100000000000000000e+01 5.207061767578125000e-04
9.300000000000000000e+01 4.954338073730468750e-04
9.400000000000000000e+01 4.713535308837890625e-04
9.500000000000000000e+01 4.491806030273437500e-04
9.600000000000000000e+01 4.284381866455078125e-04
9.700000000000000000e+01 4.093647003173828125e-04
9.800000000000000000e+01 3.912448883056640625e-04
9.900000000000000000e+01 3.745555877685546875e-04
9.900000000000000000e+01 3.588199615478515625e-04
1.010000000000000000e+02 3.440380096435546875e-04
1.020000000000000000e+02 3.302097320556640625e-04
1.030000000000000000e+02 3.173351287841796875e-04
1.040000000000000000e+02 3.051757812500000000e-04
1.040000000000000000e+02 2.937316894531250000e-04
1.060000000000000000e+02 2.827644348144531250e-04
1.070000000000000000e+02 2.725124359130859375e-04
1.080000000000000000e+02 2.629756927490234375e-04
1.090000000000000000e+02 2.536773681640625000e-04
1.090000000000000000e+02 2.450942993164062500e-04
1.110000000000000000e+02 2.367496490478515625e-04
1.120000000000000000e+02 2.288818359375000000e-04
1.130000000000000000e+02 2.214908599853515625e-04
1.130000000000000000e+02 2.143383026123046875e-04
1.140000000000000000e+02 2.074241638183593750e-04
1.160000000000000000e+02 2.008676528930664062e-04
1.170000000000000000e+02 1.946687698364257812e-04
1.180000000000000000e+02 1.885890960693359375e-04
1.190000000000000000e+02 1.828670501708984375e-04
1.200000000000000000e+02 1.772642135620117188e-04
1.210000000000000000e+02 1.718997955322265625e-04
1.220000000000000000e+02 1.667737960815429688e-04
1.230000000000000000e+02 1.617670059204101562e-04
1.240000000000000000e+02 1.569986343383789062e-04
1.250000000000000000e+02 1.523494720458984375e-04
1.260000000000000000e+02 1.478195190429687500e-04
1.270000000000000000e+02 1.435279846191406250e-04
1.270000000000000000e+02 1.392364501953125000e-04
1.290000000000000000e+02 1.351833343505859375e-04
1.300000000000000000e+02 1.312494277954101562e-04
1.310000000000000000e+02 1.274347305297851562e-04
1.310000000000000000e+02 1.237392425537109375e-04
1.330000000000000000e+02 1.201033592224121094e-04
1.340000000000000000e+02 1.165866851806640625e-04
1.350000000000000000e+02 1.131892204284667969e-04
1.360000000000000000e+02 1.098513603210449219e-04
1.370000000000000000e+02 1.066327095031738281e-04
1.380000000000000000e+02 1.035332679748535156e-04
1.390000000000000000e+02 1.004934310913085938e-04
1.400000000000000000e+02 9.751319885253906250e-05
1.400000000000000000e+02 9.465217590332031250e-05
1.410000000000000000e+02 9.185075759887695312e-05
1.430000000000000000e+02 8.910894393920898438e-05
1.440000000000000000e+02 8.648633956909179688e-05
1.450000000000000000e+02 8.392333984375000000e-05
1.460000000000000000e+02 8.141994476318359375e-05
1.470000000000000000e+02 7.897615432739257812e-05
1.480000000000000000e+02 7.659196853637695312e-05
1.490000000000000000e+02 7.432699203491210938e-05
1.500000000000000000e+02 7.206201553344726562e-05
1.500000000000000000e+02 6.991624832153320312e-05
1.520000000000000000e+02 6.777048110961914062e-05
1.530000000000000000e+02 6.574392318725585938e-05
1.540000000000000000e+02 6.371736526489257812e-05
1.550000000000000000e+02 6.181001663208007812e-05
1.560000000000000000e+02 5.990266799926757812e-05
1.570000000000000000e+02 5.805492401123046875e-05
1.580000000000000000e+02 5.626678466796875000e-05
1.590000000000000000e+02 5.453824996948242188e-05
1.600000000000000000e+02 5.286931991577148438e-05
1.600000000000000000e+02 5.125999450683593750e-05
1.610000000000000000e+02 4.965066909790039062e-05
1.630000000000000000e+02 4.810094833374023438e-05
1.640000000000000000e+02 4.661083221435546875e-05
1.650000000000000000e+02 4.518032073974609375e-05
1.660000000000000000e+02 4.374980926513671875e-05
1.670000000000000000e+02 4.237890243530273438e-05
1.680000000000000000e+02 4.106760025024414062e-05
1.690000000000000000e+02 3.975629806518554688e-05
1.690000000000000000e+02 3.856420516967773438e-05
1.700000000000000000e+02 3.731250762939453125e-05
1.720000000000000000e+02 3.618001937866210938e-05
1.730000000000000000e+02 3.504753112792968750e-05
1.740000000000000000e+02 3.391504287719726562e-05
1.750000000000000000e+02 3.284215927124023438e-05
1.760000000000000000e+02 3.182888031005859375e-05
1.770000000000000000e+02 3.081560134887695312e-05
1.780000000000000000e+02 2.986192703247070312e-05
1.790000000000000000e+02 2.890825271606445312e-05
1.790000000000000000e+02 2.795457839965820312e-05
1.800000000000000000e+02 2.712011337280273438e-05
1.810000000000000000e+02 2.622604370117187500e-05
1.820000000000000000e+02 2.539157867431640625e-05
1.830000000000000000e+02 2.461671829223632812e-05
1.850000000000000000e+02 2.384185791015625000e-05
1.860000000000000000e+02 2.306699752807617188e-05
1.870000000000000000e+02 2.235174179077148438e-05
1.880000000000000000e+02 2.163648605346679688e-05
1.890000000000000000e+02 2.098083496093750000e-05
1.900000000000000000e+02 2.026557922363281250e-05
1.910000000000000000e+02 1.966953277587890625e-05
1.920000000000000000e+02 1.901388168334960938e-05
1.930000000000000000e+02 1.841783523559570312e-05
1.940000000000000000e+02 1.782178878784179688e-05
1.950000000000000000e+02 1.728534698486328125e-05
1.960000000000000000e+02 1.674890518188476562e-05
1.970000000000000000e+02 1.621246337890625000e-05
1.980000000000000000e+02 1.567602157592773438e-05
1.980000000000000000e+02 1.519918441772460938e-05
1.990000000000000000e+02 1.472234725952148438e-05
2.010000000000000000e+02 1.424551010131835938e-05
2.020000000000000000e+02 1.382827758789062500e-05
2.030000000000000000e+02 1.335144042968750000e-05
2.040000000000000000e+02 1.293420791625976562e-05
2.050000000000000000e+02 1.257658004760742188e-05
2.060000000000000000e+02 1.215934753417968750e-05
2.070000000000000000e+02 1.180171966552734375e-05
2.080000000000000000e+02 1.138448715209960938e-05
2.090000000000000000e+02 1.102685928344726562e-05
2.090000000000000000e+02 1.072883605957031250e-05
2.100000000000000000e+02 1.037120819091796875e-05
2.120000000000000000e+02 1.007318496704101562e-05
2.130000000000000000e+02 9.715557098388671875e-06
2.140000000000000000e+02 9.417533874511718750e-06
2.150000000000000000e+02 9.119510650634765625e-06
2.160000000000000000e+02 8.881092071533203125e-06
2.170000000000000000e+02 8.583068847656250000e-06
2.180000000000000000e+02 8.344650268554687500e-06
2.180000000000000000e+02 8.046627044677734375e-06
2.190000000000000000e+02 7.808208465576171875e-06
2.200000000000000000e+02 7.569789886474609375e-06
2.220000000000000000e+02 7.331371307373046875e-06
2.230000000000000000e+02 7.092952728271484375e-06
2.240000000000000000e+02 6.914138793945312500e-06
2.240000000000000000e+02 6.675720214843750000e-06
2.260000000000000000e+02 6.496906280517578125e-06
2.260000000000000000e+02 6.258487701416015625e-06
2.270000000000000000e+02 6.079673767089843750e-06
2.280000000000000000e+02 5.900859832763671875e-06
2.290000000000000000e+02 5.722045898437500000e-06
2.310000000000000000e+02 5.543231964111328125e-06
2.320000000000000000e+02 5.364418029785156250e-06
2.330000000000000000e+02 5.185604095458984375e-06
2.340000000000000000e+02 5.066394805908203125e-06
2.350000000000000000e+02 4.887580871582031250e-06
2.360000000000000000e+02 4.708766937255859375e-06
2.370000000000000000e+02 4.589557647705078125e-06
2.380000000000000000e+02 4.470348358154296875e-06
2.390000000000000000e+02 4.291534423828125000e-06
2.400000000000000000e+02 4.172325134277343750e-06
2.410000000000000000e+02 4.053115844726562500e-06
2.420000000000000000e+02 3.933906555175781250e-06
2.430000000000000000e+02 3.814697265625000000e-06
2.440000000000000000e+02 3.695487976074218750e-06
2.450000000000000000e+02 3.576278686523437500e-06
2.460000000000000000e+02 3.457069396972656250e-06
2.470000000000000000e+02 3.337860107421875000e-06
2.480000000000000000e+02 3.278255462646484375e-06
2.490000000000000000e+02 3.159046173095703125e-06
2.500000000000000000e+02 3.039836883544921875e-06
2.510000000000000000e+02 2.980232238769531250e-06
2.520000000000000000e+02 2.861022949218750000e-06
2.530000000000000000e+02 2.801418304443359375e-06
2.540000000000000000e+02 2.682209014892578125e-06
2.550000000000000000e+02 2.622604370117187500e-06
2.550000000000000000e+02 2.562999725341796875e-06
2.570000000000000000e+02 2.443790435791015625e-06
2.580000000000000000e+02 2.384185791015625000e-06
2.590000000000000000e+02 2.324581146240234375e-06
2.600000000000000000e+02 2.264976501464843750e-06
2.610000000000000000e+02 2.205371856689453125e-06
2.620000000000000000e+02 2.086162567138671875e-06
2.630000000000000000e+02 2.026557922363281250e-06
2.630000000000000000e+02 1.966953277587890625e-06
2.650000000000000000e+02 1.907348632812500000e-06
2.660000000000000000e+02 1.847743988037109375e-06
2.670000000000000000e+02 1.788139343261718750e-06
2.680000000000000000e+02 1.728534698486328125e-06
2.690000000000000000e+02 1.668930053710937500e-06
2.700000000000000000e+02 1.668930053710937500e-06
2.710000000000000000e+02 1.609325408935546875e-06
2.720000000000000000e+02 1.549720764160156250e-06
2.730000000000000000e+02 1.490116119384765625e-06
2.740000000000000000e+02 1.430511474609375000e-06
2.750000000000000000e+02 1.430511474609375000e-06
2.760000000000000000e+02 1.370906829833984375e-06
2.770000000000000000e+02 1.311302185058593750e-06
2.780000000000000000e+02 1.251697540283203125e-06
2.790000000000000000e+02 1.251697540283203125e-06
2.800000000000000000e+02 1.192092895507812500e-06
2.810000000000000000e+02 1.132488250732421875e-06
2.810000000000000000e+02 1.132488250732421875e-06
2.830000000000000000e+02 1.072883605957031250e-06
2.830000000000000000e+02 1.072883605957031250e-06
2.850000000000000000e+02 1.013278961181640625e-06
2.860000000000000000e+02 1.013278961181640625e-06
2.870000000000000000e+02 9.536743164062500000e-07
2.880000000000000000e+02 9.536743164062500000e-07
2.890000000000000000e+02 8.940696716308593750e-07
2.900000000000000000e+02 8.940696716308593750e-07
2.910000000000000000e+02 8.344650268554687500e-07
2.920000000000000000e+02 8.344650268554687500e-07
2.920000000000000000e+02 7.748603820800781250e-07
2.940000000000000000e+02 7.748603820800781250e-07
2.940000000000000000e+02 7.152557373046875000e-07
2.960000000000000000e+02 7.152557373046875000e-07
2.970000000000000000e+02 7.152557373046875000e-07
2.980000000000000000e+02 6.556510925292968750e-07
2.990000000000000000e+02 6.556510925292968750e-07
3.000000000000000000e+02 5.960464477539062500e-07
3.010000000000000000e+02 5.960464477539062500e-07
3.010000000000000000e+02 5.960464477539062500e-07
3.030000000000000000e+02 5.364418029785156250e-07
3.040000000000000000e+02 5.364418029785156250e-07
3.050000000000000000e+02 5.364418029785156250e-07
3.060000000000000000e+02 5.364418029785156250e-07
3.070000000000000000e+02 4.768371582031250000e-07
3.080000000000000000e+02 4.768371582031250000e-07
3.090000000000000000e+02 4.768371582031250000e-07
3.100000000000000000e+02 4.768371582031250000e-07
3.100000000000000000e+02 4.172325134277343750e-07
3.120000000000000000e+02 4.172325134277343750e-07
3.120000000000000000e+02 4.172325134277343750e-07
3.140000000000000000e+02 4.172325134277343750e-07
3.140000000000000000e+02 3.576278686523437500e-07
3.160000000000000000e+02 3.576278686523437500e-07
3.170000000000000000e+02 3.576278686523437500e-07
3.180000000000000000e+02 3.576278686523437500e-07
3.190000000000000000e+02 3.576278686523437500e-07
3.200000000000000000e+02 2.980232238769531250e-07
3.200000000000000000e+02 2.980232238769531250e-07
3.210000000000000000e+02 2.980232238769531250e-07
3.220000000000000000e+02 2.980232238769531250e-07
3.230000000000000000e+02 2.980232238769531250e-07
3.240000000000000000e+02 2.980232238769531250e-07
3.260000000000000000e+02 2.384185791015625000e-07
3.270000000000000000e+02 2.384185791015625000e-07
3.280000000000000000e+02 2.384185791015625000e-07
3.290000000000000000e+02 2.384185791015625000e-07
3.300000000000000000e+02 2.384185791015625000e-07
3.300000000000000000e+02 2.384185791015625000e-07
3.320000000000000000e+02 2.384185791015625000e-07
3.320000000000000000e+02 1.788139343261718750e-07
3.340000000000000000e+02 1.788139343261718750e-07
3.350000000000000000e+02 1.788139343261718750e-07
3.360000000000000000e+02 1.788139343261718750e-07
3.370000000000000000e+02 1.788139343261718750e-07
3.380000000000000000e+02 1.788139343261718750e-07
3.390000000000000000e+02 1.788139343261718750e-07
3.390000000000000000e+02 1.788139343261718750e-07
3.410000000000000000e+02 1.788139343261718750e-07
3.410000000000000000e+02 1.192092895507812500e-07
3.430000000000000000e+02 1.192092895507812500e-07
3.440000000000000000e+02 1.192092895507812500e-07
3.450000000000000000e+02 1.192092895507812500e-07
3.460000000000000000e+02 1.192092895507812500e-07
3.470000000000000000e+02 1.192092895507812500e-07
3.480000000000000000e+02 1.192092895507812500e-07
3.490000000000000000e+02 1.192092895507812500e-07
3.500000000000000000e+02 1.192092895507812500e-07
3.500000000000000000e+02 1.192092895507812500e-07
3.520000000000000000e+02 1.192092895507812500e-07
3.520000000000000000e+02 1.192092895507812500e-07
3.540000000000000000e+02 1.192092895507812500e-07
3.550000000000000000e+02 1.192092895507812500e-07
3.560000000000000000e+02 5.960464477539062500e-08
3.570000000000000000e+02 5.960464477539062500e-08
3.580000000000000000e+02 5.960464477539062500e-08
3.590000000000000000e+02 5.960464477539062500e-08
3.590000000000000000e+02 5.960464477539062500e-08
3.610000000000000000e+02 5.960464477539062500e-08
3.610000000000000000e+02 5.960464477539062500e-08
3.630000000000000000e+02 5.960464477539062500e-08
3.630000000000000000e+02 5.960464477539062500e-08
3.650000000000000000e+02 5.960464477539062500e-08
3.650000000000000000e+02 5.960464477539062500e-08
3.670000000000000000e+02 5.960464477539062500e-08
3.670000000000000000e+02 5.960464477539062500e-08
3.680000000000000000e+02 5.960464477539062500e-08
3.700000000000000000e+02 5.960464477539062500e-08
3.700000000000000000e+02 5.960464477539062500e-08
3.720000000000000000e+02 5.960464477539062500e-08
3.720000000000000000e+02 5.960464477539062500e-08
3.740000000000000000e+02 5.960464477539062500e-08
3.750000000000000000e+02 5.960464477539062500e-08
3.760000000000000000e+02 5.960464477539062500e-08
3.770000000000000000e+02 5.960464477539062500e-08
3.780000000000000000e+02 5.960464477539062500e-08
3.790000000000000000e+02 5.960464477539062500e-08
3.800000000000000000e+02 5.960464477539062500e-08
3.810000000000000000e+02 5.960464477539062500e-08
3.820000000000000000e+02 5.960464477539062500e-08
3.830000000000000000e+02 5.960464477539062500e-08
3.840000000000000000e+02 5.960464477539062500e-08
3.850000000000000000e+02 5.960464477539062500e-08
3.860000000000000000e+02 0.000000000000000000e+00
3.870000000000000000e+02 0.000000000000000000e+00
3.880000000000000000e+02 0.000000000000000000e+00
3.880000000000000000e+02 0.000000000000000000e+00
3.900000000000000000e+02 0.000000000000000000e+00
3.900000000000000000e+02 0.000000000000000000e+00
3.920000000000000000e+02 0.000000000000000000e+00
3.920000000000000000e+02 0.000000000000000000e+00
3.940000000000000000e+02 0.000000000000000000e+00
3.950000000000000000e+02 0.000000000000000000e+00
3.960000000000000000e+02 0.000000000000000000e+00
3.970000000000000000e+02 0.000000000000000000e+00
3.970000000000000000e+02 0.000000000000000000e+00
3.990000000000000000e+02 0.000000000000000000e+00
3.990000000000000000e+02 0.000000000000000000e+00
4.010000000000000000e+02 0.000000000000000000e+00
4.020000000000000000e+02 0.000000000000000000e+00
4.030000000000000000e+02 0.000000000000000000e+00
4.040000000000000000e+02 0.000000000000000000e+00
4.050000000000000000e+02 0.000000000000000000e+00
4.060000000000000000e+02 0.000000000000000000e+00
4.070000000000000000e+02 0.000000000000000000e+00
4.080000000000000000e+02 0.000000000000000000e+00
4.080000000000000000e+02 0.000000000000000000e+00
4.100000000000000000e+02 0.000000000000000000e+00
4.100000000000000000e+02 0.000000000000000000e+00
4.120000000000000000e+02 0.000000000000000000e+00
4.120000000000000000e+02 0.000000000000000000e+00
4.140000000000000000e+02 0.000000000000000000e+00
4.150000000000000000e+02 0.000000000000000000e+00
4.160000000000000000e+02 0.000000000000000000e+00
4.170000000000000000e+02 0.000000000000000000e+00
4.180000000000000000e+02 0.000000000000000000e+00
4.190000000000000000e+02 0.000000000000000000e+00
4.190000000000000000e+02 0.000000000000000000e+00
4.210000000000000000e+02 0.000000000000000000e+00
4.210000000000000000e+02 0.000000000000000000e+00
4.230000000000000000e+02 0.000000000000000000e+00
4.240000000000000000e+02 0.000000000000000000e+00
4.250000000000000000e+02 0.000000000000000000e+00
4.260000000000000000e+02 0.000000000000000000e+00
4.270000000000000000e+02 0.000000000000000000e+00
4.280000000000000000e+02 0.000000000000000000e+00
4.290000000000000000e+02 0.000000000000000000e+00
4.300000000000000000e+02 0.000000000000000000e+00
4.310000000000000000e+02 0.000000000000000000e+00
4.320000000000000000e+02 0.000000000000000000e+00
4.330000000000000000e+02 0.000000000000000000e+00
4.340000000000000000e+02 0.000000000000000000e+00
4.350000000000000000e+02 0.000000000000000000e+00
4.360000000000000000e+02 0.000000000000000000e+00
4.370000000000000000e+02 0.000000000000000000e+00
4.370000000000000000e+02 0.000000000000000000e+00
4.390000000000000000e+02 0.000000000000000000e+00
4.390000000000000000e+02 0.000000000000000000e+00
4.410000000000000000e+02 0.000000000000000000e+00
4.410000000000000000e+02 0.000000000000000000e+00
4.430000000000000000e+02 0.000000000000000000e+00
4.440000000000000000e+02 0.000000000000000000e+00
4.450000000000000000e+02 0.000000000000000000e+00
4.460000000000000000e+02 0.000000000000000000e+00
4.470000000000000000e+02 0.000000000000000000e+00
4.480000000000000000e+02 0.000000000000000000e+00
4.480000000000000000e+02 0.000000000000000000e+00
4.490000000000000000e+02 0.000000000000000000e+00
4.510000000000000000e+02 0.000000000000000000e+00
4.520000000000000000e+02 0.000000000000000000e+00
4.530000000000000000e+02 0.000000000000000000e+00
4.530000000000000000e+02 0.000000000000000000e+00
4.550000000000000000e+02 0.000000000000000000e+00
4.550000000000000000e+02 0.000000000000000000e+00
4.570000000000000000e+02 0.000000000000000000e+00
4.570000000000000000e+02 0.000000000000000000e+00
4.590000000000000000e+02 0.000000000000000000e+00
4.590000000000000000e+02 0.000000000000000000e+00
4.610000000000000000e+02 0.000000000000000000e+00
4.620000000000000000e+02 0.000000000000000000e+00
4.630000000000000000e+02 0.000000000000000000e+00
4.640000000000000000e+02 0.000000000000000000e+00
4.650000000000000000e+02 0.000000000000000000e+00
4.660000000000000000e+02 0.000000000000000000e+00
4.670000000000000000e+02 0.000000000000000000e+00
4.680000000000000000e+02 0.000000000000000000e+00
4.680000000000000000e+02 0.000000000000000000e+00
4.700000000000000000e+02 0.000000000000000000e+00
4.700000000000000000e+02 0.000000000000000000e+00
4.720000000000000000e+02 0.000000000000000000e+00
4.730000000000000000e+02 0.000000000000000000e+00
4.740000000000000000e+02 0.000000000000000000e+00
4.750000000000000000e+02 0.000000000000000000e+00
4.760000000000000000e+02 0.000000000000000000e+00
4.770000000000000000e+02 0.000000000000000000e+00
4.780000000000000000e+02 0.000000000000000000e+00
4.790000000000000000e+02 0.000000000000000000e+00
4.800000000000000000e+02 0.000000000000000000e+00
4.810000000000000000e+02 0.000000000000000000e+00
4.820000000000000000e+02 0.000000000000000000e+00
4.830000000000000000e+02 0.000000000000000000e+00
4.840000000000000000e+02 0.000000000000000000e+00
4.850000000000000000e+02 0.000000000000000000e+00
4.860000000000000000e+02 0.000000000000000000e+00
4.860000000000000000e+02 0.000000000000000000e+00
4.880000000000000000e+02 0.000000000000000000e+00
4.880000000000000000e+02 0.000000000000000000e+00
4.900000000000000000e+02 0.000000000000000000e+00
4.900000000000000000e+02 0.000000000000000000e+00
4.920000000000000000e+02 0.000000000000000000e+00
4.930000000000000000e+02 0.000000000000000000e+00
4.940000000000000000e+02 0.000000000000000000e+00
4.940000000000000000e+02 0.000000000000000000e+00
4.960000000000000000e+02 0.000000000000000000e+00
4.960000000000000000e+02 0.000000000000000000e+00
4.980000000000000000e+02 0.000000000000000000e+00
4.990000000000000000e+02 0.000000000000000000e+00
5.000000000000000000e+02 0.000000000000000000e+00
5.000000000000000000e+02 0.000000000000000000e+00
5.020000000000000000e+02 0.000000000000000000e+00
5.030000000000000000e+02 0.000000000000000000e+00
5.040000000000000000e+02 0.000000000000000000e+00
5.050000000000000000e+02 0.000000000000000000e+00
5.060000000000000000e+02 0.000000000000000000e+00
5.070000000000000000e+02 0.000000000000000000e+00
5.080000000000000000e+02 0.000000000000000000e+00
5.090000000000000000e+02 0.000000000000000000e+00
5.100000000000000000e+02 0.000000000000000000e+00
5.110000000000000000e+02 0.000000000000000000e+00
5.110000000000000000e+02 0.000000000000000000e+00
5.130000000000000000e+02 0.000000000000000000e+00
5.140000000000000000e+02 0.000000000000000000e+00
5.140000000000000000e+02 0.000000000000000000e+00
5.160000000000000000e+02 0.000000000000000000e+00
5.170000000000000000e+02 0.000000000000000000e+00
5.180000000000000000e+02 0.000000000000000000e+00
5.180000000000000000e+02 0.000000000000000000e+00
5.200000000000000000e+02 0.000000000000000000e+00
5.210000000000000000e+02 0.000000000000000000e+00
5.220000000000000000e+02 0.000000000000000000e+00
5.230000000000000000e+02 0.000000000000000000e+00
5.240000000000000000e+02 0.000000000000000000e+00
5.250000000000000000e+02 0.000000000000000000e+00
5.260000000000000000e+02 0.000000000000000000e+00
5.270000000000000000e+02 0.000000000000000000e+00
5.270000000000000000e+02 0.000000000000000000e+00
5.290000000000000000e+02 0.000000000000000000e+00
5.300000000000000000e+02 0.000000000000000000e+00
5.310000000000000000e+02 0.000000000000000000e+00
5.320000000000000000e+02 0.000000000000000000e+00
5.330000000000000000e+02 0.000000000000000000e+00
5.340000000000000000e+02 0.000000000000000000e+00
5.350000000000000000e+02 0.000000000000000000e+00
5.360000000000000000e+02 0.000000000000000000e+00
5.360000000000000000e+02 0.000000000000000000e+00
5.380000000000000000e+02 0.000000000000000000e+00
5.390000000000000000e+02 0.000000000000000000e+00
5.400000000000000000e+02 0.000000000000000000e+00
5.400000000000000000e+02 0.000000000000000000e+00
5.420000000000000000e+02 0.000000000000000000e+00
5.430000000000000000e+02 0.000000000000000000e+00
5.440000000000000000e+02 0.000000000000000000e+00
5.450000000000000000e+02 0.000000000000000000e+00
5.460000000000000000e+02 0.000000000000000000e+00
5.470000000000000000e+02 0.000000000000000000e+00
5.480000000000000000e+02 0.000000000000000000e+00
5.490000000000000000e+02 0.000000000000000000e+00
5.500000000000000000e+02 0.000000000000000000e+00
5.510000000000000000e+02 0.000000000000000000e+00
5.520000000000000000e+02 0.000000000000000000e+00
5.530000000000000000e+02 0.000000000000000000e+00
5.540000000000000000e+02 0.000000000000000000e+00
5.540000000000000000e+02 0.000000000000000000e+00
5.560000000000000000e+02 0.000000000000000000e+00
5.570000000000000000e+02 0.000000000000000000e+00
5.580000000000000000e+02 0.000000000000000000e+00
5.580000000000000000e+02 0.000000000000000000e+00
5.600000000000000000e+02 0.000000000000000000e+00
5.610000000000000000e+02 0.000000000000000000e+00
5.620000000000000000e+02 0.000000000000000000e+00
5.630000000000000000e+02 0.000000000000000000e+00
5.630000000000000000e+02 0.000000000000000000e+00
5.650000000000000000e+02 0.000000000000000000e+00
5.660000000000000000e+02 0.000000000000000000e+00
5.670000000000000000e+02 0.000000000000000000e+00
5.670000000000000000e+02 0.000000000000000000e+00
5.690000000000000000e+02 0.000000000000000000e+00
5.700000000000000000e+02 0.000000000000000000e+00
5.710000000000000000e+02 0.000000000000000000e+00
5.720000000000000000e+02 0.000000000000000000e+00
5.720000000000000000e+02 0.000000000000000000e+00
5.740000000000000000e+02 0.000000000000000000e+00
5.750000000000000000e+02 0.000000000000000000e+00
5.760000000000000000e+02 0.000000000000000000e+00
5.760000000000000000e+02 0.000000000000000000e+00
5.780000000000000000e+02 0.000000000000000000e+00
5.790000000000000000e+02 0.000000000000000000e+00
5.800000000000000000e+02 0.000000000000000000e+00
5.810000000000000000e+02 0.000000000000000000e+00
5.820000000000000000e+02 0.000000000000000000e+00
5.830000000000000000e+02 0.000000000000000000e+00
5.840000000000000000e+02 0.000000000000000000e+00
5.850000000000000000e+02 0.000000000000000000e+00
5.850000000000000000e+02 0.000000000000000000e+00
5.870000000000000000e+02 0.000000000000000000e+00
5.880000000000000000e+02 0.000000000000000000e+00
5.890000000000000000e+02 0.000000000000000000e+00
5.890000000000000000e+02 0.000000000000000000e+00
5.910000000000000000e+02 0.000000000000000000e+00
5.920000000000000000e+02 0.000000000000000000e+00
5.930000000000000000e+02 0.000000000000000000e+00
5.940000000000000000e+02 0.000000000000000000e+00
5.940000000000000000e+02 0.000000000000000000e+00
5.960000000000000000e+02 0.000000000000000000e+00
5.970000000000000000e+02 0.000000000000000000e+00
5.980000000000000000e+02 0.000000000000000000e+00
5.980000000000000000e+02 0.000000000000000000e+00
6.000000000000000000e+02 0.000000000000000000e+00
6.010000000000000000e+02 0.000000000000000000e+00
6.020000000000000000e+02 0.000000000000000000e+00
6.020000000000000000e+02 0.000000000000000000e+00
6.030000000000000000e+02 0.000000000000000000e+00
6.050000000000000000e+02 0.000000000000000000e+00
6.060000000000000000e+02 0.000000000000000000e+00
6.070000000000000000e+02 0.000000000000000000e+00
6.080000000000000000e+02 0.000000000000000000e+00
6.090000000000000000e+02 0.000000000000000000e+00
6.100000000000000000e+02 0.000000000000000000e+00
6.110000000000000000e+02 0.000000000000000000e+00
6.120000000000000000e+02 0.000000000000000000e+00
6.120000000000000000e+02 0.000000000000000000e+00
6.140000000000000000e+02 0.000000000000000000e+00
6.150000000000000000e+02 0.000000000000000000e+00
6.160000000000000000e+02 0.000000000000000000e+00
6.170000000000000000e+02 0.000000000000000000e+00
6.180000000000000000e+02 0.000000000000000000e+00
6.190000000000000000e+02 0.000000000000000000e+00
6.200000000000000000e+02 0.000000000000000000e+00
6.210000000000000000e+02 0.000000000000000000e+00
6.210000000000000000e+02 0.000000000000000000e+00
6.230000000000000000e+02 0.000000000000000000e+00
6.240000000000000000e+02 0.000000000000000000e+00
6.250000000000000000e+02 0.000000000000000000e+00
6.250000000000000000e+02 0.000000000000000000e+00
6.270000000000000000e+02 0.000000000000000000e+00
6.280000000000000000e+02 0.000000000000000000e+00
6.290000000000000000e+02 0.000000000000000000e+00
6.290000000000000000e+02 0.000000000000000000e+00
6.300000000000000000e+02 0.000000000000000000e+00
6.320000000000000000e+02 0.000000000000000000e+00
6.330000000000000000e+02 0.000000000000000000e+00
6.340000000000000000e+02 0.000000000000000000e+00
6.340000000000000000e+02 0.000000000000000000e+00
6.360000000000000000e+02 0.000000000000000000e+00
6.370000000000000000e+02 0.000000000000000000e+00
6.380000000000000000e+02 0.000000000000000000e+00
6.380000000000000000e+02 0.000000000000000000e+00
6.400000000000000000e+02 0.000000000000000000e+00
6.410000000000000000e+02 0.000000000000000000e+00
6.410000000000000000e+02 0.000000000000000000e+00
6.420000000000000000e+02 0.000000000000000000e+00
6.430000000000000000e+02 0.000000000000000000e+00
6.450000000000000000e+02 0.000000000000000000e+00
6.450000000000000000e+02 0.000000000000000000e+00
6.470000000000000000e+02 0.000000000000000000e+00
6.470000000000000000e+02 0.000000000000000000e+00
6.490000000000000000e+02 0.000000000000000000e+00
6.490000000000000000e+02 0.000000000000000000e+00
6.500000000000000000e+02 0.000000000000000000e+00
6.520000000000000000e+02 0.000000000000000000e+00
6.530000000000000000e+02 0.000000000000000000e+00
6.540000000000000000e+02 0.000000000000000000e+00
6.550000000000000000e+02 0.000000000000000000e+00
6.560000000000000000e+02 0.000000000000000000e+00
6.560000000000000000e+02 0.000000000000000000e+00
6.580000000000000000e+02 0.000000000000000000e+00
6.580000000000000000e+02 0.000000000000000000e+00
6.600000000000000000e+02 0.000000000000000000e+00
6.610000000000000000e+02 0.000000000000000000e+00
6.610000000000000000e+02 0.000000000000000000e+00
6.630000000000000000e+02 0.000000000000000000e+00
6.640000000000000000e+02 0.000000000000000000e+00
6.650000000000000000e+02 0.000000000000000000e+00
6.650000000000000000e+02 0.000000000000000000e+00
6.670000000000000000e+02 0.000000000000000000e+00
6.680000000000000000e+02 0.000000000000000000e+00
6.690000000000000000e+02 0.000000000000000000e+00
6.700000000000000000e+02 0.000000000000000000e+00
6.700000000000000000e+02 0.000000000000000000e+00
6.720000000000000000e+02 0.000000000000000000e+00
6.730000000000000000e+02 0.000000000000000000e+00
6.740000000000000000e+02 0.000000000000000000e+00
6.750000000000000000e+02 0.000000000000000000e+00
6.760000000000000000e+02 0.000000000000000000e+00
6.770000000000000000e+02 0.000000000000000000e+00
6.780000000000000000e+02 0.000000000000000000e+00
6.790000000000000000e+02 0.000000000000000000e+00
6.790000000000000000e+02 0.000000000000000000e+00
6.810000000000000000e+02 0.000000000000000000e+00
6.820000000000000000e+02 0.000000000000000000e+00
6.830000000000000000e+02 0.000000000000000000e+00
6.830000000000000000e+02 0.000000000000000000e+00
6.850000000000000000e+02 0.000000000000000000e+00
6.860000000000000000e+02 0.000000000000000000e+00
6.870000000000000000e+02 0.000000000000000000e+00
6.880000000000000000e+02 0.000000000000000000e+00
6.880000000000000000e+02 0.000000000000000000e+00
6.900000000000000000e+02 0.000000000000000000e+00
6.910000000000000000e+02 0.000000000000000000e+00
6.920000000000000000e+02 0.000000000000000000e+00
6.920000000000000000e+02 0.000000000000000000e+00
6.940000000000000000e+02 0.000000000000000000e+00
6.950000000000000000e+02 0.000000000000000000e+00
6.960000000000000000e+02 0.000000000000000000e+00
6.960000000000000000e+02 0.000000000000000000e+00
6.980000000000000000e+02 0.000000000000000000e+00
6.990000000000000000e+02 0.000000000000000000e+00
7.000000000000000000e+02 0.000000000000000000e+00
7.010000000000000000e+02 0.000000000000000000e+00
7.010000000000000000e+02 0.000000000000000000e+00
7.030000000000000000e+02 0.000000000000000000e+00
7.040000000000000000e+02 0.000000000000000000e+00
7.050000000000000000e+02 0.000000000000000000e+00
7.050000000000000000e+02 0.000000000000000000e+00
7.070000000000000000e+02 0.000000000000000000e+00
7.080000000000000000e+02 0.000000000000000000e+00
7.090000000000000000e+02 0.000000000000000000e+00
7.100000000000000000e+02 0.000000000000000000e+00
7.100000000000000000e+02 0.000000000000000000e+00
7.120000000000000000e+02 0.000000000000000000e+00
7.130000000000000000e+02 0.000000000000000000e+00
7.140000000000000000e+02 0.000000000000000000e+00
7.150000000000000000e+02 0.000000000000000000e+00
7.160000000000000000e+02 0.000000000000000000e+00
7.170000000000000000e+02 0.000000000000000000e+00
7.180000000000000000e+02 0.000000000000000000e+00
7.190000000000000000e+02 0.000000000000000000e+00
7.190000000000000000e+02 0.000000000000000000e+00
7.210000000000000000e+02 0.000000000000000000e+00
7.220000000000000000e+02 0.000000000000000000e+00
7.230000000000000000e+02 0.000000000000000000e+00
7.230000000000000000e+02 0.000000000000000000e+00
7.250000000000000000e+02 0.000000000000000000e+00
7.260000000000000000e+02 0.000000000000000000e+00
7.270000000000000000e+02 0.000000000000000000e+00
7.270000000000000000e+02 0.000000000000000000e+00
7.280000000000000000e+02 0.000000000000000000e+00
7.300000000000000000e+02 0.000000000000000000e+00
7.310000000000000000e+02 0.000000000000000000e+00
7.310000000000000000e+02 0.000000000000000000e+00
7.320000000000000000e+02 0.000000000000000000e+00
7.340000000000000000e+02 0.000000000000000000e+00
7.350000000000000000e+02 0.000000000000000000e+00
7.350000000000000000e+02 0.000000000000000000e+00
7.360000000000000000e+02 0.000000000000000000e+00
7.370000000000000000e+02 0.000000000000000000e+00
7.390000000000000000e+02 0.000000000000000000e+00
7.400000000000000000e+02 0.000000000000000000e+00
7.410000000000000000e+02 0.000000000000000000e+00
7.410000000000000000e+02 0.000000000000000000e+00
7.430000000000000000e+02 0.000000000000000000e+00
7.440000000000000000e+02 0.000000000000000000e+00
7.450000000000000000e+02 0.000000000000000000e+00
7.450000000000000000e+02 0.000000000000000000e+00
7.460000000000000000e+02 0.000000000000000000e+00
7.480000000000000000e+02 0.000000000000000000e+00
7.490000000000000000e+02 0.000000000000000000e+00
7.500000000000000000e+02 0.000000000000000000e+00
7.500000000000000000e+02 0.000000000000000000e+00
7.520000000000000000e+02 0.000000000000000000e+00
7.530000000000000000e+02 0.000000000000000000e+00
7.540000000000000000e+02 0.000000000000000000e+00
7.540000000000000000e+02 0.000000000000000000e+00
7.560000000000000000e+02 0.000000000000000000e+00
7.570000000000000000e+02 0.000000000000000000e+00
7.580000000000000000e+02 0.000000000000000000e+00
7.590000000000000000e+02 0.000000000000000000e+00
7.600000000000000000e+02 0.000000000000000000e+00
7.610000000000000000e+02 0.000000000000000000e+00
7.620000000000000000e+02 0.000000000000000000e+00
7.630000000000000000e+02 0.000000000000000000e+00
7.640000000000000000e+02 0.000000000000000000e+00
7.650000000000000000e+02 0.000000000000000000e+00
7.660000000000000000e+02 0.000000000000000000e+00
7.670000000000000000e+02 0.000000000000000000e+00
7.680000000000000000e+02 0.000000000000000000e+00
7.690000000000000000e+02 0.000000000000000000e+00
7.700000000000000000e+02 0.000000000000000000e+00
7.700000000000000000e+02 0.000000000000000000e+00
7.720000000000000000e+02 0.000000000000000000e+00
7.730000000000000000e+02 0.000000000000000000e+00
7.740000000000000000e+02 0.000000000000000000e+00
7.740000000000000000e+02 0.000000000000000000e+00
7.760000000000000000e+02 0.000000000000000000e+00
7.770000000000000000e+02 0.000000000000000000e+00
7.770000000000000000e+02 0.000000000000000000e+00
7.780000000000000000e+02 0.000000000000000000e+00
7.800000000000000000e+02 0.000000000000000000e+00
7.810000000000000000e+02 0.000000000000000000e+00
7.810000000000000000e+02 0.000000000000000000e+00
7.830000000000000000e+02 0.000000000000000000e+00
7.840000000000000000e+02 0.000000000000000000e+00
7.850000000000000000e+02 0.000000000000000000e+00
7.850000000000000000e+02 0.000000000000000000e+00
7.860000000000000000e+02 0.000000000000000000e+00
7.880000000000000000e+02 0.000000000000000000e+00
7.890000000000000000e+02 0.000000000000000000e+00
7.900000000000000000e+02 0.000000000000000000e+00
7.910000000000000000e+02 0.000000000000000000e+00
7.920000000000000000e+02 0.000000000000000000e+00
7.930000000000000000e+02 0.000000000000000000e+00
7.940000000000000000e+02 0.000000000000000000e+00
7.940000000000000000e+02 0.000000000000000000e+00
7.950000000000000000e+02 0.000000000000000000e+00
7.970000000000000000e+02 0.000000000000000000e+00
7.980000000000000000e+02 0.000000000000000000e+00
7.990000000000000000e+02 0.000000000000000000e+00
7.990000000000000000e+02 0.000000000000000000e+00
8.010000000000000000e+02 0.000000000000000000e+00
8.020000000000000000e+02 0.000000000000000000e+00
8.030000000000000000e+02 0.000000000000000000e+00
8.040000000000000000e+02 0.000000000000000000e+00
8.050000000000000000e+02 0.000000000000000000e+00
8.060000000000000000e+02 0.000000000000000000e+00
8.070000000000000000e+02 0.000000000000000000e+00
8.080000000000000000e+02 0.000000000000000000e+00
8.080000000000000000e+02 0.000000000000000000e+00
8.100000000000000000e+02 0.000000000000000000e+00
8.110000000000000000e+02 0.000000000000000000e+00
8.120000000000000000e+02 0.000000000000000000e+00
8.130000000000000000e+02 0.000000000000000000e+00
8.140000000000000000e+02 0.000000000000000000e+00
8.150000000000000000e+02 0.000000000000000000e+00
8.160000000000000000e+02 0.000000000000000000e+00
8.160000000000000000e+02 0.000000000000000000e+00
8.170000000000000000e+02 0.000000000000000000e+00
8.190000000000000000e+02 0.000000000000000000e+00
8.200000000000000000e+02 0.000000000000000000e+00
8.210000000000000000e+02 0.000000000000000000e+00
8.210000000000000000e+02 0.000000000000000000e+00
8.230000000000000000e+02 0.000000000000000000e+00
8.240000000000000000e+02 0.000000000000000000e+00
8.250000000000000000e+02 0.000000000000000000e+00
8.250000000000000000e+02 0.000000000000000000e+00
8.260000000000000000e+02 0.000000000000000000e+00
8.280000000000000000e+02 0.000000000000000000e+00
8.290000000000000000e+02 0.000000000000000000e+00
8.300000000000000000e+02 0.000000000000000000e+00
8.300000000000000000e+02 0.000000000000000000e+00
8.320000000000000000e+02 0.000000000000000000e+00
8.330000000000000000e+02 0.000000000000000000e+00
8.340000000000000000e+02 0.000000000000000000e+00
8.340000000000000000e+02 0.000000000000000000e+00
8.360000000000000000e+02 0.000000000000000000e+00
8.370000000000000000e+02 0.000000000000000000e+00
8.380000000000000000e+02 0.000000000000000000e+00
8.390000000000000000e+02 0.000000000000000000e+00
8.390000000000000000e+02 0.000000000000000000e+00
8.410000000000000000e+02 0.000000000000000000e+00
8.420000000000000000e+02 0.000000000000000000e+00
8.430000000000000000e+02 0.000000000000000000e+00
8.430000000000000000e+02 0.000000000000000000e+00
8.440000000000000000e+02 0.000000000000000000e+00
8.460000000000000000e+02 0.000000000000000000e+00
8.470000000000000000e+02 0.000000000000000000e+00
8.480000000000000000e+02 0.000000000000000000e+00
8.480000000000000000e+02 0.000000000000000000e+00
8.500000000000000000e+02 0.000000000000000000e+00
8.510000000000000000e+02 0.000000000000000000e+00
8.520000000000000000e+02 0.000000000000000000e+00
8.520000000000000000e+02 0.000000000000000000e+00
8.540000000000000000e+02 0.000000000000000000e+00
8.550000000000000000e+02 0.000000000000000000e+00
8.560000000000000000e+02 0.000000000000000000e+00
8.570000000000000000e+02 0.000000000000000000e+00
8.580000000000000000e+02 0.000000000000000000e+00
8.590000000000000000e+02 0.000000000000000000e+00
8.600000000000000000e+02 0.000000000000000000e+00
8.610000000000000000e+02 0.000000000000000000e+00
8.620000000000000000e+02 0.000000000000000000e+00
8.630000000000000000e+02 0.000000000000000000e+00
8.640000000000000000e+02 0.000000000000000000e+00
8.650000000000000000e+02 0.000000000000000000e+00
8.660000000000000000e+02 0.000000000000000000e+00
8.670000000000000000e+02 0.000000000000000000e+00
8.680000000000000000e+02 0.000000000000000000e+00
8.690000000000000000e+02 0.000000000000000000e+00
8.700000000000000000e+02 0.000000000000000000e+00
8.710000000000000000e+02 0.000000000000000000e+00
8.720000000000000000e+02 0.000000000000000000e+00
8.730000000000000000e+02 0.000000000000000000e+00
8.740000000000000000e+02 0.000000000000000000e+00
8.750000000000000000e+02 0.000000000000000000e+00
8.750000000000000000e+02 0.000000000000000000e+00
8.770000000000000000e+02 0.000000000000000000e+00
8.780000000000000000e+02 0.000000000000000000e+00
8.790000000000000000e+02 0.000000000000000000e+00
8.790000000000000000e+02 0.000000000000000000e+00
8.810000000000000000e+02 0.000000000000000000e+00
8.820000000000000000e+02 0.000000000000000000e+00
8.830000000000000000e+02 0.000000000000000000e+00
8.830000000000000000e+02 0.000000000000000000e+00
8.840000000000000000e+02 0.000000000000000000e+00
8.860000000000000000e+02 0.000000000000000000e+00
8.870000000000000000e+02 0.000000000000000000e+00
8.880000000000000000e+02 0.000000000000000000e+00
8.880000000000000000e+02 0.000000000000000000e+00
8.900000000000000000e+02 0.000000000000000000e+00
8.910000000000000000e+02 0.000000000000000000e+00
8.920000000000000000e+02 0.000000000000000000e+00
8.920000000000000000e+02 0.000000000000000000e+00
8.940000000000000000e+02 0.000000000000000000e+00
8.950000000000000000e+02 0.000000000000000000e+00
8.960000000000000000e+02 0.000000000000000000e+00
8.970000000000000000e+02 0.000000000000000000e+00
8.970000000000000000e+02 0.000000000000000000e+00
8.990000000000000000e+02 0.000000000000000000e+00
8.990000000000000000e+02 0.000000000000000000e+00
9.010000000000000000e+02 0.000000000000000000e+00
9.020000000000000000e+02 0.000000000000000000e+00
9.020000000000000000e+02 0.000000000000000000e+00
9.040000000000000000e+02 0.000000000000000000e+00
9.050000000000000000e+02 0.000000000000000000e+00
9.060000000000000000e+02 0.000000000000000000e+00
9.070000000000000000e+02 0.000000000000000000e+00
9.070000000000000000e+02 0.000000000000000000e+00
9.090000000000000000e+02 0.000000000000000000e+00
9.100000000000000000e+02 0.000000000000000000e+00
9.100000000000000000e+02 0.000000000000000000e+00
9.110000000000000000e+02 0.000000000000000000e+00
9.130000000000000000e+02 0.000000000000000000e+00
9.140000000000000000e+02 0.000000000000000000e+00
9.140000000000000000e+02 0.000000000000000000e+00
9.150000000000000000e+02 0.000000000000000000e+00
9.170000000000000000e+02 0.000000000000000000e+00
9.180000000000000000e+02 0.000000000000000000e+00
9.190000000000000000e+02 0.000000000000000000e+00
9.190000000000000000e+02 0.000000000000000000e+00
9.210000000000000000e+02 0.000000000000000000e+00
9.220000000000000000e+02 0.000000000000000000e+00
9.230000000000000000e+02 0.000000000000000000e+00
9.240000000000000000e+02 0.000000000000000000e+00
9.240000000000000000e+02 0.000000000000000000e+00
9.260000000000000000e+02 0.000000000000000000e+00
9.270000000000000000e+02 0.000000000000000000e+00
9.280000000000000000e+02 0.000000000000000000e+00
9.280000000000000000e+02 0.000000000000000000e+00
9.300000000000000000e+02 0.000000000000000000e+00
9.310000000000000000e+02 0.000000000000000000e+00
9.320000000000000000e+02 0.000000000000000000e+00
9.320000000000000000e+02 0.000000000000000000e+00
9.340000000000000000e+02 0.000000000000000000e+00
9.350000000000000000e+02 0.000000000000000000e+00
9.360000000000000000e+02 0.000000000000000000e+00
9.370000000000000000e+02 0.000000000000000000e+00
9.370000000000000000e+02 0.000000000000000000e+00
9.390000000000000000e+02 0.000000000000000000e+00
9.400000000000000000e+02 0.000000000000000000e+00
9.410000000000000000e+02 0.000000000000000000e+00
9.410000000000000000e+02 0.000000000000000000e+00
9.420000000000000000e+02 0.000000000000000000e+00
9.440000000000000000e+02 0.000000000000000000e+00
9.450000000000000000e+02 0.000000000000000000e+00
9.460000000000000000e+02 0.000000000000000000e+00
9.460000000000000000e+02 0.000000000000000000e+00
9.480000000000000000e+02 0.000000000000000000e+00
9.490000000000000000e+02 0.000000000000000000e+00
9.500000000000000000e+02 0.000000000000000000e+00
9.500000000000000000e+02 0.000000000000000000e+00
9.520000000000000000e+02 0.000000000000000000e+00
9.530000000000000000e+02 0.000000000000000000e+00
9.540000000000000000e+02 0.000000000000000000e+00
9.550000000000000000e+02 0.000000000000000000e+00
9.560000000000000000e+02 0.000000000000000000e+00
9.570000000000000000e+02 0.000000000000000000e+00
9.580000000000000000e+02 0.000000000000000000e+00
9.580000000000000000e+02 0.000000000000000000e+00
9.600000000000000000e+02 0.000000000000000000e+00
9.610000000000000000e+02 0.000000000000000000e+00
9.620000000000000000e+02 0.000000000000000000e+00
9.630000000000000000e+02 0.000000000000000000e+00
9.640000000000000000e+02 0.000000000000000000e+00
9.640000000000000000e+02 0.000000000000000000e+00
9.660000000000000000e+02 0.000000000000000000e+00
9.670000000000000000e+02 0.000000000000000000e+00
9.680000000000000000e+02 0.000000000000000000e+00
9.690000000000000000e+02 0.000000000000000000e+00
9.700000000000000000e+02 0.000000000000000000e+00
9.710000000000000000e+02 0.000000000000000000e+00
9.720000000000000000e+02 0.000000000000000000e+00
9.720000000000000000e+02 0.000000000000000000e+00
9.730000000000000000e+02 0.000000000000000000e+00
9.750000000000000000e+02 0.000000000000000000e+00
9.760000000000000000e+02 0.000000000000000000e+00
9.770000000000000000e+02 0.000000000000000000e+00
9.770000000000000000e+02 0.000000000000000000e+00
9.790000000000000000e+02 0.000000000000000000e+00
9.800000000000000000e+02 0.000000000000000000e+00
9.800000000000000000e+02 0.000000000000000000e+00
9.810000000000000000e+02 0.000000000000000000e+00
9.820000000000000000e+02 0.000000000000000000e+00
9.840000000000000000e+02 0.000000000000000000e+00
9.850000000000000000e+02 0.000000000000000000e+00
9.860000000000000000e+02 0.000000000000000000e+00
9.870000000000000000e+02 0.000000000000000000e+00
9.880000000000000000e+02 0.000000000000000000e+00
9.880000000000000000e+02 0.000000000000000000e+00
9.890000000000000000e+02 0.000000000000000000e+00
9.900000000000000000e+02 0.000000000000000000e+00
9.920000000000000000e+02 0.000000000000000000e+00
9.930000000000000000e+02 0.000000000000000000e+00
9.930000000000000000e+02 0.000000000000000000e+00
9.950000000000000000e+02 0.000000000000000000e+00
9.960000000000000000e+02 0.000000000000000000e+00
9.970000000000000000e+02 0.000000000000000000e+00
9.980000000000000000e+02 0.000000000000000000e+00
9.980000000000000000e+02 0.000000000000000000e+00
1.000000000000000000e+03 0.000000000000000000e+00
