0.000000000000000000e+00 2.629394531250000000e-01
1.000000000000000000e+00 2.495117187500000000e-01
3.000000000000000000e+00 2.366943359375000000e-01
3.000000000000000000e+00 2.244873046875000000e-01
5.000000000000000000e+00 2.128906250000000000e-01
6.000000000000000000e+00 2.019042968750000000e-01
7.000000000000000000e+00 1.914062500000000000e-01
7.000000000000000000e+00 1.815185546875000000e-01
9.000000000000000000e+00 1.719970703125000000e-01
1.000000000000000000e+01 1.629638671875000000e-01
1.100000000000000000e+01 1.544189453125000000e-01
1.200000000000000000e+01 1.462402343750000000e-01
1.300000000000000000e+01 1.384277343750000000e-01
1.400000000000000000e+01 1.311035156250000000e-01
1.500000000000000000e+01 1.241455078125000000e-01
1.500000000000000000e+01 1.174926757812500000e-01
1.700000000000000000e+01 1.112060546875000000e-01
1.800000000000000000e+01 1.051635742187500000e-01
1.900000000000000000e+01 9.948730468750000000e-02
2.000000000000000000e+01 9.411621093750000000e-02
2.100000000000000000e+01 8.898925781250000000e-02
2.200000000000000000e+01 8.410644531250000000e-02
2.200000000000000000e+01 7.952880859375000000e-02
2.400000000000000000e+01 7.513427734375000000e-02
2.400000000000000000e+01 7.098388671875000000e-02
2.600000000000000000e+01 6.707763671875000000e-02
2.700000000000000000e+01 6.335449218750000000e-02
2.800000000000000000e+01 5.981445312500000000e-02
2.900000000000000000e+01 5.648803710937500000e-02
3.000000000000000000e+01 5.331420898437500000e-02
3.100000000000000000e+01 5.032348632812500000e-02
3.100000000000000000e+01 4.748535156250000000e-02
3.200000000000000000e+01 4.479980468750000000e-02
3.400000000000000000e+01 4.223632812500000000e-02
3.500000000000000000e+01 3.982543945312500000e-02
3.600000000000000000e+01 3.756713867187500000e-02
3.700000000000000000e+01 3.540039062500000000e-02
3.800000000000000000e+01 3.338623046875000000e-02
3.900000000000000000e+01 3.146362304687500000e-02
4.000000000000000000e+01 2.963256835937500000e-02
4.100000000000000000e+01 2.792358398437500000e-02
4.200000000000000000e+01 2.630615234375000000e-02
4.300000000000000000e+01 2.476501464843750000e-02
4.400000000000000000e+01 2.333068847656250000e-02
4.400000000000000000e+01 2.197265625000000000e-02
4.500000000000000000e+01 2.067565917968750000e-02
4.700000000000000000e+01 1.947021484375000000e-02
4.800000000000000000e+01 1.832580566406250000e-02
4.900000000000000000e+01 1.724243164062500000e-02
4.900000000000000000e+01 1.623535156250000000e-02
5.100000000000000000e+01 1.527404785156250000e-02
5.200000000000000000e+01 1.437377929687500000e-02
5.300000000000000000e+01 1.352691650390625000e-02
5.400000000000000000e+01 1.273345947265625000e-02
5.400000000000000000e+01 1.197814941406250000e-02
5.600000000000000000e+01 1.127624511718750000e-02
5.600000000000000000e+01 1.061248779296875000e-02
5.800000000000000000e+01 9.986877441406250000e-03
5.900000000000000000e+01 9.399414062500000000e-03
6.000000000000000000e+01 8.850097656250000000e-03
6.100000000000000000e+01 8.338928222656250000e-03
6.200000000000000000e+01 7.850646972656250000e-03
6.300000000000000000e+01 7.396697998046875000e-03
6.300000000000000000e+01 6.969451904296875000e-03
6.500000000000000000e+01 6.568908691406250000e-03
6.500000000000000000e+01 6.195068359375000000e-03
6.700000000000000000e+01 5.840301513671875000e-03
6.800000000000000000e+01 5.512237548828125000e-03
6.900000000000000000e+01 5.203247070312500000e-03
7.000000000000000000e+01 4.917144775390625000e-03
7.000000000000000000e+01 4.646301269531250000e-03
7.200000000000000000e+01 4.394531250000000000e-03
7.300000000000000000e+01 4.158020019531250000e-03
7.400000000000000000e+01 3.936767578125000000e-03
7.500000000000000000e+01 3.732681274414062500e-03
7.600000000000000000e+01 3.540039062500000000e-03
7.700000000000000000e+01 3.360748291015625000e-03
7.800000000000000000e+01 3.192901611328125000e-03
7.900000000000000000e+01 3.038406372070312500e-03
8.000000000000000000e+01 2.891540527343750000e-03
8.000000000000000000e+01 2.756118774414062500e-03
8.200000000000000000e+01 2.630233764648437500e-03
8.300000000000000000e+01 2.511978149414062500e-03
8.400000000000000000e+01 2.403259277343750000e-03
8.400000000000000000e+01 2.300262451171875000e-03
8.600000000000000000e+01 2.204895019531250000e-03
8.700000000000000000e+01 2.117156982421875000e-03
8.800000000000000000e+01 2.035140991210937500e-03
8.900000000000000000e+01 1.958847045898437500e-03
8.900000000000000000e+01 1.887321472167968750e-03
9.000000000000000000e+01 1.820564270019531250e-03
9.100000000000000000e+01 1.759529113769531250e-03
9.300000000000000000e+01 1.702308654785156250e-03
9.400000000000000000e+01 1.648902893066406250e-03
9.500000000000000000e+01 1.599311828613281250e-03
9.600000000000000000e+01 1.553535461425781250e-03
9.700000000000000000e+01 1.510620117187500000e-03
9.800000000000000000e+01 1.470565795898437500e-03
9.900000000000000000e+01 1.433372497558593750e-03
9.900000000000000000e+01 1.399040222167968750e-03
1.010000000000000000e+02 1.367568969726562500e-03
1.020000000000000000e+02 1.337051391601562500e-03
1.030000000000000000e+02 1.309394836425781250e-03
1.040000000000000000e+02 1.282691955566406250e-03
1.040000000000000000e+02 1.258850097656250000e-03
1.060000000000000000e+02 1.235961914062500000e-03
1.070000000000000000e+02 1.214027404785156250e-03
1.080000000000000000e+02 1.194000244140625000e-03
1.090000000000000000e+02 1.174926757812500000e-03
1.090000000000000000e+02 1.157760620117187500e-03
1.110000000000000000e+02 1.140594482421875000e-03
1.120000000000000000e+02 1.124382019042968750e-03
1.130000000000000000e+02 1.109123229980468750e-03
1.130000000000000000e+02 1.094818115234375000e-03
1.140000000000000000e+02 1.081466674804687500e-03
1.160000000000000000e+02 1.068115234375000000e-03
1.170000000000000000e+02 1.055717468261718750e-03
1.180000000000000000e+02 1.044273376464843750e-03
1.190000000000000000e+02 1.032829284667968750e-03
1.200000000000000000e+02 1.021385192871093750e-03
1.210000000000000000e+02 1.010894775390625000e-03
1.220000000000000000e+02 1.000404357910156250e-03
1.230000000000000000e+02 9.899139404296875000e-04
1.240000000000000000e+02 9.803771972656250000e-04
1.250000000000000000e+02 9.708404541015625000e-04
1.260000000000000000e+02 9.613037109375000000e-04
1.270000000000000000e+02 9.517669677734375000e-04
1.270000000000000000e+02 9.427070617675781250e-04
1.290000000000000000e+02 9.341239929199218750e-04
1.300000000000000000e+02 9.250640869140625000e-04
1.310000000000000000e+02 9.164810180664062500e-04
1.310000000000000000e+02 9.078979492187500000e-04
1.330000000000000000e+02 8.993148803710937500e-04
1.340000000000000000e+02 8.907318115234375000e-04
1.350000000000000000e+02 8.826255798339843750e-04
1.360000000000000000e+02 8.740425109863281250e-04
1.370000000000000000e+02 8.659362792968750000e-04
1.380000000000000000e+02 8.573532104492187500e-04
1.390000000000000000e+02 8.492469787597656250e-04
1.400000000000000000e+02 8.411407470703125000e-04
1.400000000000000000e+02 8.330345153808593750e-04
1.410000000000000000e+02 8.249282836914062500e-04
1.430000000000000000e+02 8.163452148437500000e-04
1.440000000000000000e+02 8.082389831542968750e-04
1.450000000000000000e+02 8.001327514648437500e-04
1.460000000000000000e+02 7.920265197753906250e-04
1.470000000000000000e+02 7.839202880859375000e-04
1.480000000000000000e+02 7.762908935546875000e-04
1.490000000000000000e+02 7.681846618652343750e-04
1.500000000000000000e+02 7.600784301757812500e-04
1.500000000000000000e+02 7.519721984863281250e-04
1.520000000000000000e+02 7.438659667968750000e-04
1.530000000000000000e+02 7.362365722656250000e-04
1.540000000000000000e+02 7.281303405761718750e-04
1.550000000000000000e+02 7.205009460449218750e-04
1.560000000000000000e+02 7.123947143554687500e-04
1.570000000000000000e+02 7.047653198242187500e-04
1.580000000000000000e+02 6.966590881347656250e-04
1.590000000000000000e+02 6.890296936035156250e-04
1.600000000000000000e+02 6.814002990722656250e-04
1.600000000000000000e+02 6.737709045410156250e-04
1.610000000000000000e+02 6.661415100097656250e-04
1.630000000000000000e+02 6.585121154785156250e-04
1.640000000000000000e+02 6.508827209472656250e-04
1.650000000000000000e+02 6.432533264160156250e-04
1.660000000000000000e+02 6.361007690429687500e-04
1.670000000000000000e+02 6.284713745117187500e-04
1.680000000000000000e+02 6.213188171386718750e-04
1.690000000000000000e+02 6.141662597656250000e-04
1.690000000000000000e+02 6.070137023925781250e-04
1.700000000000000000e+02 5.998611450195312500e-04
1.720000000000000000e+02 5.927085876464843750e-04
1.730000000000000000e+02 5.855560302734375000e-04
1.740000000000000000e+02 5.788803100585937500e-04
1.750000000000000000e+02 5.717277526855468750e-04
1.760000000000000000e+02 5.650520324707031250e-04
1.770000000000000000e+02 5.583763122558593750e-04
1.780000000000000000e+02 5.517005920410156250e-04
1.790000000000000000e+02 5.450248718261718750e-04
1.790000000000000000e+02 5.383491516113281250e-04
1.800000000000000000e+02 5.321502685546875000e-04
1.810000000000000000e+02 5.259513854980468750e-04
1.820000000000000000e+02 5.192756652832031250e-04
1.830000000000000000e+02 5.130767822265625000e-04
1.850000000000000000e+02 5.073547363281250000e-04
1.860000000000000000e+02 5.011558532714843750e-04
1.870000000000000000e+02 4.949569702148437500e-04
1.880000000000000000e+02 4.892349243164062500e-04
1.890000000000000000e+02 4.835128784179687500e-04
1.900000000000000000e+02 4.775524139404296875e-04
1.910000000000000000e+02 4.720687866210937500e-04
1.920000000000000000e+02 4.663467407226562500e-04
1.930000000000000000e+02 4.608631134033203125e-04
1.940000000000000000e+02 4.556179046630859375e-04
1.950000000000000000e+02 4.501342773437500000e-04
1.960000000000000000e+02 4.448890686035156250e-04
1.970000000000000000e+02 4.396438598632812500e-04
1.980000000000000000e+02 4.346370697021484375e-04
1.980000000000000000e+02 4.296302795410156250e-04
1.990000000000000000e+02 4.246234893798828125e-04
2.010000000000000000e+02 4.196166992187500000e-04
2.020000000000000000e+02 4.148483276367187500e-04
2.030000000000000000e+02 4.100799560546875000e-04
2.040000000000000000e+02 4.055500030517578125e-04
2.050000000000000000e+02 4.007816314697265625e-04
2.060000000000000000e+02 3.962516784667968750e-04
2.070000000000000000e+02 3.919601440429687500e-04
2.080000000000000000e+02 3.874301910400390625e-04
2.090000000000000000e+02 3.831386566162109375e-04
2.090000000000000000e+02 3.788471221923828125e-04
2.100000000000000000e+02 3.747940063476562500e-04
2.120000000000000000e+02 3.707408905029296875e-04
2.130000000000000000e+02 3.666877746582031250e-04
2.140000000000000000e+02 3.626346588134765625e-04
2.150000000000000000e+02 3.585815429687500000e-04
2.160000000000000000e+02 3.547668457031250000e-04
2.170000000000000000e+02 3.509521484375000000e-04
2.180000000000000000e+02 3.471374511718750000e-04
2.180000000000000000e+02 3.435611724853515625e-04
2.190000000000000000e+02 3.399848937988281250e-04
2.200000000000000000e+02 3.361701965332031250e-04
2.220000000000000000e+02 3.328323364257812500e-04
2.230000000000000000e+02 3.292560577392578125e-04
2.240000000000000000e+02 3.259181976318359375e-04
2.240000000000000000e+02 3.225803375244140625e-04
2.260000000000000000e+02 3.192424774169921875e-04
2.260000000000000000e+02 3.159046173095703125e-04
2.270000000000000000e+02 3.125667572021484375e-04
2.280000000000000000e+02 3.094673156738281250e-04
2.290000000000000000e+02 3.063678741455078125e-04
2.310000000000000000e+02 3.032684326171875000e-04
2.320000000000000000e+02 3.001689910888671875e-04
2.330000000000000000e+02 2.970695495605468750e-04
2.340000000000000000e+02 2.942085266113281250e-04
2.350000000000000000e+02 2.913475036621093750e-04
2.360000000000000000e+02 2.884864807128906250e-04
2.370000000000000000e+02 2.856254577636718750e-04
2.380000000000000000e+02 2.827644348144531250e-04
2.390000000000000000e+02 2.799034118652343750e-04
2.400000000000000000e+02 2.772808074951171875e-04
2.410000000000000000e+02 2.744197845458984375e-04
2.420000000000000000e+02 2.717971801757812500e-04
2.430000000000000000e+02 2.691745758056640625e-04
2.440000000000000000e+02 2.665519714355468750e-04
2.450000000000000000e+02 2.639293670654296875e-04
2.460000000000000000e+02 2.615451812744140625e-04
2.470000000000000000e+02 2.589225769042968750e-04
2.480000000000000000e+02 2.562999725341796875e-04
2.490000000000000000e+02 2.539157867431640625e-04
2.500000000000000000e+02 2.515316009521484375e-04
2.510000000000000000e+02 2.491474151611328125e-04
2.520000000000000000e+02 2.467632293701171875e-04
2.530000000000000000e+02 2.443790435791015625e-04
2.540000000000000000e+02 2.419948577880859375e-04
2.550000000000000000e+02 2.397298812866210938e-04
2.550000000000000000e+02 2.374649047851562500e-04
2.570000000000000000e+02 2.351999282836914062e-04
2.580000000000000000e+02 2.329349517822265625e-04
2.590000000000000000e+02 2.306699752807617188e-04
2.600000000000000000e+02 2.285242080688476562e-04
2.610000000000000000e+02 2.262592315673828125e-04
2.620000000000000000e+02 2.241134643554687500e-04
2.630000000000000000e+02 2.219676971435546875e-04
2.630000000000000000e+02 2.199411392211914062e-04
2.650000000000000000e+02 2.177953720092773438e-04
2.660000000000000000e+02 2.156496047973632812e-04
2.670000000000000000e+02 2.136230468750000000e-04
2.680000000000000000e+02 2.115964889526367188e-04
2.690000000000000000e+02 2.095699310302734375e-04
2.700000000000000000e+02 2.075433731079101562e-04
2.710000000000000000e+02 2.055168151855468750e-04
2.720000000000000000e+02 2.034902572631835938e-04
2.730000000000000000e+02 2.015829086303710938e-04
2.740000000000000000e+02 1.995563507080078125e-04
2.750000000000000000e+02 1.976490020751953125e-04
2.760000000000000000e+02 1.957416534423828125e-04
2.770000000000000000e+02 1.937150955200195312e-04
2.780000000000000000e+02 1.918077468872070312e-04
2.790000000000000000e+02 1.900196075439453125e-04
2.800000000000000000e+02 1.881122589111328125e-04
2.810000000000000000e+02 1.862049102783203125e-04
2.810000000000000000e+02 1.844167709350585938e-04
2.830000000000000000e+02 1.825094223022460938e-04
2.830000000000000000e+02 1.807212829589843750e-04
2.850000000000000000e+02 1.788139343261718750e-04
2.860000000000000000e+02 1.770257949829101562e-04
2.870000000000000000e+02 1.752376556396484375e-04
2.880000000000000000e+02 1.734495162963867188e-04
2.890000000000000000e+02 1.716613769531250000e-04
2.900000000000000000e+02 1.699924468994140625e-04
2.910000000000000000e+02 1.682043075561523438e-04
2.920000000000000000e+02 1.664161682128906250e-04
2.920000000000000000e+02 1.647472381591796875e-04
2.940000000000000000e+02 1.629590988159179688e-04
2.940000000000000000e+02 1.612901687622070312e-04
2.960000000000000000e+02 1.596212387084960938e-04
2.970000000000000000e+02 1.579523086547851562e-04
2.980000000000000000e+02 1.562833786010742188e-04
2.990000000000000000e+02 1.546144485473632812e-04
3.000000000000000000e+02 1.529455184936523438e-04
3.010000000000000000e+02 1.512765884399414062e-04
3.010000000000000000e+02 1.496076583862304688e-04
3.030000000000000000e+02 1.480579376220703125e-04
3.040000000000000000e+02 1.463890075683593750e-04
3.050000000000000000e+02 1.448392868041992188e-04
3.060000000000000000e+02 1.431703567504882812e-04
3.070000000000000000e+02 1.416206359863281250e-04
3.080000000000000000e+02 1.400709152221679688e-04
3.090000000000000000e+02 1.385211944580078125e-04
3.100000000000000000e+02 1.369714736938476562e-04
3.100000000000000000e+02 1.354217529296875000e-04
3.120000000000000000e+02 1.338720321655273438e-04
3.120000000000000000e+02 1.323223114013671875e-04
3.140000000000000000e+02 1.307725906372070312e-04
3.140000000000000000e+02 1.293420791625976562e-04
3.160000000000000000e+02 1.277923583984375000e-04
3.170000000000000000e+02 1.263618469238281250e-04
3.180000000000000000e+02 1.248121261596679688e-04
3.190000000000000000e+02 1.233816146850585938e-04
3.200000000000000000e+02 1.219511032104492188e-04
3.200000000000000000e+02 1.205205917358398438e-04
3.210000000000000000e+02 1.190900802612304688e-04
3.220000000000000000e+02 1.176595687866210938e-04
3.230000000000000000e+02 1.162290573120117188e-04
3.240000000000000000e+02 1.147985458374023438e-04
3.260000000000000000e+02 1.134276390075683594e-04
3.270000000000000000e+02 1.120567321777343750e-04
3.280000000000000000e+02 1.106858253479003906e-04
3.290000000000000000e+02 1.093149185180664062e-04
3.300000000000000000e+02 1.079440116882324219e-04
3.300000000000000000e+02 1.066327095031738281e-04
3.320000000000000000e+02 1.053214073181152344e-04
3.320000000000000000e+02 1.039505004882812500e-04
3.340000000000000000e+02 1.026391983032226562e-04
3.350000000000000000e+02 1.013875007629394531e-04
3.360000000000000000e+02 1.000761985778808594e-04
3.370000000000000000e+02 9.876489639282226562e-05
3.380000000000000000e+02 9.751319885253906250e-05
3.390000000000000000e+02 9.626150131225585938e-05
3.390000000000000000e+02 9.500980377197265625e-05
3.410000000000000000e+02 9.375810623168945312e-05
3.410000000000000000e+02 9.256601333618164062e-05
3.430000000000000000e+02 9.131431579589843750e-05
3.440000000000000000e+02 9.012222290039062500e-05
3.450000000000000000e+02 8.893013000488281250e-05
3.460000000000000000e+02 8.773803710937500000e-05
3.470000000000000000e+02 8.660554885864257812e-05
3.480000000000000000e+02 8.541345596313476562e-05
3.490000000000000000e+02 8.428096771240234375e-05
3.500000000000000000e+02 8.314847946166992188e-05
3.500000000000000000e+02 8.201599121093750000e-05
3.520000000000000000e+02 8.088350296020507812e-05
3.520000000000000000e+02 7.975101470947265625e-05
3.540000000000000000e+02 7.867813110351562500e-05
3.550000000000000000e+02 7.760524749755859375e-05
3.560000000000000000e+02 7.653236389160156250e-05
3.570000000000000000e+02 7.545948028564453125e-05
3.580000000000000000e+02 7.438659667968750000e-05
3.590000000000000000e+02 7.331371307373046875e-05
3.590000000000000000e+02 7.230043411254882812e-05
3.610000000000000000e+02 7.128715515136718750e-05
3.610000000000000000e+02 7.027387619018554688e-05
3.630000000000000000e+02 6.926059722900390625e-05
3.630000000000000000e+02 6.824731826782226562e-05
3.650000000000000000e+02 6.729364395141601562e-05
3.650000000000000000e+02 6.633996963500976562e-05
3.670000000000000000e+02 6.532669067382812500e-05
3.670000000000000000e+02 6.437301635742187500e-05
3.680000000000000000e+02 6.347894668579101562e-05
3.700000000000000000e+02 6.252527236938476562e-05
3.700000000000000000e+02 6.163120269775390625e-05
3.720000000000000000e+02 6.067752838134765625e-05
3.720000000000000000e+02 5.978345870971679688e-05
3.740000000000000000e+02 5.888938903808593750e-05
3.750000000000000000e+02 5.805492401123046875e-05
3.760000000000000000e+02 5.716085433959960938e-05
3.770000000000000000e+02 5.632638931274414062e-05
3.780000000000000000e+02 5.549192428588867188e-05
3.790000000000000000e+02 5.459785461425781250e-05
3.800000000000000000e+02 5.382299423217773438e-05
3.810000000000000000e+02 5.298852920532226562e-05
3.820000000000000000e+02 5.215406417846679688e-05
3.830000000000000000e+02 5.137920379638671875e-05
3.840000000000000000e+02 5.060434341430664062e-05
3.850000000000000000e+02 4.982948303222656250e-05
3.860000000000000000e+02 4.905462265014648438e-05
3.870000000000000000e+02 4.827976226806640625e-05
3.880000000000000000e+02 4.756450653076171875e-05
3.880000000000000000e+02 4.678964614868164062e-05
3.900000000000000000e+02 4.607439041137695312e-05
3.900000000000000000e+02 4.535913467407226562e-05
3.920000000000000000e+02 4.464387893676757812e-05
3.920000000000000000e+02 4.392862319946289062e-05
3.940000000000000000e+02 4.327297210693359375e-05
3.950000000000000000e+02 4.255771636962890625e-05
3.960000000000000000e+02 4.190206527709960938e-05
3.970000000000000000e+02 4.124641418457031250e-05
3.970000000000000000e+02 4.059076309204101562e-05
3.990000000000000000e+02 3.993511199951171875e-05
3.990000000000000000e+02 3.927946090698242188e-05
4.010000000000000000e+02 3.868341445922851562e-05
4.020000000000000000e+02 3.802776336669921875e-05
4.030000000000000000e+02 3.743171691894531250e-05
4.040000000000000000e+02 3.683567047119140625e-05
4.050000000000000000e+02 3.623962402343750000e-05
4.060000000000000000e+02 3.564357757568359375e-05
4.070000000000000000e+02 3.510713577270507812e-05
4.080000000000000000e+02 3.451108932495117188e-05
4.080000000000000000e+02 3.397464752197265625e-05
4.100000000000000000e+02 3.337860107421875000e-05
4.100000000000000000e+02 3.284215927124023438e-05
4.120000000000000000e+02 3.230571746826171875e-05
4.120000000000000000e+02 3.176927566528320312e-05
4.140000000000000000e+02 3.129243850708007812e-05
4.150000000000000000e+02 3.075599670410156250e-05
4.160000000000000000e+02 3.027915954589843750e-05
4.170000000000000000e+02 2.974271774291992188e-05
4.180000000000000000e+02 2.926588058471679688e-05
4.190000000000000000e+02 2.878904342651367188e-05
4.190000000000000000e+02 2.831220626831054688e-05
4.210000000000000000e+02 2.783536911010742188e-05
4.210000000000000000e+02 2.741813659667968750e-05
4.230000000000000000e+02 2.694129943847656250e-05
4.240000000000000000e+02 2.652406692504882812e-05
4.250000000000000000e+02 2.610683441162109375e-05
4.260000000000000000e+02 2.562999725341796875e-05
4.270000000000000000e+02 2.521276473999023438e-05
4.280000000000000000e+02 2.479553222656250000e-05
4.290000000000000000e+02 2.437829971313476562e-05
4.300000000000000000e+02 2.402067184448242188e-05
4.310000000000000000e+02 2.360343933105468750e-05
4.320000000000000000e+02 2.324581146240234375e-05
4.330000000000000000e+02 2.282857894897460938e-05
4.340000000000000000e+02 2.247095108032226562e-05
4.350000000000000000e+02 2.211332321166992188e-05
4.360000000000000000e+02 2.175569534301757812e-05
4.370000000000000000e+02 2.139806747436523438e-05
4.370000000000000000e+02 2.104043960571289062e-05
4.390000000000000000e+02 2.068281173706054688e-05
4.390000000000000000e+02 2.032518386840820312e-05
4.410000000000000000e+02 2.002716064453125000e-05
4.410000000000000000e+02 1.966953277587890625e-05
4.430000000000000000e+02 1.937150955200195312e-05
4.440000000000000000e+02 1.907348632812500000e-05
4.450000000000000000e+02 1.871585845947265625e-05
4.460000000000000000e+02 1.841783523559570312e-05
4.470000000000000000e+02 1.811981201171875000e-05
4.480000000000000000e+02 1.782178878784179688e-05
4.480000000000000000e+02 1.752376556396484375e-05
4.490000000000000000e+02 1.728534698486328125e-05
4.510000000000000000e+02 1.698732376098632812e-05
4.520000000000000000e+02 1.668930053710937500e-05
4.530000000000000000e+02 1.645088195800781250e-05
4.530000000000000000e+02 1.621246337890625000e-05
4.550000000000000000e+02 1.591444015502929688e-05
4.550000000000000000e+02 1.567602157592773438e-05
4.570000000000000000e+02 1.543760299682617188e-05
4.570000000000000000e+02 1.519918441772460938e-05
4.590000000000000000e+02 1.496076583862304688e-05
4.590000000000000000e+02 1.472234725952148438e-05
4.610000000000000000e+02 1.448392868041992188e-05
4.620000000000000000e+02 1.424551010131835938e-05
4.630000000000000000e+02 1.400709152221679688e-05
4.640000000000000000e+02 1.382827758789062500e-05
4.650000000000000000e+02 1.358985900878906250e-05
4.660000000000000000e+02 1.341104507446289062e-05
4.670000000000000000e+02 1.317262649536132812e-05
4.680000000000000000e+02 1.299381256103515625e-05
4.680000000000000000e+02 1.281499862670898438e-05
4.700000000000000000e+02 1.257658004760742188e-05
4.700000000000000000e+02 1.239776611328125000e-05
4.720000000000000000e+02 1.221895217895507812e-05
4.730000000000000000e+02 1.204013824462890625e-05
4.740000000000000000e+02 1.186132431030273438e-05
4.750000000000000000e+02 1.168251037597656250e-05
4.760000000000000000e+02 1.150369644165039062e-05
4.770000000000000000e+02 1.132488250732421875e-05
4.780000000000000000e+02 1.114606857299804688e-05
4.790000000000000000e+02 1.102685928344726562e-05
4.800000000000000000e+02 1.084804534912109375e-05
4.810000000000000000e+02 1.066923141479492188e-05
4.820000000000000000e+02 1.055002212524414062e-05
4.830000000000000000e+02 1.037120819091796875e-05
4.840000000000000000e+02 1.025199890136718750e-05
4.850000000000000000e+02 1.013278961181640625e-05
4.860000000000000000e+02 9.953975677490234375e-06
4.860000000000000000e+02 9.834766387939453125e-06
4.880000000000000000e+02 9.715557098388671875e-06
4.880000000000000000e+02 9.536743164062500000e-06
4.900000000000000000e+02 9.417533874511718750e-06
4.900000000000000000e+02 9.298324584960937500e-06
4.920000000000000000e+02 9.179115295410156250e-06
4.930000000000000000e+02 9.059906005859375000e-06
4.940000000000000000e+02 8.940696716308593750e-06
4.940000000000000000e+02 8.821487426757812500e-06
4.960000000000000000e+02 8.702278137207031250e-06
4.960000000000000000e+02 8.583068847656250000e-06
4.980000000000000000e+02 8.463859558105468750e-06
4.990000000000000000e+02 8.404254913330078125e-06
5.000000000000000000e+02 8.285045623779296875e-06
5.000000000000000000e+02 8.165836334228515625e-06
5.020000000000000000e+02 8.046627044677734375e-06
5.030000000000000000e+02 7.987022399902343750e-06
5.040000000000000000e+02 7.867813110351562500e-06
5.050000000000000000e+02 7.808208465576171875e-06
5.060000000000000000e+02 7.688999176025390625e-06
5.070000000000000000e+02 7.569789886474609375e-06
5.080000000000000000e+02 7.510185241699218750e-06
5.090000000000000000e+02 7.450580596923828125e-06
5.100000000000000000e+02 7.331371307373046875e-06
5.110000000000000000e+02 7.271766662597656250e-06
5.110000000000000000e+02 7.152557373046875000e-06
5.130000000000000000e+02 7.092952728271484375e-06
5.140000000000000000e+02 7.033348083496093750e-06
5.140000000000000000e+02 6.914138793945312500e-06
5.160000000000000000e+02 6.854534149169921875e-06
5.170000000000000000e+02 6.794929504394531250e-06
5.180000000000000000e+02 6.735324859619140625e-06
5.180000000000000000e+02 6.616115570068359375e-06
5.200000000000000000e+02 6.556510925292968750e-06
5.210000000000000000e+02 6.496906280517578125e-06
5.220000000000000000e+02 6.437301635742187500e-06
5.230000000000000000e+02 6.377696990966796875e-06
5.240000000000000000e+02 6.318092346191406250e-06
5.250000000000000000e+02 6.258487701416015625e-06
5.260000000000000000e+02 6.198883056640625000e-06
5.270000000000000000e+02 6.139278411865234375e-06
5.270000000000000000e+02 6.079673767089843750e-06
5.290000000000000000e+02 6.020069122314453125e-06
5.300000000000000000e+02 5.960464477539062500e-06
5.310000000000000000e+02 5.900859832763671875e-06
5.320000000000000000e+02 5.841255187988281250e-06
5.330000000000000000e+02 5.781650543212890625e-06
5.340000000000000000e+02 5.722045898437500000e-06
5.350000000000000000e+02 5.662441253662109375e-06
5.360000000000000000e+02 5.602836608886718750e-06
5.360000000000000000e+02 5.602836608886718750e-06
5.380000000000000000e+02 5.543231964111328125e-06
5.390000000000000000e+02 5.483627319335937500e-06
5.400000000000000000e+02 5.424022674560546875e-06
5.400000000000000000e+02 5.364418029785156250e-06
5.420000000000000000e+02 5.364418029785156250e-06
5.430000000000000000e+02 5.304813385009765625e-06
5.440000000000000000e+02 5.245208740234375000e-06
5.450000000000000000e+02 5.185604095458984375e-06
5.460000000000000000e+02 5.185604095458984375e-06
5.470000000000000000e+02 5.125999450683593750e-06
5.480000000000000000e+02 5.066394805908203125e-06
5.490000000000000000e+02 5.066394805908203125e-06
5.500000000000000000e+02 5.006790161132812500e-06
5.510000000000000000e+02 4.947185516357421875e-06
5.520000000000000000e+02 4.947185516357421875e-06
5.530000000000000000e+02 4.887580871582031250e-06
5.540000000000000000e+02 4.887580871582031250e-06
5.540000000000000000e+02 4.827976226806640625e-06
5.560000000000000000e+02 4.768371582031250000e-06
5.570000000000000000e+02 4.768371582031250000e-06
5.580000000000000000e+02 4.708766937255859375e-06
5.580000000000000000e+02 4.708766937255859375e-06
5.600000000000000000e+02 4.649162292480468750e-06
5.610000000000000000e+02 4.649162292480468750e-06
5.620000000000000000e+02 4.589557647705078125e-06
5.630000000000000000e+02 4.529953002929687500e-06
5.630000000000000000e+02 4.529953002929687500e-06
5.650000000000000000e+02 4.470348358154296875e-06
5.660000000000000000e+02 4.470348358154296875e-06
5.670000000000000000e+02 4.410743713378906250e-06
5.670000000000000000e+02 4.410743713378906250e-06
5.690000000000000000e+02 4.351139068603515625e-06
5.700000000000000000e+02 4.351139068603515625e-06
5.710000000000000000e+02 4.291534423828125000e-06
5.720000000000000000e+02 4.291534423828125000e-06
5.720000000000000000e+02 4.291534423828125000e-06
5.740000000000000000e+02 4.231929779052734375e-06
5.750000000000000000e+02 4.231929779052734375e-06
5.760000000000000000e+02 4.172325134277343750e-06
5.760000000000000000e+02 4.172325134277343750e-06
5.780000000000000000e+02 4.112720489501953125e-06
5.790000000000000000e+02 4.112720489501953125e-06
5.800000000000000000e+02 4.053115844726562500e-06
5.810000000000000000e+02 4.053115844726562500e-06
5.820000000000000000e+02 4.053115844726562500e-06
5.830000000000000000e+02 3.993511199951171875e-06
5.840000000000000000e+02 3.993511199951171875e-06
5.850000000000000000e+02 3.933906555175781250e-06
5.850000000000000000e+02 3.933906555175781250e-06
5.870000000000000000e+02 3.933906555175781250e-06
5.880000000000000000e+02 3.874301910400390625e-06
5.890000000000000000e+02 3.874301910400390625e-06
5.890000000000000000e+02 3.814697265625000000e-06
5.910000000000000000e+02 3.814697265625000000e-06
5.920000000000000000e+02 3.814697265625000000e-06
5.930000000000000000e+02 3.755092620849609375e-06
5.940000000000000000e+02 3.755092620849609375e-06
5.940000000000000000e+02 3.695487976074218750e-06
5.960000000000000000e+02 3.695487976074218750e-06
5.970000000000000000e+02 3.695487976074218750e-06
5.980000000000000000e+02 3.635883331298828125e-06
5.980000000000000000e+02 3.635883331298828125e-06
6.000000000000000000e+02 3.635883331298828125e-06
6.010000000000000000e+02 3.576278686523437500e-06
6.020000000000000000e+02 3.576278686523437500e-06
6.020000000000000000e+02 3.576278686523437500e-06
6.030000000000000000e+02 3.516674041748046875e-06
6.050000000000000000e+02 3.516674041748046875e-06
6.060000000000000000e+02 3.516674041748046875e-06
6.070000000000000000e+02 3.457069396972656250e-06
6.080000000000000000e+02 3.457069396972656250e-06
6.090000000000000000e+02 3.397464752197265625e-06
6.100000000000000000e+02 3.397464752197265625e-06
6.110000000000000000e+02 3.397464752197265625e-06
6.120000000000000000e+02 3.337860107421875000e-06
6.120000000000000000e+02 3.337860107421875000e-06
6.140000000000000000e+02 3.337860107421875000e-06
6.150000000000000000e+02 3.278255462646484375e-06
6.160000000000000000e+02 3.278255462646484375e-06
6.170000000000000000e+02 3.278255462646484375e-06
6.180000000000000000e+02 3.278255462646484375e-06
6.190000000000000000e+02 3.218650817871093750e-06
6.200000000000000000e+02 3.218650817871093750e-06
6.210000000000000000e+02 3.218650817871093750e-06
6.210000000000000000e+02 3.159046173095703125e-06
6.230000000000000000e+02 3.159046173095703125e-06
6.240000000000000000e+02 3.159046173095703125e-06
6.250000000000000000e+02 3.099441528320312500e-06
6.250000000000000000e+02 3.099441528320312500e-06
6.270000000000000000e+02 3.099441528320312500e-06
6.280000000000000000e+02 3.039836883544921875e-06
6.290000000000000000e+02 3.039836883544921875e-06
6.290000000000000000e+02 3.039836883544921875e-06
6.300000000000000000e+02 2.980232238769531250e-06
6.320000000000000000e+02 2.980232238769531250e-06
6.330000000000000000e+02 2.980232238769531250e-06
6.340000000000000000e+02 2.920627593994140625e-06
6.340000000000000000e+02 2.920627593994140625e-06
6.360000000000000000e+02 2.920627593994140625e-06
6.370000000000000000e+02 2.920627593994140625e-06
6.380000000000000000e+02 2.861022949218750000e-06
6.380000000000000000e+02 2.861022949218750000e-06
6.400000000000000000e+02 2.861022949218750000e-06
6.410000000000000000e+02 2.801418304443359375e-06
6.410000000000000000e+02 2.801418304443359375e-06
6.420000000000000000e+02 2.801418304443359375e-06
6.430000000000000000e+02 2.741813659667968750e-06
6.450000000000000000e+02 2.741813659667968750e-06
6.450000000000000000e+02 2.741813659667968750e-06
6.470000000000000000e+02 2.741813659667968750e-06
6.470000000000000000e+02 2.682209014892578125e-06
6.490000000000000000e+02 2.682209014892578125e-06
6.490000000000000000e+02 2.682209014892578125e-06
6.500000000000000000e+02 2.622604370117187500e-06
6.520000000000000000e+02 2.622604370117187500e-06
6.530000000000000000e+02 2.622604370117187500e-06
6.540000000000000000e+02 2.622604370117187500e-06
6.550000000000000000e+02 2.562999725341796875e-06
6.560000000000000000e+02 2.562999725341796875e-06
6.560000000000000000e+02 2.562999725341796875e-06
6.580000000000000000e+02 2.503395080566406250e-06
6.580000000000000000e+02 2.503395080566406250e-06
6.600000000000000000e+02 2.503395080566406250e-06
6.610000000000000000e+02 2.503395080566406250e-06
6.610000000000000000e+02 2.443790435791015625e-06
6.630000000000000000e+02 2.443790435791015625e-06
6.640000000000000000e+02 2.443790435791015625e-06
6.650000000000000000e+02 2.384185791015625000e-06
6.650000000000000000e+02 2.384185791015625000e-06
6.670000000000000000e+02 2.384185791015625000e-06
6.680000000000000000e+02 2.384185791015625000e-06
6.690000000000000000e+02 2.324581146240234375e-06
6.700000000000000000e+02 2.324581146240234375e-06
6.700000000000000000e+02 2.324581146240234375e-06
6.720000000000000000e+02 2.324581146240234375e-06
6.730000000000000000e+02 2.264976501464843750e-06
6.740000000000000000e+02 2.264976501464843750e-06
6.750000000000000000e+02 2.264976501464843750e-06
6.760000000000000000e+02 2.205371856689453125e-06
6.770000000000000000e+02 2.205371856689453125e-06
6.780000000000000000e+02 2.205371856689453125e-06
6.790000000000000000e+02 2.205371856689453125e-06
6.790000000000000000e+02 2.145767211914062500e-06
6.810000000000000000e+02 2.145767211914062500e-06
6.820000000000000000e+02 2.145767211914062500e-06
6.830000000000000000e+02 2.145767211914062500e-06
6.830000000000000000e+02 2.086162567138671875e-06
6.850000000000000000e+02 2.086162567138671875e-06
6.860000000000000000e+02 2.086162567138671875e-06
6.870000000000000000e+02 2.086162567138671875e-06
6.880000000000000000e+02 2.026557922363281250e-06
6.880000000000000000e+02 2.026557922363281250e-06
6.900000000000000000e+02 2.026557922363281250e-06
6.910000000000000000e+02 2.026557922363281250e-06
6.920000000000000000e+02 1.966953277587890625e-06
6.920000000000000000e+02 1.966953277587890625e-06
6.940000000000000000e+02 1.966953277587890625e-06
6.950000000000000000e+02 1.966953277587890625e-06
6.960000000000000000e+02 1.907348632812500000e-06
6.960000000000000000e+02 1.907348632812500000e-06
6.980000000000000000e+02 1.907348632812500000e-06
6.990000000000000000e+02 1.907348632812500000e-06
7.000000000000000000e+02 1.847743988037109375e-06
7.010000000000000000e+02 1.847743988037109375e-06
7.010000000000000000e+02 1.847743988037109375e-06
7.030000000000000000e+02 1.847743988037109375e-06
7.040000000000000000e+02 1.788139343261718750e-06
7.050000000000000000e+02 1.788139343261718750e-06
7.050000000000000000e+02 1.788139343261718750e-06
7.070000000000000000e+02 1.788139343261718750e-06
7.080000000000000000e+02 1.728534698486328125e-06
7.090000000000000000e+02 1.728534698486328125e-06
7.100000000000000000e+02 1.728534698486328125e-06
7.100000000000000000e+02 1.728534698486328125e-06
7.120000000000000000e+02 1.668930053710937500e-06
7.130000000000000000e+02 1.668930053710937500e-06
7.140000000000000000e+02 1.668930053710937500e-06
7.150000000000000000e+02 1.668930053710937500e-06
7.160000000000000000e+02 1.609325408935546875e-06
7.170000000000000000e+02 1.609325408935546875e-06
7.180000000000000000e+02 1.609325408935546875e-06
7.190000000000000000e+02 1.609325408935546875e-06
7.190000000000000000e+02 1.609325408935546875e-06
7.210000000000000000e+02 1.549720764160156250e-06
7.220000000000000000e+02 1.549720764160156250e-06
7.230000000000000000e+02 1.549720764160156250e-06
7.230000000000000000e+02 1.549720764160156250e-06
7.250000000000000000e+02 1.490116119384765625e-06
7.260000000000000000e+02 1.490116119384765625e-06
7.270000000000000000e+02 1.490116119384765625e-06
7.270000000000000000e+02 1.490116119384765625e-06
7.280000000000000000e+02 1.490116119384765625e-06
7.300000000000000000e+02 1.430511474609375000e-06
7.310000000000000000e+02 1.430511474609375000e-06
7.310000000000000000e+02 1.430511474609375000e-06
7.320000000000000000e+02 1.430511474609375000e-06
7.340000000000000000e+02 1.430511474609375000e-06
7.350000000000000000e+02 1.370906829833984375e-06
7.350000000000000000e+02 1.370906829833984375e-06
7.360000000000000000e+02 1.370906829833984375e-06
7.370000000000000000e+02 1.370906829833984375e-06
7.390000000000000000e+02 1.311302185058593750e-06
7.400000000000000000e+02 1.311302185058593750e-06
7.410000000000000000e+02 1.311302185058593750e-06
7.410000000000000000e+02 1.311302185058593750e-06
7.430000000000000000e+02 1.311302185058593750e-06
7.440000000000000000e+02 1.251697540283203125e-06
7.450000000000000000e+02 1.251697540283203125e-06
7.450000000000000000e+02 1.251697540283203125e-06
7.460000000000000000e+02 1.251697540283203125e-06
7.480000000000000000e+02 1.251697540283203125e-06
7.490000000000000000e+02 1.251697540283203125e-06
7.500000000000000000e+02 1.192092895507812500e-06
7.500000000000000000e+02 1.192092895507812500e-06
7.520000000000000000e+02 1.192092895507812500e-06
7.530000000000000000e+02 1.192092895507812500e-06
7.540000000000000000e+02 1.192092895507812500e-06
7.540000000000000000e+02 1.132488250732421875e-06
7.560000000000000000e+02 1.132488250732421875e-06
7.570000000000000000e+02 1.132488250732421875e-06
7.580000000000000000e+02 1.132488250732421875e-06
7.590000000000000000e+02 1.132488250732421875e-06
7.600000000000000000e+02 1.072883605957031250e-06
7.610000000000000000e+02 1.072883605957031250e-06
7.620000000000000000e+02 1.072883605957031250e-06
7.630000000000000000e+02 1.072883605957031250e-06
7.640000000000000000e+02 1.072883605957031250e-06
7.650000000000000000e+02 1.072883605957031250e-06
7.660000000000000000e+02 1.013278961181640625e-06
7.670000000000000000e+02 1.013278961181640625e-06
7.680000000000000000e+02 1.013278961181640625e-06
7.690000000000000000e+02 1.013278961181640625e-06
7.700000000000000000e+02 1.013278961181640625e-06
7.700000000000000000e+02 1.013278961181640625e-06
7.720000000000000000e+02 9.536743164062500000e-07
7.730000000000000000e+02 9.536743164062500000e-07
7.740000000000000000e+02 9.536743164062500000e-07
7.740000000000000000e+02 9.536743164062500000e-07
7.760000000000000000e+02 9.536743164062500000e-07
7.770000000000000000e+02 9.536743164062500000e-07
7.770000000000000000e+02 8.940696716308593750e-07
7.780000000000000000e+02 8.940696716308593750e-07
7.800000000000000000e+02 8.940696716308593750e-07
7.810000000000000000e+02 8.940696716308593750e-07
7.810000000000000000e+02 8.940696716308593750e-07
7.830000000000000000e+02 8.940696716308593750e-07
7.840000000000000000e+02 8.940696716308593750e-07
7.850000000000000000e+02 8.344650268554687500e-07
7.850000000000000000e+02 8.344650268554687500e-07
7.860000000000000000e+02 8.344650268554687500e-07
7.880000000000000000e+02 8.344650268554687500e-07
7.890000000000000000e+02 8.344650268554687500e-07
7.900000000000000000e+02 8.344650268554687500e-07
7.910000000000000000e+02 8.344650268554687500e-07
7.920000000000000000e+02 7.748603820800781250e-07
7.930000000000000000e+02 7.748603820800781250e-07
7.940000000000000000e+02 7.748603820800781250e-07
7.940000000000000000e+02 7.748603820800781250e-07
7.950000000000000000e+02 7.748603820800781250e-07
7.970000000000000000e+02 7.748603820800781250e-07
7.980000000000000000e+02 7.748603820800781250e-07
7.990000000000000000e+02 7.152557373046875000e-07
7.990000000000000000e+02 7.152557373046875000e-07
8.010000000000000000e+02 7.152557373046875000e-07
8.020000000000000000e+02 7.152557373046875000e-07
8.030000000000000000e+02 7.152557373046875000e-07
8.040000000000000000e+02 7.152557373046875000e-07
8.050000000000000000e+02 7.152557373046875000e-07
8.060000000000000000e+02 7.152557373046875000e-07
8.070000000000000000e+02 6.556510925292968750e-07
8.080000000000000000e+02 6.556510925292968750e-07
8.080000000000000000e+02 6.556510925292968750e-07
8.100000000000000000e+02 6.556510925292968750e-07
8.110000000000000000e+02 6.556510925292968750e-07
8.120000000000000000e+02 6.556510925292968750e-07
8.130000000000000000e+02 6.556510925292968750e-07
8.140000000000000000e+02 6.556510925292968750e-07
8.150000000000000000e+02 5.960464477539062500e-07
8.160000000000000000e+02 5.960464477539062500e-07
8.160000000000000000e+02 5.960464477539062500e-07
8.170000000000000000e+02 5.960464477539062500e-07
8.190000000000000000e+02 5.960464477539062500e-07
8.200000000000000000e+02 5.960464477539062500e-07
8.210000000000000000e+02 5.960464477539062500e-07
8.210000000000000000e+02 5.960464477539062500e-07
8.230000000000000000e+02 5.960464477539062500e-07
8.240000000000000000e+02 5.364418029785156250e-07
8.250000000000000000e+02 5.364418029785156250e-07
8.250000000000000000e+02 5.364418029785156250e-07
8.260000000000000000e+02 5.364418029785156250e-07
8.280000000000000000e+02 5.364418029785156250e-07
8.290000000000000000e+02 5.364418029785156250e-07
8.300000000000000000e+02 5.364418029785156250e-07
8.300000000000000000e+02 5.364418029785156250e-07
8.320000000000000000e+02 5.364418029785156250e-07
8.330000000000000000e+02 5.364418029785156250e-07
8.340000000000000000e+02 4.768371582031250000e-07
8.340000000000000000e+02 4.768371582031250000e-07
8.360000000000000000e+02 4.768371582031250000e-07
8.370000000000000000e+02 4.768371582031250000e-07
8.380000000000000000e+02 4.768371582031250000e-07
8.390000000000000000e+02 4.768371582031250000e-07
8.390000000000000000e+02 4.768371582031250000e-07
8.410000000000000000e+02 4.768371582031250000e-07
8.420000000000000000e+02 4.768371582031250000e-07
8.430000000000000000e+02 4.768371582031250000e-07
8.430000000000000000e+02 4.768371582031250000e-07
8.440000000000000000e+02 4.172325134277343750e-07
8.460000000000000000e+02 4.172325134277343750e-07
8.470000000000000000e+02 4.172325134277343750e-07
8.480000000000000000e+02 4.172325134277343750e-07
8.480000000000000000e+02 4.172325134277343750e-07
8.500000000000000000e+02 4.172325134277343750e-07
8.510000000000000000e+02 4.172325134277343750e-07
8.520000000000000000e+02 4.172325134277343750e-07
8.520000000000000000e+02 4.172325134277343750e-07
8.540000000000000000e+02 4.172325134277343750e-07
8.550000000000000000e+02 4.172325134277343750e-07
8.560000000000000000e+02 4.172325134277343750e-07
8.570000000000000000e+02 3.576278686523437500e-07
8.580000000000000000e+02 3.576278686523437500e-07
8.590000000000000000e+02 3.576278686523437500e-07
8.600000000000000000e+02 3.576278686523437500e-07
8.610000000000000000e+02 3.576278686523437500e-07
8.620000000000000000e+02 3.576278686523437500e-07
8.630000000000000000e+02 3.576278686523437500e-07
8.640000000000000000e+02 3.576278686523437500e-07
8.650000000000000000e+02 3.576278686523437500e-07
8.660000000000000000e+02 3.576278686523437500e-07
8.670000000000000000e+02 3.576278686523437500e-07
8.680000000000000000e+02 3.576278686523437500e-07
8.690000000000000000e+02 3.576278686523437500e-07
8.700000000000000000e+02 3.576278686523437500e-07
8.710000000000000000e+02 2.980232238769531250e-07
8.720000000000000000e+02 2.980232238769531250e-07
8.730000000000000000e+02 2.980232238769531250e-07
8.740000000000000000e+02 2.980232238769531250e-07
8.750000000000000000e+02 2.980232238769531250e-07
8.750000000000000000e+02 2.980232238769531250e-07
8.770000000000000000e+02 2.980232238769531250e-07
8.780000000000000000e+02 2.980232238769531250e-07
8.790000000000000000e+02 2.980232238769531250e-07
8.790000000000000000e+02 2.980232238769531250e-07
8.810000000000000000e+02 2.980232238769531250e-07
8.820000000000000000e+02 2.980232238769531250e-07
8.830000000000000000e+02 2.980232238769531250e-07
8.830000000000000000e+02 2.980232238769531250e-07
8.840000000000000000e+02 2.980232238769531250e-07
8.860000000000000000e+02 2.980232238769531250e-07
8.870000000000000000e+02 2.980232238769531250e-07
8.880000000000000000e+02 2.384185791015625000e-07
8.880000000000000000e+02 2.384185791015625000e-07
8.900000000000000000e+02 2.384185791015625000e-07
8.910000000000000000e+02 2.384185791015625000e-07
8.920000000000000000e+02 2.384185791015625000e-07
8.920000000000000000e+02 2.384185791015625000e-07
8.940000000000000000e+02 2.384185791015625000e-07
8.950000000000000000e+02 2.384185791015625000e-07
8.960000000000000000e+02 2.384185791015625000e-07
8.970000000000000000e+02 2.384185791015625000e-07
8.970000000000000000e+02 2.384185791015625000e-07
8.990000000000000000e+02 2.384185791015625000e-07
8.990000000000000000e+02 2.384185791015625000e-07
9.010000000000000000e+02 2.384185791015625000e-07
9.020000000000000000e+02 2.384185791015625000e-07
9.020000000000000000e+02 2.384185791015625000e-07
9.040000000000000000e+02 2.384185791015625000e-07
9.050000000000000000e+02 2.384185791015625000e-07
9.060000000000000000e+02 2.384185791015625000e-07
9.070000000000000000e+02 2.384185791015625000e-07
9.070000000000000000e+02 1.788139343261718750e-07
9.090000000000000000e+02 1.788139343261718750e-07
9.100000000000000000e+02 1.788139343261718750e-07
9.100000000000000000e+02 1.788139343261718750e-07
9.110000000000000000e+02 1.788139343261718750e-07
9.130000000000000000e+02 1.788139343261718750e-07
9.140000000000000000e+02 1.788139343261718750e-07
9.140000000000000000e+02 1.788139343261718750e-07
9.150000000000000000e+02 1.788139343261718750e-07
9.170000000000000000e+02 1.788139343261718750e-07
9.180000000000000000e+02 1.788139343261718750e-07
9.190000000000000000e+02 1.788139343261718750e-07
9.190000000000000000e+02 1.788139343261718750e-07
9.210000000000000000e+02 1.788139343261718750e-07
9.220000000000000000e+02 1.788139343261718750e-07
9.230000000000000000e+02 1.788139343261718750e-07
9.240000000000000000e+02 1.788139343261718750e-07
9.240000000000000000e+02 1.788139343261718750e-07
9.260000000000000000e+02 1.788139343261718750e-07
9.270000000000000000e+02 1.788139343261718750e-07
9.280000000000000000e+02 1.788139343261718750e-07
9.280000000000000000e+02 1.788139343261718750e-07
9.300000000000000000e+02 1.788139343261718750e-07
9.310000000000000000e+02 1.788139343261718750e-07
9.320000000000000000e+02 1.788139343261718750e-07
9.320000000000000000e+02 1.192092895507812500e-07
9.340000000000000000e+02 1.192092895507812500e-07
9.350000000000000000e+02 1.192092895507812500e-07
9.360000000000000000e+02 1.192092895507812500e-07
9.370000000000000000e+02 1.192092895507812500e-07
9.370000000000000000e+02 1.192092895507812500e-07
9.390000000000000000e+02 1.192092895507812500e-07
9.400000000000000000e+02 1.192092895507812500e-07
9.410000000000000000e+02 1.192092895507812500e-07
9.410000000000000000e+02 1.192092895507812500e-07
9.420000000000000000e+02 1.192092895507812500e-07
9.440000000000000000e+02 1.192092895507812500e-07
9.450000000000000000e+02 1.192092895507812500e-07
9.460000000000000000e+02 1.192092895507812500e-07
9.460000000000000000e+02 1.192092895507812500e-07
9.480000000000000000e+02 1.192092895507812500e-07
9.490000000000000000e+02 1.192092895507812500e-07
9.500000000000000000e+02 1.192092895507812500e-07
9.500000000000000000e+02 1.192092895507812500e-07
9.520000000000000000e+02 1.192092895507812500e-07
9.530000000000000000e+02 1.192092895507812500e-07
9.540000000000000000e+02 1.192092895507812500e-07
9.550000000000000000e+02 1.192092895507812500e-07
9.560000000000000000e+02 1.192092895507812500e-07
9.570000000000000000e+02 1.192092895507812500e-07
9.580000000000000000e+02 1.192092895507812500e-07
9.580000000000000000e+02 1.192092895507812500e-07
9.600000000000000000e+02 1.192092895507812500e-07
9.610000000000000000e+02 1.192092895507812500e-07
9.620000000000000000e+02 1.192092895507812500e-07
9.630000000000000000e+02 1.192092895507812500e-07
9.640000000000000000e+02 1.192092895507812500e-07
9.640000000000000000e+02 1.192092895507812500e-07
9.660000000000000000e+02 1.192092895507812500e-07
9.670000000000000000e+02 1.192092895507812500e-07
9.680000000000000000e+02 1.192092895507812500e-07
9.690000000000000000e+02 1.192092895507812500e-07
9.700000000000000000e+02 1.192092895507812500e-07
9.710000000000000000e+02 5.960464477539062500e-08
9.720000000000000000e+02 5.960464477539062500e-08
9.720000000000000000e+02 5.960464477539062500e-08
9.730000000000000000e+02 5.960464477539062500e-08
9.750000000000000000e+02 5.960464477539062500e-08
9.760000000000000000e+02 5.960464477539062500e-08
9.770000000000000000e+02 5.960464477539062500e-08
9.770000000000000000e+02 5.960464477539062500e-08
9.790000000000000000e+02 5.960464477539062500e-08
9.800000000000000000e+02 5.960464477539062500e-08
9.800000000000000000e+02 5.960464477539062500e-08
9.810000000000000000e+02 5.960464477539062500e-08
9.820000000000000000e+02 5.960464477539062500e-08
9.840000000000000000e+02 5.960464477539062500e-08
9.850000000000000000e+02 5.960464477539062500e-08
9.860000000000000000e+02 5.960464477539062500e-08
9.870000000000000000e+02 5.960464477539062500e-08
9.880000000000000000e+02 5.960464477539062500e-08
9.880000000000000000e+02 5.960464477539062500e-08
9.890000000000000000e+02 5.960464477539062500e-08
9.900000000000000000e+02 5.960464477539062500e-08
9.920000000000000000e+02 5.960464477539062500e-08
9.930000000000000000e+02 5.960464477539062500e-08
9.930000000000000000e+02 5.960464477539062500e-08
9.950000000000000000e+02 5.960464477539062500e-08
9.960000000000000000e+02 5.960464477539062500e-08
9.970000000000000000e+02 5.960464477539062500e-08
9.980000000000000000e+02 5.960464477539062500e-08
9.980000000000000000e+02 5.960464477539062500e-08
1.000000000000000000e+03 5.960464477539062500e-08
